100
177
0
149 4
147 5
152 7
150 8
146 12
145 13
136 16
138 17
144 18
139 21
141 22
77 28
58 32
56 33
64 37
51 38
50 39
44 42
42 43
40 44
59 47
53 49
55 50
66 52
67 54
69 55
80 57
76 59
75 61
78 62
85 64
91 66
86 67
133 73
131 74
128 75
87 78
89 79
132 81
130 82
92 85
94 86
97 88
95 89
39 93
37 94
23 97
27 99
30 102
28 103
26 105
24 106
21 108
20 111
15 114
16 115
18 116
3 120
2 121
0 122
5 126
6 127
8 129
12 131
7 132
9 135
10 136
14 138
4 139
63 143
62 144
45 146
35 149
34 151
32 152
47 153
71 156
73 157
83 159
81 160
135 162
127 164
115 169
117 173
116 174
113 175
112 176
110 178
99 180
102 182
101 183
118 187
106 188
108 190
105 191
120 193
103 194
125 196
123 198
121 199
0 1
1 2
2 3
3 4
3 5
2 6
6 7
6 8
1 9
9 10
10 11
11 12
11 13
10 14
14 15
15 16
15 17
14 18
9 19
19 20
20 21
20 22
19 23
23 24
24 25
25 26
26 27
27 28
27 31
31 32
31 33
27 34
34 35
35 36
36 37
36 38
35 39
34 40
40 42
40 43
40 44
27 45
45 46
46 47
46 48
48 49
48 50
45 51
51 52
51 54
51 55
26 56
56 57
56 58
58 59
58 60
60 61
60 62
25 63
63 64
63 65
65 66
65 67
24 69
69 70
70 71
71 72
72 73
72 74
71 75
70 77
77 78
77 79
70 80
80 81
80 82
69 83
83 84
84 85
84 86
83 87
87 88
87 89
24 90
90 91
91 92
92 93
92 94
91 95
95 96
96 97
96 98
98 99
98 101
101 102
101 103
98 104
104 105
104 106
95 107
107 108
107 111
107 112
112 114
112 115
112 116
107 117
117 118
118 120
118 121
118 122
117 125
125 126
125 127
117 128
128 129
128 131
128 132
117 133
133 134
134 135
134 136
133 137
137 138
137 139
90 140
140 141
141 142
142 143
142 144
141 145
145 146
145 149
145 150
150 151
150 152
145 153
140 154
154 155
155 156
155 157
154 158
158 159
158 160
23 161
161 162
161 163
163 164
163 165
165 166
166 167
167 168
168 169
168 173
168 174
168 175
168 176
167 177
177 178
177 179
179 180
179 181
181 182
181 183
166 184
184 187
184 188
184 189
189 190
189 191
184 192
192 193
192 194
165 195
195 196
195 198
195 199
