100
175
0
152 3
150 5
146 7
139 9
141 11
132 13
128 14
133 17
131 19
83 21
73 24
71 26
81 28
23 31
27 33
21 35
20 37
14 40
8 42
5 43
6 44
4 45
0 46
3 48
2 49
12 51
7 52
10 54
9 55
18 57
16 58
15 59
26 62
24 63
30 65
28 66
39 68
37 69
63 71
62 72
45 74
47 76
32 78
35 80
34 81
91 83
86 85
85 86
80 88
78 90
75 91
76 92
77 94
44 98
42 100
40 101
50 103
64 105
51 106
66 109
69 111
67 112
59 114
55 116
53 117
58 119
56 120
94 123
92 124
97 126
95 127
87 129
130 131
89 132
145 134
144 136
135 139
127 141
125 143
123 145
121 147
117 149
116 150
113 151
110 152
112 153
108 155
118 157
106 158
99 160
102 162
101 163
105 165
103 166
120 168
115 169
138 171
136 172
149 174
147 175
0 1
1 2
2 3
2 4
4 5
4 6
6 7
6 8
8 9
8 10
10 11
10 12
12 13
12 14
12 15
15 16
16 17
16 18
18 19
18 20
20 21
20 22
22 23
23 24
23 25
25 26
25 27
27 28
27 29
29 30
30 31
30 32
32 33
32 34
34 35
34 36
36 37
36 38
38 39
39 40
39 41
41 42
41 43
41 44
41 45
41 46
41 47
47 48
47 49
41 50
50 51
50 52
41 53
53 54
53 55
38 56
56 57
56 58
56 59
30 60
60 61
61 62
61 63
60 64
64 65
64 66
29 67
67 68
67 69
22 70
70 71
70 72
70 73
73 74
73 75
75 76
75 77
77 78
77 79
79 80
79 81
15 82
82 83
82 84
84 85
84 86
84 87
87 88
87 89
89 90
89 91
89 92
89 93
93 94
93 95
95 96
96 97
97 98
97 99
99 100
99 101
96 102
102 103
102 104
104 105
104 106
95 107
107 108
108 109
108 110
110 111
110 112
107 113
113 114
113 115
115 116
115 117
95 118
118 119
118 120
15 121
121 122
122 123
122 124
121 125
125 126
125 127
15 128
128 129
128 130
130 131
130 132
6 133
133 134
133 135
135 136
135 137
137 138
138 139
138 140
140 141
140 142
142 143
142 144
144 145
144 146
146 147
146 148
148 149
148 150
148 151
148 152
148 153
148 154
154 155
154 156
156 157
156 158
148 159
159 160
159 161
161 162
161 163
148 164
164 165
164 166
148 167
167 168
167 169
137 170
170 171
170 172
1 173
173 174
173 175
