100
155
155
133 47
132 149
131 150
130 8
136 131
135 58
139 51
138 86
24 7
26 24
27 18
20 115
21 62
23 4
28 77
0 95
4 125
8 130
120 80
121 44
123 0
125 102
127 141
128 64
59 40
58 69
55 116
56 94
51 89
50 63
53 97
115 112
117 91
116 34
110 103
113 99
112 59
83 120
80 28
81 136
86 3
87 127
85 92
3 87
7 45
108 71
102 67
103 32
101 106
106 145
105 9
39 147
32 108
30 101
37 27
35 20
34 42
62 66
63 118
64 50
66 14
67 121
69 123
2 78
6 105
99 85
91 2
92 132
95 5
94 10
97 23
10 138
12 133
15 135
14 12
16 73
18 39
89 152
150 81
152 75
47 117
44 26
45 15
42 146
40 55
118 76
5 37
9 53
146 113
147 21
144 6
145 35
141 139
149 144
77 83
76 110
75 16
73 30
71 56
78 128
129 133
129 132
129 131
129 130
142 137
137 136
134 135
142 134
140 139
137 138
25 24
31 25
25 26
25 27
19 20
19 21
31 22
22 23
29 28
31 29
1 0
5 4
5 8
122 119
119 120
122 121
124 122
124 123
126 124
124 125
134 126
126 127
129 128
140 129
119 118
60 59
57 58
54 55
60 54
65 57
57 56
49 51
49 50
54 53
72 52
114 115
119 114
114 117
88 89
119 111
109 110
114 113
111 112
129 82
82 83
79 80
82 81
84 86
88 87
90 84
84 85
1 3
5 7
107 108
114 109
100 102
104 103
109 100
100 101
107 106
119 107
111 104
104 105
38 39
52 38
36 33
33 32
52 31
29 30
38 37
48 36
36 35
33 34
65 60
74 61
61 62
61 63
65 64
70 65
65 66
68 67
70 68
68 69
1 2
5 6
100 99
129 98
90 91
129 90
98 93
93 92
96 95
93 94
96 97
98 96
13 11
11 10
19 13
11 12
16 15
13 14
19 17
17 16
22 19
17 18
129 88
114 116
153 151
151 150
154 153
153 152
155 154
61 48
65 49
48 46
46 47
43 44
46 45
41 42
49 43
41 40
43 41
5 1
13 5
5 9
143 146
148 147
143 144
143 145
143 142
151 143
143 140
140 141
154 148
148 149
75 77
75 76
79 75
82 74
72 73
74 72
72 71
75 70
84 79
75 78
