99
138
138
133 133
132 132
131 131
130 130
136 136
134 134
24 24
26 26
27 27
20 20
22 22
23 23
29 29
0 0
4 4
121 121
123 123
124 124
125 125
127 127
128 128
129 129
59 59
58 58
55 55
56 56
51 51
50 50
53 53
114 114
88 88
116 116
111 111
110 110
112 112
83 83
81 81
86 86
84 84
85 85
3 3
7 7
108 108
109 109
102 102
103 103
101 101
107 107
104 104
105 105
39 39
38 38
33 33
31 31
30 30
36 36
35 35
61 61
63 63
64 64
66 66
67 67
69 69
2 2
6 6
98 98
90 90
93 93
92 92
95 95
97 97
96 96
11 11
10 10
13 13
12 12
15 15
14 14
16 16
19 19
18 18
117 117
48 48
46 46
119 119
44 44
42 42
41 41
1 1
5 5
9 9
77 77
76 76
75 75
74 74
73 73
71 71
70 70
79 79
130 133
130 132
130 131
135 130
138 137
137 136
137 135
135 134
25 24
47 25
25 26
28 27
21 20
25 21
21 22
21 23
43 28
28 29
1 0
1 4
34 8
120 119
125 120
122 121
126 122
122 123
130 124
130 125
130 126
126 127
130 128
128 129
120 118
60 59
57 58
54 55
62 54
68 57
57 56
49 51
49 50
52 53
54 52
118 115
113 114
87 88
99 89
108 111
108 110
115 113
113 112
89 82
82 83
89 80
82 81
87 86
89 87
82 84
82 85
1 3
5 7
124 108
108 109
100 102
100 103
108 100
100 101
108 106
106 107
100 104
106 105
40 39
37 38
32 33
34 32
32 31
28 30
47 37
37 36
34 35
45 34
68 60
60 61
80 62
62 63
65 64
72 65
65 66
68 67
80 68
68 69
1 2
5 6
106 99
97 98
94 91
91 90
91 93
91 92
94 95
99 94
100 97
97 96
8 11
8 10
8 13
8 12
8 15
8 14
28 17
17 16
17 19
17 18
118 117
115 116
49 48
52 49
45 46
49 47
45 44
47 45
43 42
47 43
47 40
40 41
8 1
8 5
8 9
78 77
75 76
94 75
75 74
72 73
80 72
68 71
68 70
78 79
91 78
