48
95
0
7 21
4 24
2 25
1 27
0 28
8 30
5 31
9 32
12 34
10 35
15 37
13 38
22 39
21 41
19 43
17 44
23 45
28 46
27 47
25 48
30 49
36 50
34 53
33 54
31 55
55 57
40 58
56 60
53 61
65 63
61 68
60 69
59 71
58 72
39 73
37 74
68 75
67 77
63 79
51 82
47 85
49 86
44 88
46 89
43 91
41 92
71 94
73 95
0 1
1 2
2 3
3 4
4 5
5 6
6 7
7 8
8 9
9 10
10 11
11 12
12 13
13 14
14 15
15 16
16 17
17 18
18 19
19 20
20 21
20 22
22 23
23 24
23 25
22 26
26 27
26 28
19 29
29 30
29 31
18 32
17 33
33 34
33 35
16 36
36 37
36 38
15 39
14 40
40 41
40 42
42 43
42 44
13 45
12 46
11 47
10 48
9 49
8 50
7 51
51 52
52 53
52 54
51 55
6 56
56 57
56 58
5 59
59 60
59 61
4 62
62 63
62 64
64 65
65 66
66 67
67 68
67 69
66 70
70 71
70 72
65 73
64 74
3 75
2 76
76 77
76 78
78 79
78 80
80 81
81 82
81 83
83 84
84 85
84 86
83 87
87 88
87 89
80 90
90 91
90 92
1 93
93 94
93 95
