48
95
0
71 3
73 4
67 7
63 9
41 12
43 13
51 15
49 18
47 19
44 21
46 22
68 24
65 27
37 29
61 32
60 33
59 36
58 37
39 38
56 41
53 42
55 45
40 46
33 50
34 51
31 52
36 54
30 56
25 58
27 60
28 62
23 64
21 66
19 69
17 70
22 72
15 75
13 76
10 79
12 80
9 82
8 85
7 86
5 88
4 91
2 92
1 94
0 95
0 1
1 2
2 3
2 4
1 5
5 6
6 7
6 8
8 9
8 10
10 11
11 12
11 13
10 14
14 15
14 16
16 17
17 18
17 19
16 20
20 21
20 22
5 23
23 24
23 25
25 26
26 27
26 28
28 29
28 30
30 31
31 32
31 33
30 34
34 35
35 36
35 37
34 38
25 39
39 40
40 41
40 42
39 43
43 44
44 45
44 46
43 47
47 48
48 49
49 50
49 51
48 52
47 53
53 54
53 55
55 56
55 57
57 58
57 59
59 60
59 61
61 62
61 63
63 64
63 65
65 66
65 67
67 68
68 69
68 70
67 71
71 72
71 73
73 74
74 75
74 76
73 77
77 78
78 79
78 80
77 81
81 82
81 83
83 84
84 85
84 86
83 87
87 88
87 89
89 90
90 91
90 92
89 93
93 94
93 95
