48
75
75
56 56
51 51
60 60
61 61
63 63
49 49
67 67
68 68
25 25
27 27
21 21
22 22
23 23
46 46
47 47
44 44
28 28
43 43
40 40
41 41
1 1
0 0
2 2
5 5
4 4
7 7
9 9
8 8
39 39
73 73
71 71
59 59
10 10
13 13
12 12
15 15
58 58
17 17
19 19
55 55
31 31
30 30
37 37
36 36
53 53
34 34
33 33
65 65
54 56
64 54
50 51
50 48
42 43
57 60
57 61
66 62
62 63
69 64
48 49
70 66
66 67
69 68
70 69
62 52
52 42
26 24
26 25
29 26
26 27
24 20
20 21
20 22
24 23
45 46
48 47
45 44
50 45
26 28
35 29
54 40
42 41
0 1
6 0
6 3
3 2
6 5
3 4
6 7
16 6
6 9
6 8
54 35
38 39
64 65
57 38
74 73
74 72
72 71
72 70
57 59
57 58
16 11
11 10
14 13
11 12
14 15
16 14
18 17
20 16
18 19
20 18
32 31
29 30
38 37
35 36
54 53
32 34
32 33
54 55
75 74
40 32
64 57
52 50
