490
904
0
666 3
668 4
665 7
663 8
671 10
629 13
516 18
310 26
312 27
373 30
339 32
341 33
378 35
379 37
376 38
396 39
454 45
423 47
425 48
453 49
433 51
431 52
449 54
409 59
408 60
452 61
492 62
416 66
417 67
419 68
418 69
477 73
479 74
461 77
460 80
458 81
464 83
465 84
463 87
436 88
434 89
426 90
374 92
404 95
403 97
401 98
362 100
356 104
344 106
357 107
355 108
342 109
389 111
370 116
338 121
336 122
313 123
315 124
369 127
365 129
368 132
371 133
366 135
364 136
367 137
381 139
382 141
380 142
387 143
390 146
444 149
388 151
352 152
391 153
354 154
410 156
294 161
290 166
291 167
227 171
225 172
288 173
289 174
274 177
272 178
286 179
298 181
256 183
254 184
292 185
251 190
253 191
300 193
284 195
275 197
277 198
332 200
267 203
329 204
266 206
268 210
262 211
264 212
263 214
265 215
328 220
320 225
333 227
330 228
331 229
295 232
297 233
304 234
326 235
322 238
309 240
335 241
299 244
305 246
307 247
301 249
303 250
351 254
323 256
325 257
347 260
349 261
345 262
360 266
359 267
318 269
400 272
412 275
399 276
398 277
407 278
358 280
316 282
317 283
334 284
114 290
112 291
209 294
210 295
207 296
108 300
109 301
106 302
118 303
244 309
243 311
242 313
245 314
187 319
161 321
159 322
190 324
188 326
189 327
214 328
236 329
193 335
195 336
232 339
233 340
230 341
211 344
213 345
192 348
154 353
71 356
62 358
64 359
148 361
146 363
147 364
178 365
177 367
119 369
121 370
175 371
176 371
179 374
249 378
260 379
270 381
269 382
246 384
248 385
185 390
186 391
183 393
181 394
184 395
234 398
240 399
229 400
157 405
141 410
140 411
139 413
142 415
143 416
127 419
128 420
77 422
79 423
151 425
149 426
124 430
126 431
145 432
152 433
123 435
122 436
218 439
201 441
203 442
221 445
220 446
200 447
217 451
132 454
134 455
199 457
196 459
198 460
165 465
95 470
74 473
75 474
76 476
73 477
101 481
99 482
96 483
100 483
93 486
97 487
98 488
116 492
117 494
92 496
90 497
70 499
68 500
115 501
129 506
138 507
89 509
87 510
137 512
131 514
136 515
135 515
59 520
65 522
67 523
61 524
110 526
167 528
166 529
279 534
278 535
257 536
259 537
285 540
281 542
241 543
282 545
280 546
224 550
223 551
239 552
206 555
204 556
170 558
171 564
172 565
164 567
162 568
174 569
173 570
105 573
86 576
81 579
84 582
80 583
83 584
82 586
85 587
104 589
103 590
168 591
554 596
556 597
587 601
586 602
590 603
589 605
588 606
533 610
557 611
438 614
437 615
466 616
474 618
476 619
548 621
547 623
546 628
512 630
515 632
514 633
526 635
527 636
549 637
545 638
600 641
603 644
585 648
583 649
591 650
601 651
614 656
613 658
611 660
615 661
616 662
593 665
595 666
608 667
599 670
597 671
606 673
605 674
483 683
485 684
482 687
480 688
471 690
470 692
469 693
491 695
489 698
488 699
487 700
490 701
561 704
532 708
531 711
528 712
530 713
541 715
562 718
563 720
538 722
559 723
565 725
560 727
564 728
496 730
494 731
521 733
566 736
518 738
520 739
473 742
428 747
422 749
420 750
443 751
441 753
415 755
413 756
442 757
503 760
499 762
497 764
500 766
501 767
502 768
539 770
447 777
448 778
445 779
392 782
394 783
385 785
383 786
457 788
455 789
506 791
508 793
507 795
504 796
509 798
511 799
522 803
524 804
581 805
582 808
579 809
567 813
569 814
576 816
574 817
577 818
550 821
542 825
544 826
573 828
551 829
572 830
535 832
553 834
537 835
610 838
609 839
626 841
617 845
619 846
627 848
622 849
620 851
623 852
648 856
640 860
639 862
636 864
635 866
633 867
645 868
643 870
632 873
630 874
642 876
641 877
655 878
651 886
653 887
649 888
654 890
652 891
657 892
58 894
56 895
12 902
15 904
14 905
24 909
23 910
25 912
20 913
22 914
35 917
33 918
36 921
34 922
44 924
31 925
11 930
0 932
3 934
2 935
19 939
9 941
6 943
8 944
18 945
4 947
5 948
16 949
41 953
26 954
42 955
43 957
40 960
38 961
39 962
48 964
45 966
30 968
28 969
50 972
51 974
53 976
52 977
54 978
661 979
0 1
1 2
2 3
2 4
1 5
5 6
6 7
6 8
5 9
9 10
9 11
11 12
12 13
12 14
14 15
15 16
16 17
17 18
17 19
19 20
20 22
22 23
23 24
24 25
25 26
25 27
24 28
28 29
29 30
29 31
31 32
31 33
28 34
34 35
34 36
36 37
36 38
23 39
22 40
40 41
41 42
42 43
43 45
43 46
46 47
46 48
43 49
42 50
50 51
50 52
41 54
41 55
55 56
56 57
57 58
58 59
58 60
57 61
56 62
55 63
63 64
64 65
65 66
65 67
64 68
63 69
40 70
70 71
71 72
72 73
72 74
71 76
76 77
76 78
78 79
79 80
79 81
78 82
82 83
82 84
71 85
85 86
86 87
86 88
85 89
70 90
20 91
91 92
91 93
93 94
94 95
94 96
96 97
96 98
93 99
99 100
99 101
101 102
102 104
102 106
102 107
102 108
101 109
20 110
110 111
110 112
112 113
113 114
114 115
115 116
115 117
117 118
118 119
119 121
119 122
119 123
118 124
117 126
126 127
126 128
128 129
128 131
131 132
131 133
128 135
128 136
117 137
114 138
138 139
138 140
140 141
140 142
113 143
112 145
145 146
145 147
147 148
148 149
148 150
150 151
150 152
147 153
112 154
19 155
155 156
155 157
157 158
158 159
159 160
160 161
160 162
162 163
163 164
164 165
165 166
165 167
164 168
168 169
169 170
170 171
170 172
169 173
168 174
163 176
176 177
176 178
163 179
162 180
180 181
180 182
182 183
182 184
159 185
158 186
186 187
187 188
188 189
189 190
189 191
188 192
192 193
192 194
194 195
194 197
194 198
187 199
199 200
199 201
201 202
202 203
202 204
201 205
205 206
205 208
208 209
209 210
209 211
208 212
205 213
213 214
213 215
186 216
216 217
217 218
218 219
219 220
219 221
221 223
223 225
223 226
226 227
226 228
223 229
221 230
230 231
231 232
231 233
230 234
221 235
218 236
236 237
237 238
237 239
239 240
239 241
236 242
242 243
243 244
243 245
245 246
245 247
242 248
248 249
248 250
217 251
251 252
252 253
253 254
253 255
255 256
255 257
252 259
259 260
259 261
252 262
251 263
263 265
265 266
265 267
263 268
268 269
268 271
271 272
271 273
273 275
273 276
273 277
268 278
263 279
279 280
279 281
281 282
281 283
216 284
157 285
285 287
287 288
288 289
289 290
289 291
288 293
293 294
293 295
288 296
287 297
297 298
298 300
298 301
298 302
297 303
285 304
304 305
305 306
306 307
307 308
308 309
308 310
310 311
310 312
312 313
312 314
307 315
315 316
316 317
317 319
317 320
320 321
320 322
317 323
323 324
323 325
325 326
325 327
316 328
315 329
306 330
330 331
331 332
332 333
333 334
334 335
334 336
333 337
337 338
338 339
338 340
337 341
332 342
342 343
343 344
343 345
342 346
346 348
346 349
349 351
351 352
352 353
352 355
355 356
355 357
357 358
357 359
352 360
360 361
360 362
362 363
362 364
351 365
349 366
366 367
366 368
368 369
368 370
349 371
346 374
331 375
375 376
376 377
377 378
377 379
376 380
380 381
380 382
375 383
383 384
383 385
330 386
386 387
387 388
388 389
389 390
389 391
388 392
392 393
392 394
387 395
386 396
396 397
397 398
397 399
396 400
305 401
401 402
402 403
403 404
404 405
404 406
406 407
407 408
408 409
409 410
409 411
408 413
408 414
414 415
414 416
407 417
417 419
417 420
417 421
421 422
421 423
406 424
424 425
424 426
403 427
427 428
428 430
428 431
428 432
427 433
402 434
434 435
434 436
401 437
437 439
437 440
440 441
440 442
437 443
443 444
444 445
444 446
443 447
304 448
448 449
449 450
450 451
450 452
452 453
453 454
453 455
452 456
456 457
456 458
458 459
458 460
449 461
461 463
463 465
463 466
466 467
467 468
468 470
468 471
471 472
472 473
472 474
471 475
475 476
475 477
468 478
478 479
479 480
480 481
480 482
479 483
478 486
467 487
466 488
463 489
489 490
490 491
491 492
491 493
493 494
493 496
493 497
490 499
490 500
489 501
461 502
502 503
503 504
504 505
505 506
505 507
504 508
508 509
508 510
503 511
511 512
511 513
513 514
513 515
502 518
518 520
518 521
521 522
521 523
518 524
461 525
525 526
525 527
527 528
527 529
448 530
530 532
532 533
533 534
533 535
532 536
530 537
530 538
538 540
538 542
538 543
538 544
544 545
544 546
285 547
547 548
548 549
549 550
549 551
548 552
547 553
553 554
554 555
554 556
553 557
557 558
557 559
559 560
560 561
561 564
561 565
561 566
566 567
566 568
561 569
560 570
559 571
571 572
572 573
572 575
575 576
575 577
577 579
577 580
580 581
581 582
581 583
580 584
577 585
585 586
585 587
572 588
588 589
588 590
571 591
16 592
592 593
593 594
594 595
595 596
595 597
594 598
598 599
599 600
600 601
600 602
599 603
598 604
604 605
604 606
593 607
607 608
608 609
609 610
609 611
608 612
612 613
613 614
613 615
612 616
607 617
617 618
617 619
592 620
620 621
620 622
622 623
622 624
624 625
625 626
626 628
626 630
626 631
631 632
631 633
626 634
634 635
634 636
625 637
624 638
15 639
639 640
640 641
640 642
642 643
643 644
643 645
645 647
647 648
647 649
645 650
645 651
642 652
652 653
653 654
654 655
655 656
655 657
657 658
657 659
659 660
659 661
654 662
653 663
663 665
663 666
663 667
652 668
668 669
669 670
669 671
668 672
672 673
672 674
639 675
675 676
676 677
677 678
678 679
679 680
680 681
681 682
682 683
682 684
681 686
686 687
686 688
681 689
689 690
689 692
689 693
680 694
694 695
694 696
696 697
697 698
697 699
696 700
679 701
678 702
702 703
703 704
703 705
705 706
706 707
707 708
707 709
709 710
710 711
710 712
709 713
706 714
714 715
714 716
716 717
717 718
717 720
717 721
721 722
721 723
716 724
724 725
724 726
726 727
726 728
705 729
729 730
729 731
702 732
732 733
732 734
734 736
734 737
737 738
737 739
734 741
741 742
741 743
743 744
744 745
745 746
746 747
746 748
748 749
748 750
745 751
744 752
752 753
752 754
754 755
754 756
743 757
734 758
758 759
759 760
759 762
759 763
763 764
763 765
765 766
765 767
758 768
677 769
769 770
769 772
772 773
773 774
774 775
775 776
776 777
776 778
775 779
774 780
780 782
780 783
780 784
784 785
784 786
773 787
787 788
787 789
772 790
790 791
790 792
792 793
792 794
794 795
794 796
769 797
797 798
797 799
676 800
800 801
801 802
802 803
802 804
801 805
800 806
806 808
806 809
806 810
810 811
811 812
812 813
812 814
811 815
815 816
815 817
810 818
675 819
819 820
820 821
820 822
822 823
823 824
824 825
824 826
823 827
827 828
827 829
822 830
819 831
831 832
831 833
833 834
833 835
14 836
836 837
837 838
837 839
836 840
840 841
840 842
842 843
843 844
844 845
844 846
843 847
847 848
847 849
842 850
850 851
850 852
11 853
853 854
854 855
855 856
855 859
859 860
859 861
861 862
861 863
863 864
863 865
865 866
865 867
855 868
855 869
869 870
869 871
871 872
872 873
872 874
871 875
875 876
875 877
854 878
853 879
879 880
880 881
881 882
882 883
883 884
884 885
885 886
885 887
884 888
883 889
889 890
889 891
882 892
881 893
893 894
893 895
880 896
896 897
897 898
898 899
899 900
900 901
901 902
901 904
901 905
900 906
906 907
907 909
907 910
907 912
907 913
906 914
899 916
916 917
916 918
899 920
920 921
920 922
899 924
899 925
898 926
926 927
927 928
928 929
929 930
929 931
931 932
931 933
933 934
933 935
928 937
937 939
937 940
940 941
940 943
940 944
937 945
928 946
946 947
946 948
927 949
926 950
950 951
951 952
952 953
952 954
951 955
950 956
956 957
956 958
958 959
959 960
959 961
958 962
897 963
963 964
963 965
965 966
965 967
967 968
967 969
896 970
970 971
971 972
971 974
971 975
975 976
975 977
970 978
879 979
