490
979
0
333 32
330 33
331 35
320 36
328 39
285 41
279 48
278 49
280 50
281 51
259 53
257 54
241 56
217 58
199 62
134 64
132 65
198 66
196 67
282 69
244 73
245 76
243 78
242 79
236 81
214 83
190 88
188 89
189 90
187 91
161 93
159 94
166 98
165 99
101 104
99 105
100 110
96 111
93 113
76 115
75 117
74 119
73 120
97 122
95 123
98 124
116 129
115 130
117 133
92 134
90 135
70 136
68 137
138 142
129 143
89 145
87 146
131 147
136 150
137 152
135 153
110 155
67 158
61 160
59 161
65 162
167 163
124 171
126 172
145 173
141 176
140 181
139 182
142 183
143 184
128 187
127 188
79 190
77 191
151 193
149 194
157 196
152 197
123 199
122 200
200 201
221 205
218 206
220 207
203 209
201 210
326 211
299 216
298 220
294 222
292 223
256 225
254 226
291 230
290 232
272 234
274 236
286 237
288 239
227 241
225 242
289 243
307 245
305 246
334 247
332 250
316 251
329 256
267 257
263 261
265 262
268 265
262 266
264 267
266 268
284 272
277 274
275 275
253 277
251 278
206 283
204 284
174 292
164 294
162 295
171 296
168 297
173 298
105 302
104 303
83 307
82 309
81 310
85 312
86 313
84 315
80 316
103 317
170 318
172 319
239 322
223 323
224 324
210 329
209 330
207 331
118 333
109 335
108 337
106 338
114 340
112 341
300 343
269 348
270 349
248 352
246 353
233 358
230 359
232 360
213 363
211 364
192 366
179 370
178 373
175 374
176 375
177 377
121 379
119 380
148 383
147 386
146 387
71 389
64 391
62 392
154 393
195 395
193 396
260 397
249 399
229 403
186 406
183 408
181 409
185 411
184 412
234 413
240 414
335 417
322 418
309 419
360 423
359 425
358 426
351 429
345 431
325 433
323 434
349 436
347 437
317 438
297 440
295 441
303 443
301 444
304 445
318 446
407 447
400 450
399 451
398 452
412 453
431 454
410 455
312 459
310 460
341 465
339 466
373 467
379 470
376 471
378 472
396 473
387 480
369 481
382 488
380 489
381 490
368 492
367 494
366 497
365 498
364 499
336 500
371 501
370 503
315 504
313 505
338 506
354 507
352 508
492 513
409 515
408 516
449 519
419 523
418 524
417 525
416 526
391 529
388 531
390 532
389 533
454 537
453 539
452 541
433 542
444 543
425 545
423 546
362 550
357 552
356 555
355 556
344 558
342 559
374 560
404 562
403 564
401 565
426 567
434 570
436 572
463 573
461 575
460 579
458 580
465 582
464 583
479 585
477 586
516 587
526 591
527 592
548 593
590 600
587 601
588 604
589 605
586 606
556 608
554 609
545 610
549 613
546 614
515 617
514 618
512 619
547 620
557 622
476 626
474 627
466 629
438 631
437 632
533 633
448 639
445 640
447 641
394 644
392 645
385 647
383 648
506 659
457 661
455 662
508 664
538 666
507 668
504 669
582 679
579 681
569 682
577 684
567 685
574 686
576 687
565 691
562 692
563 695
560 696
559 697
564 698
520 700
511 701
518 707
499 708
497 709
502 710
503 711
561 713
541 714
581 717
532 719
531 720
528 721
521 723
496 724
530 725
501 727
500 728
566 730
524 732
522 733
473 735
428 740
443 742
422 744
420 745
441 746
415 748
413 749
442 750
539 751
491 757
489 758
488 759
485 762
483 764
482 767
480 768
470 770
469 771
471 772
487 773
490 774
509 776
494 777
573 782
572 784
553 785
551 787
544 789
542 790
537 792
535 793
550 794
583 797
585 798
591 799
601 801
600 802
603 803
613 809
608 811
593 812
599 816
606 817
605 818
616 819
615 821
614 822
611 823
597 824
595 825
610 827
609 828
629 834
617 835
619 836
622 838
623 840
620 841
627 842
626 843
661 846
655 848
642 853
641 854
643 855
648 857
632 859
630 860
645 862
640 864
639 866
636 868
635 870
633 871
54 874
53 877
52 879
50 880
48 886
12 889
9 893
6 894
8 895
5 896
4 897
45 899
30 901
28 902
11 903
15 907
22 908
44 912
31 913
35 914
43 918
39 921
19 924
3 926
2 928
0 929
18 930
42 935
26 936
41 937
40 938
38 939
16 940
36 946
14 947
34 949
23 950
20 951
24 952
25 953
33 954
51 955
654 959
652 962
649 963
651 964
653 965
657 967
58 969
56 970
671 973
665 975
663 976
668 978
666 979
0 1
1 2
2 3
3 4
4 5
5 6
6 7
7 8
8 9
9 10
10 11
11 12
12 13
13 14
14 15
15 16
16 17
17 18
18 19
19 20
20 21
21 22
22 23
23 24
24 25
25 26
26 27
27 28
28 29
29 30
30 31
31 32
31 33
30 34
34 35
34 36
29 37
37 38
38 39
38 40
40 41
40 42
42 43
43 44
44 45
45 46
46 47
47 48
47 49
46 50
45 51
44 52
52 53
52 54
43 55
55 56
55 57
57 58
57 59
59 60
60 61
61 62
61 63
63 64
63 65
60 66
59 67
42 68
68 69
68 70
70 71
71 72
72 73
72 74
74 75
75 76
75 77
77 78
77 79
74 80
80 81
80 82
82 83
82 84
84 85
85 86
86 87
87 88
87 89
86 90
85 91
84 92
92 93
92 94
71 95
95 96
96 97
97 98
97 99
96 100
100 101
101 102
102 103
103 104
103 105
102 106
106 107
107 108
108 109
109 110
109 111
108 112
112 113
112 114
114 115
114 116
116 117
116 118
118 119
118 120
107 121
121 122
121 123
106 124
101 125
125 126
126 127
127 128
128 129
128 130
127 131
131 132
132 133
132 134
131 135
126 136
125 137
100 138
138 139
139 140
140 141
141 142
141 143
140 144
144 145
144 146
139 147
138 148
148 149
149 150
149 151
151 152
151 153
148 154
154 155
154 156
156 157
157 158
157 159
159 160
159 161
156 162
95 163
70 164
164 165
165 166
166 167
167 168
168 169
169 170
170 171
170 172
169 173
168 174
174 175
175 176
175 177
177 178
178 179
179 180
180 181
180 182
179 183
178 184
177 185
185 186
186 187
186 188
185 189
189 190
189 191
174 192
192 193
192 194
167 195
195 196
195 197
166 198
198 199
198 200
165 201
164 202
202 203
203 204
204 205
204 206
203 207
202 208
208 209
208 210
37 211
28 212
212 213
213 214
214 215
215 216
215 217
217 218
218 219
219 220
219 221
221 222
221 223
218 224
224 225
224 226
217 227
227 228
228 229
229 230
229 231
231 232
231 233
233 234
233 235
235 236
235 237
228 238
238 239
238 240
240 241
240 242
227 243
214 244
244 245
244 246
213 247
212 248
248 249
249 250
249 251
248 252
252 253
253 254
254 255
255 256
255 257
254 258
258 259
259 260
260 261
260 262
259 263
263 264
264 265
264 266
263 267
258 268
253 269
269 270
270 271
271 272
271 273
273 274
273 275
270 276
276 277
276 278
269 279
279 280
280 281
281 282
282 283
282 284
281 285
285 286
286 287
287 288
288 289
289 290
290 291
291 292
291 293
293 294
293 295
290 296
289 297
288 298
287 299
299 300
300 301
301 302
301 303
300 304
304 305
305 306
306 307
306 308
308 309
308 310
305 311
311 312
311 313
304 314
314 315
314 316
299 317
286 318
285 319
280 320
320 321
321 322
321 323
320 324
279 325
325 326
326 327
327 328
328 329
328 330
327 331
326 332
332 333
332 334
334 335
334 336
336 337
336 338
325 339
339 340
339 341
252 342
342 343
342 344
344 345
345 346
346 347
347 348
347 349
346 350
350 351
351 352
351 353
350 354
354 355
355 356
356 357
357 358
357 359
356 360
355 361
361 362
362 363
362 364
361 365
365 366
365 367
367 368
368 369
369 370
369 371
371 372
372 373
372 374
371 375
368 376
376 377
376 378
378 379
378 380
367 381
381 382
382 383
382 384
384 385
385 386
385 387
384 388
388 389
388 390
390 391
390 392
381 393
354 394
394 395
394 396
345 397
344 398
398 399
398 400
400 401
401 402
402 403
402 404
404 405
405 406
405 407
407 408
407 409
404 410
410 411
410 412
401 413
400 414
27 415
415 416
416 417
416 418
415 419
26 420
420 421
421 422
422 423
422 424
424 425
424 426
421 427
427 428
428 429
428 430
430 431
430 432
432 433
432 434
427 435
435 436
435 437
420 438
25 439
439 440
439 441
24 442
442 443
442 444
23 445
22 446
21 447
20 448
448 449
449 450
449 451
448 452
19 453
18 454
17 455
16 456
456 457
457 458
458 459
458 460
457 461
461 462
462 463
463 464
464 465
464 466
463 467
462 468
468 469
469 470
469 471
468 472
461 473
456 474
474 475
475 476
476 477
477 478
478 479
479 480
479 481
478 482
482 483
483 484
484 485
485 486
486 487
487 488
487 489
486 490
485 491
491 492
491 493
493 494
493 495
495 496
496 497
496 498
495 499
484 500
483 501
482 502
502 503
502 504
477 505
476 506
475 507
474 508
15 509
509 510
510 511
511 512
512 513
512 514
514 515
514 516
511 517
517 518
518 519
518 520
520 521
521 522
522 523
522 524
521 525
520 526
517 527
527 528
528 529
528 530
530 531
530 532
527 533
510 534
534 535
535 536
536 537
536 538
538 539
538 540
540 541
540 542
535 543
534 544
544 545
544 546
509 547
547 548
548 549
549 550
549 551
551 552
551 553
553 554
554 555
554 556
553 557
557 558
557 559
548 560
547 561
561 562
561 563
563 564
563 565
14 566
566 567
566 568
568 569
569 570
569 571
571 572
571 573
568 574
574 575
574 576
576 577
577 578
578 579
578 580
577 581
581 582
581 583
576 584
584 585
584 586
13 587
12 588
588 589
589 590
590 591
590 592
589 593
588 594
594 595
595 596
596 597
597 598
598 599
599 600
599 601
598 602
602 603
603 604
603 605
602 606
597 607
607 608
607 609
596 610
595 611
611 612
612 613
612 614
611 615
615 616
616 617
616 618
615 619
594 620
11 621
621 622
621 623
623 624
624 625
625 626
625 627
624 628
628 629
628 630
630 631
630 632
623 633
10 634
634 635
635 636
636 637
637 638
638 639
638 640
637 641
636 642
642 643
643 644
643 645
642 646
646 647
646 648
635 649
649 650
650 651
651 652
652 653
653 654
654 655
655 656
656 657
657 658
658 659
658 660
660 661
660 662
657 663
663 664
663 665
665 666
665 667
667 668
667 669
656 670
670 671
671 672
672 673
673 674
674 675
675 676
676 677
677 678
678 679
678 680
680 681
680 682
677 683
683 684
683 685
676 686
675 687
674 688
688 689
689 690
690 691
690 692
689 693
693 694
694 695
694 696
693 697
688 698
673 699
699 700
699 701
672 702
702 703
703 704
704 705
705 706
706 707
706 708
705 709
704 710
703 711
702 712
712 713
712 714
671 715
715 716
716 717
716 718
718 719
718 720
715 721
670 722
722 723
722 724
655 725
654 726
726 727
726 728
653 729
729 730
729 731
731 732
731 733
652 734
734 735
734 736
736 737
737 738
738 739
739 740
739 741
741 742
741 743
743 744
743 745
738 746
737 747
747 748
747 749
736 750
651 751
650 752
752 753
753 754
754 755
755 756
756 757
756 758
755 759
754 760
760 761
761 762
761 763
763 764
763 765
765 766
766 767
766 768
765 769
769 770
769 771
760 772
753 773
752 774
649 775
775 776
775 777
634 778
778 779
779 780
780 781
781 782
781 783
783 784
783 785
780 786
786 787
786 788
788 789
788 790
779 791
791 792
791 793
778 794
9 795
795 796
796 797
796 798
795 799
8 800
800 801
800 802
7 803
6 804
804 805
805 806
806 807
807 808
808 809
808 810
810 811
810 812
807 813
813 814
814 815
815 816
815 817
814 818
813 819
806 820
820 821
820 822
805 823
804 824
5 825
4 826
826 827
826 828
3 829
829 830
830 831
831 832
832 833
833 834
833 835
832 836
831 837
837 838
837 839
839 840
839 841
830 842
829 843
2 844
844 845
845 846
845 847
847 848
847 849
849 850
850 851
851 852
852 853
852 854
851 855
850 856
856 857
856 858
858 859
858 860
849 861
861 862
861 863
863 864
863 865
865 866
865 867
867 868
867 869
869 870
869 871
844 872
872 873
873 874
873 875
875 876
876 877
876 878
878 879
878 880
875 881
881 882
882 883
883 884
884 885
885 886
885 887
887 888
888 889
888 890
890 891
891 892
892 893
892 894
891 895
890 896
887 897
884 898
898 899
898 900
900 901
900 902
883 903
882 904
904 905
905 906
906 907
906 908
905 909
909 910
910 911
911 912
911 913
910 914
909 915
915 916
916 917
917 918
917 919
919 920
920 921
920 922
922 923
923 924
923 925
925 926
925 927
927 928
927 929
922 930
919 931
931 932
932 933
933 934
934 935
934 936
933 937
932 938
931 939
916 940
915 941
941 942
942 943
943 944
944 945
945 946
945 947
944 948
948 949
948 950
943 951
942 952
941 953
904 954
881 955
872 956
956 957
957 958
958 959
958 960
960 961
961 962
961 963
960 964
957 965
956 966
966 967
966 968
968 969
968 970
1 971
971 972
972 973
972 974
974 975
974 976
971 977
977 978
977 979
