490
672
672
344 642
0 526
347 345
341 396
342 455
349 426
595 251
606 136
619 101
298 389
299 253
297 422
294 654
295 334
292 145
290 583
291 326
591 480
590 210
593 419
199 92
198 436
597 460
195 245
196 6
190 20
193 193
192 128
270 379
272 368
274 494
275 170
277 579
278 82
279 473
524 18
526 539
527 652
520 562
521 179
522 608
599 318
528 31
449 297
448 412
443 195
442 0
441 267
447 394
445 268
444 549
108 122
109 34
103 209
100 285
101 449
106 521
104 137
105 587
39 282
38 367
33 166
31 423
30 175
36 454
35 291
34 556
641 112
640 330
643 512
642 16
645 85
438 336
436 338
437 443
434 453
433 39
431 280
339 71
338 109
335 557
334 533
336 671
331 132
330 501
333 4
332 260
345 537
6 131
99 243
98 339
90 171
93 203
92 603
95 218
97 370
96 457
559 43
554 349
557 514
556 483
551 626
550 466
553 126
239 380
234 497
236 563
230 200
232 162
233 617
614 508
146 5
147 206
145 470
142 185
143 425
140 577
141 141
613 289
610 588
611 223
616 315
617 648
148 600
149 590
623 174
132 387
131 100
137 50
136 178
135 204
134 645
494 33
139 428
138 227
490 213
491 504
492 437
24 313
25 358
26 196
20 542
22 87
23 119
28 86
407 62
404 244
403 142
401 224
400 535
629 325
409 333
408 344
379 115
378 89
371 567
370 70
373 331
374 653
376 58
392 189
391 365
89 19
396 159
394 530
82 663
83 241
80 147
81 655
86 96
87 217
84 374
85 79
586 165
587 463
585 383
582 98
583 547
581 81
588 560
589 611
245 444
244 418
246 441
241 392
240 233
243 553
242 322
615 492
249 127
248 230
518 347
511 157
512 167
515 104
514 506
516 310
458 140
622 303
620 496
627 290
626 499
452 636
453 541
454 362
455 515
457 332
179 582
178 312
177 566
176 184
175 84
174 502
173 249
172 257
171 40
170 620
657 585
183 640
654 301
181 240
186 198
187 121
184 546
185 68
652 509
188 532
189 657
653 447
651 591
11 248
12 106
15 61
14 2
16 269
19 531
18 355
322 609
323 581
320 176
326 211
325 270
328 400
329 135
201 661
200 26
203 225
204 154
207 93
206 328
209 83
77 476
76 201
75 601
74 323
73 352
71 234
70 278
655 409
79 220
2 317
668 366
666 52
665 668
663 569
661 378
542 80
541 438
546 42
547 152
544 95
545 403
8 448
548 385
549 254
121 149
122 341
123 53
124 410
126 164
127 214
128 229
129 342
415 221
416 559
417 279
410 187
412 74
413 407
418 545
419 263
499 465
318 503
313 458
312 528
310 262
317 639
316 295
315 623
496 641
497 9
3 45
368 129
369 489
366 24
367 474
364 364
365 593
362 105
360 485
380 181
381 108
382 359
383 431
385 118
387 56
388 103
389 399
605 286
579 123
573 357
572 404
577 151
576 22
574 554
61 371
62 190
259 8
64 298
65 360
67 277
68 41
253 97
251 172
256 11
257 548
254 413
600 188
603 38
508 30
509 12
506 351
507 138
504 292
502 606
503 36
500 305
501 491
630 649
632 627
633 300
469 265
635 390
636 236
465 288
464 622
466 168
461 538
460 192
463 576
168 48
164 146
165 573
166 479
167 629
161 381
162 616
9 524
649 304
648 161
357 44
356 90
355 589
354 376
352 59
351 565
359 633
358 76
217 643
214 408
213 416
210 464
211 64
218 148
289 471
288 487
4 124
281 613
280 14
282 595
285 469
284 417
286 316
671 666
263 445
262 507
260 299
267 25
266 54
265 401
264 599
269 500
268 114
59 597
58 307
54 605
56 274
51 420
50 110
53 615
52 183
537 665
535 586
533 434
532 461
531 452
530 561
539 635
538 614
115 329
114 264
117 177
116 256
110 619
112 520
119 242
118 415
428 511
420 207
423 284
422 116
425 488
426 281
309 28
300 75
301 51
303 651
304 35
305 320
307 632
569 99
560 186
561 369
562 272
563 518
564 522
565 199
566 259
567 15
229 564
227 433
225 246
224 266
223 398
221 173
220 335
390 117
151 382
152 143
601 275
154 544
157 77
159 232
609 139
608 482
399 73
398 551
48 490
44 391
45 309
42 65
43 354
40 134
41 442
5 356
639 610
489 373
488 239
487 67
485 572
483 294
482 516
480 574
473 550
470 3
471 527
476 388
477 23
474 477
479 630
343 344
1 0
350 346
348 347
405 340
340 341
343 342
355 343
350 348
348 349
594 595
604 606
607 594
618 619
319 298
327 299
327 296
296 297
293 294
296 295
293 292
298 293
287 290
287 291
592 591
587 590
594 593
596 592
197 199
197 198
598 597
602 596
194 195
222 194
216 197
197 196
222 191
188 190
194 193
191 192
269 270
308 271
273 272
287 273
273 274
276 275
283 276
276 277
279 278
285 279
523 524
546 525
525 526
525 527
519 520
519 521
523 522
578 523
598 599
529 528
540 529
450 449
446 448
440 443
440 442
440 441
472 440
446 447
468 446
446 445
451 444
107 108
107 109
136 102
104 103
94 100
102 101
107 106
118 107
169 104
104 105
37 39
37 38
32 33
37 32
32 31
29 30
47 37
32 36
32 35
32 34
647 641
638 640
644 643
641 642
644 645
646 644
467 438
451 439
435 436
438 437
435 434
462 435
450 432
432 433
468 430
432 431
340 339
337 338
327 335
327 334
363 337
337 336
327 331
327 330
327 333
327 332
346 345
7 6
94 99
94 98
116 91
91 90
94 93
91 92
94 95
102 94
94 97
94 96
575 559
570 558
587 555
555 554
558 557
555 556
571 551
551 550
552 553
571 552
283 238
238 239
235 234
240 235
237 236
242 237
231 230
269 231
231 232
231 233
10 1
612 614
147 146
155 147
153 144
144 145
140 142
140 143
150 140
140 141
624 612
612 613
609 610
612 611
612 616
618 617
147 148
150 149
624 623
621 622
197 133
133 132
130 131
136 130
136 137
166 136
136 135
133 134
495 494
540 495
140 139
136 138
488 490
488 491
493 492
517 493
21 24
21 25
27 26
37 27
21 20
32 21
21 22
21 23
29 28
46 29
406 407
411 406
451 405
402 404
402 403
427 402
402 401
397 400
628 629
439 409
409 408
669 628
377 379
377 378
363 371
363 370
372 373
405 372
402 375
375 374
395 377
377 376
625 618
430 393
393 392
136 88
88 89
406 397
395 396
405 395
393 394
81 82
81 83
81 80
104 81
81 86
88 87
81 84
81 85
27 7
602 601
612 607
587 586
604 587
596 584
584 585
580 582
584 583
592 580
580 581
587 588
587 589
242 245
242 244
271 247
247 246
279 241
250 240
242 243
279 242
612 615
250 249
247 248
559 519
519 518
510 511
559 510
546 513
513 512
513 515
513 514
525 517
513 516
459 458
464 459
625 621
621 620
625 627
625 626
628 625
625 624
451 450
493 451
451 452
451 453
451 454
456 455
486 456
456 457
176 179
176 178
176 177
191 176
176 175
171 174
171 173
171 172
224 171
171 170
662 656
658 657
650 654
252 253
184 182
182 183
200 180
182 181
184 186
188 187
228 184
184 185
650 652
215 188
188 189
659 658
650 653
658 650
650 651
10 11
17 10
21 13
13 12
13 15
13 14
37 17
17 16
17 19
17 18
660 659
63 62
321 322
324 323
321 320
327 321
327 326
359 327
346 324
324 325
327 328
327 329
202 201
219 200
202 203
219 202
238 205
205 204
208 207
205 206
208 209
263 208
78 77
74 76
74 75
94 74
74 73
147 72
72 71
69 70
656 655
78 79
127 78
1 2
670 669
669 668
669 667
667 666
664 665
670 664
664 663
667 662
660 661
662 660
543 542
571 543
559 540
540 541
570 546
546 547
543 544
546 545
7 8
546 548
546 549
69 68
604 598
191 120
120 121
123 122
180 123
125 124
144 125
125 126
150 127
127 128
130 129
429 414
414 415
417 416
439 417
411 410
451 411
411 412
414 413
519 498
417 418
417 419
498 499
327 319
317 318
314 313
311 312
372 311
311 310
359 317
317 316
314 315
363 314
495 496
498 497
1 3
363 368
363 369
363 366
363 367
363 364
363 365
361 362
380 363
359 360
375 361
386 380
380 381
380 382
384 383
430 384
384 385
388 386
386 387
444 388
388 389
604 605
580 579
580 578
612 604
571 573
571 572
592 571
587 570
575 577
575 576
578 575
575 574
66 60
60 61
279 258
258 259
63 64
66 65
111 66
66 67
283 252
116 69
261 250
252 251
255 256
258 257
255 254
298 255
602 603
612 602
505 508
510 509
505 506
505 507
505 504
538 505
498 502
498 503
498 500
498 501
631 630
647 631
631 632
634 633
470 469
486 468
637 636
638 637
464 465
478 464
534 467
467 466
459 461
459 460
462 463
478 462
169 168
171 169
163 164
166 165
279 166
166 167
188 160
160 161
163 162
171 163
601 600
7 9
656 647
647 646
650 649
647 648
355 357
355 356
361 355
353 354
388 353
353 352
350 351
359 350
397 359
359 358
241 216
216 217
215 214
237 215
231 212
212 213
208 210
212 211
219 218
279 219
287 289
287 288
17 4
279 281
279 280
299 283
279 282
308 285
283 284
298 287
287 286
672 670
670 671
283 263
263 262
269 261
261 260
263 267
263 266
263 265
263 264
271 269
263 268
60 59
57 58
659 55
55 54
658 57
57 56
49 51
49 50
49 53
49 52
536 537
552 536
536 535
72 63
534 533
529 532
529 531
529 530
538 539
559 538
116 115
113 114
116 117
136 116
136 111
111 110
158 113
113 112
120 119
158 118
440 429
429 428
558 534
440 421
421 420
424 423
421 422
424 425
493 424
444 427
427 426
327 308
308 309
299 300
302 301
319 302
302 303
302 304
306 305
319 306
306 307
580 568
568 569
559 560
559 561
559 562
559 563
559 564
559 565
559 566
568 567
228 229
235 228
226 227
287 226
226 225
238 224
224 223
231 222
219 221
219 220
388 391
388 390
150 151
156 150
156 153
153 152
176 155
155 154
156 157
180 156
160 159
208 158
625 609
607 608
637 634
397 399
634 635
397 398
47 48
55 49
47 46
49 47
37 44
46 45
37 42
37 43
37 40
37 41
646 638
4 5
638 639
488 489
559 488
488 487
505 486
484 485
488 484
484 483
481 482
484 481
481 480
540 472
472 473
484 470
470 471
475 476
478 477
475 474
534 475
517 478
478 479
