490
979
0
666 3
668 4
671 7
665 9
663 10
608 18
595 20
593 21
463 34
436 36
434 37
477 39
479 41
465 43
464 45
460 48
461 49
458 50
426 53
341 57
339 58
378 61
396 63
379 65
376 66
373 67
310 69
312 70
492 74
452 76
408 78
409 79
449 81
416 83
419 86
418 87
417 88
454 92
431 95
433 96
453 97
423 99
425 100
444 102
334 115
335 117
322 118
326 120
332 122
320 125
333 127
330 128
331 129
266 133
265 137
262 139
264 141
268 142
263 143
329 145
267 146
299 150
275 153
277 154
284 156
253 159
251 160
300 161
289 164
291 167
225 171
227 172
288 173
290 174
286 176
272 178
274 179
292 183
294 184
256 186
254 187
298 188
301 191
303 192
307 194
305 195
285 199
241 205
278 206
172 214
171 217
164 220
162 221
170 223
168 225
103 227
104 229
105 231
82 233
85 238
86 239
80 241
84 242
81 243
83 244
174 246
173 247
224 248
223 250
239 251
206 253
204 254
112 257
114 258
118 261
108 263
109 265
106 266
207 268
209 270
210 271
165 277
167 279
166 280
70 283
115 285
116 288
92 290
90 292
117 293
68 294
100 297
95 301
97 302
96 303
76 306
74 308
73 310
75 311
93 313
98 314
101 316
99 317
59 323
61 324
65 325
67 326
110 327
131 331
138 334
129 335
89 337
87 338
135 340
137 341
136 342
134 345
198 348
199 350
196 351
132 352
217 353
244 356
245 359
242 361
243 362
236 364
214 366
189 371
187 372
188 373
190 374
161 376
159 377
240 385
234 387
229 389
185 391
184 393
181 396
183 397
186 398
249 399
260 400
269 402
270 403
248 405
246 406
233 409
232 411
230 412
195 415
193 416
213 419
211 420
179 422
177 426
119 428
121 429
154 433
146 435
147 437
148 439
71 441
64 443
62 444
175 446
178 447
176 448
192 449
201 455
203 456
218 457
220 458
221 459
122 463
123 464
157 466
152 469
145 471
126 473
124 474
151 477
149 478
139 480
140 483
141 485
143 486
128 489
79 492
77 493
127 494
142 495
200 496
282 497
279 498
281 500
257 502
259 503
280 504
328 505
309 506
304 508
297 510
295 511
349 514
347 515
323 519
325 520
345 521
351 522
359 523
316 526
318 528
317 529
358 530
360 531
407 533
400 536
398 538
399 539
412 540
410 541
404 543
374 546
362 548
357 550
344 553
342 554
355 556
356 557
401 559
403 560
389 562
388 565
390 567
387 570
381 574
382 575
380 576
367 581
364 582
368 585
365 586
371 588
366 589
315 592
313 594
338 596
336 597
370 598
369 599
354 601
352 602
391 603
526 605
527 606
547 610
548 611
549 613
545 616
516 617
512 619
514 621
515 622
546 623
557 625
533 627
474 630
476 631
438 634
437 635
466 636
556 638
554 639
590 641
586 643
587 644
588 646
589 647
599 649
597 650
606 652
605 653
615 656
614 658
616 659
611 660
603 662
600 665
601 666
583 669
585 670
591 672
573 675
572 680
550 681
551 682
542 684
544 685
553 687
535 689
537 690
567 692
579 694
576 697
574 698
577 701
541 704
496 708
494 709
561 711
473 717
442 719
441 721
428 724
413 726
415 727
443 729
422 731
420 732
503 733
566 736
521 737
520 740
518 741
499 742
497 744
502 745
501 747
500 749
487 752
489 756
491 757
488 758
483 760
482 763
480 764
485 766
471 768
470 770
469 771
490 772
531 775
532 778
522 781
524 782
528 783
530 785
581 786
562 788
565 793
564 794
509 798
511 799
538 801
504 804
507 805
455 810
457 811
445 814
447 816
448 817
392 820
394 821
385 823
383 824
508 825
539 827
506 828
563 829
559 830
560 831
569 832
582 833
613 834
623 838
620 839
627 842
626 843
617 845
619 846
622 847
629 849
610 851
609 852
661 855
655 857
648 859
639 864
636 866
635 868
633 869
640 870
645 871
643 873
630 876
632 877
642 879
641 880
654 886
652 887
649 888
651 890
653 891
657 893
56 895
58 896
54 898
52 900
53 903
50 904
51 906
48 908
30 912
28 913
45 914
35 924
33 925
31 927
44 928
14 932
15 934
12 935
25 936
20 938
22 941
24 942
23 943
36 944
34 945
40 946
26 949
42 951
41 952
39 953
38 955
43 956
19 958
18 961
4 963
8 966
9 968
6 969
5 970
16 972
11 974
2 977
3 978
0 979
0 1
1 2
2 3
2 4
1 5
5 6
6 7
6 8
8 9
8 10
5 11
11 12
12 13
13 14
14 15
15 16
16 17
17 18
17 19
19 20
19 21
16 22
22 23
23 24
24 25
25 26
26 27
27 28
28 29
29 30
30 31
31 32
32 33
33 34
33 35
35 36
35 37
32 38
38 39
38 40
40 41
40 42
42 43
42 44
44 45
44 46
46 47
47 48
47 49
46 50
31 51
51 52
52 53
52 54
54 55
55 56
56 57
56 58
55 59
59 60
60 61
60 62
62 63
62 64
64 65
64 66
59 67
54 68
68 69
68 70
51 71
71 72
72 73
73 74
73 75
75 76
75 77
77 78
77 79
72 80
80 81
80 82
82 83
82 84
84 85
85 86
85 87
84 88
71 89
89 90
90 91
91 92
91 93
93 94
94 95
94 96
93 97
90 98
98 99
98 100
89 101
101 102
101 103
103 104
104 105
105 106
106 107
107 108
108 109
109 110
110 111
111 112
112 113
113 114
114 115
114 116
116 117
116 118
113 119
119 120
119 121
121 122
121 123
123 124
124 125
124 126
126 127
126 128
123 129
112 130
130 131
131 132
132 133
132 134
134 135
135 136
136 137
136 138
138 139
138 140
140 141
140 142
135 143
134 144
144 145
144 146
131 147
147 148
148 149
149 150
149 151
151 152
152 153
152 154
151 155
155 156
155 157
157 158
158 159
158 160
157 161
148 162
162 163
163 164
163 165
165 166
166 167
166 168
168 169
169 170
170 171
170 172
169 173
168 174
165 175
175 176
175 177
177 178
177 179
162 180
180 181
181 182
182 183
182 184
181 185
185 186
185 187
180 188
147 189
189 190
190 191
190 192
189 193
193 194
193 195
130 196
196 197
197 198
198 199
198 200
200 201
201 202
202 203
203 204
204 205
204 206
203 207
207 208
208 209
209 210
210 211
211 212
212 213
213 214
213 215
215 216
216 217
216 218
218 219
219 220
219 221
218 222
222 223
222 224
224 225
224 226
226 227
226 228
228 229
228 230
230 231
230 232
232 233
232 234
234 235
235 236
236 237
237 238
237 239
236 240
240 241
240 242
235 243
234 244
215 245
245 246
245 247
212 248
211 249
249 250
249 251
210 252
252 253
252 254
209 255
255 256
256 257
256 258
255 259
259 260
260 261
260 262
262 263
262 264
264 265
264 266
259 267
267 268
267 269
269 270
269 271
208 272
272 273
273 274
274 275
275 276
276 277
276 278
278 279
278 280
275 281
281 282
282 283
282 284
284 285
284 286
286 287
287 288
287 289
289 290
289 291
291 292
291 293
286 294
281 295
295 296
296 297
296 298
298 299
299 300
300 301
300 302
299 303
298 304
304 305
305 306
305 307
307 308
307 309
309 310
309 311
304 312
312 313
312 314
295 315
315 316
315 317
274 318
318 319
319 320
320 321
321 322
322 323
322 324
321 325
320 326
319 327
318 328
328 329
329 330
330 331
330 332
332 333
333 334
333 335
332 336
336 337
336 338
329 339
339 340
339 341
328 342
273 343
343 344
344 345
344 346
346 347
347 348
347 349
349 350
349 351
346 352
343 353
272 354
354 355
355 356
355 357
357 358
358 359
358 360
360 361
360 362
357 363
363 364
363 365
365 366
365 367
367 368
368 369
369 370
370 371
370 372
369 373
368 374
367 375
375 376
375 377
354 378
378 379
379 380
380 381
381 382
382 383
383 384
384 385
384 386
386 387
386 388
388 389
388 390
390 391
390 392
392 393
392 394
394 395
395 396
395 397
394 398
383 399
382 400
381 401
401 402
401 403
380 404
404 405
404 406
379 407
407 408
408 409
408 410
410 411
410 412
407 413
413 414
414 415
414 416
413 417
417 418
418 419
418 420
417 421
421 422
421 423
423 424
424 425
425 426
425 427
427 428
427 429
424 430
430 431
431 432
432 433
432 434
434 435
434 436
436 437
436 438
438 439
438 440
440 441
440 442
442 443
442 444
431 445
445 446
445 447
430 448
423 449
378 450
450 451
451 452
452 453
453 454
454 455
454 456
453 457
452 458
451 459
450 460
460 461
461 462
462 463
462 464
461 465
465 466
465 467
467 468
468 469
468 470
470 471
470 472
472 473
472 474
467 475
475 476
476 477
476 478
475 479
479 480
479 481
481 482
482 483
482 484
484 485
484 486
481 487
487 488
488 489
488 490
490 491
491 492
491 493
490 494
487 495
460 496
207 497
202 498
201 499
499 500
499 501
501 502
501 503
200 504
197 505
196 506
111 507
507 508
507 509
509 510
509 511
110 512
512 513
513 514
513 515
512 516
516 517
517 518
518 519
518 520
517 521
516 522
109 523
108 524
524 525
525 526
525 527
527 528
527 529
524 530
107 531
106 532
532 533
532 534
534 535
535 536
535 537
537 538
537 539
534 540
105 541
104 542
542 543
542 544
544 545
545 546
545 547
547 548
547 549
549 550
549 551
551 552
552 553
552 554
551 555
555 556
555 557
544 558
558 559
558 560
103 561
561 562
561 563
563 564
564 565
564 566
566 567
566 568
568 569
569 570
569 571
571 572
572 573
573 574
573 575
572 576
571 577
577 578
578 579
579 580
580 581
580 582
579 583
583 584
584 585
584 586
583 587
587 588
587 589
578 590
590 591
591 592
591 593
593 594
593 595
595 596
595 597
590 598
577 599
568 600
600 601
600 602
563 603
30 604
604 605
604 606
29 607
607 608
608 609
609 610
609 611
608 612
612 613
612 614
614 615
615 616
615 617
614 618
618 619
618 620
620 621
620 622
607 623
28 624
624 625
624 626
626 627
626 628
628 629
629 630
629 631
628 632
632 633
633 634
633 635
632 636
27 637
637 638
637 639
26 640
640 641
640 642
642 643
642 644
25 645
645 646
645 647
24 648
648 649
648 650
23 651
651 652
651 653
22 654
654 655
655 656
655 657
657 658
657 659
654 660
15 661
661 662
661 663
663 664
664 665
664 666
663 667
667 668
668 669
668 670
667 671
671 672
671 673
673 674
674 675
674 676
676 677
677 678
678 679
679 680
679 681
678 682
677 683
683 684
683 685
676 686
686 687
686 688
688 689
688 690
673 691
691 692
691 693
693 694
693 695
695 696
696 697
696 698
695 699
699 700
700 701
700 702
702 703
703 704
703 705
705 706
706 707
707 708
707 709
706 710
710 711
710 712
712 713
713 714
714 715
715 716
716 717
716 718
718 719
718 720
720 721
720 722
722 723
723 724
723 725
725 726
725 727
722 728
728 729
728 730
730 731
730 732
715 733
714 734
734 735
735 736
735 737
734 738
738 739
739 740
739 741
738 742
713 743
743 744
743 745
712 746
746 747
746 748
748 749
748 750
750 751
751 752
751 753
753 754
754 755
755 756
755 757
754 758
753 759
759 760
759 761
761 762
762 763
762 764
761 765
765 766
765 767
767 768
767 769
769 770
769 771
750 772
705 773
773 774
774 775
774 776
776 777
777 778
777 779
779 780
780 781
780 782
779 783
776 784
784 785
784 786
773 787
787 788
787 789
789 790
790 791
791 792
792 793
792 794
791 795
795 796
796 797
797 798
797 799
796 800
800 801
800 802
802 803
803 804
803 805
802 806
806 807
807 808
808 809
809 810
809 811
808 812
812 813
813 814
813 815
815 816
815 817
812 818
818 819
819 820
819 821
818 822
822 823
822 824
807 825
806 826
826 827
826 828
795 829
790 830
789 831
702 832
699 833
14 834
13 835
835 836
836 837
837 838
837 839
836 840
840 841
841 842
841 843
840 844
844 845
844 846
835 847
12 848
848 849
848 850
850 851
850 852
11 853
853 854
854 855
854 856
856 857
856 858
858 859
858 860
860 861
861 862
862 863
863 864
863 865
865 866
865 867
867 868
867 869
862 870
861 871
860 872
872 873
872 874
874 875
875 876
875 877
874 878
878 879
878 880
853 881
881 882
882 883
883 884
884 885
885 886
885 887
884 888
883 889
889 890
889 891
882 892
892 893
892 894
894 895
894 896
881 897
897 898
897 899
899 900
899 901
901 902
902 903
902 904
901 905
905 906
905 907
907 908
907 909
909 910
910 911
911 912
911 913
910 914
909 915
915 916
916 917
917 918
918 919
919 920
920 921
921 922
922 923
923 924
923 925
922 926
926 927
926 928
921 929
929 930
930 931
931 932
931 933
933 934
933 935
930 936
929 937
937 938
937 939
939 940
940 941
940 942
939 943
920 944
919 945
918 946
917 947
947 948
948 949
948 950
950 951
950 952
947 953
916 954
954 955
954 956
915 957
957 958
957 959
959 960
960 961
960 962
962 963
962 964
964 965
965 966
965 967
967 968
967 969
964 970
959 971
971 972
971 973
973 974
973 975
975 976
976 977
976 978
975 979
