490
721
0
666 3
668 4
671 7
665 9
663 10
608 18
595 20
593 21
463 34
436 36
434 37
477 39
479 41
465 43
464 42
460 48
461 49
458 50
426 53
341 57
339 58
378 61
396 63
379 65
376 64
373 67
310 69
312 70
492 74
452 76
408 78
409 77
449 81
416 83
419 86
418 87
417 82
454 92
431 95
433 94
453 91
423 99
425 100
444 102
334 115
335 117
322 118
326 120
332 122
320 125
333 127
330 128
331 129
266 133
265 137
262 139
264 141
268 142
263 132
329 145
267 146
299 149
275 153
277 154
284 156
253 159
251 160
300 161
289 164
291 167
225 171
227 172
288 173
290 174
286 176
272 178
274 179
292 183
294 184
256 186
254 187
298 162
301 191
303 192
307 194
305 195
285 198
241 205
278 206
172 214
171 213
164 220
162 221
170 223
168 225
103 227
104 226
105 231
82 233
85 238
86 239
80 241
84 240
81 232
83 244
174 246
173 247
224 212
223 211
239 251
206 252
204 254
112 257
114 258
118 260
108 263
109 265
106 266
207 268
209 270
210 271
165 277
167 279
166 276
70 283
115 285
116 287
92 290
90 292
117 293
68 294
100 297
95 301
97 302
96 303
76 306
74 305
73 310
75 311
93 313
98 314
101 316
99 317
59 323
61 324
65 325
67 326
110 327
131 331
138 334
129 335
89 337
87 338
135 340
137 341
136 318
134 345
198 348
199 350
196 351
132 352
217 353
244 356
245 359
242 358
243 362
236 364
214 366
189 371
187 372
188 367
190 374
161 376
159 377
240 384
234 387
229 389
185 391
184 390
181 396
183 397
186 398
249 399
260 400
269 381
270 403
248 405
246 406
233 409
232 411
230 412
195 415
193 416
213 419
211 420
179 422
177 426
119 428
121 429
154 433
146 435
147 434
148 439
71 441
64 443
62 444
175 445
178 447
176 423
192 449
201 455
203 456
218 457
220 458
221 459
122 463
123 462
157 466
152 469
145 471
126 473
124 474
151 477
149 478
139 480
140 479
141 485
143 486
128 489
79 492
77 493
127 488
142 495
200 460
282 497
279 200
281 500
257 502
259 503
280 504
328 505
309 506
304 508
297 510
295 511
349 514
347 515
323 519
325 520
345 521
351 522
359 107
316 526
318 528
317 525
358 530
360 531
407 533
400 536
398 538
399 539
412 540
410 541
404 543
374 546
362 548
357 550
344 553
342 554
355 549
356 557
401 559
403 560
389 562
388 563
390 567
387 570
381 574
382 575
380 571
367 581
364 582
368 585
365 586
371 588
366 589
315 592
313 594
338 596
336 597
370 598
369 599
354 601
352 602
391 603
526 605
527 606
547 610
548 611
549 613
545 616
516 617
512 619
514 621
515 622
546 29
557 625
533 627
474 630
476 631
438 633
437 635
466 636
556 638
554 639
590 641
586 643
587 640
588 646
589 647
599 649
597 650
606 652
605 653
615 656
614 658
616 659
611 660
603 662
600 665
601 664
583 669
585 670
591 672
573 675
572 680
550 681
551 676
542 684
544 685
553 687
535 689
537 690
567 692
579 694
576 697
574 698
577 701
541 704
496 708
494 709
561 711
473 717
442 719
441 721
428 724
413 726
415 727
443 729
422 731
420 732
503 733
566 736
521 737
520 740
518 739
499 742
497 744
502 745
501 747
500 749
487 752
489 756
491 757
488 751
483 760
482 763
480 764
485 766
471 768
470 767
469 771
490 772
531 775
532 778
522 781
524 782
528 779
530 785
581 786
562 788
565 793
564 794
509 798
511 799
538 796
504 804
507 805
455 810
457 811
445 814
447 816
448 817
392 820
394 821
385 823
383 824
508 825
539 827
506 828
563 829
559 787
560 831
569 832
582 833
613 834
623 838
620 839
627 842
626 843
617 845
619 846
622 847
629 849
610 851
609 850
661 855
655 857
648 859
639 864
636 866
635 868
633 869
640 870
645 871
643 873
630 876
632 877
642 879
641 878
654 886
652 887
649 888
651 890
653 891
657 893
56 895
58 896
54 898
52 900
53 903
50 904
51 906
48 908
30 912
28 913
45 914
35 924
33 925
31 927
44 928
14 932
15 934
12 935
25 936
20 938
22 941
24 942
23 943
36 944
34 945
40 946
26 949
42 951
41 952
39 953
38 955
43 956
19 958
18 961
4 962
8 965
9 968
6 969
5 970
16 972
11 974
2 977
3 978
0 979
0 2
2 3
2 4
0 5
5 6
6 7
6 8
8 9
8 10
5 11
11 12
12 14
14 16
16 17
17 18
17 19
19 20
19 21
16 23
23 24
24 25
25 26
26 28
28 29
29 30
30 31
31 32
32 33
33 34
33 35
35 36
35 37
32 39
32 41
32 42
42 43
42 46
46 47
47 48
47 49
46 50
31 51
51 52
52 53
52 54
54 55
55 56
56 57
56 58
55 59
59 60
60 61
60 63
60 64
64 65
59 67
54 68
68 69
68 70
51 72
72 74
72 75
75 76
75 77
77 78
72 80
80 81
80 82
82 83
82 86
82 87
51 91
91 92
91 94
94 95
51 98
98 99
98 100
51 102
51 103
103 105
105 106
106 107
107 111
111 115
111 116
116 117
116 118
111 120
111 121
121 122
121 125
121 126
126 127
126 128
121 129
111 131
131 132
132 133
132 137
132 139
132 140
140 141
140 142
132 144
144 145
144 146
131 149
149 151
151 152
152 153
152 154
151 156
151 157
157 158
158 159
158 160
157 161
131 162
162 163
163 164
163 166
166 167
166 169
169 170
170 171
170 172
169 173
166 174
163 175
175 176
175 177
177 178
177 179
162 182
182 183
182 184
162 185
185 186
185 187
131 190
190 191
190 192
131 193
193 194
193 195
111 196
196 198
198 200
200 205
200 206
200 208
208 209
209 210
210 211
211 212
212 213
213 214
213 219
219 220
219 221
213 223
213 224
224 225
224 226
226 227
226 231
226 232
232 233
232 237
237 238
237 239
232 240
240 241
232 244
213 246
213 247
211 251
210 252
252 254
209 255
255 256
256 257
256 258
255 259
259 260
260 262
262 263
262 265
262 266
259 267
267 268
267 269
269 270
269 271
208 273
273 274
274 276
276 277
276 279
274 281
281 282
282 283
282 285
282 287
287 289
289 290
289 292
289 293
282 294
281 295
295 297
295 300
300 301
300 302
295 303
295 305
305 306
305 310
305 311
295 313
295 314
295 315
315 316
315 317
274 318
318 319
319 320
320 322
322 323
322 324
320 325
320 326
319 327
318 331
318 332
332 333
333 334
333 335
332 336
336 337
336 338
318 340
318 341
273 343
343 344
344 345
344 347
347 348
347 350
347 351
344 352
343 353
208 355
355 356
355 357
357 358
358 359
358 362
357 363
363 364
363 365
365 366
365 367
367 371
367 372
367 374
367 375
375 376
375 377
208 378
378 379
379 381
381 382
382 383
383 384
384 386
386 387
386 388
388 389
388 390
390 391
390 395
395 396
395 397
390 398
383 399
382 400
381 403
379 404
404 405
404 406
379 407
407 409
407 411
407 412
407 414
414 415
414 416
407 417
417 418
418 419
418 420
417 421
421 422
421 423
423 425
425 426
425 427
427 428
427 429
423 432
432 433
432 434
434 435
434 439
434 440
440 441
440 442
442 443
442 444
423 445
445 447
423 449
378 450
450 454
454 455
454 456
450 457
450 458
450 459
450 460
460 461
461 462
462 463
461 465
465 466
465 468
468 469
468 470
470 471
470 472
472 473
472 474
465 475
475 476
476 477
476 478
475 479
479 480
479 485
479 486
479 488
488 489
488 491
491 492
491 493
479 495
200 497
200 500
200 501
501 502
501 503
200 504
196 505
196 506
111 508
111 509
509 510
509 511
107 512
512 513
513 514
513 515
512 517
517 518
518 519
518 520
517 521
512 522
107 525
525 526
525 528
107 530
107 531
106 532
532 533
532 534
534 536
534 538
534 539
534 540
105 541
103 542
542 543
542 545
545 546
545 547
547 548
547 549
549 550
549 552
552 553
552 554
549 557
542 559
542 560
103 561
561 562
561 563
563 567
563 569
569 570
569 571
571 574
571 575
571 577
577 581
577 582
577 585
577 586
577 588
577 589
577 591
591 592
591 594
591 595
595 596
595 597
577 598
577 599
563 600
600 601
600 602
563 603
30 605
30 606
29 610
29 611
29 613
29 615
615 616
615 617
29 618
618 619
618 621
618 622
28 624
624 625
624 626
626 627
626 628
628 629
629 630
629 631
628 632
632 633
633 635
632 636
26 637
637 638
637 639
26 640
640 641
640 643
25 646
25 647
24 649
24 650
23 652
23 653
16 656
16 657
657 658
657 659
16 660
14 661
661 662
661 664
664 665
661 667
667 668
668 669
668 670
667 671
671 672
671 673
673 674
674 675
674 676
676 680
676 681
676 683
683 684
683 685
676 686
686 687
686 688
688 689
688 690
673 691
691 692
691 694
691 695
695 696
696 697
696 698
695 700
700 701
700 702
702 704
702 707
707 708
707 709
702 711
702 712
712 716
716 717
716 718
718 719
718 720
720 721
720 723
723 724
723 725
725 726
725 727
720 728
728 729
728 731
728 732
712 733
712 735
735 736
735 737
712 738
738 739
739 740
738 742
712 744
712 745
712 746
746 747
746 749
746 750
750 751
751 752
751 756
751 757
751 759
759 760
759 762
762 763
762 764
759 766
759 767
767 768
767 771
750 772
702 774
774 775
774 778
774 779
779 780
780 781
780 782
774 785
774 786
702 787
787 788
787 793
787 794
787 796
796 797
797 798
797 799
796 802
802 804
802 805
802 806
806 808
808 809
809 810
809 811
808 812
812 813
813 814
813 816
813 817
812 818
818 819
819 820
819 821
818 822
822 823
822 824
806 825
806 827
806 828
787 829
787 831
702 832
695 833
14 834
12 835
835 837
837 838
837 839
835 840
840 841
841 842
841 843
840 845
840 846
835 847
12 848
848 849
848 850
850 851
11 853
853 854
854 855
854 856
856 857
856 858
858 859
858 860
860 861
861 862
862 863
863 864
863 865
865 866
865 867
867 868
867 869
862 870
861 871
860 872
872 873
872 874
874 875
875 876
875 877
874 878
878 879
853 881
881 882
882 883
883 885
885 886
885 887
883 888
883 890
883 891
882 892
892 893
892 894
894 895
894 896
881 897
897 898
897 899
899 900
899 903
899 904
899 905
905 906
905 907
907 908
907 910
910 911
911 912
911 913
910 914
907 915
915 919
919 923
923 924
923 925
919 926
926 927
926 928
919 929
929 931
931 932
931 934
931 935
929 936
929 938
929 940
940 941
940 942
929 943
919 944
919 945
915 946
915 948
948 949
948 951
948 952
915 953
915 955
915 956
915 957
957 958
957 961
957 962
962 964
964 965
965 967
967 968
967 969
964 970
957 972
957 973
973 974
973 975
975 977
975 978
975 979
