193
347
0
271 3
269 4
266 7
258 12
260 13
261 14
263 15
257 17
251 19
253 20
264 22
244 28
245 30
246 31
249 32
256 33
254 35
239 37
248 38
227 42
226 47
223 48
220 50
222 51
224 52
219 55
210 58
217 59
216 61
207 62
214 65
204 68
211 69
209 71
218 72
206 74
203 79
202 81
200 82
198 84
199 86
195 87
213 89
215 90
197 91
238 92
81 97
82 100
80 101
76 103
79 105
78 106
64 108
66 111
65 112
62 115
60 117
63 118
59 120
57 121
100 124
42 129
35 132
33 133
40 135
41 136
9 143
2 145
5 147
3 148
26 151
11 152
22 154
24 155
19 160
16 161
13 163
12 164
17 167
23 170
0 171
29 172
14 174
20 175
27 176
28 178
21 179
7 183
8 184
6 185
18 186
31 187
46 188
36 192
38 193
49 195
45 197
43 198
56 201
53 202
51 204
50 205
163 209
147 211
149 212
140 217
142 218
141 220
139 221
101 222
161 223
120 225
122 226
178 230
190 232
188 233
187 237
186 238
234 242
191 246
229 248
232 250
235 251
231 253
230 254
242 256
233 257
236 259
172 264
174 266
176 267
173 268
181 271
183 272
175 273
171 275
194 276
184 278
180 279
192 280
94 286
96 287
146 289
144 290
159 294
157 295
153 296
155 299
154 300
152 303
156 304
150 305
133 310
131 311
115 315
114 316
112 318
113 319
110 320
88 323
86 324
136 327
137 328
93 332
91 333
116 335
119 336
134 337
129 341
128 342
125 344
67 350
69 351
126 352
83 354
85 355
102 357
74 359
73 362
70 363
72 364
98 365
107 369
109 370
127 372
130 373
106 375
104 376
164 378
166 381
167 383
169 384
165 385
0 1
1 2
2 3
2 4
1 5
5 6
6 7
6 8
8 9
9 10
10 11
11 12
11 13
10 14
9 15
8 16
16 17
16 18
18 19
18 20
5 21
21 22
21 23
23 24
24 25
25 26
26 27
27 28
27 30
27 31
26 32
25 33
24 34
34 35
34 36
36 37
36 38
23 39
39 40
40 41
41 42
41 43
43 44
44 45
45 46
46 47
46 48
45 49
49 50
49 51
44 52
43 53
53 54
54 55
54 56
56 57
57 58
57 59
56 60
60 61
60 62
53 64
64 65
64 66
66 67
67 68
67 69
66 71
66 72
53 74
53 75
75 77
77 78
78 79
78 81
78 82
77 83
83 84
83 86
83 87
75 88
88 89
88 90
75 91
40 92
39 93
93 94
94 95
95 96
96 97
96 99
99 100
99 101
96 102
102 103
102 105
102 106
95 107
107 108
107 109
109 110
110 111
110 112
109 114
114 115
114 117
114 118
109 119
119 120
119 121
94 123
123 124
123 125
125 126
126 127
127 128
128 129
128 130
130 131
131 132
131 133
130 134
134 135
134 136
127 137
137 138
138 140
140 142
142 143
142 144
144 145
144 147
144 148
140 149
149 150
150 151
150 152
149 153
153 154
153 155
140 158
158 159
159 160
159 161
158 162
162 163
162 164
140 167
140 168
168 169
169 170
169 171
168 172
140 173
173 174
173 175
140 176
138 177
177 178
177 179
138 180
180 181
181 183
181 184
181 185
180 186
137 187
126 188
125 189
189 190
190 191
191 192
191 193
190 194
194 195
194 196
196 197
196 198
189 199
199 200
200 201
200 202
199 203
203 204
203 205
94 206
206 207
207 208
208 209
208 210
210 211
210 212
207 213
213 214
214 215
215 217
215 218
215 220
215 221
214 222
213 223
206 224
224 225
224 226
93 227
227 228
228 229
229 230
229 231
231 232
231 233
228 234
234 235
235 236
236 237
236 238
235 239
239 242
239 243
243 244
244 245
245 246
245 248
245 250
245 251
244 252
252 253
252 254
243 255
255 256
255 257
239 258
258 259
258 260
260 261
261 262
262 264
262 266
262 267
262 268
261 269
269 270
270 271
270 272
269 273
260 274
274 275
274 276
239 277
277 278
277 279
234 280
227 281
281 282
282 283
283 284
284 285
285 286
285 287
284 288
288 289
288 290
283 292
292 293
293 294
293 295
292 296
283 297
297 298
298 299
298 300
297 301
301 303
301 304
301 305
282 306
306 307
307 308
308 310
308 311
308 312
312 314
314 315
314 316
312 317
317 318
317 319
312 320
307 321
321 322
322 323
322 324
321 325
325 326
326 327
326 328
325 329
329 330
330 331
331 332
331 333
330 335
330 336
329 337
306 338
338 339
339 340
340 341
340 342
339 344
339 345
345 346
346 347
347 349
349 350
349 351
347 352
347 353
353 354
353 355
346 357
346 358
358 359
358 360
360 362
360 363
360 364
345 365
338 367
367 368
368 369
368 370
367 371
371 372
371 373
338 374
374 375
374 376
281 377
377 378
377 379
379 380
380 381
380 382
382 383
382 384
379 385
