193
296
0
129 41
128 42
126 44
85 49
83 48
69 52
67 53
102 54
98 56
74 58
73 61
72 62
70 63
125 65
109 67
107 68
130 71
106 73
104 74
127 75
134 77
119 80
93 82
91 83
116 84
133 87
131 91
110 92
114 94
113 96
112 97
115 98
136 99
88 102
86 103
137 34
154 107
152 108
146 111
144 112
96 113
94 114
156 115
150 116
155 117
153 28
159 120
157 121
169 122
167 123
166 124
165 23
164 127
82 136
76 137
79 138
78 139
81 140
80 141
66 145
65 143
63 150
59 151
60 152
57 154
62 155
64 156
122 159
120 160
163 164
149 166
147 167
142 169
141 173
139 174
140 175
101 176
161 177
100 179
56 183
53 185
51 187
50 186
45 191
49 193
43 194
38 196
36 197
31 201
7 205
18 207
8 209
6 203
29 213
27 216
17 217
26 223
11 222
13 225
12 220
23 229
0 230
20 233
16 234
19 235
24 237
22 239
9 242
2 243
5 245
3 246
14 247
28 249
21 250
40 254
35 256
33 257
41 258
42 259
46 260
178 261
192 262
175 263
184 264
231 265
187 267
186 268
183 271
181 272
234 273
176 279
174 280
172 276
173 282
236 284
180 285
194 288
190 290
188 291
171 292
235 293
230 295
191 296
229 11
232 299
233 300
242 301
238 303
227 305
226 307
202 312
206 313
211 319
217 320
216 326
207 327
210 328
209 329
219 330
203 333
200 334
199 338
195 339
198 340
197 341
218 343
204 344
214 345
215 347
213 348
223 349
224 352
222 353
220 354
246 356
245 358
244 359
249 360
254 362
248 364
239 365
256 366
264 367
271 369
269 370
266 372
263 375
253 377
251 378
261 381
260 383
258 384
257 385
0 1
1 2
2 3
3 4
4 5
5 6
6 7
7 8
8 9
9 10
10 11
11 14
14 18
18 21
21 23
23 25
25 26
26 27
27 28
28 29
29 34
34 35
35 37
37 40
40 41
40 42
37 43
43 44
43 45
45 47
47 48
48 49
47 51
51 52
51 53
45 54
45 56
45 57
57 58
57 59
59 61
59 62
59 63
37 64
64 65
64 66
66 67
66 68
37 71
37 72
72 73
72 74
37 75
35 76
76 77
76 78
78 80
78 81
81 82
81 83
78 84
35 86
86 87
86 88
88 90
90 91
90 92
88 94
88 96
88 97
88 98
35 99
99 101
101 102
101 103
29 107
29 108
29 109
109 110
110 111
110 112
109 113
29 114
29 115
29 116
29 117
27 120
27 121
26 122
25 123
23 124
23 127
21 128
128 129
129 130
130 131
131 133
133 135
135 136
135 137
133 138
133 139
131 140
131 141
130 142
142 143
143 145
143 147
147 150
147 151
147 152
152 154
147 155
142 156
129 157
157 158
158 159
158 160
157 161
161 163
163 164
163 165
165 166
165 167
161 168
168 169
168 173
168 174
168 175
168 176
161 177
128 178
178 179
178 180
180 182
182 183
182 184
184 185
184 186
186 187
180 189
189 190
190 191
190 192
192 193
192 194
189 195
195 196
195 197
180 198
198 199
199 200
200 201
200 202
202 203
203 205
203 207
203 209
203 211
211 213
211 215
215 216
215 217
211 220
220 221
221 222
222 223
221 225
211 228
228 229
228 230
211 233
211 234
211 235
211 236
236 237
236 239
236 240
240 242
240 243
240 244
244 245
244 246
211 247
202 248
248 249
248 250
199 252
252 254
252 255
255 256
255 257
252 258
199 259
198 260
21 261
18 262
18 263
18 264
14 265
14 266
266 267
266 268
14 269
269 270
270 271
270 272
269 273
14 276
276 279
276 280
276 282
14 283
283 284
283 285
14 286
286 287
287 288
287 289
289 290
289 291
286 292
11 293
11 295
11 296
11 299
10 300
9 301
8 302
302 303
302 304
304 305
304 306
306 307
306 308
308 309
309 310
310 311
311 312
311 313
310 319
310 320
320 323
323 326
323 327
323 328
323 329
320 330
310 331
331 332
332 333
332 334
331 335
335 338
335 339
335 340
335 341
310 342
342 343
342 344
310 345
310 346
346 347
346 348
309 349
308 351
351 352
351 353
308 354
7 356
7 358
7 359
6 360
5 361
361 362
361 363
363 364
363 365
4 366
3 367
2 368
368 369
368 370
1 371
371 372
371 373
373 374
374 375
374 376
376 377
376 378
373 381
373 382
382 383
382 384
373 385
