193
287
1
165 4
137 21
156 25
98 29
74 31
72 32
88 36
46 50
40 53
50 54
43 57
14 61
6 62
65 66
81 70
101 71
120 74
161 76
229 78
248 96
256 97
223 102
172 110
171 111
192 116
231 121
0 122
2 123
3 124
5 125
7 126
8 127
9 128
11 129
12 130
13 131
16 132
17 133
18 134
19 135
20 136
21 137
22 138
23 139
24 140
26 141
27 142
28 143
29 144
31 145
33 146
35 147
36 148
38 149
41 150
42 151
45 152
49 153
51 154
53 155
56 156
57 157
59 158
60 159
62 160
63 161
64 162
66 163
67 164
69 165
70 166
73 167
76 168
78 169
79 170
80 171
82 172
83 173
85 174
86 175
91 176
93 177
94 178
96 179
100 180
102 181
104 182
106 183
107 184
109 185
110 186
112 187
113 188
114 189
115 190
116 191
119 192
122 193
125 194
126 195
127 196
128 197
129 198
130 199
131 200
133 201
134 202
136 203
139 204
140 205
141 206
142 207
144 208
146 209
147 210
149 211
150 212
152 213
153 214
154 215
155 216
157 217
159 218
163 219
164 220
166 221
167 222
169 223
173 224
174 225
175 226
176 227
178 228
180 229
181 230
183 231
184 232
186 233
187 234
188 235
190 236
191 237
194 238
195 239
197 240
198 241
199 242
200 243
202 244
203 245
204 246
206 247
207 248
209 249
210 250
211 251
213 252
214 253
215 254
216 255
217 256
218 257
219 258
220 259
222 260
224 261
226 262
227 263
230 264
232 265
233 266
234 267
235 268
236 269
238 270
239 271
242 272
244 273
245 274
246 275
249 276
251 277
253 278
254 279
257 280
258 281
260 282
261 283
263 284
264 285
266 286
269 287
271 288
1 2
2 3
2 4
4 5
5 6
5 7
7 8
7 9
7 10
10 11
11 12
10 13
13 14
13 15
10 16
10 17
10 18
18 19
18 20
18 21
21 22
22 23
22 24
22 25
22 26
21 27
10 28
10 29
10 30
30 31
30 32
30 33
7 34
34 35
34 36
4 37
2 38
38 39
2 40
40 41
41 42
42 43
43 44
44 45
44 46
43 47
43 48
42 49
49 50
49 51
51 52
51 53
42 54
42 55
55 56
56 57
55 58
58 59
58 60
60 61
60 62
60 63
41 64
64 65
65 66
65 67
64 68
68 69
64 70
40 71
40 72
72 73
72 74
72 75
72 76
2 77
77 78
78 79
78 80
78 81
81 82
78 83
83 84
84 85
85 86
86 87
86 88
88 89
85 90
85 91
84 92
92 93
93 94
92 95
84 96
84 97
83 98
98 99
98 100
98 101
101 102
101 103
103 104
104 105
104 106
103 107
101 108
83 109
77 110
110 111
110 112
110 113
77 114
2 115
2 116
2 117
2 118
2 119
2 120
2 121
60 122
59 123
59 124
59 125
62 126
62 127
59 128
58 129
60 130
58 131
60 132
60 133
62 134
60 135
60 136
58 137
58 138
60 139
58 140
58 141
63 142
58 143
60 144
58 145
52 146
52 147
55 148
55 149
51 150
51 151
56 152
46 153
47 154
45 155
48 156
67 157
65 158
65 159
65 160
65 161
66 162
66 163
12 164
12 165
30 166
33 167
68 168
68 169
68 170
64 171
64 172
11 173
11 174
34 175
13 176
16 177
23 178
24 179
41 180
28 181
8 182
19 183
18 184
39 185
27 186
27 187
27 188
27 189
20 190
13 191
15 192
69 193
7 194
10 195
18 196
9 197
7 198
17 199
27 200
35 201
14 202
7 203
40 204
40 205
40 206
40 207
26 208
26 209
75 210
75 211
22 212
22 213
22 214
22 215
22 216
6 217
38 218
73 219
4 220
4 221
4 222
4 223
110 224
110 225
3 226
110 227
117 228
114 229
112 230
80 231
2 232
120 233
113 234
115 235
82 236
81 237
77 238
106 239
104 240
106 241
106 242
105 243
105 244
105 245
103 246
103 247
107 248
103 249
107 250
103 251
104 252
103 253
104 254
107 255
103 256
104 257
103 258
101 259
108 260
108 261
100 262
109 263
78 264
78 265
79 266
77 267
78 268
77 269
99 270
119 271
118 272
83 273
83 274
83 275
84 276
93 277
94 278
91 279
93 280
89 281
89 282
87 283
93 284
85 285
88 286
90 287
95 288
