446
650
0
454 20
363 22
361 23
460 27
457 29
456 30
446 14
449 33
355 37
352 34
354 39
353 40
418 46
447 47
465 48
381 56
380 58
330 60
328 61
366 62
419 63
333 65
331 66
378 69
377 68
342 73
341 72
310 77
308 78
340 79
387 81
385 83
317 86
316 87
314 88
417 90
411 91
450 94
448 95
420 97
415 96
337 100
383 103
382 101
313 107
311 108
339 109
455 114
453 117
364 118
414 121
409 122
412 123
452 124
459 126
445 127
413 129
360 132
358 131
359 134
451 136
336 138
334 139
458 140
319 142
305 143
304 145
384 148
373 149
371 10
372 151
472 153
477 155
496 156
327 158
325 159
506 165
503 167
491 169
489 170
505 171
509 172
512 177
511 178
513 180
517 185
515 186
463 188
461 189
482 193
480 195
478 196
492 197
475 199
473 200
502 203
483 204
485 205
405 209
403 211
399 214
398 215
396 216
375 217
376 220
374 221
307 222
306 224
488 227
486 233
428 234
430 237
427 239
426 240
424 241
429 242
370 244
369 246
367 247
351 252
346 254
320 255
350 258
349 259
347 249
348 261
322 262
438 267
442 268
444 272
443 273
441 277
391 280
357 281
345 283
343 282
388 285
390 286
439 289
407 290
406 292
408 293
437 298
433 299
435 300
423 302
421 303
436 304
432 305
470 308
469 310
467 311
400 313
324 315
323 314
524 317
526 318
522 320
521 323
500 328
497 324
498 330
395 332
393 333
499 334
518 321
557 343
283 348
281 349
280 352
278 353
270 358
264 360
263 363
261 364
256 366
254 367
260 368
265 370
268 372
239 378
235 380
233 381
163 388
72 390
35 392
34 391
162 396
158 399
110 400
108 401
161 404
160 405
63 407
61 408
102 414
51 413
50 416
38 418
36 419
48 410
40 423
10 425
1 426
0 428
15 430
13 431
92 434
93 437
90 438
91 433
56 441
57 445
52 446
55 447
54 448
159 449
112 453
29 450
30 457
2 458
28 460
5 462
8 464
6 465
4 466
126 469
47 470
199 479
197 480
182 484
180 485
128 487
98 491
94 492
97 493
96 494
173 495
140 497
139 499
137 500
175 501
249 506
244 507
248 509
246 510
250 512
241 515
169 516
167 517
242 518
156 525
154 526
155 529
82 530
81 532
33 534
31 535
152 536
141 539
145 543
144 544
122 545
121 547
143 550
104 551
44 552
43 554
146 555
227 560
229 563
224 564
220 566
218 567
245 568
107 571
60 573
58 574
24 576
23 577
136 579
135 581
133 582
237 584
151 587
149 588
46 589
45 591
188 593
222 597
215 599
213 600
196 606
194 607
189 608
185 609
187 610
183 611
186 612
232 614
210 628
208 630
205 632
200 633
204 637
203 638
77 639
114 641
12 643
11 642
201 621
178 649
176 650
27 652
25 653
171 654
172 657
70 659
69 661
67 662
80 664
207 666
75 668
73 669
209 671
202 672
170 673
22 675
20 676
118 681
115 683
79 684
113 617
116 686
101 689
100 687
99 691
117 692
206 693
164 697
120 699
85 701
83 702
89 704
88 705
132 708
86 709
166 710
66 714
64 715
42 717
41 716
230 721
130 722
19 726
18 728
16 729
123 731
125 732
212 734
192 736
190 737
252 738
267 739
257 740
302 745
294 748
297 749
303 750
301 752
299 753
296 754
300 755
554 756
556 757
548 759
546 760
550 761
537 765
533 766
535 767
536 769
532 771
530 772
549 773
529 775
527 776
553 778
551 779
285 785
274 786
273 787
277 789
276 790
271 791
545 796
539 797
544 798
542 801
540 804
284 803
288 807
286 808
293 811
289 812
292 814
291 815
541 817
543 818
597 824
596 825
594 826
592 828
587 834
585 835
578 837
574 839
561 841
560 840
573 845
571 846
582 849
580 850
570 853
568 854
567 857
565 858
564 860
562 861
583 862
591 865
590 866
588 867
601 869
599 870
615 872
614 878
611 880
610 879
609 883
608 884
607 887
602 888
605 889
604 890
612 891
0 1
1 2
2 3
3 4
4 5
5 6
6 7
7 8
8 10
10 14
14 20
14 21
21 22
21 23
14 27
14 28
28 29
28 30
14 33
14 34
34 37
34 39
34 40
14 43
43 45
45 46
45 47
43 48
43 54
54 56
54 58
54 59
59 60
59 61
54 62
43 63
43 64
64 65
64 66
43 68
68 69
43 72
72 73
72 76
76 77
76 78
43 79
43 80
80 81
80 83
80 84
84 86
84 87
84 88
43 90
43 91
14 92
92 94
92 95
92 96
96 97
96 100
14 101
101 103
101 106
106 107
106 108
101 109
14 112
112 114
112 116
116 117
116 118
112 119
119 121
119 122
119 123
112 124
14 125
125 126
125 127
14 128
128 129
128 131
131 132
128 134
14 135
135 136
135 137
137 138
137 139
14 140
10 141
141 142
141 143
143 145
10 147
147 148
147 149
10 151
10 152
152 153
152 154
154 155
154 156
8 157
157 158
157 159
8 161
161 162
162 165
162 167
162 168
168 169
168 170
162 171
162 172
161 173
173 176
176 177
176 178
173 179
179 180
179 182
182 184
184 185
184 186
182 187
187 188
187 189
182 190
190 191
191 192
192 193
192 194
194 195
194 196
191 197
190 198
198 199
198 200
179 201
201 203
201 204
201 205
173 206
206 208
208 209
208 211
208 212
212 214
212 215
212 216
206 217
217 220
217 221
206 222
222 224
173 225
225 227
225 229
229 232
232 233
232 234
229 237
229 239
229 240
229 241
229 242
229 243
243 244
243 246
243 247
225 248
248 249
249 252
249 253
253 254
253 255
249 258
249 259
249 261
248 262
225 263
263 265
265 266
266 267
266 268
265 272
265 273
265 274
274 275
275 276
276 277
276 278
278 279
279 280
279 281
278 282
282 283
275 285
274 286
265 289
265 290
290 292
265 293
263 295
295 298
295 299
295 300
295 301
301 302
301 303
263 304
263 305
8 306
306 307
307 308
307 309
309 310
309 311
306 312
312 313
312 314
314 315
7 317
6 318
5 319
319 320
319 321
321 322
322 323
322 324
324 328
324 330
324 331
331 332
331 333
324 334
4 339
339 341
341 343
341 345
345 346
346 348
346 349
346 351
351 352
351 353
346 354
354 356
356 358
356 360
360 362
362 363
362 364
356 365
365 366
365 367
356 368
354 369
369 370
369 371
371 372
371 373
373 374
374 375
375 376
376 378
376 379
379 380
379 381
376 382
382 383
383 388
383 389
389 390
389 391
391 392
383 395
395 396
395 397
397 399
397 400
397 401
383 404
383 405
383 406
406 407
406 408
383 409
409 410
410 411
411 413
413 414
411 416
411 417
417 418
417 419
409 422
422 423
422 424
424 425
424 426
426 428
409 430
409 431
383 432
432 433
433 434
433 437
433 438
432 441
432 445
432 446
432 447
432 448
383 449
382 450
450 453
450 456
456 457
456 458
450 459
459 460
460 462
459 464
459 465
450 466
375 467
467 468
468 469
468 470
467 471
471 478
478 479
478 480
471 482
482 483
483 484
483 485
482 486
486 487
486 488
488 490
490 491
490 492
488 493
488 494
471 495
471 496
496 497
496 498
498 499
498 500
471 501
471 502
502 505
505 506
505 507
502 509
502 510
502 511
511 512
511 515
511 516
511 517
502 518
471 519
519 521
521 522
522 523
523 525
523 526
523 529
523 530
530 532
523 533
533 534
533 535
522 536
521 537
537 538
538 539
538 543
538 544
538 545
545 547
538 549
549 550
549 551
538 552
552 554
537 555
519 559
559 560
559 563
559 564
559 565
565 566
565 567
519 568
519 569
569 571
569 572
572 573
572 574
569 575
575 576
575 577
519 578
578 579
578 581
578 582
519 584
519 585
585 586
586 587
586 588
585 589
589 591
471 592
592 593
592 594
594 596
596 597
596 598
598 599
598 600
594 601
601 605
605 606
605 607
601 608
601 609
601 610
601 611
594 612
471 613
613 614
613 615
615 616
616 617
617 621
621 628
628 630
621 632
621 633
621 635
635 637
635 638
635 639
621 640
640 641
640 642
642 643
621 648
648 649
648 650
621 651
651 652
651 653
621 654
654 657
654 658
658 659
658 661
658 662
621 664
621 665
665 666
665 667
667 668
667 669
621 670
670 671
670 672
621 673
617 674
674 675
674 676
617 681
617 682
682 683
682 684
617 686
617 687
687 689
687 691
617 692
617 693
616 694
694 697
694 698
698 699
698 700
700 701
700 702
694 703
703 704
703 705
705 707
707 708
707 709
694 710
615 712
712 714
712 715
712 716
716 717
615 719
719 720
720 721
720 722
719 724
724 725
725 726
725 728
725 729
724 730
730 731
730 732
719 733
733 734
733 735
735 736
735 737
374 738
373 739
354 740
345 745
745 748
745 749
345 750
345 752
345 753
345 754
345 755
341 756
341 757
339 759
339 760
339 761
4 762
762 765
762 766
762 767
762 768
768 769
768 770
770 771
770 772
4 773
4 774
774 775
774 776
3 777
777 778
777 779
2 780
780 781
781 783
783 784
784 785
784 786
783 787
781 789
781 790
781 791
780 794
794 795
795 796
795 797
794 798
780 801
780 803
803 804
780 806
806 807
806 808
780 809
809 810
810 811
810 812
809 814
809 815
780 816
816 817
816 818
1 819
819 820
820 821
821 824
821 825
821 826
821 827
827 828
827 829
829 830
830 831
831 833
833 834
833 835
831 836
836 837
836 838
838 839
838 840
840 841
831 843
843 844
844 845
844 846
843 847
847 849
847 850
847 851
851 852
852 853
852 854
851 855
855 856
856 857
856 858
855 859
859 860
859 861
830 862
829 865
829 866
829 867
820 869
820 870
819 871
871 872
871 873
873 874
874 876
876 877
877 878
877 879
879 880
876 883
876 884
874 885
885 887
885 888
885 889
874 890
873 891
