446
618
618
0 154
346 55
347 407
340 27
341 405
342 605
343 610
348 539
349 33
299 99
296 426
297 472
294 325
292 347
293 355
291 8
591 19
590 353
592 578
199 483
594 227
597 50
596 244
599 414
194 322
197 276
196 161
190 446
192 299
270 533
271 373
273 257
274 72
276 264
277 145
278 218
524 423
526 43
527 47
521 175
522 445
529 430
449 40
448 390
443 163
442 144
441 294
447 554
446 63
445 220
444 61
108 314
102 612
100 364
101 608
107 502
104 91
38 597
33 403
31 278
30 80
36 480
35 361
34 83
438 0
439 58
436 268
437 209
435 366
432 100
433 110
430 104
339 521
334 411
337 477
336 413
331 532
330 529
333 543
345 420
6 429
99 171
98 406
91 391
90 281
93 139
92 512
94 11
97 250
96 537
554 567
557 183
556 222
551 310
550 237
553 496
239 611
235 342
237 333
230 286
232 114
233 564
1 557
146 421
144 395
145 70
143 77
140 319
141 45
612 301
610 486
611 25
614 117
149 497
133 120
132 194
130 450
137 260
136 108
135 357
139 592
497 96
491 242
492 602
24 588
25 143
27 334
20 307
22 328
23 203
28 313
29 470
407 585
406 137
405 609
403 375
400 427
409 6
408 458
378 10
371 300
370 2
373 591
372 86
375 89
374 132
377 199
376 560
393 449
88 517
89 122
396 178
395 396
82 64
83 18
80 601
398 51
86 526
85 441
601 135
587 54
585 24
582 444
583 66
580 130
588 461
245 4
244 387
246 542
241 369
242 297
615 382
249 465
248 296
518 302
511 283
513 169
512 116
515 345
517 540
458 443
459 346
450 372
451 29
452 112
453 102
454 167
455 304
456 553
457 475
178 556
176 536
175 363
173 348
172 367
171 263
170 35
182 265
183 36
180 270
2 133
186 12
187 428
185 384
188 455
189 16
11 317
10 433
13 418
12 126
15 447
16 13
19 323
18 503
322 341
323 230
320 98
327 200
324 101
325 215
328 330
201 377
200 121
203 206
202 350
205 400
204 141
207 284
206 1
209 125
208 140
77 187
75 354
73 151
72 548
70 545
79 208
542 459
543 5
540 351
541 546
546 233
544 159
545 399
8 385
548 38
549 381
120 164
121 573
122 599
123 383
125 594
126 292
128 340
414 583
415 438
417 31
411 343
412 473
413 60
498 506
418 571
419 88
499 152
319 562
313 550
311 180
310 316
317 451
316 248
314 213
496 509
369 249
366 22
367 170
364 424
363 478
360 232
361 448
380 162
381 511
382 409
383 160
384 311
385 491
387 590
388 435
605 166
578 306
573 518
571 498
570 212
574 331
60 90
61 156
63 192
64 97
66 273
67 398
252 530
69 158
250 488
256 587
257 205
254 30
602 271
509 551
506 615
505 79
502 549
503 197
500 201
469 172
465 596
467 456
461 41
460 336
463 499
169 285
164 457
166 374
167 52
160 42
161 67
162 327
163 417
357 291
355 380
354 274
353 352
352 489
351 224
350 541
359 437
358 500
215 324
212 93
213 454
210 46
218 69
289 94
288 92
4 308
281 118
280 15
283 442
285 469
284 56
286 527
263 505
261 241
260 360
267 305
265 196
264 85
268 580
58 303
55 107
54 561
57 419
56 176
51 155
50 607
52 376
537 524
536 439
535 128
533 371
532 34
530 359
539 190
115 289
114 23
117 182
116 136
110 245
113 388
112 370
118 277
429 293
428 146
421 570
420 485
423 246
424 189
427 463
426 229
308 452
300 57
301 412
302 432
303 149
304 415
305 207
306 574
307 252
568 453
560 535
561 408
562 113
564 254
565 349
567 188
229 393
227 173
224 288
222 337
220 339
391 544
390 565
151 28
604 358
607 186
152 267
155 614
154 378
156 123
159 44
158 73
609 467
608 582
399 492
81 239
48 482
46 20
47 604
44 436
45 185
42 48
43 460
40 256
41 320
5 235
489 568
488 81
486 515
485 115
483 261
482 522
480 280
472 513
473 210
470 202
477 204
475 75
478 82
356 344
1 0
347 346
431 347
338 340
416 341
341 342
344 343
347 348
347 349
598 595
613 606
595 594
555 298
298 299
295 296
298 297
295 294
298 295
290 292
290 293
538 290
290 291
589 591
589 590
598 593
593 592
198 199
240 198
598 597
595 596
226 195
195 194
198 197
195 196
231 191
191 190
236 193
191 192
269 270
272 271
275 272
272 273
275 274
538 275
275 276
275 277
279 278
298 279
525 524
528 525
525 526
528 527
523 520
520 521
523 522
547 523
600 599
547 528
528 529
446 449
446 448
440 443
440 442
440 441
464 440
446 447
466 446
446 445
440 444
109 108
157 109
103 102
157 103
113 100
100 101
219 106
106 107
105 104
142 105
157 39
37 38
32 33
153 32
32 31
29 30
76 37
37 36
34 35
71 34
434 438
440 439
434 436
434 437
464 434
434 435
431 432
434 433
425 430
464 431
338 339
416 338
446 335
335 334
338 337
335 336
332 331
329 330
332 333
379 332
344 345
7 6
100 99
95 98
157 91
91 90
91 93
91 92
148 95
95 94
95 97
95 96
617 559
559 558
559 555
555 554
555 557
555 556
552 551
547 550
552 553
558 552
253 238
238 239
238 234
234 235
240 236
236 237
231 230
240 231
231 232
234 233
9 1
613 614
142 146
225 147
142 144
142 145
147 142
142 143
138 140
142 141
613 612
616 613
613 610
610 611
617 616
618 617
216 148
150 149
134 133
131 132
179 131
129 130
138 137
134 136
134 135
236 134
507 494
504 495
138 139
240 138
504 490
490 491
493 492
514 493
106 24
26 25
201 26
26 27
21 20
113 21
21 22
24 23
29 28
111 29
440 407
407 406
404 405
510 404
404 403
446 402
494 401
401 400
410 409
440 408
416 379
377 378
446 371
368 370
371 373
371 372
404 375
375 374
446 377
375 376
394 393
408 392
87 88
87 89
404 397
397 396
394 395
497 394
153 82
84 83
78 80
82 81
87 86
131 87
119 84
84 85
29 7
600 601
606 607
589 586
586 587
586 584
584 585
581 582
584 583
581 580
584 581
589 588
593 589
243 245
243 244
251 247
247 246
240 241
247 240
247 243
243 242
616 615
247 249
247 248
520 519
519 518
510 511
516 510
510 513
510 512
516 515
516 514
516 517
525 516
446 458
446 459
446 450
446 451
446 452
446 453
446 454
446 455
446 456
446 457
217 179
177 178
201 177
177 176
174 175
240 174
174 173
171 172
201 171
171 170
258 253
181 182
184 183
181 180
216 181
184 186
184 187
195 184
184 185
184 188
184 189
113 11
9 10
14 13
11 12
14 15
157 14
124 17
17 16
17 19
17 18
157 62
321 322
401 323
321 320
347 321
495 326
326 327
323 324
326 325
329 328
379 329
217 201
201 200
201 203
201 202
201 205
201 204
201 207
201 206
201 209
201 208
78 77
103 76
74 75
201 74
74 73
71 72
157 71
68 70
78 79
201 78
3 2
538 542
538 543
538 540
538 541
547 546
555 547
538 544
538 545
7 8
547 548
547 549
171 68
600 598
119 120
122 121
147 122
124 123
211 124
124 125
127 126
148 127
127 128
211 129
410 414
416 415
446 416
416 417
446 410
410 411
410 412
410 413
497 498
416 418
416 419
497 499
318 319
402 318
312 313
382 312
312 311
309 310
315 317
315 316
386 315
315 314
495 496
519 497
29 3
425 368
368 369
365 366
368 367
365 364
379 365
402 362
362 363
358 360
362 361
379 380
379 381
446 382
382 383
382 384
386 385
416 386
386 387
389 388
440 389
606 605
584 579
577 578
603 604
572 573
577 572
572 571
569 570
579 577
581 576
579 575
575 574
59 60
62 61
269 258
269 259
65 64
129 65
65 66
68 67
251 252
68 69
251 250
253 251
255 256
258 257
255 254
259 255
606 603
603 602
510 508
510 509
504 506
508 507
507 504
504 505
501 502
504 503
497 500
508 501
468 469
494 468
466 465
487 464
468 467
471 466
462 461
446 460
462 463
516 462
247 168
168 169
165 164
179 165
165 166
168 167
157 160
157 161
157 162
157 163
617 600
39 9
356 357
392 356
352 355
352 354
352 353
446 352
347 351
347 350
358 359
410 358
240 216
221 217
223 214
214 215
211 212
214 213
201 210
221 211
219 218
228 219
290 289
287 288
3 4
282 281
279 280
282 283
298 282
284 285
538 284
538 287
287 286
262 263
264 262
262 261
259 260
266 267
282 266
266 265
269 264
298 269
266 268
106 59
59 58
53 55
53 54
53 57
53 56
49 51
49 50
91 53
53 52
534 537
534 536
534 535
62 63
534 533
531 532
534 531
531 530
538 539
558 538
113 115
113 114
113 117
113 116
157 111
109 110
201 113
111 112
165 119
113 118
425 429
425 428
547 534
422 421
416 420
422 423
434 422
487 425
425 424
425 427
425 426
309 308
341 309
298 300
298 301
298 302
298 303
305 304
318 305
307 306
404 307
569 568
576 569
575 560
560 561
563 562
576 563
563 564
566 565
576 566
566 567
228 229
236 228
228 227
240 226
228 225
225 224
226 223
223 222
231 221
219 220
392 391
389 390
150 151
193 150
236 153
153 152
153 155
153 154
238 157
153 156
157 159
157 158
606 609
606 608
397 399
397 398
49 48
76 49
193 46
46 47
105 44
46 45
41 42
44 43
39 40
65 41
3 5
490 489
487 488
508 487
487 486
484 485
501 484
484 483
481 482
493 481
479 480
471 472
474 473
468 470
476 471
495 476
476 477
514 474
474 475
479 478
481 479
