446
618
618
0 543
346 277
347 539
340 303
341 114
342 207
343 377
348 128
349 503
299 155
296 186
297 47
294 196
292 15
293 407
291 483
591 205
590 230
592 42
199 536
594 337
597 1
596 8
599 459
194 36
197 197
196 316
190 107
192 146
270 261
271 454
273 436
274 235
276 317
277 185
278 361
524 40
526 270
527 533
521 596
522 33
529 375
449 587
448 336
443 506
442 614
441 442
447 118
446 308
445 378
444 488
108 556
102 554
100 51
101 529
107 139
104 458
38 544
33 478
31 4
30 12
36 120
35 92
34 334
438 433
439 550
436 200
437 570
435 451
432 444
433 347
430 156
339 180
334 509
337 400
336 314
331 19
330 497
333 122
345 564
6 331
99 52
98 115
91 263
90 532
93 284
92 296
94 224
97 424
96 91
554 133
557 88
556 69
551 232
550 190
553 11
239 355
235 126
237 116
230 250
232 98
233 452
1 171
146 472
144 453
145 330
143 244
140 601
141 390
612 549
610 441
611 590
614 345
149 420
133 383
132 500
130 45
137 112
136 245
135 560
139 201
497 369
491 72
492 141
24 73
25 178
27 43
20 351
22 77
23 328
28 215
29 542
407 414
406 237
405 580
403 288
400 170
409 289
408 398
378 438
371 252
370 571
373 393
372 511
375 460
374 100
377 521
376 86
393 610
88 411
89 491
396 417
395 604
82 79
83 475
80 85
398 149
86 256
85 302
601 56
587 599
585 31
582 609
583 175
580 480
588 292
245 144
244 325
246 517
241 151
242 38
615 372
249 467
248 169
518 583
511 592
513 183
512 20
515 285
517 154
458 117
459 233
450 482
451 163
452 340
453 123
454 82
455 99
456 135
457 202
178 307
176 537
175 320
173 363
172 132
171 419
170 343
182 574
183 518
180 81
2 426
186 611
187 164
185 16
188 350
189 513
11 137
10 354
13 515
12 319
15 376
16 455
19 395
18 121
322 57
323 522
320 140
327 265
324 360
325 409
328 499
201 23
200 94
203 274
202 291
205 10
204 535
207 70
206 44
209 562
208 130
77 387
75 97
73 162
72 83
70 380
79 28
542 188
543 293
540 607
541 557
546 241
544 283
545 565
8 353
548 2
549 333
120 412
121 561
122 465
123 473
125 280
126 597
128 212
414 257
415 161
417 450
411 399
412 585
413 63
498 18
418 260
419 167
499 143
319 254
313 24
311 89
310 301
317 222
316 41
314 324
496 364
369 210
366 29
367 339
364 25
363 405
360 242
361 403
380 496
381 48
382 60
383 271
384 591
385 602
387 612
388 22
605 273
578 159
573 439
571 384
570 64
574 264
60 527
61 605
63 110
64 209
66 305
67 382
252 66
69 540
250 278
256 108
257 530
254 113
602 348
509 568
506 512
505 430
502 341
503 446
500 125
469 67
465 435
467 413
461 408
460 239
463 75
169 381
164 323
166 492
167 203
160 27
161 304
162 172
163 182
357 152
355 371
354 310
353 306
352 61
351 374
350 34
359 5
358 299
215 46
212 608
213 50
210 346
218 456
289 93
288 567
4 445
281 541
280 276
283 322
285 248
284 489
286 470
263 415
261 166
260 90
267 192
265 357
264 551
268 396
58 145
55 58
54 546
57 553
56 526
51 449
50 367
52 447
537 104
536 432
535 358
533 505
532 246
530 101
539 35
115 13
114 349
117 406
116 615
110 486
113 6
112 160
118 213
429 429
428 220
421 461
420 448
423 342
424 352
427 281
426 300
308 370
300 469
301 421
302 227
303 373
304 187
305 55
306 327
307 136
568 311
560 80
561 294
562 359
564 428
565 189
567 102
229 524
227 173
224 502
222 249
220 477
391 418
390 594
151 578
604 457
607 548
152 545
155 485
154 297
156 366
159 427
158 588
609 313
608 423
399 443
81 582
48 176
46 218
47 199
44 54
45 385
42 206
43 463
40 30
41 96
5 208
489 0
488 267
486 391
485 194
483 204
482 286
480 437
472 573
473 498
470 388
477 268
475 158
478 229
356 344
1 0
347 346
431 347
338 340
416 341
341 342
344 343
347 348
347 349
598 595
613 606
595 594
555 298
298 299
295 296
298 297
295 294
298 295
290 292
290 293
538 290
290 291
589 591
589 590
598 593
593 592
198 199
240 198
598 597
595 596
226 195
195 194
198 197
195 196
231 191
191 190
236 193
191 192
269 270
272 271
275 272
272 273
275 274
538 275
275 276
275 277
279 278
298 279
525 524
528 525
525 526
528 527
523 520
520 521
523 522
547 523
600 599
547 528
528 529
446 449
446 448
440 443
440 442
440 441
464 440
446 447
466 446
446 445
440 444
109 108
157 109
103 102
157 103
113 100
100 101
219 106
106 107
105 104
142 105
157 39
37 38
32 33
153 32
32 31
29 30
76 37
37 36
34 35
71 34
434 438
440 439
434 436
434 437
464 434
434 435
431 432
434 433
425 430
464 431
338 339
416 338
446 335
335 334
338 337
335 336
332 331
329 330
332 333
379 332
344 345
7 6
100 99
95 98
157 91
91 90
91 93
91 92
148 95
95 94
95 97
95 96
617 559
559 558
559 555
555 554
555 557
555 556
552 551
547 550
552 553
558 552
253 238
238 239
238 234
234 235
240 236
236 237
231 230
240 231
231 232
234 233
9 1
613 614
142 146
225 147
142 144
142 145
147 142
142 143
138 140
142 141
613 612
616 613
613 610
610 611
617 616
618 617
216 148
150 149
134 133
131 132
179 131
129 130
138 137
134 136
134 135
236 134
507 494
504 495
138 139
240 138
504 490
490 491
493 492
514 493
106 24
26 25
201 26
26 27
21 20
113 21
21 22
24 23
29 28
111 29
440 407
407 406
404 405
510 404
404 403
446 402
494 401
401 400
410 409
440 408
416 379
377 378
446 371
368 370
371 373
371 372
404 375
375 374
446 377
375 376
394 393
408 392
87 88
87 89
404 397
397 396
394 395
497 394
153 82
84 83
78 80
82 81
87 86
131 87
119 84
84 85
29 7
600 601
606 607
589 586
586 587
586 584
584 585
581 582
584 583
581 580
584 581
589 588
593 589
243 245
243 244
251 247
247 246
240 241
247 240
247 243
243 242
616 615
247 249
247 248
520 519
519 518
510 511
516 510
510 513
510 512
516 515
516 514
516 517
525 516
446 458
446 459
446 450
446 451
446 452
446 453
446 454
446 455
446 456
446 457
217 179
177 178
201 177
177 176
174 175
240 174
174 173
171 172
201 171
171 170
258 253
181 182
184 183
181 180
216 181
184 186
184 187
195 184
184 185
184 188
184 189
113 11
9 10
14 13
11 12
14 15
157 14
124 17
17 16
17 19
17 18
157 62
321 322
401 323
321 320
347 321
495 326
326 327
323 324
326 325
329 328
379 329
217 201
201 200
201 203
201 202
201 205
201 204
201 207
201 206
201 209
201 208
78 77
103 76
74 75
201 74
74 73
71 72
157 71
68 70
78 79
201 78
3 2
538 542
538 543
538 540
538 541
547 546
555 547
538 544
538 545
7 8
547 548
547 549
171 68
600 598
119 120
122 121
147 122
124 123
211 124
124 125
127 126
148 127
127 128
211 129
410 414
416 415
446 416
416 417
446 410
410 411
410 412
410 413
497 498
416 418
416 419
497 499
318 319
402 318
312 313
382 312
312 311
309 310
315 317
315 316
386 315
315 314
495 496
519 497
29 3
425 368
368 369
365 366
368 367
365 364
379 365
402 362
362 363
358 360
362 361
379 380
379 381
446 382
382 383
382 384
386 385
416 386
386 387
389 388
440 389
606 605
584 579
577 578
603 604
572 573
577 572
572 571
569 570
579 577
581 576
579 575
575 574
59 60
62 61
269 258
269 259
65 64
129 65
65 66
68 67
251 252
68 69
251 250
253 251
255 256
258 257
255 254
259 255
606 603
603 602
510 508
510 509
504 506
508 507
507 504
504 505
501 502
504 503
497 500
508 501
468 469
494 468
466 465
487 464
468 467
471 466
462 461
446 460
462 463
516 462
247 168
168 169
165 164
179 165
165 166
168 167
157 160
157 161
157 162
157 163
617 600
39 9
356 357
392 356
352 355
352 354
352 353
446 352
347 351
347 350
358 359
410 358
240 216
221 217
223 214
214 215
211 212
214 213
201 210
221 211
219 218
228 219
290 289
287 288
3 4
282 281
279 280
282 283
298 282
284 285
538 284
538 287
287 286
262 263
264 262
262 261
259 260
266 267
282 266
266 265
269 264
298 269
266 268
106 59
59 58
53 55
53 54
53 57
53 56
49 51
49 50
91 53
53 52
534 537
534 536
534 535
62 63
534 533
531 532
534 531
531 530
538 539
558 538
113 115
113 114
113 117
113 116
157 111
109 110
201 113
111 112
165 119
113 118
425 429
425 428
547 534
422 421
416 420
422 423
434 422
487 425
425 424
425 427
425 426
309 308
341 309
298 300
298 301
298 302
298 303
305 304
318 305
307 306
404 307
569 568
576 569
575 560
560 561
563 562
576 563
563 564
566 565
576 566
566 567
228 229
236 228
228 227
240 226
228 225
225 224
226 223
223 222
231 221
219 220
392 391
389 390
150 151
193 150
236 153
153 152
153 155
153 154
238 157
153 156
157 159
157 158
606 609
606 608
397 399
397 398
49 48
76 49
193 46
46 47
105 44
46 45
41 42
44 43
39 40
65 41
3 5
490 489
487 488
508 487
487 486
484 485
501 484
484 483
481 482
493 481
479 480
471 472
474 473
468 470
476 471
495 476
476 477
514 474
474 475
479 478
481 479
