446
653
0
610 5
611 7
615 11
604 14
602 15
607 16
605 17
608 19
609 20
612 22
614 23
601 25
599 27
596 31
597 32
592 34
591 37
590 39
588 40
587 42
564 48
562 49
567 51
565 52
568 54
570 55
582 57
580 58
585 60
583 62
578 65
573 67
571 68
574 70
560 71
561 73
594 74
285 78
539 80
545 83
543 84
544 86
288 90
286 91
541 93
542 94
292 97
293 100
289 101
291 102
284 103
540 105
276 108
274 109
277 111
273 113
271 114
553 117
551 118
281 121
283 122
278 125
280 126
296 129
303 132
300 133
297 137
302 136
294 140
299 141
301 143
557 147
554 148
548 152
546 153
550 154
530 160
532 161
536 162
533 164
535 165
537 166
526 170
325 176
327 177
398 182
399 183
396 184
403 186
405 187
376 190
374 192
375 189
307 194
306 196
505 201
503 202
323 207
324 209
400 210
470 212
469 214
467 215
496 217
477 219
472 221
373 224
384 225
372 229
305 231
304 233
319 234
411 242
413 243
358 244
360 246
359 247
448 249
450 250
361 254
363 255
387 262
314 265
316 267
317 268
385 269
341 270
308 273
310 274
381 278
333 279
330 281
328 283
380 282
417 285
465 288
339 291
337 292
415 289
340 296
420 299
458 303
452 304
455 306
409 308
412 310
414 311
453 313
364 314
342 316
366 317
331 318
418 320
378 322
377 321
419 324
460 326
313 329
311 330
383 332
382 327
355 339
352 338
354 343
353 344
449 345
456 348
457 349
447 350
454 352
459 354
445 355
446 235
451 358
334 360
336 361
371 222
506 363
489 365
491 366
509 368
511 371
512 373
515 375
461 378
463 379
475 383
473 384
482 387
478 389
480 390
492 391
517 392
485 395
483 396
502 397
513 399
427 406
426 407
322 410
346 412
320 414
348 418
349 419
347 415
350 422
351 423
424 425
369 427
370 429
367 430
429 432
428 433
430 434
432 438
433 442
435 443
437 444
421 446
423 447
406 450
441 454
391 457
357 458
343 459
345 461
388 462
390 463
407 466
438 468
442 469
443 472
444 473
439 475
408 476
436 477
488 479
486 480
524 481
529 483
527 484
549 486
522 488
521 490
518 491
498 495
500 498
499 499
497 496
393 502
395 503
556 504
257 507
265 509
267 511
268 512
263 516
261 517
264 514
270 520
260 522
256 525
254 526
252 529
250 531
248 534
242 537
192 545
190 546
123 551
125 552
18 554
19 556
16 557
212 558
64 561
66 563
41 564
42 566
83 572
85 573
120 574
166 575
164 577
89 580
88 579
86 583
132 584
118 588
11 589
12 591
114 595
201 596
208 604
210 603
205 606
178 611
176 612
170 613
117 614
77 617
73 620
207 622
75 623
80 624
206 625
202 628
209 629
172 631
115 635
79 636
69 638
70 640
67 641
171 630
25 645
27 646
203 648
204 649
200 650
22 653
20 654
116 655
113 585
101 658
100 657
99 661
130 664
230 663
232 666
173 668
175 669
137 673
139 674
140 675
136 679
135 680
133 681
229 685
224 687
122 689
121 691
145 695
144 697
146 698
143 701
104 702
44 703
43 705
141 706
218 708
220 710
24 713
23 714
58 717
60 718
107 719
237 722
199 725
197 726
152 728
82 730
81 732
154 736
156 737
155 738
33 740
31 741
47 745
45 747
46 744
149 750
151 751
227 752
182 755
180 756
126 759
128 760
96 762
97 764
94 766
98 767
215 771
213 772
222 773
196 775
194 777
189 779
187 782
185 783
183 785
186 787
188 788
249 791
244 792
246 793
245 795
167 797
241 799
169 800
235 804
233 805
239 806
162 812
163 814
108 816
110 818
158 820
61 821
72 825
34 826
35 828
160 829
159 832
63 833
161 835
57 837
56 839
54 842
93 844
92 847
90 848
91 843
52 851
55 852
112 854
8 857
5 860
28 859
6 862
2 866
4 867
30 868
29 855
48 871
50 874
36 877
38 878
51 879
102 881
13 883
15 884
40 886
10 888
1 889
0 891
0 1
1 2
2 3
3 5
5 7
3 8
8 9
9 10
10 11
10 13
13 14
13 15
10 16
9 17
8 19
8 20
3 21
21 22
21 23
2 24
24 25
24 27
24 28
28 30
30 31
30 32
28 33
33 34
33 35
35 37
35 39
35 40
35 41
41 42
41 43
43 44
44 45
45 46
46 47
47 48
47 49
46 50
50 51
50 52
45 53
53 54
53 55
44 56
56 57
56 58
43 59
59 60
59 61
61 62
61 63
63 64
64 65
64 66
66 67
66 68
63 69
69 70
69 71
71 73
28 74
1 75
75 76
76 78
76 79
79 80
79 82
82 83
82 84
79 85
85 86
85 89
89 90
89 91
85 92
92 93
92 94
85 96
96 97
96 99
99 100
99 101
96 102
85 103
103 105
76 106
106 108
106 109
106 110
110 111
110 112
112 113
112 114
75 115
115 116
116 117
116 118
115 119
119 121
119 122
119 124
124 125
124 126
119 127
127 128
128 129
128 132
128 133
128 136
136 137
136 140
128 141
128 143
128 144
144 147
144 148
144 149
149 152
149 153
149 154
149 155
155 156
156 158
158 159
159 160
159 161
158 162
156 164
156 165
156 166
155 168
168 169
169 170
169 172
172 174
174 175
175 176
175 177
174 178
178 179
179 180
180 182
180 183
180 184
179 186
179 187
178 189
189 190
189 192
178 194
194 196
172 197
197 198
198 201
198 202
198 205
205 206
206 207
207 209
206 210
205 211
211 212
211 213
213 214
213 215
198 216
216 217
216 218
218 219
218 220
220 221
220 222
222 223
223 224
223 225
222 229
222 230
230 231
231 233
230 234
222 235
235 239
239 242
239 243
239 244
244 246
239 247
235 248
248 249
248 250
235 253
253 254
253 255
235 256
256 261
261 262
261 264
264 265
264 267
264 268
261 269
256 270
270 272
272 273
272 274
256 276
276 278
276 279
276 281
276 282
282 283
256 285
256 288
256 289
289 290
290 291
290 292
256 295
295 296
295 299
295 300
300 303
300 304
300 306
300 307
307 308
307 310
307 311
300 312
312 313
312 314
295 316
295 317
256 318
256 320
256 321
321 322
256 324
235 326
235 327
327 328
328 329
328 330
327 332
235 338
338 339
338 343
338 344
235 345
235 347
347 348
347 349
235 350
235 352
235 353
353 354
353 355
235 358
235 359
359 360
359 361
198 363
198 364
364 365
364 366
197 368
197 371
197 372
372 373
372 374
374 375
375 377
377 378
377 379
374 381
381 382
382 383
382 384
381 385
385 386
386 387
386 388
388 389
388 390
385 391
374 392
197 393
393 394
394 395
394 396
393 397
172 398
398 399
398 400
400 402
402 406
402 407
407 409
409 410
409 411
411 412
411 414
411 415
415 418
415 419
415 422
415 423
402 425
402 426
426 427
426 429
426 430
402 432
402 433
402 434
400 435
435 438
435 439
439 442
439 443
439 444
439 445
445 446
445 447
435 448
448 449
449 450
449 453
453 454
453 455
455 457
455 458
455 459
459 461
449 462
449 463
448 466
448 467
467 468
467 469
448 472
448 473
448 475
448 476
435 477
400 478
478 479
478 480
169 481
168 483
168 484
155 485
485 486
485 487
487 488
487 489
489 490
489 491
491 493
493 495
493 496
496 497
497 498
497 499
493 501
501 502
501 503
144 504
127 505
505 506
506 507
506 508
508 509
508 510
510 511
510 512
505 514
514 515
515 516
515 517
505 520
505 521
521 522
521 523
523 524
524 525
524 526
523 527
527 528
528 529
528 531
528 532
532 534
532 537
532 538
538 542
542 544
544 545
544 546
542 547
547 548
548 549
549 550
550 551
550 552
549 553
553 554
553 556
553 557
548 558
547 560
560 561
560 563
560 564
564 566
547 567
567 568
568 570
570 571
571 572
571 573
570 574
568 575
568 577
568 578
578 579
579 580
579 583
578 584
567 585
585 588
585 589
589 591
585 595
585 596
596 603
603 604
596 606
596 608
608 611
608 612
608 613
608 614
596 615
615 617
615 619
619 620
619 622
619 623
615 624
615 625
596 627
627 628
627 629
596 630
630 631
630 634
634 635
634 636
630 637
637 638
637 640
637 641
596 644
644 645
644 646
596 647
647 648
647 649
596 650
585 652
652 653
652 654
585 655
585 657
657 658
657 661
542 663
663 664
542 666
538 667
667 668
667 669
538 671
671 672
672 673
672 674
671 675
538 676
676 677
677 679
677 680
677 681
676 683
683 685
683 686
686 687
686 688
688 689
689 691
688 692
692 695
692 697
692 698
692 700
700 701
700 702
692 703
703 705
692 706
683 707
707 708
707 710
707 711
711 712
712 713
712 714
711 716
716 717
716 718
711 719
676 722
676 723
723 724
724 725
724 726
723 727
727 728
727 730
730 732
727 736
727 737
727 738
727 739
739 740
739 741
676 742
742 744
744 745
744 747
742 749
749 750
749 751
742 752
538 753
753 754
754 755
754 756
753 757
757 758
758 759
758 760
757 761
761 762
761 764
761 765
765 766
765 767
538 768
768 769
769 770
770 771
770 772
769 773
768 774
774 775
774 777
774 778
778 779
778 782
778 783
778 785
778 786
786 787
786 788
532 790
790 791
790 792
532 793
532 794
794 795
794 796
796 797
796 799
796 800
527 801
801 803
803 804
803 805
801 806
801 807
807 808
808 809
809 811
811 812
811 814
811 815
815 816
815 818
815 820
815 821
809 824
824 825
824 826
826 828
809 829
809 831
831 832
831 833
809 834
834 835
834 836
836 837
836 839
836 842
836 843
843 844
843 847
843 848
836 851
836 852
809 853
853 854
853 855
855 856
856 857
856 859
859 860
856 862
855 865
865 866
865 867
855 868
808 871
871 873
873 874
873 876
876 877
876 878
873 879
879 881
808 883
808 884
807 885
885 886
885 887
887 888
887 889
889 891
