495
708
1
307 4
491 20
635 44
645 46
581 65
587 66
564 67
568 69
549 74
511 79
510 80
536 81
504 84
461 92
481 93
450 97
476 98
467 100
480 109
656 119
397 124
554 133
147 136
20 140
372 145
380 146
354 152
337 155
245 162
232 165
266 167
286 172
300 173
310 177
299 179
276 181
154 193
140 194
160 196
168 200
170 201
241 202
218 203
235 206
199 210
217 215
187 218
157 221
137 223
32 226
6 230
125 238
104 240
96 242
101 246
111 249
65 258
113 264
142 267
91 268
144 271
126 272
291 274
0 278
1 279
2 280
4 281
5 282
7 283
8 284
10 285
11 286
13 287
14 288
16 289
17 290
19 291
21 292
22 293
23 294
25 295
26 296
27 297
30 298
34 299
35 300
36 301
38 302
39 303
41 304
42 305
44 306
46 307
47 308
48 309
49 310
51 311
53 312
54 313
56 314
57 315
59 316
61 317
62 318
64 319
66 320
67 321
69 322
70 323
73 324
75 325
76 326
77 327
78 328
79 329
80 330
82 331
83 332
85 333
87 334
89 335
90 336
92 337
94 338
95 339
97 340
98 341
99 342
100 343
102 344
105 345
106 346
107 347
108 348
110 349
112 350
114 351
116 352
117 353
119 354
120 355
122 356
123 357
124 358
128 359
129 360
130 361
131 362
133 363
134 364
136 365
138 366
143 367
146 368
148 369
150 370
152 371
153 372
155 373
156 374
158 375
163 376
165 377
166 378
169 379
171 380
173 381
175 382
176 383
177 384
178 385
180 386
181 387
183 388
185 389
189 390
190 391
191 392
192 393
193 394
194 395
196 396
197 397
198 398
201 399
202 400
204 401
205 402
207 403
209 404
210 405
211 406
212 407
213 408
214 409
215 410
216 411
219 412
220 413
222 414
223 415
224 416
226 417
227 418
230 419
231 420
233 421
236 422
238 423
240 424
242 425
244 426
246 427
248 428
249 429
251 430
253 431
254 432
256 433
257 434
259 435
261 436
262 437
260 438
263 439
265 440
267 441
268 442
269 443
270 444
272 445
273 446
275 447
277 448
279 449
280 450
282 451
283 452
284 453
285 454
287 455
289 456
290 457
292 458
293 459
294 460
295 461
297 462
301 463
302 464
303 465
305 466
306 467
308 468
311 469
313 470
314 471
316 472
318 473
319 474
321 475
322 476
324 477
325 478
327 479
329 480
330 481
331 482
333 483
334 484
335 485
339 486
340 487
341 488
342 489
344 490
345 491
347 492
348 493
350 494
351 495
352 496
353 497
355 498
356 499
357 500
358 501
360 502
361 503
363 504
366 505
368 506
369 507
371 508
373 509
374 510
375 511
377 512
378 513
381 514
383 515
384 516
385 517
386 518
388 519
389 520
391 521
392 522
393 523
394 524
395 525
399 526
401 527
402 528
403 529
404 530
405 531
406 532
407 533
409 534
410 535
412 536
414 537
416 538
418 539
419 540
420 541
421 542
422 543
423 544
424 545
426 546
427 547
429 548
430 549
431 550
432 551
433 552
435 553
437 554
438 555
440 556
442 557
443 558
445 559
446 560
448 561
449 562
451 563
453 564
454 565
456 566
457 567
459 568
462 569
464 570
465 571
466 572
468 573
469 574
470 575
471 576
472 577
474 578
475 579
477 580
479 581
482 582
483 583
484 584
485 585
486 586
487 587
489 588
492 589
494 590
495 591
497 592
498 593
500 594
502 595
505 596
507 597
508 598
509 599
512 600
514 601
515 602
517 603
518 604
519 605
520 606
522 607
523 608
524 609
525 610
527 611
529 612
531 613
532 614
534 615
535 616
537 617
538 618
540 619
541 620
542 621
544 622
545 623
547 624
548 625
550 626
551 627
552 628
555 629
557 630
558 631
559 632
560 633
561 634
563 635
565 636
566 637
569 638
570 639
572 640
573 641
575 642
576 643
577 644
578 645
580 646
582 647
584 648
585 649
588 650
589 651
591 652
592 653
593 654
594 655
596 656
597 657
599 658
600 659
601 660
602 661
604 662
605 663
607 664
609 665
611 666
613 667
614 668
616 669
617 670
620 671
621 672
623 673
624 674
626 675
628 676
630 677
631 678
633 679
634 680
636 681
638 682
640 683
641 684
643 685
644 686
647 687
648 688
650 689
651 690
652 691
653 692
655 693
657 694
658 695
660 696
662 697
664 698
666 699
668 700
669 701
671 702
672 703
673 704
674 705
676 706
678 707
679 708
681 709
1 2
2 3
3 4
3 5
2 6
2 7
2 8
8 9
2 10
10 11
10 12
12 13
12 14
10 15
2 16
16 17
17 18
17 19
17 20
17 21
17 22
16 23
16 24
16 25
16 26
26 27
27 28
27 29
29 30
30 31
31 32
32 33
30 34
29 35
35 36
36 37
35 38
38 39
39 40
40 41
41 42
42 43
42 44
44 45
42 46
40 47
47 48
47 49
47 50
39 51
51 52
52 53
52 54
52 55
55 56
55 57
57 58
52 59
59 60
60 61
59 62
52 63
39 64
64 65
64 66
64 67
39 68
38 69
69 70
69 71
71 72
72 73
72 74
71 75
75 76
38 77
77 78
77 79
79 80
35 81
27 82
26 83
83 84
83 85
85 86
85 87
26 88
88 89
88 90
26 91
91 92
91 93
93 94
93 95
95 96
96 97
93 98
93 99
93 100
100 101
100 102
93 103
93 104
93 105
105 106
106 107
105 108
93 109
16 110
110 111
110 112
112 113
112 114
110 115
2 116
2 117
117 118
118 119
118 120
117 121
2 122
2 123
123 124
123 125
2 126
2 127
127 128
128 129
2 130
130 131
131 132
131 133
130 134
2 135
135 136
135 137
137 138
137 139
139 140
135 141
2 142
142 143
142 144
144 145
144 146
142 147
147 148
147 149
147 150
150 151
142 152
152 153
152 154
142 155
142 156
2 157
2 158
158 159
159 160
160 161
160 162
159 163
163 164
164 165
164 166
159 167
167 168
168 169
168 170
167 171
159 172
159 173
173 174
173 175
175 176
176 177
173 178
178 179
173 180
173 181
158 182
182 183
182 184
184 185
184 186
186 187
187 188
187 189
189 190
189 191
189 192
187 193
193 194
193 195
193 196
193 197
197 198
187 199
187 200
187 201
186 202
202 203
202 204
204 205
204 206
202 207
207 208
202 209
209 210
186 211
211 212
211 213
211 214
186 215
186 216
186 217
217 218
186 219
186 220
220 221
182 222
222 223
222 224
224 225
225 226
224 227
227 228
228 229
227 230
224 231
182 232
232 233
233 234
233 235
233 236
232 237
232 238
238 239
239 240
240 241
241 242
242 243
243 244
243 245
242 246
242 247
242 248
241 249
240 250
239 251
251 252
252 253
252 254
251 255
239 256
239 257
257 258
258 259
259 260
259 261
259 262
257 263
257 264
257 265
238 266
266 267
266 268
266 269
266 270
238 271
238 272
158 273
273 274
274 275
274 276
273 277
139 278
139 279
231 280
231 281
230 282
230 283
261 284
261 285
229 286
228 287
227 288
227 289
260 290
260 291
140 292
140 293
139 294
230 295
227 296
227 297
244 298
255 299
225 300
245 301
245 302
247 303
247 304
257 305
121 306
139 307
260 308
253 309
262 310
262 311
259 312
247 313
247 314
243 315
263 316
263 317
254 318
224 319
258 320
258 321
224 322
234 323
258 324
259 325
259 326
259 327
259 328
259 329
256 330
256 331
166 332
237 333
265 334
241 335
268 336
241 337
250 338
242 339
242 340
242 341
240 342
248 343
241 344
241 345
259 346
240 347
235 348
232 349
249 350
232 351
236 352
270 353
270 354
269 355
269 356
269 357
269 358
232 359
141 360
141 361
197 362
198 363
141 364
223 365
193 366
266 367
193 368
136 369
238 370
266 371
193 372
193 373
221 374
208 375
219 376
219 377
192 378
201 379
222 380
214 381
214 382
214 383
185 384
191 385
183 386
187 387
195 388
184 389
199 390
187 391
187 392
190 393
184 394
220 395
220 396
220 397
220 398
212 399
169 400
169 401
14 402
14 403
186 404
186 405
216 406
217 407
215 408
186 409
186 410
213 411
203 412
207 413
188 414
207 415
170 416
170 417
202 418
186 419
165 420
204 421
205 422
209 423
164 424
275 425
275 426
162 427
168 428
161 429
160 430
7 431
13 432
173 433
167 434
138 435
160 436
160 437
160 438
160 439
159 440
167 441
167 442
171 443
163 444
163 445
181 446
181 447
175 448
175 449
180 450
180 451
178 452
178 453
172 454
149 455
8 456
180 457
274 458
276 459
274 460
274 461
178 462
173 463
174 464
151 465
151 466
4 467
176 468
277 469
277 470
273 471
127 472
127 473
9 474
157 475
153 476
153 477
153 478
150 479
273 480
273 481
3 482
5 483
3 484
147 485
128 486
129 487
129 488
105 489
105 490
15 491
143 492
147 493
147 494
147 495
147 496
152 497
154 498
145 499
145 500
108 501
108 502
108 503
10 504
111 505
105 506
22 507
22 508
145 509
148 510
107 511
107 512
156 513
106 514
106 515
110 516
111 517
106 518
106 519
144 520
142 521
144 522
6 523
134 524
124 525
114 526
112 527
113 528
114 529
112 530
112 531
112 532
18 533
18 534
25 535
25 536
16 537
16 538
110 539
16 540
16 541
111 542
24 543
16 544
19 545
19 546
116 547
23 548
115 549
17 550
17 551
122 552
122 553
21 554
100 555
101 556
101 557
101 558
100 559
102 560
100 561
97 562
96 563
96 564
104 565
95 566
95 567
103 568
91 569
91 570
94 571
103 572
100 573
100 574
100 575
100 576
94 577
94 578
94 579
94 580
94 581
93 582
93 583
103 584
99 585
93 586
85 587
85 588
87 589
83 590
83 591
86 592
126 593
26 594
90 595
78 596
28 597
31 598
33 599
27 600
27 601
27 602
32 603
31 604
89 605
31 606
29 607
37 608
35 609
30 610
34 611
76 612
76 613
36 614
35 615
35 616
35 617
75 618
75 619
75 620
75 621
125 622
69 623
38 624
74 625
74 626
74 627
73 628
71 629
71 630
71 631
71 632
71 633
57 634
57 635
67 636
38 637
38 638
70 639
38 640
61 641
60 642
59 643
59 644
68 645
65 646
132 647
57 648
64 649
51 650
51 651
64 652
64 653
64 654
39 655
39 656
59 657
62 658
59 659
62 660
58 661
58 662
59 663
59 664
82 665
54 666
54 667
51 668
51 669
55 670
54 671
54 672
54 673
42 674
43 675
42 676
42 677
44 678
45 679
44 680
42 681
131 682
53 683
53 684
56 685
55 686
42 687
41 688
41 689
41 690
41 691
50 692
50 693
119 694
119 695
120 696
47 697
48 698
48 699
48 700
48 701
40 702
47 703
47 704
63 705
63 706
63 707
63 708
49 709
