495
495
495
0 0
1 1
2 2
4 3
5 4
7 5
6 6
8 7
10 8
11 9
13 10
14 11
16 12
17 13
19 14
20 15
21 16
22 17
23 18
25 19
26 20
27 21
30 22
32 23
34 24
35 25
36 26
38 27
39 28
41 29
42 30
44 31
46 32
47 33
48 34
49 35
51 36
53 37
54 38
56 39
57 40
59 41
61 42
62 43
64 44
65 45
66 46
67 47
69 48
70 49
73 50
75 51
76 52
77 53
78 54
79 55
80 56
82 57
83 58
85 59
87 60
89 61
90 62
91 63
92 64
94 65
95 66
97 67
98 68
99 69
96 70
100 71
101 72
102 73
104 74
105 75
106 76
107 77
108 78
110 79
112 80
113 81
111 82
114 83
116 84
117 85
119 86
120 87
122 88
123 89
124 90
126 91
125 92
128 93
129 94
130 95
131 96
133 97
134 98
136 99
137 100
138 101
140 102
142 103
143 104
144 105
146 106
147 107
148 108
150 109
152 110
153 111
154 112
155 113
156 114
157 115
158 116
160 117
163 118
165 119
166 120
168 121
169 122
170 123
171 124
173 125
175 126
176 127
177 128
178 129
180 130
181 131
183 132
185 133
187 134
189 135
190 136
191 137
192 138
193 139
194 140
196 141
197 142
198 143
199 144
201 145
202 146
204 147
205 148
207 149
209 150
210 151
211 152
212 153
213 154
214 155
215 156
216 157
217 158
218 159
219 160
220 161
222 162
223 163
224 164
226 165
227 166
230 167
231 168
232 169
233 170
235 171
236 172
238 173
240 174
241 175
242 176
244 177
245 178
246 179
248 180
249 181
251 182
253 183
254 184
256 185
257 186
259 187
261 188
262 189
260 190
263 191
265 192
267 193
266 194
268 195
269 196
270 197
272 198
273 199
275 200
276 201
277 202
279 203
280 204
282 205
283 206
284 207
285 208
286 209
287 210
289 211
290 212
291 213
292 214
293 215
294 216
295 217
297 218
299 219
300 220
301 221
302 222
303 223
305 224
306 225
307 226
308 227
310 228
311 229
313 230
314 231
316 232
318 233
319 234
321 235
322 236
324 237
325 238
327 239
329 240
330 241
331 242
333 243
334 244
335 245
337 246
339 247
340 248
341 249
342 250
344 251
345 252
347 253
348 254
350 255
351 256
352 257
353 258
354 259
355 260
356 261
357 262
358 263
360 264
361 265
363 266
366 267
368 268
369 269
371 270
372 271
373 272
374 273
375 274
377 275
378 276
380 277
381 278
383 279
384 280
385 281
386 282
388 283
389 284
391 285
392 286
393 287
394 288
395 289
397 290
399 291
401 292
402 293
403 294
404 295
405 296
406 297
407 298
409 299
410 300
412 301
414 302
416 303
418 304
419 305
420 306
421 307
422 308
423 309
424 310
426 311
427 312
429 313
430 314
431 315
432 316
433 317
435 318
437 319
438 320
440 321
442 322
443 323
445 324
446 325
448 326
449 327
450 328
451 329
453 330
454 331
456 332
457 333
459 334
461 335
462 336
464 337
465 338
466 339
468 340
469 341
470 342
471 343
467 344
472 345
474 346
475 347
476 348
477 349
479 350
480 351
482 352
483 353
481 354
484 355
485 356
486 357
487 358
489 359
491 360
492 361
494 362
495 363
497 364
498 365
500 366
502 367
504 368
505 369
507 370
508 371
509 372
510 373
511 374
512 375
514 376
515 377
517 378
518 379
519 380
520 381
522 382
523 383
524 384
525 385
527 386
529 387
531 388
532 389
534 390
535 391
536 392
537 393
538 394
540 395
541 396
542 397
544 398
545 399
547 400
548 401
550 402
549 403
551 404
552 405
554 406
555 407
557 408
558 409
559 410
560 411
561 412
563 413
564 414
565 415
566 416
568 417
569 418
570 419
572 420
573 421
575 422
576 423
577 424
578 425
580 426
581 427
582 428
584 429
585 430
587 431
588 432
589 433
591 434
592 435
593 436
594 437
596 438
597 439
599 440
600 441
601 442
602 443
604 444
605 445
607 446
609 447
611 448
613 449
614 450
616 451
617 452
620 453
621 454
623 455
624 456
626 457
628 458
630 459
631 460
633 461
634 462
635 463
636 464
638 465
640 466
641 467
643 468
644 469
645 470
647 471
648 472
650 473
651 474
652 475
653 476
655 477
656 478
657 479
658 480
660 481
662 482
664 483
666 484
668 485
669 486
671 487
672 488
673 489
674 490
676 491
678 492
679 493
681 494
495 491
491 490
491 492
491 494
494 493
491 485
485 486
485 484
484 483
485 475
475 470
470 471
470 459
459 458
459 463
463 462
459 464
475 473
463 460
459 456
463 461
470 482
473 467
467 466
466 469
466 450
450 451
451 432
432 433
450 453
453 454
453 449
453 448
453 452
475 474
475 487
482 477
477 476
453 455
485 488
452 444
444 413
444 443
444 429
413 412
413 428
475 472
485 489
449 437
437 438
438 427
427 426
427 414
414 415
427 435
427 430
427 434
427 436
427 431
438 417
417 399
417 416
399 400
417 420
417 384
384 390
384 389
384 392
384 393
417 407
407 409
407 411
407 408
407 410
408 403
403 402
403 404
402 406
403 401
403 405
417 418
438 424
424 441
441 445
424 423
384 383
384 391
399 419
403 394
394 397
394 396
424 425
424 442
441 439
441 446
394 388
424 422
384 376
376 375
375 366
366 363
363 359
359 354
354 352
354 357
354 338
338 347
354 344
344 324
344 340
354 353
338 334
338 335
338 339
344 326
344 341
344 342
352 351
338 345
338 346
344 322
352 333
333 332
333 328
328 327
354 336
336 337
357 349
322 321
322 323
324 320
328 330
328 331
330 329
338 350
338 355
344 325
344 343
354 356
375 377
375 381
381 378
381 371
371 379
378 372
381 385
359 358
366 367
371 369
375 382
354 348
394 395
424 440
320 290
290 289
290 274
274 275
274 283
283 278
278 279
283 282
283 250
250 251
283 265
265 263
263 264
283 268
359 368
363 362
371 380
375 386
422 421
437 447
482 478
478 480
478 479
366 365
407 374
374 373
478 481
366 315
315 305
305 280
280 281
280 295
295 292
295 294
294 291
295 296
305 301
305 306
280 304
301 300
305 302
305 308
305 309
315 316
280 314
295 297
305 303
315 298
298 299
315 310
315 319
315 360
292 293
301 271
271 262
271 272
262 261
271 256
271 286
256 255
256 259
259 258
256 285
259 253
271 284
256 246
256 254
256 257
259 237
237 238
237 236
259 260
253 252
259 267
271 277
271 288
315 318
318 317
255 245
255 273
256 223
223 224
223 239
280 307
286 287
295 312
256 233
233 232
233 247
247 249
249 248
247 244
244 242
242 226
226 225
244 243
256 234
234 235
234 211
211 210
284 276
310 311
305 313
315 269
269 270
271 266
469 468
336 361
384 398
388 387
456 457
358 364
371 370
467 465
266 213
213 217
213 214
213 215
213 216
213 201
201 199
201 220
220 206
206 207
220 209
220 221
199 200
209 190
190 178
178 179
190 188
209 194
194 193
194 186
186 175
175 166
166 159
175 161
175 163
194 195
209 208
220 202
220 203
220 212
212 204
212 205
159 160
166 171
175 151
151 133
151 158
158 154
133 139
151 153
151 156
151 167
139 124
124 100
100 99
151 150
151 155
175 170
190 191
194 180
220 228
151 140
140 141
140 142
140 143
153 126
126 127
126 125
153 134
175 162
188 182
190 192
194 198
198 174
174 169
169 168
198 197
201 219
206 218
220 227
190 181
190 187
190 189
213 240
240 241
140 115
115 114
151 136
136 137
136 112
112 106
106 101
112 113
112 102
112 111
106 132
112 96
96 97
112 117
112 121
112 123
123 122
117 116
137 131
167 152
175 145
175 173
194 196
213 229
229 230
220 184
100 85
85 104
104 92
92 74
74 70
70 66
70 82
82 80
70 40
70 64
70 73
74 56
56 57
74 77
104 110
40 27
27 26
70 67
70 68
74 45
45 50
45 33
33 14
33 37
45 46
45 47
45 52
45 53
82 90
90 87
90 88
88 89
92 79
92 83
92 91
92 109
14 13
45 35
35 36
45 55
45 76
70 38
38 39
38 29
82 61
92 63
63 62
92 93
104 95
95 94
95 98
104 105
45 51
45 54
70 75
85 86
92 59
104 103
29 28
33 34
45 7
7 8
45 30
59 60
70 72
74 65
79 78
70 69
112 130
136 135
151 157
175 172
180 147
147 146
213 185
213 231
45 81
45 84
92 58
58 41
41 42
112 107
107 108
145 144
213 176
176 177
213 183
45 15
15 1
1 18
15 16
1 0
15 17
1 32
1 6
6 19
6 4
6 12
6 11
6 20
6 5
6 21
6 48
6 9
9 10
48 23
23 25
23 24
70 71
153 119
154 118
1 49
6 44
123 138
126 128
180 165
165 164
217 149
149 148
26 2
2 3
2 22
30 31
112 120
220 222
48 43
136 129
