495
683
683
344 495
0 193
347 537
340 660
341 173
342 542
348 547
594 525
299 22
297 448
294 280
295 212
292 82
293 636
290 134
291 515
591 462
593 578
592 449
199 669
198 204
597 380
596 402
599 283
194 550
197 287
196 481
191 20
190 668
193 129
192 185
270 201
272 105
273 125
275 563
276 679
277 70
279 576
524 394
525 249
527 361
520 216
522 7
523 658
529 244
449 445
448 475
443 403
442 111
440 4
446 650
445 342
108 366
102 2
100 628
101 664
106 270
107 275
104 16
105 117
39 369
38 8
32 233
30 522
36 269
35 438
34 126
641 341
640 386
643 644
645 6
644 85
438 498
437 192
435 69
432 330
433 407
430 476
431 273
339 140
335 544
334 199
337 124
331 276
330 430
333 177
345 450
6 227
99 92
98 187
91 613
90 389
92 131
95 289
94 337
97 207
96 89
559 210
558 635
555 128
554 198
557 393
551 552
550 54
552 633
238 114
235 51
236 465
230 36
231 90
232 73
233 647
1 148
614 459
146 504
147 674
144 351
142 653
143 325
140 431
613 143
611 48
616 352
617 21
148 545
681 483
133 1
131 443
130 536
137 588
136 75
134 412
494 79
495 461
138 246
491 435
492 169
25 256
26 292
27 235
20 241
21 662
22 144
23 324
407 47
406 564
405 209
404 383
403 385
402 59
401 494
409 308
628 220
378 224
371 656
373 358
372 27
375 397
374 219
377 648
393 261
392 589
391 321
89 277
397 355
395 482
394 56
82 432
83 419
399 265
87 529
85 416
7 446
607 113
587 375
584 64
585 147
582 262
580 584
581 17
588 53
589 97
245 505
244 570
246 620
241 626
240 263
242 497
249 307
248 395
519 345
518 35
511 392
510 555
601 347
512 442
515 196
514 30
517 254
623 381
459 158
621 107
620 175
626 405
624 25
450 310
451 602
453 133
454 116
456 440
457 80
178 155
177 418
176 591
175 466
173 101
171 378
170 57
657 230
253 510
656 404
183 666
180 137
181 596
652 453
187 211
650 191
185 605
189 62
658 91
653 65
651 226
11 353
10 409
13 205
14 474
17 301
16 568
19 202
322 305
321 130
327 319
324 621
325 573
329 535
201 306
202 538
205 94
204 5
207 575
209 582
77 268
76 468
75 565
73 49
70 154
655 181
79 414
78 123
2 593
669 671
668 406
666 316
664 614
662 470
660 291
542 46
540 231
541 471
547 333
544 257
545 10
8 119
548 83
549 640
120 0
122 558
123 150
124 388
125 580
126 215
128 311
129 260
414 295
416 335
410 587
412 232
498 467
418 551
419 98
319 549
318 13
313 303
311 454
310 285
316 681
314 523
497 350
368 524
369 104
366 99
363 32
360 484
361 479
380 421
381 299
383 165
384 420
385 585
386 601
388 374
389 136
578 39
604 120
573 566
572 617
570 672
577 327
576 401
575 356
61 469
62 511
259 294
64 178
65 607
66 112
67 429
69 377
251 152
256 492
257 87
254 368
600 391
602 502
508 217
509 509
507 527
504 322
505 372
502 189
500 532
630 67
631 78
633 641
469 242
468 508
636 560
465 248
464 66
467 223
466 599
461 146
462 156
168 259
169 14
165 238
166 373
160 371
163 38
647 297
648 604
357 457
356 655
355 142
354 348
353 334
352 251
351 426
350 26
358 433
216 477
217 673
214 423
215 464
212 170
213 597
210 363
211 534
218 600
219 557
289 11
4 122
280 213
283 110
282 360
285 245
284 267
287 554
286 623
678 581
679 561
674 42
676 300
671 253
672 329
673 451
263 171
262 485
261 678
260 340
267 41
266 284
265 427
269 339
268 240
59 176
54 77
57 61
56 157
51 472
53 487
537 282
536 540
535 344
534 410
532 559
531 572
538 180
114 631
117 106
116 657
111 548
110 96
113 424
112 190
119 630
429 272
421 313
420 76
423 519
422 108
424 302
427 480
426 676
308 357
300 611
301 651
302 531
303 318
305 609
306 592
307 520
568 643
569 569
560 197
561 160
563 218
564 541
565 489
566 166
227 491
226 168
224 331
223 286
222 314
220 102
605 290
150 194
153 616
152 384
155 100
154 507
157 645
156 138
158 594
609 517
634 486
80 514
635 577
48 44
49 214
46 638
47 222
44 153
42 183
41 634
638 518
5 652
489 422
487 437
486 34
485 95
484 500
483 163
482 624
481 293
480 399
472 354
470 266
471 279
476 512
477 456
474 23
475 236
479 19
343 344
1 0
365 346
346 347
338 340
338 341
343 342
367 343
349 348
372 349
608 595
608 606
595 594
622 619
300 298
298 299
300 296
298 297
291 294
291 295
291 292
291 293
300 290
315 291
590 591
595 590
590 593
590 592
200 199
195 198
598 597
595 596
208 195
195 194
195 197
195 196
188 191
188 190
208 193
188 192
271 270
296 271
271 272
274 273
276 274
274 275
300 276
278 277
300 278
278 279
533 524
526 525
528 526
528 527
516 520
526 521
521 522
524 523
598 599
543 528
530 529
450 449
447 448
441 443
441 442
467 441
441 440
467 447
447 446
444 445
467 444
109 108
127 109
103 102
111 103
96 100
96 101
103 106
103 107
103 104
103 105
40 39
37 38
68 33
33 32
72 31
31 30
58 37
37 36
33 35
33 34
639 641
639 640
642 643
649 642
646 645
642 644
439 438
444 439
490 436
436 437
436 434
434 435
431 432
434 433
428 430
490 431
338 339
390 338
336 335
332 334
336 337
349 336
332 331
328 330
332 333
338 332
346 345
24 6
96 99
96 98
127 91
91 90
103 93
93 92
96 95
93 94
96 97
103 96
556 559
556 558
556 555
553 554
556 557
567 556
549 551
549 550
556 553
553 552
237 238
271 239
241 234
234 235
234 236
241 237
229 230
232 231
239 232
234 233
20 1
615 614
145 146
182 147
143 144
154 145
141 142
149 143
139 140
143 141
619 612
612 613
627 610
612 611
615 616
618 617
147 148
151 149
680 681
682 680
683 682
622 623
627 622
132 133
154 132
132 131
135 130
162 137
137 136
141 135
135 134
493 494
496 495
145 139
139 138
499 490
490 491
493 492
496 493
29 24
24 25
24 26
28 27
45 20
20 21
20 22
20 23
29 28
68 29
408 407
400 406
400 405
400 404
400 403
400 402
400 401
417 400
637 629
408 409
490 408
629 628
390 379
379 378
370 371
434 370
372 373
390 372
376 375
372 374
376 377
398 376
627 618
390 393
390 392
111 88
88 89
396 397
415 396
396 395
390 394
81 82
84 83
81 80
111 81
127 86
86 87
115 84
86 85
6 7
598 601
606 607
590 586
586 587
583 584
586 585
583 582
603 583
581 580
590 581
615 588
588 589
260 245
243 244
266 247
245 246
258 241
239 240
252 243
243 242
627 615
250 249
247 248
516 519
516 518
556 511
511 510
521 513
513 512
513 515
513 514
516 517
526 516
481 458
460 459
619 621
619 620
642 627
625 626
637 625
625 624
455 450
452 451
455 452
452 453
455 454
458 455
457 456
458 457
188 179
179 178
174 177
174 176
174 175
208 174
174 173
193 172
172 171
188 170
659 656
656 657
663 654
252 253
188 182
184 183
179 180
182 181
208 186
186 187
188 184
186 185
649 652
208 188
188 189
659 658
654 653
649 650
649 651
12 11
9 10
12 13
28 12
24 15
15 14
18 17
15 16
18 19
47 18
661 659
63 62
323 322
354 323
372 320
320 321
372 326
326 327
323 324
323 325
364 328
328 329
200 201
237 200
247 203
203 202
206 205
203 204
206 207
252 206
208 209
229 208
74 77
74 76
74 75
111 74
74 73
103 72
111 71
71 70
654 655
74 79
74 78
3 2
667 669
667 668
670 667
665 666
667 665
665 664
670 663
663 662
670 661
661 660
539 542
567 543
539 540
539 541
567 546
546 547
543 544
546 545
9 8
549 548
553 549
71 68
606 598
121 120
127 121
121 122
121 123
121 124
127 125
125 126
149 127
127 128
130 129
413 414
439 415
417 416
428 417
411 410
417 411
411 412
417 413
499 498
417 418
417 419
501 499
320 319
317 318
312 313
328 312
312 311
309 310
338 317
317 316
328 315
315 314
503 496
496 497
31 3
367 368
370 369
365 366
387 367
400 364
390 365
367 362
364 363
359 360
362 361
379 380
382 381
387 382
382 383
417 384
384 385
387 386
398 387
387 388
390 389
606 605
598 579
577 578
603 604
574 573
571 572
595 571
567 570
579 577
577 576
574 575
579 574
84 60
60 61
266 258
260 259
63 64
74 65
65 66
65 67
291 252
68 69
260 250
250 251
255 256
258 257
255 254
300 255
618 603
603 602
506 508
506 509
516 506
506 507
503 504
506 505
501 502
513 503
501 500
513 501
629 630
632 631
635 632
632 633
467 469
467 468
637 636
646 637
473 465
463 464
478 467
465 466
460 461
473 460
481 463
463 462
167 168
170 169
208 164
164 165
167 166
184 167
159 160
184 161
172 162
164 163
598 600
74 9
646 647
649 646
663 649
649 648
372 357
357 356
354 355
365 354
354 353
349 352
349 351
349 350
362 359
359 358
208 216
208 217
208 214
208 215
208 212
208 213
208 210
208 211
228 218
218 219
288 289
320 288
3 4
290 281
281 280
298 283
281 282
286 285
283 284
288 287
296 286
677 678
680 679
675 674
677 675
675 676
682 677
677 670
670 671
670 672
670 673
264 263
260 262
260 261
264 260
266 267
296 266
264 265
296 264
266 269
266 268
60 59
96 58
72 55
55 54
58 57
55 56
50 51
74 50
52 53
74 52
533 537
533 536
533 535
68 63
543 533
533 532
530 531
539 530
556 539
539 538
125 115
115 114
118 117
115 116
127 111
109 110
111 113
111 112
118 119
149 118
428 429
490 428
533 534
417 421
417 420
417 423
417 422
490 425
425 424
428 427
425 426
309 308
328 309
309 300
300 301
300 302
304 303
326 304
304 305
307 306
332 307
567 568
567 569
556 560
562 561
583 562
562 563
590 564
564 565
567 566
571 567
241 229
241 228
228 227
225 226
247 225
225 224
221 223
221 222
241 221
221 220
390 391
413 390
162 151
151 150
154 153
151 152
154 155
161 154
195 157
157 156
161 159
159 158
610 609
610 608
635 634
400 399
637 635
415 398
47 48
50 49
45 46
52 47
43 44
71 45
43 42
88 43
55 40
40 41
639 638
6 5
642 639
488 489
493 488
488 487
481 486
481 485
481 484
481 483
481 482
488 481
481 480
473 472
481 473
467 470
467 471
473 476
473 477
473 474
473 475
481 478
478 479
