495
683
683
344 324
0 599
347 152
340 30
341 564
342 129
348 360
594 638
299 389
297 284
294 155
295 424
292 310
293 589
290 569
291 620
591 170
593 279
592 36
199 658
198 122
597 640
596 157
599 375
194 35
197 340
196 341
191 483
190 660
193 89
192 337
270 594
272 19
273 220
275 467
276 465
277 570
279 647
524 59
525 607
527 48
520 144
522 333
523 210
529 511
449 409
448 216
443 676
442 518
440 471
446 116
445 534
108 202
102 308
100 244
101 137
106 181
107 242
104 504
105 100
39 13
38 397
32 361
30 673
36 479
35 352
34 527
641 290
640 681
643 46
645 218
644 393
438 61
437 559
435 652
432 657
433 193
430 470
431 472
339 426
335 509
334 537
337 429
331 581
330 566
333 489
345 669
6 4
99 406
98 430
91 95
90 462
92 550
95 485
94 621
97 99
96 214
559 519
558 53
555 6
554 497
557 207
551 128
550 110
552 158
238 440
235 386
236 384
230 484
231 322
232 83
233 502
1 168
614 42
146 617
147 275
144 5
142 265
143 561
140 286
613 232
611 57
616 150
617 120
148 529
681 548
133 105
131 138
130 285
137 372
136 643
134 270
494 544
495 222
138 542
491 344
492 578
25 294
26 366
27 67
20 394
21 507
22 330
23 624
407 133
406 25
405 313
404 545
403 282
402 73
401 582
409 633
628 421
378 678
371 173
373 165
372 131
375 38
374 175
377 414
393 142
392 226
391 301
89 605
397 577
395 65
394 136
82 185
83 260
399 146
87 201
85 399
7 666
607 331
587 245
584 154
585 306
582 257
580 249
581 20
588 224
589 378
245 469
244 587
246 354
241 319
240 219
242 593
249 87
248 480
519 113
518 119
511 187
510 623
601 277
512 451
515 456
514 148
517 82
623 347
459 21
621 147
620 94
626 307
624 267
450 602
451 230
453 166
454 272
456 535
457 651
178 91
177 363
176 628
175 334
173 17
171 215
170 248
657 664
253 246
656 482
183 432
180 536
181 614
652 538
187 474
650 289
185 213
189 51
658 407
653 573
651 111
11 558
10 588
13 8
14 597
17 592
16 357
19 445
322 491
321 329
327 276
324 191
325 66
329 636
201 525
202 524
205 580
204 368
207 423
209 383
77 495
76 34
75 532
73 477
70 437
655 500
79 321
78 522
2 351
669 419
668 358
666 508
664 650
662 611
660 540
542 227
540 475
541 585
547 14
544 280
545 373
8 609
548 355
549 395
120 498
122 353
123 412
124 251
125 645
126 259
128 350
129 98
414 123
416 410
410 47
412 385
498 163
418 253
419 96
319 79
318 422
313 613
311 604
310 572
316 591
314 557
497 631
368 369
369 576
366 273
363 54
360 653
361 126
380 380
381 297
383 114
384 1
385 235
386 356
388 405
389 461
578 674
604 77
573 552
572 241
570 435
577 641
576 449
575 655
61 486
62 291
259 49
64 124
65 197
66 314
67 85
69 446
251 217
256 194
257 39
254 404
600 568
602 554
508 377
509 32
507 481
504 64
505 199
502 443
500 177
630 41
631 156
633 403
469 391
468 287
636 303
465 327
464 388
467 178
466 189
461 339
462 672
168 171
169 348
165 11
166 433
160 80
163 420
647 510
648 78
357 374
356 316
355 616
354 549
353 457
352 466
351 261
350 283
358 16
216 56
217 381
214 505
215 517
212 600
213 453
210 565
211 305
218 204
219 209
289 266
4 418
280 198
283 76
282 300
285 44
284 547
287 523
286 551
678 23
679 668
674 563
676 626
671 531
672 476
673 515
263 238
262 212
261 318
260 514
267 584
266 634
265 345
269 402
268 541
59 560
54 130
57 448
56 102
51 0
53 648
537 205
536 26
535 190
534 293
532 62
531 75
538 262
114 492
117 459
116 442
111 464
110 180
113 240
112 153
119 335
429 494
421 392
420 431
423 450
422 487
424 269
427 325
426 596
308 101
300 601
301 295
302 512
303 143
305 2
306 192
307 140
568 70
569 311
560 22
561 106
563 371
564 69
565 427
566 254
227 644
226 635
224 268
223 520
222 468
220 176
605 292
150 233
153 236
152 630
155 342
154 438
157 108
156 656
158 211
609 97
634 112
80 263
635 10
48 134
49 231
46 256
47 662
44 679
42 160
41 575
638 7
5 454
489 299
487 90
486 302
485 169
484 183
483 27
482 671
481 401
480 555
472 223
470 125
471 196
476 117
477 104
474 107
475 92
479 416
343 344
1 0
365 346
346 347
338 340
338 341
343 342
367 343
349 348
372 349
608 595
608 606
595 594
622 619
300 298
298 299
300 296
298 297
291 294
291 295
291 292
291 293
300 290
315 291
590 591
595 590
590 593
590 592
200 199
195 198
598 597
595 596
208 195
195 194
195 197
195 196
188 191
188 190
208 193
188 192
271 270
296 271
271 272
274 273
276 274
274 275
300 276
278 277
300 278
278 279
533 524
526 525
528 526
528 527
516 520
526 521
521 522
524 523
598 599
543 528
530 529
450 449
447 448
441 443
441 442
467 441
441 440
467 447
447 446
444 445
467 444
109 108
127 109
103 102
111 103
96 100
96 101
103 106
103 107
103 104
103 105
40 39
37 38
68 33
33 32
72 31
31 30
58 37
37 36
33 35
33 34
639 641
639 640
642 643
649 642
646 645
642 644
439 438
444 439
490 436
436 437
436 434
434 435
431 432
434 433
428 430
490 431
338 339
390 338
336 335
332 334
336 337
349 336
332 331
328 330
332 333
338 332
346 345
24 6
96 99
96 98
127 91
91 90
103 93
93 92
96 95
93 94
96 97
103 96
556 559
556 558
556 555
553 554
556 557
567 556
549 551
549 550
556 553
553 552
237 238
271 239
241 234
234 235
234 236
241 237
229 230
232 231
239 232
234 233
20 1
615 614
145 146
182 147
143 144
154 145
141 142
149 143
139 140
143 141
619 612
612 613
627 610
612 611
615 616
618 617
147 148
151 149
680 681
682 680
683 682
622 623
627 622
132 133
154 132
132 131
135 130
162 137
137 136
141 135
135 134
493 494
496 495
145 139
139 138
499 490
490 491
493 492
496 493
29 24
24 25
24 26
28 27
45 20
20 21
20 22
20 23
29 28
68 29
408 407
400 406
400 405
400 404
400 403
400 402
400 401
417 400
637 629
408 409
490 408
629 628
390 379
379 378
370 371
434 370
372 373
390 372
376 375
372 374
376 377
398 376
627 618
390 393
390 392
111 88
88 89
396 397
415 396
396 395
390 394
81 82
84 83
81 80
111 81
127 86
86 87
115 84
86 85
6 7
598 601
606 607
590 586
586 587
583 584
586 585
583 582
603 583
581 580
590 581
615 588
588 589
260 245
243 244
266 247
245 246
258 241
239 240
252 243
243 242
627 615
250 249
247 248
516 519
516 518
556 511
511 510
521 513
513 512
513 515
513 514
516 517
526 516
481 458
460 459
619 621
619 620
642 627
625 626
637 625
625 624
455 450
452 451
455 452
452 453
455 454
458 455
457 456
458 457
188 179
179 178
174 177
174 176
174 175
208 174
174 173
193 172
172 171
188 170
659 656
656 657
663 654
252 253
188 182
184 183
179 180
182 181
208 186
186 187
188 184
186 185
649 652
208 188
188 189
659 658
654 653
649 650
649 651
12 11
9 10
12 13
28 12
24 15
15 14
18 17
15 16
18 19
47 18
661 659
63 62
323 322
354 323
372 320
320 321
372 326
326 327
323 324
323 325
364 328
328 329
200 201
237 200
247 203
203 202
206 205
203 204
206 207
252 206
208 209
229 208
74 77
74 76
74 75
111 74
74 73
103 72
111 71
71 70
654 655
74 79
74 78
3 2
667 669
667 668
670 667
665 666
667 665
665 664
670 663
663 662
670 661
661 660
539 542
567 543
539 540
539 541
567 546
546 547
543 544
546 545
9 8
549 548
553 549
71 68
606 598
121 120
127 121
121 122
121 123
121 124
127 125
125 126
149 127
127 128
130 129
413 414
439 415
417 416
428 417
411 410
417 411
411 412
417 413
499 498
417 418
417 419
501 499
320 319
317 318
312 313
328 312
312 311
309 310
338 317
317 316
328 315
315 314
503 496
496 497
31 3
367 368
370 369
365 366
387 367
400 364
390 365
367 362
364 363
359 360
362 361
379 380
382 381
387 382
382 383
417 384
384 385
387 386
398 387
387 388
390 389
606 605
598 579
577 578
603 604
574 573
571 572
595 571
567 570
579 577
577 576
574 575
579 574
84 60
60 61
266 258
260 259
63 64
74 65
65 66
65 67
291 252
68 69
260 250
250 251
255 256
258 257
255 254
300 255
618 603
603 602
506 508
506 509
516 506
506 507
503 504
506 505
501 502
513 503
501 500
513 501
629 630
632 631
635 632
632 633
467 469
467 468
637 636
646 637
473 465
463 464
478 467
465 466
460 461
473 460
481 463
463 462
167 168
170 169
208 164
164 165
167 166
184 167
159 160
184 161
172 162
164 163
598 600
74 9
646 647
649 646
663 649
649 648
372 357
357 356
354 355
365 354
354 353
349 352
349 351
349 350
362 359
359 358
208 216
208 217
208 214
208 215
208 212
208 213
208 210
208 211
228 218
218 219
288 289
320 288
3 4
290 281
281 280
298 283
281 282
286 285
283 284
288 287
296 286
677 678
680 679
675 674
677 675
675 676
682 677
677 670
670 671
670 672
670 673
264 263
260 262
260 261
264 260
266 267
296 266
264 265
296 264
266 269
266 268
60 59
96 58
72 55
55 54
58 57
55 56
50 51
74 50
52 53
74 52
533 537
533 536
533 535
68 63
543 533
533 532
530 531
539 530
556 539
539 538
125 115
115 114
118 117
115 116
127 111
109 110
111 113
111 112
118 119
149 118
428 429
490 428
533 534
417 421
417 420
417 423
417 422
490 425
425 424
428 427
425 426
309 308
328 309
309 300
300 301
300 302
304 303
326 304
304 305
307 306
332 307
567 568
567 569
556 560
562 561
583 562
562 563
590 564
564 565
567 566
571 567
241 229
241 228
228 227
225 226
247 225
225 224
221 223
221 222
241 221
221 220
390 391
413 390
162 151
151 150
154 153
151 152
154 155
161 154
195 157
157 156
161 159
159 158
610 609
610 608
635 634
400 399
637 635
415 398
47 48
50 49
45 46
52 47
43 44
71 45
43 42
88 43
55 40
40 41
639 638
6 5
642 639
488 489
493 488
488 487
481 486
481 485
481 484
481 483
481 482
488 481
481 480
473 472
481 473
467 470
467 471
473 476
473 477
473 474
473 475
481 478
478 479
