454
636
0
109 35
38 43
36 44
114 46
59 48
57 49
113 50
111 54
39 55
41 56
108 58
61 60
23 63
20 64
22 65
110 67
56 68
112 71
55 72
77 69
66 78
65 79
62 80
64 81
126 83
124 87
54 93
53 98
42 99
7 101
5 102
48 106
45 107
44 108
31 109
10 112
9 114
8 111
43 88
46 117
47 118
51 120
49 121
52 126
32 122
50 128
33 129
11 131
2 133
0 134
76 137
35 139
34 140
75 141
96 145
94 144
93 82
95 148
129 151
88 155
80 156
89 160
73 162
72 161
78 164
87 165
127 166
122 168
19 171
18 170
4 175
3 174
14 169
13 179
149 181
148 183
146 184
167 185
166 186
174 187
121 191
17 193
15 194
90 197
92 198
118 199
153 201
169 202
161 203
152 207
102 210
106 212
107 216
101 217
105 219
104 221
100 213
103 223
99 225
71 227
70 230
67 231
69 232
176 233
162 234
159 236
137 249
135 250
136 251
133 253
132 254
97 256
85 259
81 260
84 264
83 267
26 268
24 269
30 271
28 272
27 273
138 274
145 275
142 277
140 278
143 279
144 280
117 282
115 283
134 284
157 286
155 287
186 291
160 292
171 294
181 296
172 299
183 300
184 301
170 303
163 304
179 305
180 307
177 308
219 310
221 312
207 314
205 315
211 318
210 320
208 321
198 323
199 325
204 329
195 331
193 332
196 333
190 336
188 337
192 338
214 339
215 340
212 341
245 348
241 349
240 350
242 351
244 352
238 354
236 355
243 356
202 359
200 360
248 361
250 363
246 364
234 368
231 369
230 373
227 374
229 375
233 376
223 377
549 380
547 12
546 384
548 385
259 388
258 390
256 391
284 392
571 395
545 402
541 407
540 405
264 409
544 415
261 416
260 418
282 419
543 421
542 423
539 397
263 425
297 429
295 431
294 432
296 434
293 435
291 436
252 437
251 439
279 441
277 443
275 444
283 447
226 449
224 450
280 451
272 455
301 454
305 458
304 461
303 462
300 464
298 465
274 473
255 475
253 476
273 477
270 478
269 479
268 466
267 481
271 482
262 484
218 486
216 487
509 489
493 493
489 497
487 498
486 500
484 502
482 503
481 505
480 504
499 508
497 509
490 513
479 515
477 516
500 517
503 520
502 519
496 523
494 524
528 527
518 528
522 535
520 536
470 541
468 542
517 543
476 545
475 547
473 548
472 554
455 555
465 562
446 564
444 565
460 566
453 550
463 571
462 572
461 574
454 575
464 579
451 580
459 581
458 582
457 584
452 585
456 586
449 592
440 591
442 595
438 596
443 597
441 598
448 587
447 601
417 605
415 607
414 612
406 614
404 615
413 617
355 630
353 629
324 636
321 637
375 641
349 644
348 645
315 647
313 648
365 652
357 634
362 662
360 663
328 665
326 666
345 668
346 671
334 673
332 674
359 675
320 676
319 678
363 679
337 681
323 682
361 684
341 686
340 688
338 689
356 690
358 691
364 692
325 694
335 695
344 697
342 698
389 703
387 705
379 706
367 707
386 709
369 710
385 711
388 712
381 713
383 714
368 715
384 718
376 719
378 721
331 726
318 727
330 728
316 729
373 731
371 732
390 733
352 736
350 737
351 734
399 739
402 743
400 744
395 746
394 749
393 750
391 751
397 752
408 753
411 755
409 756
434 758
426 763
420 764
423 766
422 767
425 768
424 769
437 775
429 777
418 778
428 770
430 782
427 783
433 784
432 785
431 786
467 787
523 788
521 789
519 790
516 798
514 801
290 803
288 804
308 806
307 805
310 808
309 811
311 812
515 795
306 792
312 815
266 817
265 816
508 820
506 821
535 824
537 826
536 822
538 828
551 832
513 834
511 835
532 837
530 838
577 839
578 840
570 848
560 849
553 843
567 859
566 862
561 864
556 865
564 866
557 867
287 869
286 868
563 871
562 872
559 874
555 875
568 877
554 878
558 879
569 880
565 881
552 882
534 884
526 886
524 887
580 888
591 889
592 890
595 891
599 895
585 897
583 898
597 899
594 901
588 904
586 905
589 906
600 907
0 1
1 2
2 3
3 5
5 6
6 7
7 8
8 9
9 11
11 12
12 13
13 16
16 17
17 20
20 22
22 23
23 24
24 29
29 30
30 32
32 34
34 35
35 42
42 43
42 44
35 46
35 47
47 48
47 49
35 50
35 53
53 54
53 55
35 56
35 58
35 59
59 60
59 61
61 63
61 64
61 65
35 67
35 68
35 69
69 70
70 71
70 72
69 75
75 78
75 79
75 80
75 81
34 82
82 83
82 85
85 86
86 87
86 88
88 93
88 98
88 99
88 100
100 101
100 102
88 106
88 107
88 108
88 109
109 111
111 112
111 114
88 117
88 118
88 119
119 120
119 121
88 122
122 126
122 128
122 129
122 130
130 131
130 132
132 133
132 134
85 137
85 138
138 139
138 140
85 141
82 144
144 145
82 148
32 151
32 152
152 153
153 154
154 155
154 156
153 160
153 161
161 162
153 164
153 165
152 166
32 167
167 168
167 169
169 170
170 171
170 174
174 175
169 179
32 180
180 181
180 183
180 184
30 185
30 186
29 187
24 188
188 189
189 190
190 191
190 192
192 193
192 194
189 195
195 196
196 197
196 198
195 199
188 200
200 201
200 202
24 203
24 204
204 205
205 206
206 207
206 208
208 209
209 210
209 211
211 212
211 213
213 215
215 216
215 217
213 219
213 221
213 223
223 225
208 226
226 227
227 229
229 230
229 231
226 232
205 233
204 234
24 236
236 239
239 240
240 244
244 249
244 250
244 251
244 253
244 254
244 255
255 256
256 258
258 259
258 260
255 262
262 264
264 267
264 268
262 269
262 270
270 271
270 272
255 273
244 274
240 275
240 277
240 278
240 279
240 280
239 281
281 282
281 283
236 284
24 285
285 286
285 287
24 288
288 290
290 291
290 292
288 294
288 295
295 296
295 298
298 299
298 300
295 301
288 303
288 304
23 305
22 307
22 308
20 309
309 310
309 312
309 313
313 314
313 315
20 316
316 317
317 318
317 320
317 321
316 322
322 323
322 325
322 326
326 328
328 329
328 330
330 331
330 332
326 333
326 334
334 335
335 336
335 337
334 338
17 339
17 340
17 341
16 348
16 349
16 350
16 351
16 352
16 353
353 354
353 355
16 356
13 357
357 358
358 359
358 360
357 361
13 362
362 363
362 364
13 366
366 368
366 369
366 371
371 373
371 374
371 375
366 376
13 377
12 380
12 384
12 385
12 386
386 387
387 388
387 390
387 391
386 392
11 395
11 396
396 397
397 402
397 405
405 407
405 409
397 414
414 415
414 416
416 418
397 419
397 421
397 423
397 425
397 426
426 429
426 431
426 432
426 433
433 434
433 435
426 436
397 437
437 439
397 440
440 441
440 442
442 443
442 444
397 445
445 447
445 448
448 449
448 450
445 451
397 452
452 454
454 455
452 458
452 461
452 462
452 463
463 464
463 465
452 466
466 473
466 474
474 475
474 476
466 477
466 478
466 479
466 481
466 482
397 483
483 484
483 485
485 486
485 487
396 488
488 489
488 490
490 491
491 492
492 493
492 494
494 497
494 498
494 499
499 500
499 501
501 502
501 503
494 504
504 505
491 507
507 508
507 509
490 510
510 511
511 512
512 513
512 514
514 515
514 516
511 517
510 518
518 519
519 520
518 522
522 523
522 524
11 525
525 526
526 527
526 528
528 535
528 536
528 540
540 541
540 542
528 543
528 544
544 545
544 547
544 548
528 549
549 550
550 554
550 555
550 562
550 563
563 564
563 565
550 566
550 571
550 572
550 574
550 575
550 578
578 579
578 580
550 581
550 582
550 583
583 584
583 585
550 586
550 587
587 588
588 591
591 592
588 595
588 596
588 597
588 598
587 601
550 602
602 603
603 604
604 605
604 606
606 607
606 608
608 610
610 611
611 612
611 613
613 614
613 615
610 617
610 618
618 619
619 620
620 621
621 622
622 628
628 629
629 630
628 632
632 633
633 634
634 635
635 636
635 637
634 640
640 641
640 642
642 643
643 644
643 645
642 646
646 647
646 648
634 652
634 662
634 663
634 664
664 665
664 666
634 668
668 671
668 672
672 673
672 674
634 675
634 676
676 678
634 679
634 680
680 681
680 682
634 683
683 684
683 685
685 686
685 688
685 689
634 690
634 691
634 692
633 694
633 695
632 696
696 697
696 698
622 703
622 704
704 705
704 706
622 707
622 708
708 709
708 710
622 711
622 712
622 713
622 714
622 715
622 716
716 717
717 718
717 719
716 720
720 721
720 723
723 724
724 725
725 726
725 727
724 728
723 729
720 730
730 731
730 732
621 733
620 734
734 736
734 737
619 739
618 742
742 743
742 744
618 745
745 746
745 747
747 749
747 750
747 751
618 752
608 753
608 754
754 755
754 756
603 758
603 759
759 762
762 763
762 764
759 766
759 767
759 768
759 769
602 770
770 774
774 775
774 777
774 778
770 782
770 783
770 784
770 785
770 786
549 787
528 788
528 789
528 790
525 791
791 792
792 795
795 798
795 801
795 802
802 803
802 804
795 805
805 806
795 808
808 811
808 812
792 815
792 816
816 817
791 819
819 820
819 821
9 822
822 824
822 826
822 828
9 830
830 831
831 832
831 833
833 834
833 835
830 836
836 837
836 838
9 839
8 840
7 841
841 842
842 843
843 847
847 848
847 849
843 859
843 862
843 864
843 865
843 866
843 867
843 868
868 869
843 871
843 872
843 874
843 875
843 877
843 878
843 879
843 880
843 881
842 882
841 883
883 884
883 885
885 886
885 887
6 888
5 889
3 890
3 891
2 894
894 895
894 896
896 897
896 898
2 899
2 900
900 901
900 902
902 903
903 904
903 905
902 906
1 907
