454
589
1
427 3
399 4
379 10
400 20
138 28
132 30
145 31
28 33
84 35
24 36
351 41
357 49
326 51
345 52
320 56
428 62
426 65
431 66
241 77
243 78
236 80
518 84
453 86
448 88
536 92
307 93
515 94
310 95
268 98
301 100
539 102
540 103
541 104
275 105
252 106
545 107
261 109
295 111
270 112
548 114
547 115
259 117
331 118
553 123
562 124
569 125
555 126
509 133
502 135
195 136
265 137
551 142
578 147
180 158
215 159
177 163
129 166
14 167
109 168
77 169
93 173
43 175
32 177
47 178
8 179
54 180
76 182
72 187
127 188
18 189
159 191
152 196
166 202
181 205
96 207
100 208
99 211
104 214
0 215
2 216
3 217
4 218
5 219
7 220
9 221
10 222
11 223
13 224
15 225
17 226
19 227
20 228
22 229
23 230
26 231
27 232
30 233
31 234
33 235
34 236
35 237
36 238
38 239
39 240
41 241
42 242
44 243
45 244
46 245
48 246
49 247
50 248
51 249
52 250
53 251
55 252
56 253
57 254
59 255
61 256
62 257
64 258
65 259
66 260
67 261
69 262
70 263
71 264
73 265
75 266
78 267
80 268
81 269
83 270
85 271
87 272
88 273
89 274
90 275
92 276
94 277
95 278
97 279
101 280
102 281
103 282
105 283
106 284
107 285
108 286
110 287
111 288
112 289
113 290
114 291
115 292
117 293
118 294
121 295
122 296
124 297
126 298
133 299
134 300
135 301
136 302
137 303
140 304
142 305
143 306
144 307
146 308
148 309
149 310
153 311
155 312
157 313
160 314
161 315
162 316
163 317
167 318
169 319
170 320
171 321
172 322
174 323
176 324
179 325
183 326
184 327
186 328
188 329
190 330
192 331
193 332
196 333
198 334
199 335
200 336
202 337
204 338
205 339
207 340
208 341
210 342
211 343
212 344
214 345
216 346
218 347
219 348
221 349
223 350
224 351
226 352
227 353
229 354
230 355
231 356
233 357
234 358
238 359
240 360
242 361
244 362
245 363
246 364
248 365
250 366
251 367
253 368
255 369
256 370
258 371
260 372
262 373
263 374
264 375
266 376
267 377
269 378
271 379
272 380
273 381
274 382
277 383
279 384
280 385
282 386
283 387
284 388
286 389
287 390
288 391
290 392
291 393
293 394
294 395
296 396
297 397
298 398
300 399
303 400
304 401
305 402
306 403
308 404
309 405
311 406
312 407
313 408
315 409
316 410
318 411
319 412
321 413
323 414
324 415
325 416
328 417
330 418
332 419
334 420
335 421
337 422
338 423
340 424
341 425
342 426
344 427
346 428
348 429
349 430
350 431
352 432
353 433
355 434
356 435
358 436
359 437
360 438
361 439
362 440
363 441
364 442
365 443
367 444
368 445
369 446
371 447
373 448
375 449
376 450
378 451
381 452
383 453
384 454
385 455
386 456
387 457
388 458
389 459
390 460
391 461
393 462
394 463
395 464
397 465
402 466
404 467
406 468
408 469
409 470
411 471
413 472
414 473
415 474
417 475
418 476
420 477
422 478
423 479
424 480
425 481
429 482
430 483
432 484
433 485
434 486
437 487
438 488
440 489
441 490
442 491
443 492
444 493
446 494
447 495
449 496
451 497
452 498
454 499
455 500
456 501
457 502
458 503
459 504
460 505
461 506
462 507
463 508
464 509
465 510
467 511
468 512
470 513
472 514
473 515
475 516
476 517
477 518
479 519
480 520
481 521
482 522
484 523
486 524
487 525
489 526
490 527
493 528
494 529
496 530
497 531
499 532
500 533
503 534
506 535
508 536
511 537
513 538
514 539
516 540
517 541
519 542
520 543
521 544
522 545
523 546
524 547
526 548
528 549
530 550
532 551
534 552
535 553
537 554
538 555
542 556
543 557
544 558
546 559
549 560
552 561
554 562
556 563
557 564
558 565
559 566
560 567
561 568
563 569
564 570
565 571
566 572
567 573
568 574
570 575
571 576
577 577
580 578
583 579
585 580
586 581
588 582
589 583
591 584
592 585
594 586
595 587
597 588
599 589
600 590
1 2
2 3
3 4
2 5
5 6
6 7
7 8
6 9
9 10
9 11
11 12
5 13
2 14
14 15
15 16
15 17
2 18
2 19
19 20
20 21
19 22
22 23
22 24
24 25
25 26
26 27
26 28
26 29
26 30
26 31
25 32
32 33
25 34
25 35
25 36
24 37
24 38
22 39
39 40
40 41
40 42
40 43
40 44
40 45
45 46
39 47
39 48
39 49
49 50
49 51
49 52
49 53
49 54
54 55
49 56
19 57
57 58
57 59
19 60
2 61
61 62
62 63
63 64
64 65
62 66
62 67
61 68
68 69
68 70
70 71
2 72
72 73
73 74
74 75
74 76
76 77
76 78
76 79
76 80
74 81
74 82
72 83
72 84
84 85
84 86
86 87
86 88
88 89
88 90
86 91
72 92
72 93
93 94
94 95
94 96
72 97
72 98
98 99
99 100
99 101
99 102
102 103
103 104
103 105
102 106
102 107
102 108
102 109
102 110
110 111
98 112
98 113
72 114
114 115
115 116
116 117
117 118
72 119
72 120
72 121
2 122
122 123
123 124
123 125
123 126
2 127
127 128
128 129
128 130
127 131
127 132
2 133
133 134
134 135
2 136
2 137
2 138
2 139
139 140
2 141
141 142
141 143
141 144
144 145
144 146
2 147
2 148
2 149
2 150
2 151
2 152
152 153
2 154
154 155
155 156
155 157
157 158
157 159
157 160
157 161
161 162
157 163
155 164
164 165
164 166
164 167
164 168
168 169
169 170
168 171
168 172
168 173
173 174
174 175
175 176
175 177
177 178
175 179
175 180
175 181
174 182
168 183
168 184
168 185
164 186
186 187
186 188
164 189
155 190
155 191
191 192
192 193
192 194
194 195
191 196
191 197
155 198
198 199
199 200
199 201
199 202
198 203
198 204
198 205
198 206
206 207
155 208
208 209
208 210
208 211
208 212
208 213
208 214
183 215
183 216
189 217
189 218
181 219
181 220
179 221
179 222
183 223
167 224
193 225
193 226
189 227
184 228
184 229
184 230
35 231
25 232
25 233
175 234
177 235
174 236
174 237
168 238
168 239
172 240
168 241
175 242
175 243
175 244
175 245
175 246
175 247
177 248
176 249
177 250
175 251
169 252
168 253
171 254
171 255
168 256
170 257
170 258
170 259
170 260
210 261
210 262
210 263
210 264
187 265
174 266
186 267
165 268
32 269
35 270
25 271
186 272
186 273
186 274
195 275
194 276
173 277
173 278
32 279
212 280
213 281
208 282
208 283
213 284
209 285
185 286
168 287
172 288
169 289
168 290
168 291
27 292
138 293
194 294
192 295
164 296
176 297
173 298
34 299
26 300
26 301
29 302
26 303
27 304
27 305
27 306
156 307
165 308
165 309
165 310
154 311
190 312
190 313
203 314
155 315
204 316
198 317
165 318
197 319
206 320
198 321
200 322
161 323
162 324
160 325
201 326
201 327
199 328
37 329
37 330
37 331
38 332
24 333
24 334
24 335
75 336
75 337
24 338
139 339
79 340
81 341
81 342
81 343
76 344
76 345
152 346
152 347
140 348
139 349
74 350
119 351
119 352
73 353
73 354
73 355
73 356
129 357
73 358
76 359
76 360
76 361
76 362
76 363
74 364
74 365
74 366
106 367
98 368
98 369
116 370
116 371
109 372
153 373
102 374
103 375
137 376
113 377
98 378
98 379
100 380
98 381
98 382
103 383
102 384
108 385
108 386
103 387
82 388
123 389
123 390
96 391
96 392
110 393
110 394
110 395
110 396
110 397
101 398
101 399
99 400
99 401
99 402
94 403
93 404
95 405
95 406
83 407
52 408
70 409
46 410
46 411
56 412
53 413
53 414
21 415
39 416
49 417
46 418
52 419
52 420
48 421
53 422
54 423
54 424
55 425
47 426
47 427
52 428
70 429
70 430
41 431
41 432
44 433
44 434
49 435
49 436
49 437
49 438
49 439
49 440
49 441
59 442
39 443
40 444
40 445
40 446
45 447
45 448
39 449
42 450
45 451
40 452
40 453
71 454
40 455
23 456
40 457
40 458
40 459
43 460
12 461
12 462
12 463
11 464
9 465
50 466
6 467
90 468
69 469
7 470
8 471
13 472
130 473
6 474
6 475
63 476
64 477
64 478
64 479
64 480
64 481
63 482
62 483
62 484
67 485
64 486
63 487
89 488
89 489
89 490
89 491
89 492
87 493
87 494
88 495
88 496
86 497
86 498
86 499
86 500
86 501
86 502
86 503
86 504
91 505
86 506
86 507
86 508
86 509
86 510
86 511
84 512
84 513
86 514
84 515
84 516
84 517
145 518
145 519
151 520
151 521
151 522
151 523
151 524
151 525
151 526
97 527
151 528
146 529
146 530
134 531
134 532
150 533
135 534
60 535
18 536
148 537
132 538
94 539
94 540
131 541
84 542
84 543
84 544
84 545
85 546
58 547
122 548
127 549
143 550
143 551
122 552
92 553
92 554
92 555
102 556
102 557
102 558
115 559
115 560
123 561
123 562
123 563
123 564
123 565
123 566
123 567
123 568
123 569
123 570
123 571
123 572
123 573
123 574
123 575
120 576
121 577
72 578
17 579
17 580
16 581
16 582
16 583
14 584
15 585
15 586
15 587
15 588
15 589
15 590
