454
601
601
344 155
0 167
346 4
340 544
341 391
342 205
348 300
349 284
595 214
594 18
298 441
296 159
297 562
294 270
295 244
293 457
290 489
291 192
591 592
592 35
199 351
198 470
597 118
195 122
196 183
190 145
193 319
192 565
270 481
271 557
272 413
273 133
274 264
275 161
277 554
279 32
524 335
526 80
520 310
521 112
522 320
523 599
599 238
528 105
449 15
448 198
443 224
442 17
441 22
440 305
447 519
446 286
444 386
108 188
109 81
102 420
103 171
100 245
101 75
106 195
107 260
104 243
105 530
39 50
38 349
33 69
32 406
31 268
30 51
36 378
35 479
34 42
438 162
437 508
434 36
432 252
433 438
430 309
431 26
338 589
335 564
334 318
337 143
331 541
330 170
332 452
345 135
99 375
90 152
93 473
92 134
95 263
94 295
97 174
96 236
559 389
558 454
555 459
554 426
557 294
556 427
551 258
553 328
552 132
238 277
234 490
236 330
230 41
231 548
233 484
146 275
144 20
145 230
142 304
143 511
140 341
148 172
149 177
133 246
132 109
137 242
136 549
135 522
134 11
494 240
496 552
138 344
490 553
493 297
24 111
26 94
27 180
20 362
22 2
23 303
28 464
406 468
404 387
402 49
400 255
409 262
408 487
379 361
378 34
371 169
373 163
375 434
376 306
393 73
88 568
89 368
397 113
395 365
394 160
83 514
399 216
81 428
87 540
84 546
85 283
7 126
586 532
585 241
583 298
580 207
588 597
589 542
245 87
244 551
246 77
241 3
240 308
243 7
242 271
248 95
519 14
518 399
511 559
513 8
515 433
514 59
517 521
516 429
458 493
459 334
451 261
452 266
453 467
454 356
455 142
456 43
457 39
179 233
177 346
176 585
174 204
172 518
171 409
170 414
253 117
183 234
180 455
181 274
186 571
184 54
188 184
11 121
10 226
13 53
15 256
14 355
17 287
19 342
18 227
62 535
323 290
320 367
321 465
326 395
324 253
325 196
328 600
200 448
202 248
205 66
204 45
207 129
208 124
77 360
76 323
75 558
73 56
72 62
71 539
70 526
78 497
2 110
542 594
543 500
540 566
541 369
546 28
547 106
544 215
545 411
8 96
548 47
549 5
121 24
122 397
124 578
126 181
127 402
129 494
414 273
415 446
417 460
411 65
413 482
418 138
499 496
319 223
318 115
313 153
312 538
311 265
310 555
316 212
315 193
497 157
3 166
368 100
369 476
367 149
364 31
365 388
362 186
363 13
360 520
361 415
381 148
383 373
384 101
385 78
386 321
387 543
388 338
389 352
578 547
571 30
570 0
577 586
61 383
258 444
259 44
64 140
65 569
66 440
67 307
252 85
69 72
250 517
251 199
256 61
255 311
508 296
509 9
506 350
502 229
503 107
500 38
468 430
465 524
464 449
467 357
461 179
460 404
463 502
462 523
169 506
166 10
167 71
160 363
161 313
162 315
163 27
9 359
357 422
356 279
355 595
353 331
352 456
351 93
350 385
359 127
358 52
216 280
214 580
215 33
212 480
210 418
211 57
218 316
219 89
288 70
4 326
280 560
283 221
282 146
284 376
287 567
286 477
263 259
262 451
261 19
260 325
267 84
266 358
265 509
264 563
269 515
268 577
59 251
55 462
54 210
57 219
56 432
51 371
50 104
53 570
52 394
537 425
536 353
535 431
534 545
532 461
530 231
539 379
538 48
115 534
114 208
117 67
111 301
110 458
113 528
112 99
118 288
429 348
428 384
420 503
423 345
422 475
425 424
424 516
427 76
426 144
308 90
309 437
300 486
301 340
303 408
304 218
305 591
306 64
307 136
568 400
569 583
560 537
561 190
562 108
563 442
564 390
565 536
566 556
567 453
229 364
227 211
226 46
224 463
223 114
221 137
391 202
390 332
153 381
152 443
155 269
600 447
157 92
159 272
80 291
48 267
49 588
46 499
47 176
44 561
45 513
42 23
43 97
41 393
5 200
489 88
487 103
486 324
484 337
482 417
481 83
480 293
472 55
473 472
470 423
476 250
477 312
475 102
479 282
343 344
1 0
345 346
366 347
339 340
339 341
343 342
382 343
347 348
347 349
596 595
593 594
299 298
302 299
292 296
292 297
292 294
292 295
539 292
292 293
289 290
292 291
590 591
598 590
598 593
593 592
197 199
197 198
598 597
598 596
194 195
197 194
203 197
197 196
197 191
189 190
194 193
191 192
268 270
268 271
268 272
268 273
268 274
276 275
278 276
276 277
539 278
278 279
525 524
533 525
525 526
576 527
518 520
518 521
518 522
518 523
598 599
529 528
550 529
448 449
453 448
439 443
439 442
439 441
439 440
448 447
445 446
453 445
445 444
109 108
125 109
100 102
100 103
139 100
100 101
100 106
100 107
100 104
100 105
40 39
37 38
32 33
43 32
43 31
29 30
109 37
37 36
34 35
74 34
439 438
448 439
450 436
436 437
435 434
436 435
428 432
428 433
428 430
428 431
357 339
339 338
336 335
333 334
336 337
357 336
329 331
329 330
345 333
333 332
357 345
43 6
100 99
131 98
119 91
91 90
125 93
91 92
93 95
93 94
98 97
93 96
553 559
553 558
553 555
553 554
553 557
553 556
550 551
576 550
575 553
553 552
237 238
249 239
232 234
249 235
237 236
239 237
228 230
232 231
235 232
232 233
12 1
147 146
150 147
141 144
141 145
141 142
141 143
141 140
164 141
147 148
150 149
131 133
131 132
141 131
154 130
131 137
131 136
131 135
131 134
495 494
504 495
151 139
131 138
491 490
501 491
498 492
492 493
25 24
82 25
25 26
25 27
21 20
60 21
21 22
21 23
29 28
82 29
412 407
405 406
407 405
405 404
412 403
401 402
403 401
401 400
410 409
407 408
380 379
377 378
372 371
382 370
372 373
377 372
374 375
380 374
382 377
377 376
392 393
396 392
86 88
86 89
398 397
403 396
396 395
392 394
98 82
82 83
79 80
82 81
147 86
86 87
82 84
82 85
6 7
587 586
596 587
598 584
584 585
590 582
584 583
581 580
582 581
587 588
587 589
239 245
239 244
249 247
247 246
239 241
239 240
239 243
239 242
547 249
247 248
518 519
529 518
512 511
573 510
512 513
550 512
527 515
515 514
518 517
515 516
453 458
453 459
453 450
450 451
453 452
466 453
453 454
453 455
453 456
453 457
178 179
185 178
178 177
175 176
182 175
175 174
182 173
173 172
168 171
168 170
254 253
185 182
182 183
178 180
182 181
187 186
213 187
182 184
187 185
189 188
191 189
12 11
8 10
14 13
43 12
16 15
18 14
16 17
120 16
18 19
147 18
63 62
357 322
322 323
357 320
322 321
327 326
357 327
322 324
322 325
327 328
377 329
222 201
201 200
232 203
201 202
206 205
203 204
206 207
220 206
235 209
209 208
109 77
74 76
74 75
93 74
72 73
86 72
68 71
68 70
86 79
79 78
1 2
539 542
539 543
539 540
539 541
547 546
572 547
539 544
539 545
31 8
547 548
547 549
139 68
601 598
130 120
120 121
123 122
147 123
123 124
147 125
125 126
128 127
147 128
128 129
412 414
412 415
419 416
416 417
412 410
410 411
416 412
412 413
505 498
419 418
428 419
498 499
320 319
317 318
314 313
310 312
310 311
515 310
329 317
317 316
314 315
347 314
495 496
498 497
18 3
367 368
370 369
374 366
382 367
357 364
366 365
357 362
357 363
357 360
357 361
382 380
382 381
398 382
382 383
382 384
382 385
382 386
382 387
382 388
382 389
581 579
579 578
574 573
576 572
572 571
553 570
576 577
579 576
582 575
576 574
109 60
60 61
257 258
257 259
63 64
63 65
63 66
68 67
539 252
68 69
249 250
252 251
257 256
285 257
268 254
254 255
507 508
510 509
507 506
527 507
505 504
510 505
503 502
504 503
501 500
505 501
518 469
469 468
453 465
453 464
466 467
471 466
453 461
453 460
453 463
453 462
182 168
168 169
168 164
173 165
165 166
165 167
158 160
158 161
158 162
164 163
601 600
8 9
366 357
357 356
354 355
382 354
354 353
351 352
370 351
351 350
357 359
357 358
217 216
263 217
213 214
213 215
213 212
239 213
209 210
209 211
217 218
220 219
515 289
289 288
3 4
539 281
281 280
281 283
281 282
547 285
285 284
286 287
553 286
539 263
263 262
539 261
261 260
268 267
265 266
306 265
263 264
268 269
302 268
58 59
109 58
56 55
43 54
58 57
109 56
43 51
43 50
43 53
43 52
536 537
574 536
536 535
77 63
575 533
531 532
576 531
531 530
573 539
536 538
116 115
109 114
116 117
158 116
109 111
109 110
109 113
109 112
130 119
119 118
428 429
436 428
533 534
435 421
421 420
421 423
421 422
421 425
421 424
428 427
421 426
307 308
310 309
299 300
302 301
539 302
302 303
302 304
302 305
515 306
515 307
553 568
553 569
553 560
553 561
553 562
553 563
553 564
553 565
553 566
553 567
228 229
232 228
228 227
225 226
281 225
225 224
222 223
249 222
220 221
239 220
392 391
382 390
168 151
165 150
154 153
151 152
156 155
158 154
156 157
158 156
158 159
168 158
398 399
403 398
43 48
43 49
43 46
43 47
43 44
43 45
43 42
93 43
109 40
40 41
6 5
488 489
492 488
488 487
485 486
488 485
483 484
485 483
483 482
480 481
488 480
471 472
474 473
469 470
518 471
474 476
478 477
518 474
474 475
491 478
478 479
