454
907
0
597 2
595 4
594 7
589 9
588 11
586 12
600 14
585 18
583 19
599 20
592 22
591 24
580 26
534 30
526 32
524 33
552 35
554 38
568 39
553 43
567 47
556 48
287 51
286 52
557 53
562 56
566 57
555 59
558 60
559 63
565 65
560 67
570 68
561 70
569 71
563 73
564 74
577 77
578 78
530 82
532 83
535 87
537 88
536 89
538 90
496 100
494 101
503 103
502 104
500 106
477 109
479 110
490 111
497 114
499 115
493 117
481 121
480 122
489 124
487 125
486 127
482 129
484 130
509 131
275 134
277 135
540 138
541 139
543 144
297 146
296 150
293 151
294 152
291 154
295 155
545 157
544 159
260 161
261 162
539 164
224 171
226 172
283 173
282 174
280 175
218 179
216 180
263 181
262 183
264 184
542 186
251 189
252 190
279 191
304 193
271 199
270 202
253 207
255 208
273 209
269 211
274 212
268 213
267 214
272 215
301 216
305 217
303 219
298 221
300 222
508 225
506 226
266 229
265 230
306 232
514 237
516 238
515 239
311 242
310 244
309 246
312 247
307 249
308 250
290 252
288 253
528 256
551 258
511 260
513 261
523 263
522 265
518 268
468 272
470 273
467 275
472 277
460 283
444 285
446 286
454 288
463 289
453 291
456 294
464 296
431 298
427 301
429 304
437 305
433 308
417 311
415 314
409 316
411 317
413 320
400 323
402 324
395 328
391 330
393 332
394 333
397 334
399 336
352 339
350 341
351 342
381 344
390 346
388 352
386 354
369 355
387 357
379 359
344 363
342 364
335 366
365 367
375 369
358 371
356 376
361 378
340 380
341 382
338 383
357 385
320 390
319 391
362 392
363 394
332 398
334 399
359 400
345 402
346 404
348 407
349 408
315 410
313 411
360 413
328 415
326 416
364 417
337 420
325 422
323 423
324 425
321 426
385 428
378 432
316 434
318 436
330 438
331 439
371 441
373 442
384 444
376 445
383 447
368 449
353 452
355 453
367 454
389 455
414 457
404 460
406 461
408 462
434 464
420 467
426 468
424 471
425 472
423 474
422 475
418 476
428 478
432 480
430 481
461 483
451 485
459 486
449 491
448 493
442 498
443 499
438 501
440 502
441 503
447 504
465 505
452 507
457 508
455 510
462 511
458 512
521 515
517 516
473 518
475 520
476 521
519 523
520 524
571 526
284 529
256 531
258 533
259 534
547 537
546 539
549 540
548 542
223 546
200 548
202 549
248 550
234 554
204 558
192 562
190 564
188 565
196 567
199 569
198 570
193 572
195 573
231 574
233 576
227 578
229 580
230 581
246 583
250 584
240 586
242 590
245 591
238 594
236 595
241 596
244 598
243 600
215 602
212 604
214 606
208 611
210 612
211 613
221 615
219 617
207 619
205 620
177 623
180 624
186 626
181 630
184 632
179 634
183 635
171 639
163 640
153 645
118 648
90 650
92 651
121 653
17 655
15 656
159 658
144 663
145 666
143 667
142 669
140 670
136 672
135 675
137 676
132 678
138 680
83 684
26 686
84 687
81 691
85 692
28 694
30 695
24 697
133 698
27 700
97 701
134 702
169 704
117 706
115 707
161 710
162 712
176 714
152 716
67 719
70 721
69 723
71 724
106 727
102 728
104 732
103 734
99 735
100 736
101 739
107 740
105 741
157 743
155 744
170 745
160 746
172 748
174 750
166 752
167 754
146 757
149 759
148 760
129 764
72 768
73 769
78 772
80 774
88 775
87 777
89 778
127 779
122 781
13 783
14 785
19 787
4 790
3 791
18 792
39 800
111 801
41 802
36 804
38 805
109 806
57 811
59 812
56 813
55 818
112 819
77 820
65 823
64 824
62 826
66 827
114 828
113 830
108 832
61 834
22 836
23 838
20 839
110 840
126 842
95 844
93 846
96 849
94 850
75 852
35 855
34 856
76 858
53 865
51 868
124 869
49 870
44 871
48 874
5 876
7 877
9 881
8 883
10 884
31 885
54 886
43 888
47 890
46 891
45 893
42 894
33 899
52 900
32 901
50 902
11 904
2 906
0 907
0 1
1 2
1 3
3 4
3 5
5 6
6 7
6 8
8 9
8 10
10 11
10 12
5 13
13 14
13 15
15 16
16 17
17 18
17 19
16 20
15 21
21 22
21 23
23 24
23 25
25 26
25 27
27 28
28 29
29 30
29 31
31 32
31 33
28 34
34 35
34 36
36 37
37 38
37 39
36 40
40 41
41 42
42 43
42 44
44 45
45 46
46 47
46 48
45 49
49 50
50 51
50 52
49 53
44 54
54 55
55 56
55 57
54 58
58 59
58 60
41 61
61 62
62 63
62 64
64 65
64 66
66 67
66 68
61 69
69 70
69 71
40 72
72 73
72 74
27 75
75 76
76 77
76 78
75 79
79 80
80 81
81 82
81 83
80 84
84 85
85 86
86 87
86 88
85 89
84 90
79 91
91 92
92 93
93 94
94 95
95 96
96 97
97 98
98 99
99 100
99 101
98 102
102 103
102 104
97 105
105 106
105 107
107 108
108 109
108 110
107 111
96 112
112 113
113 114
113 115
112 116
116 117
116 118
118 119
119 120
120 121
120 122
119 123
123 124
123 125
118 126
126 127
126 128
128 129
128 130
95 131
94 132
132 133
133 134
133 135
132 136
136 137
137 138
137 139
136 140
140 141
141 142
142 143
143 144
143 145
145 146
145 147
147 148
148 149
149 150
149 151
148 152
147 153
153 154
153 155
142 156
156 157
156 158
158 159
158 160
160 161
160 162
141 163
163 164
163 165
165 166
166 167
167 168
168 169
169 170
170 171
170 172
169 173
168 174
167 175
166 176
176 177
177 178
178 179
178 180
177 181
176 182
182 183
182 184
165 185
185 186
185 187
187 188
188 189
188 190
187 191
140 192
192 193
192 194
194 195
195 196
196 197
197 198
198 199
198 200
200 201
201 202
201 203
203 204
204 205
205 206
206 207
206 208
205 209
204 210
210 211
210 212
203 213
200 214
197 215
196 216
195 217
194 218
218 219
218 220
220 221
220 222
93 223
223 224
224 225
224 226
223 227
227 228
228 229
228 230
227 231
231 232
231 233
233 234
234 235
235 236
236 237
236 238
235 239
234 240
240 241
241 242
241 243
243 244
243 245
245 246
245 247
240 248
248 249
248 250
233 251
251 252
251 253
92 254
254 255
255 256
255 257
257 258
257 259
259 260
259 261
254 262
262 263
262 264
264 265
264 266
266 267
267 268
267 269
269 270
270 271
271 272
271 273
270 274
274 275
274 276
276 277
276 278
278 279
279 280
280 281
281 282
282 283
282 284
284 285
284 286
281 287
287 288
287 289
280 290
290 291
290 292
292 293
293 294
293 295
295 296
295 297
297 298
297 299
299 300
300 301
300 302
302 303
303 304
303 305
302 306
306 307
307 308
307 309
309 310
310 311
310 312
312 313
313 314
313 315
315 316
315 317
312 318
318 319
319 320
319 321
321 322
322 323
322 324
321 325
325 326
326 327
327 328
327 329
329 330
329 331
331 332
331 333
326 334
325 335
335 336
335 337
337 338
338 339
338 340
340 341
340 342
337 343
343 344
343 345
345 346
345 347
347 348
348 349
349 350
350 351
351 352
351 353
353 354
353 355
350 356
356 357
356 358
358 359
358 360
360 361
361 362
362 363
362 364
361 365
365 366
365 367
360 368
368 369
368 370
370 371
370 372
372 373
373 374
374 375
375 376
375 377
377 378
377 379
379 380
379 381
381 382
381 383
374 384
384 385
384 386
386 387
387 388
388 389
389 390
389 391
388 392
387 393
393 394
393 395
395 396
396 397
397 398
397 399
396 400
395 401
401 402
401 403
403 404
403 405
405 406
406 407
406 408
405 409
409 410
409 411
386 412
412 413
412 414
414 415
414 416
373 417
372 418
418 419
419 420
419 421
421 422
421 423
418 424
424 425
424 426
349 427
427 428
427 429
429 430
430 431
431 432
431 433
433 434
433 435
435 436
435 437
437 438
437 439
430 440
440 441
440 442
429 443
443 444
443 445
348 446
446 447
446 448
448 449
448 450
450 451
451 452
451 453
450 454
347 455
318 456
456 457
456 458
458 459
459 460
459 461
458 462
309 463
463 464
463 465
465 466
466 467
466 468
465 469
469 470
470 471
470 472
469 473
473 474
473 475
306 476
299 477
477 478
477 479
479 480
479 481
292 482
482 483
482 484
484 485
484 486
279 487
487 488
488 489
489 490
490 491
490 492
492 493
492 494
494 495
495 496
496 497
497 498
497 499
496 500
500 501
500 502
495 503
494 504
489 505
488 506
506 507
506 508
487 509
509 510
509 511
278 512
269 513
513 514
514 515
514 516
513 517
517 518
517 519
519 520
519 521
266 522
522 523
522 524
91 525
525 526
525 527
527 528
528 529
528 530
530 531
530 532
532 533
532 534
527 535
535 536
536 537
536 538
538 539
538 540
535 541
541 542
541 543
543 544
544 545
545 546
545 547
547 548
547 549
544 550
543 551
551 552
552 553
553 554
553 555
555 556
556 557
557 558
557 559
559 560
560 561
561 562
561 563
563 564
563 565
560 566
566 567
566 568
568 569
568 570
559 571
571 572
571 573
556 574
555 575
575 576
575 577
577 578
577 579
579 580
579 581
552 582
582 583
582 584
551 585
585 586
585 587
587 588
588 589
589 590
589 591
588 592
592 593
593 594
593 595
592 596
587 597
597 598
597 599
599 600
599 601
601 602
601 603
603 604
603 605
605 606
605 607
607 608
608 609
609 610
610 611
610 612
609 613
608 614
614 615
614 616
616 617
616 618
618 619
618 620
607 621
621 622
622 623
622 624
621 625
625 626
625 627
627 628
628 629
629 630
629 631
631 632
631 633
633 634
633 635
628 636
636 637
637 638
638 639
638 640
637 641
641 642
642 643
643 644
644 645
644 646
646 647
647 648
647 649
649 650
649 651
646 652
652 653
652 654
654 655
654 656
643 657
657 658
657 659
659 660
660 661
661 662
662 663
662 664
664 665
665 666
665 667
664 668
668 669
668 670
661 671
671 672
671 673
673 674
674 675
674 676
673 677
677 678
677 679
679 680
679 681
681 682
682 683
683 684
683 685
685 686
685 687
682 688
688 689
689 690
690 691
690 692
689 693
693 694
693 695
688 696
696 697
696 698
681 699
699 700
699 701
660 702
659 703
703 704
703 705
705 706
705 707
642 708
708 709
709 710
709 711
711 712
711 713
713 714
713 715
715 716
715 717
717 718
718 719
718 720
720 721
720 722
722 723
722 724
717 725
725 726
726 727
726 728
725 729
729 730
730 731
731 732
731 733
733 734
733 735
730 736
729 737
737 738
738 739
738 740
737 741
708 742
742 743
742 744
641 745
636 746
627 747
747 748
747 749
749 750
749 751
751 752
751 753
753 754
753 755
755 756
756 757
756 758
758 759
758 760
755 761
761 762
762 763
763 764
763 765
765 766
766 767
767 768
767 769
766 770
770 771
771 772
771 773
773 774
773 775
770 776
776 777
776 778
765 779
762 780
780 781
780 782
782 783
782 784
784 785
784 786
786 787
786 788
788 789
789 790
789 791
788 792
761 793
793 794
794 795
795 796
796 797
797 798
798 799
799 800
799 801
798 802
797 803
803 804
803 805
796 806
795 807
807 808
808 809
809 810
810 811
810 812
809 813
808 814
814 815
815 816
816 817
817 818
817 819
816 820
815 821
821 822
822 823
822 824
821 825
825 826
825 827
814 828
807 829
829 830
829 831
831 832
831 833
833 834
833 835
835 836
835 837
837 838
837 839
794 840
793 841
841 842
841 843
843 844
843 845
845 846
845 847
847 848
848 849
848 850
847 851
851 852
851 853
853 854
854 855
854 856
853 857
857 858
857 859
859 860
860 861
861 862
862 863
863 864
864 865
864 866
866 867
867 868
867 869
866 870
863 871
862 872
872 873
873 874
873 875
875 876
875 877
872 878
878 879
879 880
880 881
880 882
882 883
882 884
879 885
878 886
861 887
887 888
887 889
889 890
889 891
860 892
892 893
892 894
859 895
895 896
896 897
897 898
898 899
898 900
897 901
896 902
895 903
903 904
903 905
905 906
905 907
