454
601
601
344 344
0 0
346 346
340 340
341 341
342 342
348 348
349 349
595 595
594 594
298 298
296 296
297 297
294 294
295 295
293 293
290 290
291 291
591 591
592 592
199 199
198 198
597 597
195 195
196 196
190 190
193 193
192 192
270 270
271 271
272 272
273 273
274 274
275 275
277 277
279 279
524 524
526 526
520 520
521 521
522 522
523 523
599 599
528 528
449 449
448 448
443 443
442 442
441 441
440 440
447 447
446 446
444 444
108 108
109 109
102 102
103 103
100 100
101 101
106 106
107 107
104 104
105 105
39 39
38 38
33 33
32 32
31 31
30 30
36 36
35 35
34 34
438 438
437 437
434 434
432 432
433 433
430 430
431 431
338 338
335 335
334 334
337 337
331 331
330 330
332 332
345 345
99 99
90 90
93 93
92 92
95 95
94 94
97 97
96 96
559 559
558 558
555 555
554 554
557 557
556 556
551 551
553 553
552 552
238 238
234 234
236 236
230 230
231 231
233 233
146 146
144 144
145 145
142 142
143 143
140 140
148 148
149 149
133 133
132 132
137 137
136 136
135 135
134 134
494 494
496 496
138 138
490 490
493 493
24 24
26 26
27 27
20 20
22 22
23 23
28 28
406 406
404 404
402 402
400 400
409 409
408 408
379 379
378 378
371 371
373 373
375 375
376 376
393 393
88 88
89 89
397 397
395 395
394 394
83 83
399 399
81 81
87 87
84 84
85 85
7 7
586 586
585 585
583 583
580 580
588 588
589 589
245 245
244 244
246 246
241 241
240 240
243 243
242 242
248 248
519 519
518 518
511 511
513 513
515 515
514 514
517 517
516 516
458 458
459 459
451 451
452 452
453 453
454 454
455 455
456 456
457 457
179 179
177 177
176 176
174 174
172 172
171 171
170 170
253 253
183 183
180 180
181 181
186 186
184 184
188 188
11 11
10 10
13 13
15 15
14 14
17 17
19 19
18 18
62 62
323 323
320 320
321 321
326 326
324 324
325 325
328 328
200 200
202 202
205 205
204 204
207 207
208 208
77 77
76 76
75 75
73 73
72 72
71 71
70 70
78 78
2 2
542 542
543 543
540 540
541 541
546 546
547 547
544 544
545 545
8 8
548 548
549 549
121 121
122 122
124 124
126 126
127 127
129 129
414 414
415 415
417 417
411 411
413 413
418 418
499 499
319 319
318 318
313 313
312 312
311 311
310 310
316 316
315 315
497 497
3 3
368 368
369 369
367 367
364 364
365 365
362 362
363 363
360 360
361 361
381 381
383 383
384 384
385 385
386 386
387 387
388 388
389 389
578 578
571 571
570 570
577 577
61 61
258 258
259 259
64 64
65 65
66 66
67 67
252 252
69 69
250 250
251 251
256 256
255 255
508 508
509 509
506 506
502 502
503 503
500 500
468 468
465 465
464 464
467 467
461 461
460 460
463 463
462 462
169 169
166 166
167 167
160 160
161 161
162 162
163 163
9 9
357 357
356 356
355 355
353 353
352 352
351 351
350 350
359 359
358 358
216 216
214 214
215 215
212 212
210 210
211 211
218 218
219 219
288 288
4 4
280 280
283 283
282 282
284 284
287 287
286 286
263 263
262 262
261 261
260 260
267 267
266 266
265 265
264 264
269 269
268 268
59 59
55 55
54 54
57 57
56 56
51 51
50 50
53 53
52 52
537 537
536 536
535 535
534 534
532 532
530 530
539 539
538 538
115 115
114 114
117 117
111 111
110 110
113 113
112 112
118 118
429 429
428 428
420 420
423 423
422 422
425 425
424 424
427 427
426 426
308 308
309 309
300 300
301 301
303 303
304 304
305 305
306 306
307 307
568 568
569 569
560 560
561 561
562 562
563 563
564 564
565 565
566 566
567 567
229 229
227 227
226 226
224 224
223 223
221 221
391 391
390 390
153 153
152 152
155 155
600 600
157 157
159 159
80 80
48 48
49 49
46 46
47 47
44 44
45 45
42 42
43 43
41 41
5 5
489 489
487 487
486 486
484 484
482 482
481 481
480 480
472 472
473 473
470 470
476 476
477 477
475 475
479 479
343 344
1 0
345 346
366 347
339 340
339 341
343 342
382 343
347 348
347 349
596 595
593 594
299 298
302 299
292 296
292 297
292 294
292 295
539 292
292 293
289 290
292 291
590 591
598 590
598 593
593 592
197 199
197 198
598 597
598 596
194 195
197 194
203 197
197 196
197 191
189 190
194 193
191 192
268 270
268 271
268 272
268 273
268 274
276 275
278 276
276 277
539 278
278 279
525 524
533 525
525 526
576 527
518 520
518 521
518 522
518 523
598 599
529 528
550 529
448 449
453 448
439 443
439 442
439 441
439 440
448 447
445 446
453 445
445 444
109 108
125 109
100 102
100 103
139 100
100 101
100 106
100 107
100 104
100 105
40 39
37 38
32 33
43 32
43 31
29 30
109 37
37 36
34 35
74 34
439 438
448 439
450 436
436 437
435 434
436 435
428 432
428 433
428 430
428 431
357 339
339 338
336 335
333 334
336 337
357 336
329 331
329 330
345 333
333 332
357 345
43 6
100 99
131 98
119 91
91 90
125 93
91 92
93 95
93 94
98 97
93 96
553 559
553 558
553 555
553 554
553 557
553 556
550 551
576 550
575 553
553 552
237 238
249 239
232 234
249 235
237 236
239 237
228 230
232 231
235 232
232 233
12 1
147 146
150 147
141 144
141 145
141 142
141 143
141 140
164 141
147 148
150 149
131 133
131 132
141 131
154 130
131 137
131 136
131 135
131 134
495 494
504 495
151 139
131 138
491 490
501 491
498 492
492 493
25 24
82 25
25 26
25 27
21 20
60 21
21 22
21 23
29 28
82 29
412 407
405 406
407 405
405 404
412 403
401 402
403 401
401 400
410 409
407 408
380 379
377 378
372 371
382 370
372 373
377 372
374 375
380 374
382 377
377 376
392 393
396 392
86 88
86 89
398 397
403 396
396 395
392 394
98 82
82 83
79 80
82 81
147 86
86 87
82 84
82 85
6 7
587 586
596 587
598 584
584 585
590 582
584 583
581 580
582 581
587 588
587 589
239 245
239 244
249 247
247 246
239 241
239 240
239 243
239 242
547 249
247 248
518 519
529 518
512 511
573 510
512 513
550 512
527 515
515 514
518 517
515 516
453 458
453 459
453 450
450 451
453 452
466 453
453 454
453 455
453 456
453 457
178 179
185 178
178 177
175 176
182 175
175 174
182 173
173 172
168 171
168 170
254 253
185 182
182 183
178 180
182 181
187 186
213 187
182 184
187 185
189 188
191 189
12 11
8 10
14 13
43 12
16 15
18 14
16 17
120 16
18 19
147 18
63 62
357 322
322 323
357 320
322 321
327 326
357 327
322 324
322 325
327 328
377 329
222 201
201 200
232 203
201 202
206 205
203 204
206 207
220 206
235 209
209 208
109 77
74 76
74 75
93 74
72 73
86 72
68 71
68 70
86 79
79 78
1 2
539 542
539 543
539 540
539 541
547 546
572 547
539 544
539 545
31 8
547 548
547 549
139 68
601 598
130 120
120 121
123 122
147 123
123 124
147 125
125 126
128 127
147 128
128 129
412 414
412 415
419 416
416 417
412 410
410 411
416 412
412 413
505 498
419 418
428 419
498 499
320 319
317 318
314 313
310 312
310 311
515 310
329 317
317 316
314 315
347 314
495 496
498 497
18 3
367 368
370 369
374 366
382 367
357 364
366 365
357 362
357 363
357 360
357 361
382 380
382 381
398 382
382 383
382 384
382 385
382 386
382 387
382 388
382 389
581 579
579 578
574 573
576 572
572 571
553 570
576 577
579 576
582 575
576 574
109 60
60 61
257 258
257 259
63 64
63 65
63 66
68 67
539 252
68 69
249 250
252 251
257 256
285 257
268 254
254 255
507 508
510 509
507 506
527 507
505 504
510 505
503 502
504 503
501 500
505 501
518 469
469 468
453 465
453 464
466 467
471 466
453 461
453 460
453 463
453 462
182 168
168 169
168 164
173 165
165 166
165 167
158 160
158 161
158 162
164 163
601 600
8 9
366 357
357 356
354 355
382 354
354 353
351 352
370 351
351 350
357 359
357 358
217 216
263 217
213 214
213 215
213 212
239 213
209 210
209 211
217 218
220 219
515 289
289 288
3 4
539 281
281 280
281 283
281 282
547 285
285 284
286 287
553 286
539 263
263 262
539 261
261 260
268 267
265 266
306 265
263 264
268 269
302 268
58 59
109 58
56 55
43 54
58 57
109 56
43 51
43 50
43 53
43 52
536 537
574 536
536 535
77 63
575 533
531 532
576 531
531 530
573 539
536 538
116 115
109 114
116 117
158 116
109 111
109 110
109 113
109 112
130 119
119 118
428 429
436 428
533 534
435 421
421 420
421 423
421 422
421 425
421 424
428 427
421 426
307 308
310 309
299 300
302 301
539 302
302 303
302 304
302 305
515 306
515 307
553 568
553 569
553 560
553 561
553 562
553 563
553 564
553 565
553 566
553 567
228 229
232 228
228 227
225 226
281 225
225 224
222 223
249 222
220 221
239 220
392 391
382 390
168 151
165 150
154 153
151 152
156 155
158 154
156 157
158 156
158 159
168 158
398 399
403 398
43 48
43 49
43 46
43 47
43 44
43 45
43 42
93 43
109 40
40 41
6 5
488 489
492 488
488 487
485 486
488 485
483 484
485 483
483 482
480 481
488 480
471 472
474 473
469 470
518 471
474 476
478 477
518 474
474 475
491 478
478 479
