442
571
567
344 344
0 0
347 347
340 340
341 341
342 342
348 348
298 298
299 299
296 296
297 297
294 294
295 295
292 292
293 293
290 290
291 291
198 198
195 195
194 194
196 196
191 191
190 190
193 193
192 192
270 270
271 271
272 272
273 273
274 274
276 276
277 277
279 279
524 524
526 526
527 527
520 520
521 521
523 523
528 528
449 449
448 448
443 443
441 441
440 440
447 447
446 446
445 445
444 444
108 108
109 109
102 102
103 103
100 100
101 101
106 106
107 107
104 104
105 105
39 39
33 33
32 32
31 31
30 30
37 37
36 36
34 34
438 438
439 439
436 436
437 437
434 434
435 435
432 432
433 433
430 430
431 431
338 338
334 334
337 337
336 336
331 331
333 333
332 332
345 345
6 6
99 99
98 98
90 90
93 93
92 92
95 95
97 97
96 96
554 554
557 557
551 551
550 550
553 553
552 552
238 238
239 239
235 235
236 236
231 231
232 232
233 233
1 1
146 146
147 147
144 144
142 142
141 141
149 149
132 132
130 130
498 498
136 136
135 135
134 134
494 494
495 495
139 139
138 138
490 490
491 491
492 492
493 493
25 25
26 26
27 27
20 20
21 21
22 22
23 23
28 28
29 29
407 407
405 405
404 404
403 403
402 402
401 401
400 400
409 409
408 408
378 378
371 371
370 370
373 373
374 374
376 376
393 393
392 392
89 89
396 396
395 395
82 82
83 83
399 399
398 398
86 86
87 87
84 84
85 85
7 7
245 245
246 246
241 241
240 240
243 243
242 242
249 249
248 248
519 519
518 518
511 511
513 513
515 515
458 458
459 459
450 450
451 451
452 452
453 453
454 454
456 456
457 457
178 178
176 176
174 174
173 173
172 172
171 171
170 170
182 182
183 183
180 180
2 2
186 186
187 187
184 184
185 185
188 188
11 11
12 12
15 15
14 14
17 17
18 18
322 322
323 323
321 321
326 326
327 327
324 324
329 329
200 200
202 202
205 205
207 207
209 209
76 76
75 75
73 73
72 72
71 71
79 79
78 78
542 542
543 543
540 540
541 541
546 546
547 547
544 544
545 545
8 8
548 548
549 549
68 68
120 120
121 121
123 123
124 124
126 126
127 127
128 128
129 129
415 415
416 416
417 417
410 410
411 411
412 412
413 413
418 418
319 319
318 318
313 313
312 312
311 311
310 310
317 317
316 316
315 315
314 314
496 496
497 497
368 368
366 366
364 364
362 362
360 360
361 361
380 380
381 381
384 384
385 385
387 387
388 388
389 389
571 571
570 570
60 60
61 61
258 258
63 63
64 64
66 66
67 67
252 252
69 69
251 251
253 253
257 257
254 254
255 255
508 508
509 509
506 506
502 502
503 503
500 500
469 469
468 468
464 464
467 467
466 466
460 460
463 463
462 462
169 169
164 164
166 166
167 167
160 160
161 161
163 163
9 9
356 356
353 353
351 351
350 350
359 359
358 358
216 216
212 212
213 213
210 210
218 218
219 219
289 289
288 288
4 4
281 281
280 280
283 283
282 282
285 285
287 287
286 286
263 263
261 261
260 260
267 267
266 266
265 265
268 268
59 59
58 58
55 55
54 54
57 57
56 56
51 51
50 50
52 52
537 537
536 536
535 535
534 534
533 533
532 532
531 531
530 530
539 539
538 538
115 115
114 114
117 117
116 116
111 111
110 110
113 113
112 112
118 118
429 429
428 428
420 420
423 423
422 422
425 425
427 427
426 426
309 309
300 300
301 301
302 302
303 303
304 304
306 306
307 307
568 568
569 569
560 560
561 561
562 562
563 563
565 565
566 566
229 229
228 228
227 227
226 226
225 225
224 224
223 223
222 222
390 390
150 150
153 153
152 152
155 155
157 157
156 156
158 158
48 48
46 46
45 45
42 42
43 43
40 40
5 5
489 489
488 488
487 487
486 486
485 485
483 483
482 482
481 481
480 480
472 472
473 473
470 470
476 476
477 477
474 474
475 475
478 478
479 479
343 344
100 0
354 346
346 347
339 340
339 341
343 342
355 343
349 348
354 349
297 298
300 299
295 296
312 297
295 294
312 295
312 292
292 293
291 290
330 291
203 199
197 198
189 195
189 194
201 197
197 196
189 191
189 190
189 193
189 192
269 270
269 271
269 272
269 273
275 274
534 275
275 276
278 277
555 278
278 279
525 524
531 525
525 526
525 527
517 520
522 521
559 522
522 523
529 528
556 529
445 449
445 448
442 443
487 442
442 441
435 440
445 447
445 446
487 445
445 444
100 108
100 109
100 102
100 103
159 100
100 101
100 106
100 107
100 104
100 105
38 39
100 38
32 33
91 32
170 31
31 30
38 37
35 36
168 35
35 34
435 438
435 439
435 436
435 437
428 434
445 435
428 432
428 433
428 430
428 431
352 339
339 338
354 335
335 334
335 337
335 336
330 331
335 330
330 333
330 332
346 345
5 6
94 99
94 98
128 91
91 90
94 93
91 92
94 95
145 94
94 97
94 96
564 559
559 558
559 555
534 554
558 557
559 556
534 551
534 550
534 553
534 552
237 238
237 239
558 234
234 235
237 236
534 237
237 230
230 231
230 232
234 233
0 1
145 146
145 147
143 144
181 145
143 142
159 143
156 140
140 141
179 148
148 149
181 133
131 132
148 131
131 130
151 137
137 136
133 135
133 134
487 494
487 495
140 139
137 138
487 490
487 491
487 492
487 493
94 24
24 25
81 26
26 27
19 20
49 21
21 22
24 23
100 28
28 29
406 407
531 406
406 405
400 404
400 403
400 402
400 401
417 400
410 409
406 408
383 379
379 378
372 371
369 370
372 373
377 372
377 375
375 374
382 377
375 376
394 393
391 392
128 88
88 89
400 397
397 396
394 395
397 394
81 82
81 83
133 80
128 81
81 86
88 87
81 84
81 85
8 7
244 245
262 244
534 247
247 246
534 241
237 240
244 243
241 242
250 249
247 248
517 519
517 518
510 511
516 510
512 513
514 512
514 515
516 514
531 517
556 516
455 458
455 459
445 450
445 451
445 452
445 453
455 454
529 455
455 456
455 457
203 179
179 178
189 177
177 176
189 175
175 174
170 173
170 172
170 171
197 170
250 253
181 182
181 183
181 180
199 181
181 186
181 187
181 184
181 185
189 188
203 189
10 11
41 10
100 13
13 12
16 15
13 14
16 17
47 16
100 19
19 18
122 62
335 322
322 323
325 320
322 321
325 326
328 327
325 324
335 325
335 328
328 329
203 201
199 200
204 203
201 202
204 205
206 204
206 207
208 206
208 209
214 208
128 77
77 76
74 75
145 74
74 73
70 72
70 71
133 70
80 79
77 78
3 2
534 542
534 543
534 540
534 541
534 546
534 547
534 544
534 545
81 8
534 548
534 549
170 68
119 120
122 121
128 122
122 123
125 124
170 125
125 126
128 127
189 128
128 129
445 414
414 415
414 416
445 417
428 410
412 411
419 412
414 413
505 498
419 418
426 419
501 499
318 319
335 318
312 313
320 312
312 311
308 310
318 317
312 316
312 315
312 314
487 496
487 497
80 3
367 368
372 369
365 366
369 367
365 364
367 365
363 362
367 363
357 360
357 361
379 380
382 381
400 382
400 383
383 384
386 385
445 386
386 387
389 388
400 389
567 571
567 570
56 60
62 61
259 258
62 63
65 64
170 65
65 66
68 67
250 252
70 69
284 250
250 251
275 256
256 257
250 254
256 255
507 508
510 509
507 506
514 507
505 504
512 505
501 502
504 503
499 500
512 501
465 469
465 468
487 465
465 464
465 467
465 466
567 461
461 460
461 463
461 462
177 168
170 169
165 164
179 165
165 166
168 167
159 160
159 161
189 162
162 163
10 9
363 357
357 356
357 355
357 354
352 353
355 352
352 351
349 350
357 359
357 358
217 216
220 217
215 214
220 215
211 212
214 213
211 210
215 211
217 218
217 219
285 289
285 288
3 4
534 281
281 280
284 283
281 282
517 285
517 284
285 287
285 286
264 263
555 262
262 261
259 260
285 267
267 266
264 265
517 264
534 269
269 268
56 59
56 58
56 55
53 54
56 57
94 56
49 51
49 50
151 53
53 52
534 537
534 536
534 535
534 259
534 533
531 532
559 531
531 530
534 539
534 538
100 115
100 114
100 117
100 116
100 111
100 110
100 113
100 112
152 119
119 118
428 429
445 428
559 534
445 421
421 420
424 423
421 422
424 425
474 424
428 427
474 426
335 308
308 309
335 300
320 301
301 302
301 303
305 304
335 305
305 306
308 307
567 568
567 569
559 560
559 561
559 562
559 563
567 564
564 565
567 566
230 229
256 228
228 227
221 226
221 225
221 224
221 223
221 222
237 221
221 220
400 391
391 390
181 151
151 150
154 153
197 152
156 155
162 154
156 157
179 156
175 159
159 158
398 399
400 398
47 48
128 49
47 46
122 47
145 44
44 45
41 42
44 43
38 40
77 41
154 5
487 489
487 488
498 487
487 486
484 485
504 484
484 483
474 482
474 481
474 480
471 472
474 473
471 470
487 471
474 476
474 477
499 474
474 475
474 478
474 479
