98
159
0
38 12
36 13
37 17
24 19
13 22
12 23
10 24
27 25
39 28
9 29
8 31
29 33
6 34
5 36
20 38
18 39
44 43
42 47
41 48
32 49
34 51
30 52
4 55
2 56
1 58
0 57
25 61
22 63
17 66
14 67
16 68
48 70
49 71
59 75
61 77
53 83
56 85
55 86
58 87
70 80
65 91
63 92
134 100
132 101
85 102
87 103
88 104
89 105
84 107
83 111
81 112
82 113
79 114
78 116
77 117
71 119
69 121
68 123
66 124
50 125
52 126
140 127
137 130
135 131
105 139
108 140
109 143
107 144
104 145
102 146
98 148
96 149
101 153
99 156
95 157
92 158
94 159
90 160
114 162
111 163
112 164
126 167
125 169
123 170
122 172
120 177
118 178
115 179
119 180
117 181
138 182
130 187
129 186
127 190
75 192
73 193
142 194
144 195
0 1
1 2
2 3
3 4
4 5
5 6
6 7
7 8
8 9
9 10
10 11
11 12
11 13
10 15
15 17
15 18
18 19
18 20
20 22
20 23
20 24
15 25
10 26
26 27
27 28
27 29
29 31
26 33
26 34
34 36
9 37
37 38
37 39
8 40
40 41
41 42
42 43
42 46
46 47
46 48
42 49
42 50
50 51
50 52
41 53
53 54
54 55
54 56
53 57
57 58
40 60
60 61
60 62
62 63
62 64
64 65
65 66
65 67
64 68
7 70
7 71
6 72
72 73
73 75
73 76
76 77
76 78
78 79
79 80
80 81
81 82
82 83
82 84
84 85
84 86
81 87
80 90
90 91
90 92
79 94
94 99
99 100
99 101
94 102
94 103
94 104
94 105
94 106
106 107
106 108
108 110
110 111
110 112
108 113
108 114
79 116
79 117
78 119
78 120
120 121
120 123
120 124
73 125
72 126
5 127
4 128
128 129
129 130
129 131
128 132
132 134
134 136
136 138
138 139
138 140
136 143
136 144
136 145
136 146
134 147
147 148
147 149
134 150
150 153
150 156
150 157
150 158
150 159
150 160
132 161
161 162
161 163
132 164
3 165
165 166
166 167
166 168
168 169
168 170
165 171
171 172
171 173
173 177
173 178
173 179
173 180
173 181
2 182
1 183
183 184
184 185
185 186
186 187
186 190
185 191
191 192
191 193
184 194
183 195
