98
148
148
132 18
130 49
137 58
135 71
134 55
138 119
24 84
25 120
27 68
20 87
22 53
29 85
0 65
4 5
8 134
120 66
122 63
123 115
125 20
126 95
127 29
129 88
118 105
59 14
58 94
55 10
56 59
50 102
53 107
52 32
115 82
114 8
88 73
89 140
111 138
112 48
82 12
83 34
81 101
119 109
87 77
84 89
85 27
108 17
109 44
102 78
101 9
107 39
104 111
105 99
39 22
38 129
32 137
30 79
37 125
36 4
34 117
61 41
63 75
65 70
66 127
68 13
69 108
2 61
6 122
99 118
98 56
90 142
92 126
95 24
94 69
96 6
10 130
13 42
12 30
14 83
17 90
16 114
18 81
117 135
48 132
49 123
44 1
42 38
41 96
1 0
5 98
9 50
144 112
142 92
140 2
77 36
75 104
73 25
71 16
70 52
79 144
78 37
146 133
133 132
141 131
128 130
136 137
141 136
136 135
133 134
147 139
139 138
23 24
26 25
31 26
28 27
19 20
26 21
21 22
35 23
35 28
28 29
7 0
3 4
9 8
116 120
131 121
121 122
124 123
131 124
124 125
124 126
128 127
143 128
128 129
116 118
60 59
57 58
54 55
57 54
70 57
54 56
60 51
51 50
54 53
51 52
116 115
113 114
86 88
86 89
110 111
113 110
136 113
110 112
80 82
80 83
85 80
80 81
116 119
86 87
85 84
86 85
7 3
40 7
106 108
106 109
103 102
106 103
106 100
100 101
110 106
106 107
103 104
106 105
35 39
35 38
40 33
33 32
43 31
31 30
35 37
35 36
45 35
33 34
133 86
62 60
62 61
72 62
64 63
70 64
64 65
67 66
133 67
67 68
67 69
3 2
28 6
100 99
97 98
93 91
91 90
100 93
91 92
93 95
93 94
106 97
97 96
23 11
11 10
11 13
11 12
21 15
15 14
15 17
15 16
45 19
19 18
116 117
121 116
47 48
47 49
47 46
51 47
43 44
46 45
43 42
46 43
43 40
40 41
0 1
6 5
28 9
147 146
148 147
145 144
148 145
143 142
145 143
139 140
146 141
76 77
86 76
74 75
128 74
74 73
76 72
72 71
76 70
80 79
76 78
