98
160
0
144 3
142 5
127 8
130 10
129 7
73 13
75 14
138 16
126 21
123 23
125 24
122 26
118 30
115 31
117 33
120 34
119 35
140 37
137 40
135 41
111 45
114 46
112 47
98 50
96 51
107 54
109 56
108 58
104 60
102 61
105 63
101 65
99 68
92 70
90 71
94 73
95 74
134 76
132 78
87 82
89 83
85 84
84 87
82 89
83 92
81 93
79 94
88 96
58 101
56 104
55 105
53 106
63 109
65 110
70 99
77 113
78 114
68 117
69 119
66 120
71 122
61 124
50 126
59 128
52 130
48 132
49 134
36 139
38 140
29 145
27 147
6 149
5 150
37 151
10 155
12 156
13 157
24 158
8 161
9 160
39 163
20 165
18 166
30 171
34 172
41 175
42 176
32 177
44 179
25 181
22 183
14 186
17 187
16 188
2 191
4 192
1 194
0 193
0 1
1 2
2 3
2 4
4 5
4 6
6 7
7 8
7 10
6 12
12 13
12 14
1 15
15 16
15 17
17 18
18 19
19 20
20 21
20 22
22 23
22 24
19 25
25 26
25 27
27 30
27 31
27 33
27 34
27 35
18 37
18 38
38 39
39 40
39 41
38 42
42 44
44 45
44 46
42 47
42 48
48 49
49 50
49 51
48 53
53 54
53 56
53 58
53 59
59 60
59 61
48 63
48 64
64 65
64 66
66 68
66 69
69 70
69 71
66 73
66 74
17 75
75 76
75 78
75 79
79 82
79 83
79 84
84 86
86 87
86 88
88 89
88 91
91 92
91 93
88 94
79 96
79 97
97 99
99 100
100 101
100 102
102 103
103 104
103 105
102 106
99 108
108 109
108 110
97 113
97 114
97 115
115 116
116 117
116 119
116 120
115 122
115 123
123 124
123 125
125 126
125 128
125 129
129 130
129 131
131 132
131 134
131 135
135 136
136 137
137 138
138 139
138 140
137 142
142 144
144 145
144 147
144 148
148 149
148 150
142 151
142 152
152 153
153 155
153 156
153 157
152 158
137 159
159 160
160 161
159 163
136 164
164 165
164 166
135 167
167 169
169 170
170 171
170 172
169 174
174 175
174 176
169 177
167 178
178 179
178 180
180 181
180 182
182 183
182 184
184 185
185 186
185 187
184 188
167 189
189 190
190 191
190 192
189 193
193 194
