419
837
0
580 2
576 5
578 6
581 8
583 10
448 14
403 17
405 18
445 19
417 25
415 26
441 27
423 29
421 30
456 31
409 37
410 38
430 39
428 41
420 44
418 45
429 46
443 49
402 51
400 52
411 55
406 58
408 59
413 61
414 62
450 64
447 66
424 69
426 70
436 71
439 75
434 76
432 77
452 78
535 84
537 85
559 86
528 88
531 90
530 91
569 93
526 97
524 98
507 103
480 104
506 107
517 108
504 110
508 112
478 113
489 120
486 122
488 124
468 126
462 128
460 129
495 132
497 133
483 134
499 137
474 139
473 140
485 142
498 143
466 146
467 147
463 151
465 152
482 155
475 156
477 157
491 158
513 160
515 161
509 164
518 165
459 168
457 169
520 171
522 172
470 176
472 177
494 179
492 180
503 183
501 184
511 186
512 187
533 188
316 197
317 198
318 199
335 201
332 204
337 205
334 207
333 209
336 211
329 212
328 215
321 216
319 219
320 220
326 221
366 225
368 231
369 232
395 234
355 235
323 237
325 238
551 239
393 241
390 244
392 245
388 246
540 253
380 255
538 256
552 257
542 260
397 261
547 262
353 265
539 266
544 267
375 268
549 271
398 273
543 274
385 277
373 278
350 279
341 284
339 285
383 286
399 287
396 291
372 292
358 294
361 296
356 299
360 301
359 302
362 303
347 310
349 311
365 313
363 314
550 315
545 317
352 318
344 321
342 322
371 323
556 327
558 328
555 331
553 332
568 333
546 336
548 337
382 340
541 341
391 343
386 345
387 347
389 348
303 353
299 354
301 356
302 357
310 360
331 361
313 364
312 365
314 366
315 368
309 372
306 373
304 374
308 375
298 377
292 384
290 385
132 388
134 389
198 393
162 396
163 397
160 398
204 399
229 400
269 402
261 405
263 406
264 407
286 408
260 413
285 414
171 419
170 420
194 422
192 423
266 424
287 425
283 427
23 431
25 432
289 433
257 436
184 439
187 440
186 441
270 442
280 449
279 450
282 451
273 453
112 455
110 456
56 459
54 460
28 472
118 473
123 474
173 475
177 478
60 481
62 483
61 484
178 486
176 487
30 490
29 491
116 492
33 495
31 496
218 497
65 501
66 502
63 503
41 505
42 506
220 509
49 511
27 513
2 515
0 516
223 521
217 522
154 526
156 527
221 528
34 531
36 532
37 533
225 537
140 538
240 539
219 541
182 543
222 544
57 548
59 549
104 551
106 552
100 556
102 559
103 560
99 563
101 564
98 565
69 566
67 567
153 571
151 573
77 576
75 577
85 578
22 580
21 581
148 583
7 588
5 589
90 590
88 591
8 596
9 597
150 598
145 599
143 602
146 604
70 606
72 607
147 608
79 609
224 612
169 615
167 618
10 620
12 621
50 624
52 625
53 626
166 631
165 632
120 634
121 636
40 638
38 639
164 640
168 641
129 646
128 647
131 649
130 650
125 652
127 655
3 657
4 658
47 660
45 661
137 663
135 666
136 667
175 669
16 671
15 672
159 677
242 679
238 680
243 683
138 685
183 687
174 688
241 689
239 690
213 694
236 695
73 698
17 700
18 701
210 706
212 708
216 709
211 710
215 712
209 713
115 715
214 717
113 719
114 720
91 725
93 726
80 731
82 733
83 734
142 736
43 738
44 739
95 741
96 744
94 745
97 746
181 747
179 748
13 750
14 751
255 756
233 759
235 760
252 761
254 762
288 765
281 766
275 769
226 770
276 771
197 774
195 775
191 777
189 778
258 779
200 783
202 784
86 787
87 788
205 791
207 792
208 794
109 796
107 797
247 802
251 804
249 805
250 806
232 808
19 811
20 812
231 813
244 814
574 816
573 818
565 820
378 823
379 825
376 827
563 828
562 832
346 834
345 835
566 836
564 837
0 1
1 2
1 3
3 4
4 5
4 6
3 7
7 8
7 9
9 10
9 11
11 12
12 13
13 14
13 15
15 16
16 17
16 18
15 19
12 20
20 21
21 22
22 23
23 24
24 25
24 26
23 27
22 28
28 29
28 30
21 31
20 32
32 33
33 34
34 35
35 36
36 37
36 38
35 39
34 40
40 41
40 42
42 43
43 44
43 45
42 46
33 47
47 48
48 49
48 50
50 51
50 52
47 53
53 54
54 55
54 56
56 57
57 58
57 59
56 60
60 61
60 62
53 63
63 64
63 65
65 66
65 67
67 68
68 69
68 70
67 71
32 72
72 73
73 74
74 75
74 76
73 77
72 78
11 79
79 80
80 81
81 82
82 83
83 84
83 85
82 86
81 87
87 88
87 89
89 90
89 91
80 92
92 93
92 94
94 95
95 96
96 97
96 98
95 99
99 100
100 101
101 102
102 103
102 104
101 105
105 106
106 107
106 108
105 109
109 110
109 111
111 112
111 113
100 114
114 115
115 116
116 117
117 118
118 119
119 120
119 121
121 122
121 123
123 124
123 125
125 126
125 127
127 128
127 129
118 130
130 131
131 132
131 133
130 134
117 135
135 136
136 137
136 138
138 139
138 140
135 141
141 142
141 143
116 144
144 145
145 146
145 147
144 148
148 149
149 150
150 151
150 152
149 153
153 154
154 155
154 156
153 157
148 158
115 159
159 160
159 161
114 162
162 163
163 164
163 165
162 166
166 167
167 168
167 169
166 170
170 171
170 172
99 173
173 174
174 175
175 176
175 177
174 178
178 179
178 180
173 181
181 182
182 183
182 184
181 185
185 186
185 187
94 188
79 189
189 190
190 191
191 192
192 193
193 194
194 195
195 196
196 197
196 198
195 199
194 200
200 201
200 202
202 203
203 204
203 205
202 206
206 207
206 208
208 209
208 210
210 211
210 212
193 213
213 214
214 215
214 216
213 217
217 218
218 219
218 220
217 221
192 222
222 223
223 224
224 225
224 226
226 227
227 228
228 229
229 230
230 231
230 232
229 233
233 234
233 235
228 236
236 237
236 238
227 239
226 240
240 241
240 242
242 243
243 244
243 245
242 246
223 247
247 248
248 249
249 250
250 251
251 252
252 253
252 254
254 255
254 256
251 257
250 258
258 259
259 260
259 261
258 262
249 263
263 264
264 265
264 266
263 267
248 268
247 269
269 270
270 271
270 272
272 273
272 274
269 275
275 276
276 277
276 278
275 279
222 280
280 281
281 282
282 283
283 284
283 285
282 286
281 287
280 288
288 289
289 290
290 291
290 292
289 293
293 294
293 295
295 296
295 297
297 298
298 299
298 300
300 301
300 302
297 303
288 304
304 305
305 306
306 307
307 308
308 309
309 310
309 311
308 312
312 313
312 314
307 315
306 316
316 317
316 318
305 319
319 320
320 321
320 322
319 323
304 324
324 325
325 326
326 327
326 328
325 329
329 330
330 331
330 332
329 333
324 334
334 335
335 336
335 337
334 338
338 339
339 340
339 341
338 342
342 343
342 344
344 345
344 346
346 347
346 348
191 349
349 350
350 351
351 352
352 353
352 354
351 355
355 356
355 357
350 358
358 359
359 360
359 361
358 362
362 363
363 364
363 365
362 366
349 367
367 368
367 369
369 370
370 371
371 372
371 373
370 374
369 375
190 376
376 377
376 378
378 379
379 380
380 381
381 382
382 383
383 384
383 385
382 386
386 387
387 388
387 389
386 390
390 391
391 392
392 393
392 394
394 395
395 396
395 397
394 398
391 399
390 400
381 401
401 402
401 403
403 404
404 405
404 406
403 407
380 408
379 409
409 410
410 411
411 412
412 413
412 414
411 415
415 416
416 417
417 418
418 419
418 420
417 421
421 422
421 423
416 424
415 425
410 426
426 427
426 428
428 429
429 430
430 431
430 432
429 433
428 434
434 435
435 436
435 437
437 438
438 439
438 440
437 441
434 442
409 443
443 444
444 445
445 446
446 447
447 448
448 449
448 450
447 451
446 452
452 453
452 454
454 455
454 456
445 457
457 458
458 459
458 460
457 461
461 462
462 463
463 464
464 465
465 466
466 467
467 468
468 469
469 470
470 471
471 472
471 473
470 474
469 475
468 476
476 477
477 478
477 479
479 480
480 481
480 482
482 483
482 484
479 485
485 486
485 487
476 488
488 489
489 490
489 491
488 492
467 493
493 494
494 495
494 496
493 497
466 498
498 499
499 500
500 501
500 502
499 503
498 504
504 505
504 506
465 507
507 508
508 509
508 510
510 511
510 512
512 513
512 514
514 515
514 516
507 517
517 518
518 519
519 520
520 521
520 522
519 523
523 524
524 525
525 526
525 527
524 528
523 529
529 530
530 531
530 532
529 533
518 534
534 535
535 536
536 537
536 538
535 539
534 540
540 541
540 542
542 543
542 544
517 545
545 546
546 547
547 548
547 549
546 550
550 551
550 552
545 553
553 554
554 555
555 556
555 557
557 558
558 559
558 560
557 561
561 562
562 563
562 564
561 565
554 566
553 567
464 568
568 569
569 570
570 571
570 572
572 573
572 574
574 575
575 576
575 577
574 578
569 579
579 580
579 581
568 582
582 583
582 584
584 585
585 586
586 587
587 588
587 589
586 590
585 591
584 592
592 593
593 594
594 595
595 596
595 597
594 598
593 599
592 600
600 601
601 602
601 603
603 604
603 605
605 606
605 607
600 608
463 609
462 610
610 611
611 612
611 613
613 614
614 615
614 616
616 617
617 618
617 619
619 620
619 621
616 622
622 623
623 624
623 625
622 626
613 627
627 628
628 629
629 630
630 631
630 632
629 633
633 634
633 635
635 636
635 637
637 638
637 639
628 640
627 641
610 642
642 643
643 644
644 645
645 646
645 647
644 648
648 649
648 650
643 651
651 652
651 653
653 654
654 655
654 656
656 657
656 658
653 659
659 660
659 661
642 662
662 663
662 664
664 665
665 666
665 667
664 668
668 669
668 670
670 671
670 672
461 673
673 674
674 675
675 676
676 677
676 678
678 679
678 680
675 681
681 682
682 683
682 684
684 685
684 686
686 687
686 688
681 689
674 690
673 691
691 692
692 693
693 694
693 695
692 696
696 697
697 698
697 699
699 700
699 701
696 702
702 703
703 704
704 705
705 706
705 707
707 708
707 709
704 710
703 711
711 712
711 713
702 714
714 715
714 716
716 717
716 718
718 719
718 720
691 721
721 722
722 723
723 724
724 725
724 726
723 727
727 728
728 729
729 730
730 731
730 732
732 733
732 734
729 735
735 736
735 737
737 738
737 739
728 740
740 741
740 742
742 743
743 744
743 745
742 746
727 747
722 748
721 749
749 750
749 751
444 752
752 753
753 754
754 755
755 756
755 757
757 758
758 759
758 760
757 761
754 762
753 763
763 764
764 765
764 766
763 767
767 768
768 769
768 770
767 771
752 772
772 773
773 774
773 775
772 776
776 777
776 778
443 779
378 780
780 781
781 782
782 783
782 784
781 785
785 786
786 787
786 788
785 789
789 790
790 791
790 792
789 793
793 794
793 795
795 796
795 797
780 798
798 799
799 800
800 801
801 802
801 803
803 804
803 805
800 806
799 807
807 808
807 809
809 810
810 811
810 812
809 813
798 814
189 815
815 816
815 817
817 818
817 819
819 820
819 821
821 822
822 823
822 824
824 825
824 826
826 827
826 828
821 829
829 830
830 831
831 832
831 833
833 834
833 835
830 836
829 837
