419
623
0
217 20
140 25
37 31
36 33
34 34
123 36
224 41
169 42
164 38
165 46
168 48
166 49
53 53
167 56
12 57
10 58
52 60
50 61
120 63
121 65
40 67
38 68
218 69
220 71
49 73
27 75
2 77
0 78
221 82
156 84
154 85
66 90
65 92
63 93
42 95
41 94
33 98
31 99
61 100
62 103
60 104
153 110
151 111
85 113
77 115
75 116
150 120
9 121
8 123
148 124
147 128
145 129
143 130
146 132
90 136
7 138
5 139
88 140
72 142
70 143
22 144
21 146
178 151
177 152
176 154
137 155
173 157
118 159
116 160
29 161
28 164
30 165
222 168
182 166
183 172
138 173
174 174
106 180
57 182
59 183
104 184
103 186
102 188
101 192
98 193
99 185
100 195
69 197
67 198
219 200
175 203
16 205
15 204
136 209
135 201
125 216
47 218
45 219
4 220
3 222
127 223
131 224
130 226
129 228
128 229
225 232
79 233
223 234
240 236
239 238
216 246
210 240
18 249
17 251
73 253
212 252
215 257
209 258
214 260
114 259
115 264
113 265
181 271
179 272
95 273
97 277
96 278
94 279
93 281
91 282
142 285
44 287
43 286
83 291
82 292
80 293
14 295
13 294
211 297
213 298
236 299
243 302
241 303
242 305
238 307
159 309
56 311
54 312
289 315
25 317
23 318
270 320
257 322
187 325
184 326
186 327
273 328
276 333
255 337
252 338
254 339
235 341
233 342
275 345
226 346
197 349
195 350
191 352
189 353
288 330
258 357
282 361
279 362
280 363
112 365
110 366
292 372
290 373
204 377
163 380
160 381
198 383
162 384
229 385
134 387
132 388
261 391
264 393
263 394
269 395
286 396
287 400
285 403
283 404
260 405
281 406
266 408
194 411
192 412
171 414
170 415
251 419
250 420
249 421
247 422
244 425
232 427
231 429
20 431
19 430
208 438
109 439
107 440
207 442
87 444
86 443
205 446
202 448
200 449
298 450
309 451
308 452
313 454
569 467
533 469
526 472
524 473
511 477
494 479
492 480
509 485
518 486
522 490
520 491
515 494
517 496
480 498
508 503
507 504
478 505
506 506
504 507
513 508
462 513
460 514
489 515
498 518
488 519
499 521
497 525
483 529
486 530
473 531
474 533
485 535
468 536
491 539
467 541
466 540
477 545
465 547
463 548
482 550
475 551
495 552
459 554
457 555
503 557
501 558
512 559
472 561
470 562
537 564
559 567
528 569
530 571
531 572
535 573
555 575
553 576
568 577
548 578
551 579
558 596
556 597
386 598
349 599
347 601
546 605
387 590
389 607
541 608
391 609
382 610
395 614
393 616
369 619
368 618
325 622
323 623
392 626
388 627
390 628
355 630
353 631
552 637
544 640
539 642
398 644
397 643
543 646
538 460
549 648
542 649
545 652
352 653
375 654
550 657
365 659
363 660
371 655
341 664
339 665
380 666
547 668
373 669
385 671
350 672
540 673
344 675
342 676
366 677
399 681
372 682
396 683
362 688
356 689
360 690
359 692
358 693
361 694
383 695
320 699
319 698
321 702
328 703
326 704
335 705
331 710
332 711
337 716
336 718
333 719
334 720
329 721
315 723
314 725
312 726
310 728
301 729
306 731
304 732
303 735
299 736
302 737
317 8
316 740
318 741
574 744
573 745
562 746
565 752
563 754
379 756
378 758
376 759
564 760
566 761
346 763
345 762
448 769
445 771
405 773
403 774
441 777
423 779
421 780
417 782
415 783
452 788
439 792
434 793
402 795
400 796
436 798
426 800
424 801
432 803
430 804
410 807
409 806
447 809
414 813
443 815
413 816
450 819
411 820
408 822
406 823
429 826
420 828
418 829
428 830
456 831
578 832
576 833
580 834
583 836
581 837
0 1
1 2
2 3
3 4
4 5
5 6
6 7
7 8
8 9
9 11
11 12
12 13
13 15
15 17
17 18
18 20
20 25
20 30
30 31
30 33
30 34
20 35
35 36
35 38
38 40
40 41
40 42
38 46
38 48
38 49
38 51
51 53
51 54
54 56
54 57
54 58
51 60
51 61
38 62
62 63
62 64
64 65
64 66
66 67
66 68
35 69
20 70
70 71
70 72
72 73
72 74
74 75
74 76
76 77
76 78
20 81
81 82
81 83
83 84
83 85
20 86
86 89
89 90
89 92
89 93
86 94
94 95
86 97
97 98
97 99
86 100
100 103
100 104
20 106
106 108
108 110
108 111
108 112
112 113
112 114
114 115
114 116
106 117
117 120
117 121
121 123
117 124
117 125
125 128
125 129
125 130
125 132
125 134
134 136
134 137
137 138
137 139
134 140
125 141
141 142
141 143
106 144
144 146
20 147
147 151
147 152
147 154
147 155
147 157
147 158
158 159
158 160
147 161
161 164
161 165
20 166
166 168
166 170
170 172
170 173
170 174
20 176
176 178
178 180
180 182
178 183
178 184
176 185
185 186
186 188
185 192
185 193
185 195
176 196
196 197
196 198
20 200
20 201
201 202
202 203
202 204
204 205
201 209
201 211
211 213
213 216
213 217
217 218
217 219
213 220
220 222
213 223
211 224
211 226
211 227
227 228
227 229
20 231
231 232
231 233
20 234
18 236
18 238
18 240
240 246
240 249
249 251
240 252
252 253
240 256
256 257
256 258
240 259
259 260
259 264
259 265
240 266
266 267
267 270
270 271
270 272
267 273
273 276
276 277
276 278
273 279
267 280
280 281
280 282
267 283
283 285
283 286
286 287
283 289
289 290
290 291
290 292
289 293
266 294
294 295
240 297
240 298
18 299
18 300
300 302
300 303
300 305
300 306
306 307
306 308
308 309
308 310
310 311
310 312
17 313
313 314
314 315
314 316
316 317
316 318
313 319
319 320
319 321
321 322
321 323
323 325
323 326
323 327
15 328
15 329
329 330
330 331
331 333
331 334
334 337
334 338
334 339
334 340
340 341
340 342
331 344
344 345
344 346
331 347
347 348
348 349
348 350
347 351
351 352
351 353
329 357
329 358
358 360
360 361
360 362
358 363
358 364
364 365
364 366
329 368
368 369
369 370
370 372
370 373
370 374
374 375
375 376
376 377
376 378
378 380
378 381
378 382
382 383
382 384
375 385
374 386
386 387
386 388
369 389
389 390
390 391
390 393
390 394
389 395
368 396
329 399
399 400
399 402
402 403
402 404
399 405
329 406
329 407
407 408
407 409
409 410
410 411
410 412
409 413
413 414
413 415
13 416
416 419
416 420
416 421
416 422
13 423
423 424
424 425
424 426
426 427
426 428
428 429
428 430
430 431
423 433
433 434
434 436
436 437
437 438
437 439
436 440
434 442
434 443
443 444
434 446
433 447
447 448
447 449
12 450
11 451
9 452
9 454
9 455
455 457
457 458
458 459
459 460
460 462
462 463
463 465
465 466
466 467
466 468
468 469
468 470
470 471
471 472
471 473
470 474
474 475
475 476
476 477
476 478
478 479
478 480
475 481
481 482
482 483
483 484
484 485
484 486
483 487
487 489
489 490
489 491
487 492
492 493
493 494
493 495
495 496
495 497
497 498
497 503
497 504
497 505
497 506
497 507
492 508
487 509
509 510
510 511
511 512
512 513
512 514
511 515
510 517
517 518
517 519
510 521
510 525
510 526
526 529
526 530
526 531
531 533
526 534
534 535
534 536
510 537
537 539
537 540
540 541
537 543
543 545
543 546
546 547
546 548
543 549
549 550
549 551
510 552
509 553
553 554
553 555
482 556
556 557
556 558
481 559
474 560
560 561
560 562
465 563
563 564
563 565
565 566
566 567
566 568
568 569
568 570
570 571
570 572
565 573
463 574
574 575
574 576
463 577
462 578
460 579
460 590
590 595
595 596
595 597
590 598
590 599
599 601
590 605
590 607
590 608
590 609
590 610
460 612
612 614
612 616
612 618
618 619
612 621
621 622
621 623
612 624
624 626
624 627
624 628
460 629
629 630
629 631
460 637
460 640
460 642
460 643
643 644
460 646
460 648
460 649
460 651
651 652
651 653
460 654
460 655
655 656
656 657
656 658
658 659
658 660
655 663
663 664
663 665
460 666
460 667
667 668
667 669
460 670
670 671
670 672
460 673
460 674
674 675
674 676
460 677
460 678
678 680
680 681
680 682
678 683
678 684
684 688
684 689
684 690
684 692
684 693
684 694
459 695
458 696
696 698
698 699
696 701
701 702
701 703
696 704
457 705
455 710
455 711
711 716
711 717
717 718
717 719
711 720
711 721
455 723
455 725
455 726
455 727
727 728
727 729
455 730
730 731
730 732
455 733
733 735
733 736
733 737
8 740
7 741
6 742
742 743
743 744
743 745
742 746
746 752
746 754
746 755
755 756
755 758
755 759
746 760
746 761
746 762
762 763
5 765
765 766
766 767
767 768
768 769
768 770
770 771
770 772
772 773
772 774
767 775
775 777
775 778
778 779
778 780
775 781
781 782
781 783
766 784
784 785
785 787
787 788
787 791
791 792
791 793
787 794
794 795
794 796
787 797
797 798
797 799
799 800
799 801
785 802
802 803
802 804
785 805
805 806
806 807
805 809
784 811
811 812
812 813
812 814
814 815
814 816
811 818
818 819
818 820
811 821
821 822
821 823
784 824
824 826
824 827
827 828
827 829
824 830
765 831
4 832
3 833
2 834
1 835
835 836
835 837
