419
584
584
344 156
0 34
346 358
347 17
341 509
342 86
349 389
298 195
299 580
292 19
290 148
198 118
195 103
194 146
197 537
191 27
192 299
270 178
273 22
275 303
276 61
279 310
524 522
526 229
520 13
522 52
528 301
448 211
443 255
441 328
447 33
445 110
109 63
102 204
103 62
100 43
101 477
106 434
107 318
104 380
38 492
33 344
31 128
30 280
37 85
36 10
34 478
439 147
436 385
434 224
432 116
430 581
339 15
335 3
334 45
337 77
336 87
331 213
333 209
332 169
345 372
99 347
98 260
91 221
90 524
93 313
95 504
94 447
97 408
96 507
559 198
558 173
555 319
556 388
551 286
550 563
553 323
552 443
238 50
239 549
235 531
236 168
231 562
232 170
233 353
146 244
147 174
145 332
142 154
143 409
140 136
148 107
132 56
131 252
130 257
137 298
136 315
135 176
134 550
494 341
495 65
138 410
491 520
492 150
25 312
27 163
20 399
21 506
22 491
23 368
28 36
29 345
406 395
405 25
403 543
402 21
400 239
409 335
408 553
379 79
378 556
371 240
373 436
372 515
375 503
376 337
393 120
392 202
88 569
390 254
397 164
396 127
395 576
82 430
83 552
399 194
398 429
86 396
87 216
85 417
7 217
583 349
580 378
581 428
244 317
247 208
241 192
240 197
243 513
242 137
249 187
518 186
511 432
513 406
512 82
515 95
517 223
459 9
450 445
452 309
456 530
457 251
179 270
178 5
177 54
176 314
175 551
174 70
173 379
171 393
170 112
182 131
183 373
181 359
186 222
187 403
184 115
189 334
10 439
13 60
12 47
15 175
14 167
17 540
16 40
19 566
18 31
62 8
323 366
320 162
321 138
326 376
325 264
328 346
329 457
200 421
202 49
205 397
204 411
207 59
209 18
208 166
77 306
75 231
73 238
72 512
70 210
79 143
2 226
542 66
543 456
540 212
541 405
546 94
547 281
544 497
545 130
8 2
548 249
549 97
120 72
121 67
123 28
125 189
127 499
128 243
129 460
414 12
415 287
417 450
410 37
411 220
413 132
498 468
418 508
499 382
319 23
318 441
313 91
312 518
310 501
317 90
316 182
315 282
314 263
497 302
3 57
368 140
369 333
366 292
365 426
362 290
363 151
360 88
361 339
380 548
382 365
383 414
385 69
386 129
387 98
388 104
389 179
578 356
573 545
576 289
574 29
60 113
61 467
258 402
63 275
65 247
66 288
67 573
252 489
69 53
250 387
251 463
257 483
254 109
255 459
508 400
509 462
506 261
507 241
504 16
503 153
501 269
468 565
465 498
467 250
466 207
460 44
463 568
462 482
168 99
169 539
164 258
165 485
166 325
167 336
160 544
162 75
163 583
9 232
356 555
355 160
353 473
352 423
350 362
359 134
358 283
216 528
217 352
214 326
215 361
212 472
213 7
210 181
211 219
218 533
219 488
289 526
288 474
4 235
281 30
280 142
283 541
282 242
285 121
287 4
286 413
263 542
261 171
260 350
266 538
264 214
269 517
59 574
54 321
57 369
56 279
50 177
53 578
52 200
537 342
535 392
533 558
531 0
530 559
539 418
538 215
115 546
114 308
116 73
110 547
113 184
112 93
118 391
429 123
428 316
421 145
420 273
423 535
424 183
426 205
308 320
309 486
301 466
302 375
303 329
304 159
306 80
568 233
569 424
562 165
563 135
564 285
565 125
566 236
229 363
226 386
225 218
224 225
223 390
222 41
221 371
220 415
391 465
151 14
150 20
153 495
154 331
156 452
159 42
80 100
49 191
47 83
44 420
45 114
42 355
43 475
40 398
41 266
5 480
489 276
488 101
486 304
485 448
483 383
482 494
480 564
472 360
473 470
470 106
477 96
474 102
475 511
478 38
343 344
1 0
345 346
348 347
538 340
340 341
343 342
538 343
370 348
348 349
297 298
300 299
297 296
311 297
295 294
296 295
291 292
295 293
291 290
293 291
203 199
199 198
196 195
193 194
196 197
274 196
190 191
227 190
265 193
193 192
271 270
294 271
278 272
272 273
294 274
274 275
274 276
295 277
294 278
278 279
525 524
527 525
525 526
534 527
521 520
523 521
521 522
527 523
529 528
532 529
454 449
446 448
442 443
451 442
440 441
449 440
446 447
451 446
444 445
455 444
206 108
108 109
99 102
99 103
99 100
99 101
105 106
108 107
105 104
124 105
119 39
39 38
32 33
217 32
32 31
29 30
35 37
35 36
122 35
35 34
451 438
438 439
435 436
451 437
433 434
446 435
431 432
438 433
431 430
433 431
340 339
367 338
332 335
332 334
332 337
332 336
330 331
332 330
332 333
338 332
562 345
89 6
124 99
99 98
92 91
89 90
92 93
180 92
180 95
95 94
95 97
95 96
560 559
557 558
554 555
567 554
567 557
557 556
538 551
538 550
554 553
538 552
237 238
237 239
253 234
234 235
237 236
272 237
245 230
230 231
230 232
234 233
26 1
144 146
144 147
149 144
144 145
141 142
144 143
139 140
180 141
149 148
157 149
246 133
133 132
126 131
126 130
135 137
135 136
217 135
133 134
493 494
496 495
217 139
139 138
496 490
490 491
493 492
500 493
288 24
24 25
48 26
26 27
19 20
22 21
217 22
24 23
29 28
172 29
412 407
407 406
404 405
444 404
404 403
401 402
453 401
401 400
437 409
407 408
377 379
377 378
538 371
538 370
374 373
371 372
374 375
538 374
562 377
377 376
394 393
387 392
89 88
144 89
538 397
394 396
394 395
538 394
81 82
81 83
81 80
141 81
206 86
86 87
152 84
84 85
6 7
584 582
582 583
579 580
582 581
267 245
245 244
248 247
291 246
237 241
237 240
237 243
237 242
248 249
267 248
523 519
516 518
510 511
523 510
514 513
510 512
514 515
519 514
516 517
519 516
521 458
458 459
451 450
453 451
451 452
454 453
455 454
582 455
455 456
458 457
180 179
172 178
172 177
172 176
172 175
172 174
172 173
217 172
265 171
171 170
274 253
217 182
182 183
188 180
180 181
185 186
185 187
185 184
256 185
210 188
190 189
51 11
11 10
188 13
11 12
78 15
13 14
18 17
15 16
230 19
74 18
61 62
327 322
324 323
319 320
322 321
327 326
338 327
394 324
324 325
327 328
330 329
277 201
201 200
228 203
201 202
206 205
203 204
206 207
277 206
210 209
206 208
76 77
84 76
76 75
210 74
74 73
71 72
144 71
71 70
78 79
217 78
1 2
538 542
538 543
538 540
538 541
538 546
538 547
538 544
538 545
9 8
538 548
538 549
124 68
119 120
119 121
217 122
122 123
217 124
126 125
135 126
126 127
126 128
126 129
412 414
416 415
449 416
416 417
409 410
412 411
442 412
412 413
496 498
419 418
427 419
496 499
322 319
317 318
311 313
311 312
332 311
311 310
332 317
317 316
311 315
311 314
523 496
496 497
4 3
394 368
368 369
367 366
538 367
370 364
364 365
357 362
364 363
357 360
357 361
381 380
538 381
381 382
384 383
538 384
384 385
387 386
538 387
387 388
387 389
582 579
577 578
572 573
575 572
572 571
571 570
579 577
577 576
577 575
575 574
61 60
172 61
259 258
294 259
210 64
64 65
64 66
68 67
253 252
68 69
248 250
248 251
271 256
256 257
253 254
253 255
505 508
510 509
505 506
505 507
505 504
516 505
510 502
502 503
510 500
502 501
487 469
469 468
464 465
476 464
466 467
490 466
469 461
461 460
464 463
461 462
164 168
164 169
217 164
164 165
164 166
164 167
161 160
199 161
161 162
161 163
149 9
538 357
357 356
354 355
538 354
354 353
351 352
538 351
351 350
357 359
357 358
210 216
237 217
210 214
210 215
210 212
210 213
237 210
210 211
217 218
217 219
288 289
294 288
126 4
278 281
278 280
284 283
278 282
284 285
294 284
284 287
284 286
262 263
268 262
262 261
259 260
296 267
265 266
294 265
262 264
268 269
293 268
58 59
105 58
158 55
55 54
58 57
55 56
164 51
51 50
51 53
51 52
536 537
561 536
536 535
64 63
534 533
560 532
532 531
529 530
538 539
567 538
114 115
210 114
172 117
117 116
278 111
111 110
114 113
111 112
164 119
117 118
427 429
427 428
570 534
422 421
419 420
422 423
440 422
435 425
425 424
437 427
425 426
307 308
307 309
311 300
300 301
300 302
300 303
305 304
307 305
305 306
311 307
567 568
570 569
561 560
571 561
575 562
562 563
562 564
562 565
562 566
571 567
228 229
246 228
274 227
227 226
217 225
217 224
217 223
217 222
217 221
217 220
387 391
387 390
152 151
149 150
152 153
157 152
217 155
155 154
217 157
155 156
158 159
237 158
397 399
397 398
217 48
48 49
126 46
46 47
43 44
46 45
41 42
141 43
39 40
217 41
6 5
487 489
487 488
496 487
487 486
484 485
496 484
484 483
481 482
490 481
479 480
471 472
496 473
471 470
500 471
481 476
476 477
473 474
476 475
479 478
505 479
