419
584
584
344 376
0 405
346 298
347 568
341 118
342 450
349 147
298 498
299 257
292 503
290 477
198 391
195 177
194 113
197 541
191 318
192 59
270 7
273 520
275 263
276 513
279 546
524 121
526 317
520 334
522 49
528 417
448 463
443 483
441 211
447 82
445 495
109 342
102 430
103 482
100 27
101 379
106 522
107 368
104 241
38 156
33 316
31 356
30 372
37 127
36 309
34 242
439 69
436 226
434 83
432 5
430 148
339 87
335 281
334 544
337 173
336 413
331 176
333 114
332 136
345 411
99 375
98 29
91 143
90 210
93 109
95 539
94 456
97 153
96 192
559 511
558 138
555 329
556 106
551 418
550 125
553 421
552 236
238 116
239 179
235 508
236 320
231 285
232 409
233 341
146 466
147 460
145 169
142 63
143 473
140 283
148 331
132 537
131 333
130 187
137 225
136 207
135 470
134 17
494 533
495 107
138 217
491 429
492 175
25 54
27 28
20 97
21 524
22 163
23 289
28 359
29 240
406 480
405 558
403 209
402 233
400 70
409 135
408 387
379 423
378 120
371 208
373 390
372 321
375 408
376 52
393 75
392 43
88 323
390 566
397 462
396 485
395 336
82 494
83 231
399 18
398 355
86 345
87 465
85 302
7 50
583 344
580 287
581 580
244 103
247 88
241 325
240 574
243 339
242 538
249 563
518 146
511 66
513 164
512 41
515 129
517 264
459 301
450 314
452 213
456 110
457 137
179 276
178 360
177 562
176 445
175 441
174 335
173 397
171 12
170 347
182 363
183 543
181 361
186 197
187 380
184 310
189 328
10 497
13 313
12 385
15 400
14 36
17 212
16 501
19 337
18 439
62 518
323 45
320 504
321 189
326 200
325 583
328 145
329 90
200 140
202 292
205 280
204 216
207 40
209 373
208 282
77 31
75 398
73 509
72 366
70 128
79 72
2 428
542 576
543 478
540 275
541 181
546 134
547 131
544 512
545 308
8 402
548 96
549 222
120 386
121 214
123 472
125 10
127 44
128 443
129 303
414 61
415 15
417 403
410 9
411 65
413 204
498 290
418 60
499 365
319 436
318 426
313 581
312 22
310 319
317 332
316 33
315 548
314 219
497 488
3 62
368 130
369 221
366 99
365 67
362 184
363 182
360 85
361 467
380 4
382 235
383 150
385 261
386 154
387 254
388 447
389 515
578 80
573 415
576 25
574 168
60 162
61 170
258 2
63 160
65 528
66 250
67 489
252 260
69 369
250 94
251 166
257 350
254 123
255 224
508 457
509 91
506 434
507 286
504 252
503 499
501 371
468 20
465 112
467 183
466 279
460 167
463 13
462 238
168 517
169 432
164 194
165 531
166 388
167 448
160 198
162 42
163 95
9 396
356 556
355 159
353 195
352 378
350 202
359 215
358 353
216 569
217 232
214 491
215 30
212 98
213 21
210 151
211 220
218 56
219 424
289 47
288 565
4 530
281 547
280 38
283 171
282 573
285 269
287 564
286 550
263 100
261 258
260 420
266 251
264 191
269 352
59 273
54 346
57 57
56 507
50 553
53 8
52 315
537 223
535 53
533 86
531 255
530 406
539 545
538 14
115 578
114 229
116 349
110 142
113 555
112 178
118 186
429 243
428 205
421 382
420 474
423 34
424 19
426 79
308 3
309 306
301 244
302 549
303 399
304 115
306 270
568 506
569 247
562 73
563 104
564 23
565 540
566 93
229 559
226 312
225 410
224 389
223 468
222 492
221 0
220 77
391 393
151 535
150 486
153 392
154 102
156 174
159 304
80 266
49 414
47 383
44 218
45 542
42 16
43 249
40 526
41 299
5 452
489 165
488 551
486 395
485 288
483 358
482 239
480 475
472 459
473 326
470 362
477 552
474 132
475 37
478 101
343 344
1 0
345 346
348 347
538 340
340 341
343 342
538 343
370 348
348 349
297 298
300 299
297 296
311 297
295 294
296 295
291 292
295 293
291 290
293 291
203 199
199 198
196 195
193 194
196 197
274 196
190 191
227 190
265 193
193 192
271 270
294 271
278 272
272 273
294 274
274 275
274 276
295 277
294 278
278 279
525 524
527 525
525 526
534 527
521 520
523 521
521 522
527 523
529 528
532 529
454 449
446 448
442 443
451 442
440 441
449 440
446 447
451 446
444 445
455 444
206 108
108 109
99 102
99 103
99 100
99 101
105 106
108 107
105 104
124 105
119 39
39 38
32 33
217 32
32 31
29 30
35 37
35 36
122 35
35 34
451 438
438 439
435 436
451 437
433 434
446 435
431 432
438 433
431 430
433 431
340 339
367 338
332 335
332 334
332 337
332 336
330 331
332 330
332 333
338 332
562 345
89 6
124 99
99 98
92 91
89 90
92 93
180 92
180 95
95 94
95 97
95 96
560 559
557 558
554 555
567 554
567 557
557 556
538 551
538 550
554 553
538 552
237 238
237 239
253 234
234 235
237 236
272 237
245 230
230 231
230 232
234 233
26 1
144 146
144 147
149 144
144 145
141 142
144 143
139 140
180 141
149 148
157 149
246 133
133 132
126 131
126 130
135 137
135 136
217 135
133 134
493 494
496 495
217 139
139 138
496 490
490 491
493 492
500 493
288 24
24 25
48 26
26 27
19 20
22 21
217 22
24 23
29 28
172 29
412 407
407 406
404 405
444 404
404 403
401 402
453 401
401 400
437 409
407 408
377 379
377 378
538 371
538 370
374 373
371 372
374 375
538 374
562 377
377 376
394 393
387 392
89 88
144 89
538 397
394 396
394 395
538 394
81 82
81 83
81 80
141 81
206 86
86 87
152 84
84 85
6 7
584 582
582 583
579 580
582 581
267 245
245 244
248 247
291 246
237 241
237 240
237 243
237 242
248 249
267 248
523 519
516 518
510 511
523 510
514 513
510 512
514 515
519 514
516 517
519 516
521 458
458 459
451 450
453 451
451 452
454 453
455 454
582 455
455 456
458 457
180 179
172 178
172 177
172 176
172 175
172 174
172 173
217 172
265 171
171 170
274 253
217 182
182 183
188 180
180 181
185 186
185 187
185 184
256 185
210 188
190 189
51 11
11 10
188 13
11 12
78 15
13 14
18 17
15 16
230 19
74 18
61 62
327 322
324 323
319 320
322 321
327 326
338 327
394 324
324 325
327 328
330 329
277 201
201 200
228 203
201 202
206 205
203 204
206 207
277 206
210 209
206 208
76 77
84 76
76 75
210 74
74 73
71 72
144 71
71 70
78 79
217 78
1 2
538 542
538 543
538 540
538 541
538 546
538 547
538 544
538 545
9 8
538 548
538 549
124 68
119 120
119 121
217 122
122 123
217 124
126 125
135 126
126 127
126 128
126 129
412 414
416 415
449 416
416 417
409 410
412 411
442 412
412 413
496 498
419 418
427 419
496 499
322 319
317 318
311 313
311 312
332 311
311 310
332 317
317 316
311 315
311 314
523 496
496 497
4 3
394 368
368 369
367 366
538 367
370 364
364 365
357 362
364 363
357 360
357 361
381 380
538 381
381 382
384 383
538 384
384 385
387 386
538 387
387 388
387 389
582 579
577 578
572 573
575 572
572 571
571 570
579 577
577 576
577 575
575 574
61 60
172 61
259 258
294 259
210 64
64 65
64 66
68 67
253 252
68 69
248 250
248 251
271 256
256 257
253 254
253 255
505 508
510 509
505 506
505 507
505 504
516 505
510 502
502 503
510 500
502 501
487 469
469 468
464 465
476 464
466 467
490 466
469 461
461 460
464 463
461 462
164 168
164 169
217 164
164 165
164 166
164 167
161 160
199 161
161 162
161 163
149 9
538 357
357 356
354 355
538 354
354 353
351 352
538 351
351 350
357 359
357 358
210 216
237 217
210 214
210 215
210 212
210 213
237 210
210 211
217 218
217 219
288 289
294 288
126 4
278 281
278 280
284 283
278 282
284 285
294 284
284 287
284 286
262 263
268 262
262 261
259 260
296 267
265 266
294 265
262 264
268 269
293 268
58 59
105 58
158 55
55 54
58 57
55 56
164 51
51 50
51 53
51 52
536 537
561 536
536 535
64 63
534 533
560 532
532 531
529 530
538 539
567 538
114 115
210 114
172 117
117 116
278 111
111 110
114 113
111 112
164 119
117 118
427 429
427 428
570 534
422 421
419 420
422 423
440 422
435 425
425 424
437 427
425 426
307 308
307 309
311 300
300 301
300 302
300 303
305 304
307 305
305 306
311 307
567 568
570 569
561 560
571 561
575 562
562 563
562 564
562 565
562 566
571 567
228 229
246 228
274 227
227 226
217 225
217 224
217 223
217 222
217 221
217 220
387 391
387 390
152 151
149 150
152 153
157 152
217 155
155 154
217 157
155 156
158 159
237 158
397 399
397 398
217 48
48 49
126 46
46 47
43 44
46 45
41 42
141 43
39 40
217 41
6 5
487 489
487 488
496 487
487 486
484 485
496 484
484 483
481 482
490 481
479 480
471 472
496 473
471 470
500 471
481 476
476 477
473 474
476 475
479 478
505 479
