419
620
0
411 8
406 10
408 11
413 13
414 14
410 18
409 17
428 22
429 23
418 25
420 26
450 30
436 33
424 35
426 36
447 37
432 41
439 43
434 44
452 45
443 47
400 49
402 50
430 51
448 54
445 56
405 58
403 59
417 62
415 63
441 65
423 67
421 68
456 69
581 71
583 72
580 74
576 76
578 78
566 83
565 84
563 88
376 91
378 92
379 93
346 95
345 94
562 80
564 98
573 101
574 102
533 107
524 110
526 111
457 114
459 115
522 119
520 120
513 122
518 126
517 128
504 130
506 133
508 134
480 137
507 138
478 139
501 142
503 143
511 146
512 147
492 150
494 151
470 153
472 154
515 156
489 163
462 166
460 167
468 168
488 169
486 170
499 171
466 176
467 178
491 179
465 182
463 183
477 185
475 187
482 188
497 189
495 191
498 192
474 195
473 194
485 198
483 199
509 200
569 201
535 204
559 206
528 208
530 210
531 211
537 212
555 216
553 217
568 218
556 221
558 222
391 224
541 227
546 228
387 223
386 233
389 234
548 236
382 239
380 240
549 242
356 248
362 250
360 253
361 254
358 256
359 257
372 259
396 260
347 264
349 265
363 268
365 269
550 270
371 271
399 274
383 277
341 278
339 279
398 282
397 281
545 284
542 289
552 290
539 292
395 297
323 299
325 300
390 304
388 306
392 307
551 308
369 310
368 309
393 312
355 314
353 315
538 237
373 321
375 322
385 324
350 326
352 327
544 328
547 332
366 333
543 334
344 337
342 338
540 339
319 343
320 345
326 347
328 349
321 350
337 355
329 359
336 358
333 361
334 362
332 351
335 365
316 367
317 366
318 370
301 373
299 376
303 377
302 378
310 382
331 383
315 385
314 386
312 388
306 391
304 392
313 394
308 396
309 398
298 400
249 405
250 406
247 408
251 409
244 411
231 413
232 415
19 416
20 418
200 422
202 423
205 425
86 428
87 430
207 431
208 433
109 435
107 436
266 441
171 444
170 445
194 447
192 448
285 451
287 452
258 455
283 457
260 458
286 459
280 461
279 464
282 465
273 467
110 469
112 470
292 475
269 477
263 479
264 481
261 482
290 483
134 486
132 488
204 489
229 491
160 493
162 496
198 497
163 498
288 471
233 507
235 508
255 509
252 510
254 511
197 515
195 516
275 518
281 519
189 522
191 523
226 524
276 526
23 529
25 530
289 532
270 535
184 538
187 540
186 541
257 542
54 548
56 549
159 550
238 551
242 552
241 554
236 557
93 564
91 565
94 567
181 571
97 572
96 573
95 566
142 576
80 579
82 581
83 582
44 584
43 583
179 586
14 588
13 587
210 558
213 595
215 597
209 598
115 601
114 600
113 605
214 606
239 608
211 607
216 611
212 613
73 615
17 617
18 616
240 620
37 623
34 625
36 626
59 632
104 633
106 634
57 636
69 639
67 640
100 642
98 644
99 641
102 649
103 648
101 651
140 652
217 621
123 660
218 661
168 665
120 667
38 670
40 671
121 672
50 678
52 679
167 681
10 683
12 684
53 686
169 688
224 689
165 690
164 662
166 692
178 696
173 698
28 700
29 699
30 703
175 706
60 708
62 710
61 707
176 713
116 715
118 716
177 717
222 720
183 723
174 725
243 727
138 728
182 719
130 733
45 737
47 738
125 741
127 742
4 743
3 745
131 747
128 749
129 750
16 755
15 754
137 757
136 758
135 731
219 760
42 767
41 766
31 770
33 771
66 773
65 775
63 776
221 778
156 780
154 781
223 783
145 790
147 791
72 794
70 795
90 797
88 799
7 801
5 802
146 803
143 804
148 806
150 808
9 809
8 811
21 814
22 813
151 817
153 819
85 821
77 823
75 824
79 827
225 828
220 830
49 832
27 834
2 836
0 837
0 1
1 2
2 3
3 4
4 5
5 6
6 8
6 9
9 10
9 11
6 12
12 13
12 14
5 16
16 17
17 18
16 20
20 22
20 23
20 24
24 25
24 26
5 28
28 29
29 30
29 31
31 32
32 33
32 34
34 35
34 36
31 37
28 39
39 40
40 41
40 42
42 43
42 44
39 45
28 46
46 47
46 48
48 49
48 50
5 51
4 52
52 53
53 54
53 55
55 56
55 57
57 58
57 59
52 60
60 61
61 62
61 63
60 65
60 66
66 67
66 68
3 69
2 70
70 71
70 72
1 73
73 74
73 75
75 76
75 77
77 78
77 79
79 80
80 83
80 84
80 88
80 89
89 91
89 92
89 93
80 94
94 95
80 98
79 99
99 100
100 101
100 102
99 103
103 104
104 105
105 106
106 107
106 108
108 109
109 110
109 111
108 112
112 113
113 114
113 115
112 116
116 117
117 118
118 119
118 120
117 121
121 122
121 124
124 125
125 126
125 127
127 128
127 129
129 130
129 133
129 134
129 136
136 137
136 138
129 139
124 140
140 141
141 142
141 143
140 144
144 145
145 146
145 147
144 148
148 150
148 151
148 152
152 153
152 154
121 155
155 156
155 157
157 160
160 162
162 163
162 164
164 165
165 166
165 167
164 168
160 169
160 170
157 171
157 174
174 176
176 178
174 179
174 180
180 181
181 182
181 183
180 185
180 186
186 187
186 188
157 189
157 191
157 192
157 193
193 194
194 195
193 197
197 198
197 199
116 200
105 201
104 202
202 203
203 204
203 205
205 206
205 207
207 208
207 209
209 210
209 211
202 212
103 213
213 214
214 215
215 216
215 217
214 218
213 220
220 221
220 222
213 223
223 224
223 227
223 228
223 233
223 234
223 236
223 237
237 238
238 239
238 240
237 242
237 246
246 247
247 248
247 250
247 253
247 254
247 256
247 257
246 259
246 260
237 261
261 262
262 263
263 264
263 265
262 267
267 268
267 269
262 270
261 271
271 273
273 274
273 275
275 277
275 278
275 279
237 281
281 282
237 284
237 289
237 290
237 292
237 294
294 297
294 298
298 299
298 300
294 303
303 304
303 306
303 307
294 308
294 309
309 310
294 312
237 313
313 314
313 315
237 320
320 321
320 322
237 323
323 324
323 326
323 327
237 328
237 332
237 333
237 334
237 336
336 337
336 338
237 339
339 341
341 342
342 343
343 345
342 347
342 348
348 349
348 350
341 351
351 355
351 357
357 358
358 359
357 361
351 362
351 365
351 366
366 367
366 370
351 371
371 372
372 373
372 376
372 377
372 378
371 382
371 383
371 385
371 386
371 388
371 390
390 391
390 392
371 393
393 394
393 396
393 397
397 398
397 399
399 400
399 401
401 402
402 403
403 405
403 406
403 408
403 409
402 410
410 411
410 412
412 413
412 414
414 415
414 416
416 418
401 419
419 420
420 421
421 422
421 423
420 424
424 425
424 428
428 430
424 431
424 433
424 434
434 435
434 436
419 437
437 440
440 441
440 442
442 443
443 444
443 445
442 446
446 447
446 448
437 449
449 450
450 451
450 452
449 454
454 455
454 457
454 458
449 459
437 460
460 461
460 463
463 464
463 465
460 466
466 467
466 468
468 469
468 470
437 471
471 472
472 475
472 476
476 477
476 478
478 479
478 481
478 482
472 483
472 484
484 485
485 486
485 488
485 489
484 490
490 491
490 492
492 493
492 495
495 496
495 497
492 498
471 502
502 503
503 506
506 507
506 508
503 509
503 510
503 511
502 514
514 515
514 516
502 517
517 518
517 519
502 520
520 521
521 522
521 523
520 524
471 525
525 526
525 528
528 529
528 530
525 531
531 532
531 534
534 535
534 536
536 537
537 538
537 540
537 541
536 542
531 543
543 545
545 546
546 547
547 548
547 549
546 550
545 551
543 552
543 554
543 555
555 557
555 558
558 559
559 560
560 563
563 564
563 565
560 566
566 567
566 569
569 571
569 572
569 573
560 575
575 576
575 578
578 579
578 580
580 581
580 582
575 583
583 584
560 586
559 587
587 588
558 595
558 596
596 597
596 598
558 600
600 601
600 605
600 606
558 607
607 608
558 611
558 613
558 614
614 615
614 616
616 617
555 620
555 621
621 622
622 623
622 625
622 626
621 629
629 630
630 632
630 633
630 634
634 636
629 638
638 639
638 640
629 641
641 642
641 644
641 648
648 649
641 651
621 652
621 658
658 660
658 661
658 662
662 665
662 666
666 667
666 668
668 669
669 670
669 671
668 672
662 676
676 678
676 679
676 680
680 681
680 683
680 684
662 685
685 686
685 688
685 689
662 690
662 692
621 693
693 696
693 698
693 699
699 700
699 703
693 706
693 707
707 708
707 710
693 713
693 714
714 715
714 716
693 717
621 719
719 720
719 722
722 723
722 725
722 727
722 728
621 731
731 732
732 733
732 735
735 736
736 737
736 738
735 741
735 742
735 743
743 745
732 747
732 748
748 749
748 750
731 754
754 755
731 757
731 758
621 760
621 764
764 766
766 767
764 769
769 770
769 771
764 772
772 773
772 775
772 776
621 777
777 778
777 779
779 780
779 781
621 783
621 784
784 785
785 786
786 790
786 791
786 793
793 794
793 795
786 796
796 797
796 799
796 800
800 801
800 802
786 803
786 804
785 806
785 808
785 809
809 811
784 813
813 814
784 816
816 817
816 819
816 820
820 821
820 822
822 823
822 824
621 826
826 827
826 828
621 829
829 830
829 831
831 832
831 833
833 834
833 835
835 836
835 837
