419
584
584
344 344
0 0
346 346
347 347
341 341
342 342
349 349
298 298
299 299
292 292
290 290
198 198
195 195
194 194
197 197
191 191
192 192
270 270
273 273
275 275
276 276
279 279
524 524
526 526
520 520
522 522
528 528
448 448
443 443
441 441
447 447
445 445
109 109
102 102
103 103
100 100
101 101
106 106
107 107
104 104
38 38
33 33
31 31
30 30
37 37
36 36
34 34
439 439
436 436
434 434
432 432
430 430
339 339
335 335
334 334
337 337
336 336
331 331
333 333
332 332
345 345
99 99
98 98
91 91
90 90
93 93
95 95
94 94
97 97
96 96
559 559
558 558
555 555
556 556
551 551
550 550
553 553
552 552
238 238
239 239
235 235
236 236
231 231
232 232
233 233
146 146
147 147
145 145
142 142
143 143
140 140
148 148
132 132
131 131
130 130
137 137
136 136
135 135
134 134
494 494
495 495
138 138
491 491
492 492
25 25
27 27
20 20
21 21
22 22
23 23
28 28
29 29
406 406
405 405
403 403
402 402
400 400
409 409
408 408
379 379
378 378
371 371
373 373
372 372
375 375
376 376
393 393
392 392
88 88
390 390
397 397
396 396
395 395
82 82
83 83
399 399
398 398
86 86
87 87
85 85
7 7
583 583
580 580
581 581
244 244
247 247
241 241
240 240
243 243
242 242
249 249
518 518
511 511
513 513
512 512
515 515
517 517
459 459
450 450
452 452
456 456
457 457
179 179
178 178
177 177
176 176
175 175
174 174
173 173
171 171
170 170
182 182
183 183
181 181
186 186
187 187
184 184
189 189
10 10
13 13
12 12
15 15
14 14
17 17
16 16
19 19
18 18
62 62
323 323
320 320
321 321
326 326
325 325
328 328
329 329
200 200
202 202
205 205
204 204
207 207
209 209
208 208
77 77
75 75
73 73
72 72
70 70
79 79
2 2
542 542
543 543
540 540
541 541
546 546
547 547
544 544
545 545
8 8
548 548
549 549
120 120
121 121
123 123
125 125
127 127
128 128
129 129
414 414
415 415
417 417
410 410
411 411
413 413
498 498
418 418
499 499
319 319
318 318
313 313
312 312
310 310
317 317
316 316
315 315
314 314
497 497
3 3
368 368
369 369
366 366
365 365
362 362
363 363
360 360
361 361
380 380
382 382
383 383
385 385
386 386
387 387
388 388
389 389
578 578
573 573
576 576
574 574
60 60
61 61
258 258
63 63
65 65
66 66
67 67
252 252
69 69
250 250
251 251
257 257
254 254
255 255
508 508
509 509
506 506
507 507
504 504
503 503
501 501
468 468
465 465
467 467
466 466
460 460
463 463
462 462
168 168
169 169
164 164
165 165
166 166
167 167
160 160
162 162
163 163
9 9
356 356
355 355
353 353
352 352
350 350
359 359
358 358
216 216
217 217
214 214
215 215
212 212
213 213
210 210
211 211
218 218
219 219
289 289
288 288
4 4
281 281
280 280
283 283
282 282
285 285
287 287
286 286
263 263
261 261
260 260
266 266
264 264
269 269
59 59
54 54
57 57
56 56
50 50
53 53
52 52
537 537
535 535
533 533
531 531
530 530
539 539
538 538
115 115
114 114
116 116
110 110
113 113
112 112
118 118
429 429
428 428
421 421
420 420
423 423
424 424
426 426
308 308
309 309
301 301
302 302
303 303
304 304
306 306
568 568
569 569
562 562
563 563
564 564
565 565
566 566
229 229
226 226
225 225
224 224
223 223
222 222
221 221
220 220
391 391
151 151
150 150
153 153
154 154
156 156
159 159
80 80
49 49
47 47
44 44
45 45
42 42
43 43
40 40
41 41
5 5
489 489
488 488
486 486
485 485
483 483
482 482
480 480
472 472
473 473
470 470
477 477
474 474
475 475
478 478
343 344
1 0
345 346
348 347
538 340
340 341
343 342
538 343
370 348
348 349
297 298
300 299
297 296
311 297
295 294
296 295
291 292
295 293
291 290
293 291
203 199
199 198
196 195
193 194
196 197
274 196
190 191
227 190
265 193
193 192
271 270
294 271
278 272
272 273
294 274
274 275
274 276
295 277
294 278
278 279
525 524
527 525
525 526
534 527
521 520
523 521
521 522
527 523
529 528
532 529
454 449
446 448
442 443
451 442
440 441
449 440
446 447
451 446
444 445
455 444
206 108
108 109
99 102
99 103
99 100
99 101
105 106
108 107
105 104
124 105
119 39
39 38
32 33
217 32
32 31
29 30
35 37
35 36
122 35
35 34
451 438
438 439
435 436
451 437
433 434
446 435
431 432
438 433
431 430
433 431
340 339
367 338
332 335
332 334
332 337
332 336
330 331
332 330
332 333
338 332
562 345
89 6
124 99
99 98
92 91
89 90
92 93
180 92
180 95
95 94
95 97
95 96
560 559
557 558
554 555
567 554
567 557
557 556
538 551
538 550
554 553
538 552
237 238
237 239
253 234
234 235
237 236
272 237
245 230
230 231
230 232
234 233
26 1
144 146
144 147
149 144
144 145
141 142
144 143
139 140
180 141
149 148
157 149
246 133
133 132
126 131
126 130
135 137
135 136
217 135
133 134
493 494
496 495
217 139
139 138
496 490
490 491
493 492
500 493
288 24
24 25
48 26
26 27
19 20
22 21
217 22
24 23
29 28
172 29
412 407
407 406
404 405
444 404
404 403
401 402
453 401
401 400
437 409
407 408
377 379
377 378
538 371
538 370
374 373
371 372
374 375
538 374
562 377
377 376
394 393
387 392
89 88
144 89
538 397
394 396
394 395
538 394
81 82
81 83
81 80
141 81
206 86
86 87
152 84
84 85
6 7
584 582
582 583
579 580
582 581
267 245
245 244
248 247
291 246
237 241
237 240
237 243
237 242
248 249
267 248
523 519
516 518
510 511
523 510
514 513
510 512
514 515
519 514
516 517
519 516
521 458
458 459
451 450
453 451
451 452
454 453
455 454
582 455
455 456
458 457
180 179
172 178
172 177
172 176
172 175
172 174
172 173
217 172
265 171
171 170
274 253
217 182
182 183
188 180
180 181
185 186
185 187
185 184
256 185
210 188
190 189
51 11
11 10
188 13
11 12
78 15
13 14
18 17
15 16
230 19
74 18
61 62
327 322
324 323
319 320
322 321
327 326
338 327
394 324
324 325
327 328
330 329
277 201
201 200
228 203
201 202
206 205
203 204
206 207
277 206
210 209
206 208
76 77
84 76
76 75
210 74
74 73
71 72
144 71
71 70
78 79
217 78
1 2
538 542
538 543
538 540
538 541
538 546
538 547
538 544
538 545
9 8
538 548
538 549
124 68
119 120
119 121
217 122
122 123
217 124
126 125
135 126
126 127
126 128
126 129
412 414
416 415
449 416
416 417
409 410
412 411
442 412
412 413
496 498
419 418
427 419
496 499
322 319
317 318
311 313
311 312
332 311
311 310
332 317
317 316
311 315
311 314
523 496
496 497
4 3
394 368
368 369
367 366
538 367
370 364
364 365
357 362
364 363
357 360
357 361
381 380
538 381
381 382
384 383
538 384
384 385
387 386
538 387
387 388
387 389
582 579
577 578
572 573
575 572
572 571
571 570
579 577
577 576
577 575
575 574
61 60
172 61
259 258
294 259
210 64
64 65
64 66
68 67
253 252
68 69
248 250
248 251
271 256
256 257
253 254
253 255
505 508
510 509
505 506
505 507
505 504
516 505
510 502
502 503
510 500
502 501
487 469
469 468
464 465
476 464
466 467
490 466
469 461
461 460
464 463
461 462
164 168
164 169
217 164
164 165
164 166
164 167
161 160
199 161
161 162
161 163
149 9
538 357
357 356
354 355
538 354
354 353
351 352
538 351
351 350
357 359
357 358
210 216
237 217
210 214
210 215
210 212
210 213
237 210
210 211
217 218
217 219
288 289
294 288
126 4
278 281
278 280
284 283
278 282
284 285
294 284
284 287
284 286
262 263
268 262
262 261
259 260
296 267
265 266
294 265
262 264
268 269
293 268
58 59
105 58
158 55
55 54
58 57
55 56
164 51
51 50
51 53
51 52
536 537
561 536
536 535
64 63
534 533
560 532
532 531
529 530
538 539
567 538
114 115
210 114
172 117
117 116
278 111
111 110
114 113
111 112
164 119
117 118
427 429
427 428
570 534
422 421
419 420
422 423
440 422
435 425
425 424
437 427
425 426
307 308
307 309
311 300
300 301
300 302
300 303
305 304
307 305
305 306
311 307
567 568
570 569
561 560
571 561
575 562
562 563
562 564
562 565
562 566
571 567
228 229
246 228
274 227
227 226
217 225
217 224
217 223
217 222
217 221
217 220
387 391
387 390
152 151
149 150
152 153
157 152
217 155
155 154
217 157
155 156
158 159
237 158
397 399
397 398
217 48
48 49
126 46
46 47
43 44
46 45
41 42
141 43
39 40
217 41
6 5
487 489
487 488
496 487
487 486
484 485
496 484
484 483
481 482
490 481
479 480
471 472
496 473
471 470
500 471
481 476
476 477
473 474
476 475
479 478
505 479
