473
945
0
203 7
204 8
229 12
223 14
242 16
244 17
241 20
228 23
226 24
239 25
251 26
257 30
259 31
289 32
222 37
197 39
198 40
231 41
202 45
199 47
201 48
214 49
217 51
216 52
291 55
294 56
273 60
290 62
293 63
292 64
288 66
526 67
238 70
236 71
249 72
527 75
520 80
531 81
517 85
530 87
519 88
270 91
268 92
271 93
523 96
525 97
522 99
515 100
263 103
264 104
516 105
528 107
518 109
521 113
529 114
286 117
285 118
524 119
267 121
279 123
276 125
280 127
275 128
255 131
256 133
253 134
265 136
283 138
281 140
284 141
278 144
277 145
645 148
646 149
643 151
647 152
640 157
532 159
534 160
504 162
507 164
506 165
509 169
510 171
514 172
512 173
513 176
225 179
210 183
211 184
213 185
212 186
508 188
511 189
260 191
262 192
209 198
207 199
218 200
220 203
174 207
172 208
206 209
191 213
193 217
186 218
189 221
188 222
192 223
177 225
190 226
183 231
182 232
168 236
169 237
156 240
158 241
164 242
184 244
167 245
165 246
160 249
162 250
185 251
171 254
170 255
175 256
196 258
194 259
180 262
178 263
641 265
235 268
234 270
232 271
246 274
248 275
247 276
498 280
483 285
488 287
490 288
486 291
485 292
491 295
492 297
489 298
487 299
481 303
478 305
477 307
475 308
480 309
493 311
495 314
501 315
499 316
496 318
502 319
150 325
152 326
118 332
46 334
48 336
49 337
116 340
117 342
31 344
33 345
52 348
50 349
98 350
99 351
111 353
114 354
45 358
44 359
43 360
113 362
91 364
89 365
154 367
149 368
105 376
102 377
104 378
130 379
131 380
133 385
87 386
85 387
88 388
71 391
69 392
94 394
92 395
127 405
123 407
72 409
74 410
132 411
129 413
66 414
138 415
42 417
40 418
108 419
141 421
140 424
134 425
126 426
81 431
9 433
7 434
80 438
78 439
36 442
35 443
34 444
53 446
55 447
100 448
109 451
24 453
23 454
135 455
125 458
57 461
29 463
27 464
30 465
106 466
77 469
75 470
139 473
136 478
124 479
96 480
37 483
39 484
68 485
137 486
142 488
128 489
14 496
63 498
58 500
59 501
26 502
65 505
10 508
11 509
60 510
12 511
18 515
15 516
19 518
6 520
5 521
17 522
4 527
2 528
1 530
0 531
61 533
20 537
22 538
64 539
62 540
84 541
120 543
121 546
122 547
146 549
144 550
635 555
613 557
465 562
464 564
614 565
462 566
474 568
472 570
473 572
471 573
611 574
630 576
632 577
581 582
584 583
576 588
579 589
568 591
566 592
573 595
565 597
547 601
545 602
555 603
539 605
541 606
575 607
577 610
585 611
571 613
562 618
553 620
560 621
563 625
559 627
561 628
550 631
548 633
551 634
557 635
538 638
537 639
535 640
544 642
542 643
569 644
587 645
422 650
315 655
319 656
318 660
320 661
316 662
317 664
314 666
313 667
297 672
295 673
418 674
415 676
396 678
353 680
341 682
339 683
298 693
300 694
324 697
326 698
337 701
333 703
335 704
338 705
401 706
402 707
397 709
400 710
362 712
388 715
390 716
360 717
403 719
399 720
404 722
307 728
310 729
312 731
311 733
309 734
376 737
373 738
377 740
375 741
306 744
304 745
321 747
323 748
381 750
383 751
411 754
366 761
367 762
372 763
394 764
405 765
409 766
412 770
408 772
368 774
370 775
351 780
349 781
352 782
387 783
345 788
348 789
347 790
332 792
331 793
385 795
303 797
301 798
413 801
407 803
410 804
357 807
358 809
355 810
392 813
359 814
327 816
329 818
330 819
365 823
363 824
379 826
380 827
342 829
344 830
419 831
423 834
449 839
447 840
451 842
450 843
457 846
435 849
437 850
438 851
454 853
434 856
439 857
432 858
452 861
619 865
616 867
615 870
621 871
620 872
459 875
461 876
466 877
467 880
617 881
618 882
444 887
445 888
442 890
446 891
455 892
456 893
425 897
427 898
431 899
623 901
440 902
602 906
624 908
626 910
604 911
627 912
634 913
608 916
428 919
430 920
588 924
590 925
606 928
609 929
470 931
468 932
599 934
601 935
591 937
593 938
594 941
597 942
596 944
598 945
0 1
1 2
2 3
3 4
4 5
5 6
6 7
6 8
5 9
9 10
10 11
11 12
11 13
13 14
13 15
15 16
15 17
10 18
18 19
19 20
19 21
21 22
22 23
22 24
21 25
18 26
9 27
27 28
28 29
29 30
29 31
28 32
27 33
33 34
34 35
35 36
36 37
36 38
38 39
38 40
35 41
34 42
42 43
43 44
44 45
44 46
46 47
46 48
43 49
42 50
50 51
50 52
33 53
53 54
54 55
54 56
53 57
57 58
58 59
59 60
59 61
61 62
61 63
58 64
57 65
65 66
65 67
4 68
68 69
69 70
69 71
68 72
3 73
73 74
74 75
74 76
76 77
77 78
78 79
79 80
79 81
78 82
82 83
83 84
84 85
84 86
86 87
86 88
83 89
89 90
90 91
90 92
89 93
82 94
94 95
95 96
95 97
94 98
98 99
98 100
77 101
101 102
102 103
102 104
101 105
76 106
106 107
106 108
108 109
108 110
110 111
111 112
112 113
112 114
111 115
115 116
116 117
116 118
115 119
110 120
120 121
120 122
122 123
122 124
124 125
124 126
126 127
126 128
73 129
129 130
130 131
130 132
132 133
132 134
129 135
135 136
135 137
137 138
137 139
139 140
139 141
2 142
142 143
143 144
143 145
142 146
146 147
147 148
147 149
146 150
150 151
150 152
1 153
153 154
154 155
155 156
156 157
156 158
158 159
158 160
155 161
161 162
161 163
163 164
163 165
154 166
166 167
167 168
168 169
168 170
170 171
170 172
167 173
166 174
174 175
175 176
175 177
177 178
178 179
178 180
180 181
181 182
182 183
182 184
181 185
180 186
177 187
187 188
187 189
174 190
190 191
190 192
153 193
193 194
194 195
195 196
196 197
197 198
197 199
196 200
195 201
201 202
202 203
202 204
204 205
205 206
206 207
206 208
205 209
204 210
210 211
211 212
212 213
212 214
214 215
215 216
216 217
216 218
215 219
219 220
220 221
220 222
219 223
214 224
224 225
224 226
211 227
227 228
228 229
229 230
230 231
230 232
229 233
233 234
234 235
235 236
235 237
234 238
238 239
239 240
239 241
238 242
233 243
243 244
243 245
228 246
227 247
247 248
248 249
248 250
247 251
210 252
252 253
253 254
253 255
252 256
201 257
257 258
257 259
194 260
260 261
261 262
261 263
260 264
264 265
264 266
266 267
267 268
267 269
269 270
269 271
266 272
272 273
273 274
273 275
272 276
193 277
277 278
278 279
279 280
279 281
281 282
282 283
283 284
284 285
284 286
286 287
286 288
283 289
289 290
290 291
290 292
289 293
293 294
294 295
294 296
296 297
296 298
293 299
282 300
300 301
301 302
302 303
302 304
304 305
304 306
306 307
306 308
301 309
300 310
310 311
310 312
312 313
313 314
313 315
312 316
281 317
317 318
317 319
278 320
320 321
321 322
322 323
323 324
324 325
324 326
323 327
327 328
328 329
329 330
330 331
331 332
331 333
333 334
333 335
335 336
335 337
330 338
338 339
339 340
339 341
341 342
341 343
343 344
343 345
338 346
346 347
347 348
347 349
346 350
329 351
328 352
352 353
352 354
327 355
355 356
356 357
357 358
357 359
356 360
355 361
361 362
361 363
363 364
363 365
322 366
366 367
366 368
321 369
369 370
370 371
371 372
372 373
373 374
374 375
375 376
375 377
374 378
373 379
372 380
371 381
381 382
382 383
383 384
384 385
384 386
383 387
382 388
381 389
389 390
390 391
390 392
389 393
393 394
393 395
370 396
396 397
397 398
398 399
399 400
400 401
401 402
402 403
403 404
404 405
404 406
406 407
406 408
408 409
408 410
403 411
402 412
412 413
412 414
401 415
400 416
416 417
416 418
399 419
398 420
420 421
420 422
422 423
423 424
423 425
422 426
397 427
427 428
428 429
429 430
430 431
430 432
432 433
432 434
429 435
435 436
436 437
437 438
437 439
436 440
440 441
441 442
441 443
440 444
435 445
445 446
445 447
428 448
427 449
449 450
450 451
450 452
452 453
452 454
449 455
396 456
456 457
457 458
457 459
459 460
460 461
460 462
462 463
462 464
459 465
456 466
369 467
467 468
468 469
468 470
467 471
471 472
472 473
472 474
474 475
475 476
476 477
477 478
477 479
476 480
475 481
481 482
482 483
482 484
481 485
474 486
471 487
487 488
487 489
320 490
490 491
491 492
492 493
493 494
494 495
495 496
495 497
497 498
497 499
499 500
499 501
494 502
493 503
503 504
504 505
504 506
506 507
507 508
507 509
506 510
503 511
492 512
512 513
513 514
514 515
514 516
513 517
517 518
517 519
519 520
519 521
512 522
491 523
523 524
524 525
525 526
526 527
526 528
525 529
529 530
529 531
524 532
532 533
532 534
534 535
535 536
536 537
536 538
535 539
534 540
523 541
490 542
542 543
542 544
544 545
545 546
545 547
544 548
548 549
548 550
277 551
551 552
552 553
553 554
554 555
554 556
556 557
556 558
558 559
559 560
560 561
561 562
561 563
563 564
563 565
560 566
559 567
567 568
567 569
569 570
569 571
571 572
571 573
558 574
553 575
575 576
575 577
552 578
578 579
579 580
580 581
581 582
581 583
580 584
584 585
585 586
586 587
587 588
587 589
586 590
590 591
590 592
585 593
593 594
594 595
594 596
596 597
596 598
598 599
599 600
600 601
600 602
599 603
598 604
604 605
604 606
593 607
584 608
608 609
609 610
609 611
608 612
612 613
612 614
614 615
615 616
616 617
617 618
617 619
619 620
619 621
616 622
622 623
623 624
624 625
624 626
626 627
626 628
623 629
629 630
630 631
630 632
632 633
632 634
629 635
622 636
636 637
637 638
637 639
636 640
615 641
641 642
641 643
614 644
579 645
578 646
646 647
647 648
648 649
649 650
649 651
651 652
652 653
653 654
654 655
654 656
653 657
657 658
658 659
659 660
659 661
658 662
657 663
663 664
663 665
665 666
665 667
652 668
668 669
669 670
670 671
671 672
671 673
670 674
669 675
675 676
675 677
677 678
677 679
679 680
679 681
681 682
681 683
668 684
684 685
685 686
686 687
687 688
688 689
689 690
690 691
691 692
692 693
692 694
691 695
695 696
696 697
696 698
695 699
699 700
700 701
700 702
702 703
702 704
699 705
690 706
689 707
688 708
708 709
708 710
687 711
711 712
711 713
713 714
714 715
714 716
713 717
686 718
718 719
718 720
685 721
721 722
721 723
723 724
724 725
725 726
726 727
727 728
727 729
726 730
730 731
730 732
732 733
732 734
725 735
735 736
736 737
736 738
735 739
739 740
739 741
724 742
742 743
743 744
743 745
742 746
746 747
746 748
723 749
749 750
749 751
684 752
752 753
753 754
753 755
755 756
756 757
757 758
758 759
759 760
760 761
760 762
759 763
758 764
757 765
756 766
755 767
767 768
768 769
769 770
769 771
771 772
771 773
773 774
773 775
768 776
776 777
777 778
778 779
779 780
779 781
778 782
777 783
776 784
784 785
785 786
786 787
787 788
787 789
786 790
785 791
791 792
791 793
784 794
794 795
794 796
796 797
796 798
767 799
799 800
800 801
800 802
802 803
802 804
799 805
805 806
806 807
806 808
808 809
808 810
805 811
811 812
812 813
812 814
811 815
815 816
815 817
817 818
817 819
752 820
820 821
821 822
822 823
822 824
821 825
825 826
825 827
820 828
828 829
828 830
651 831
648 832
832 833
833 834
833 835
835 836
836 837
837 838
838 839
838 840
837 841
841 842
841 843
836 844
844 845
845 846
845 847
847 848
848 849
848 850
847 851
844 852
852 853
852 854
854 855
855 856
855 857
854 858
835 859
859 860
860 861
860 862
862 863
863 864
864 865
864 866
866 867
866 868
868 869
869 870
869 871
868 872
863 873
873 874
874 875
874 876
873 877
862 878
878 879
879 880
879 881
878 882
859 883
883 884
884 885
885 886
886 887
886 888
885 889
889 890
889 891
884 892
883 893
832 894
894 895
895 896
896 897
896 898
895 899
894 900
900 901
900 902
647 903
903 904
904 905
905 906
905 907
907 908
907 909
909 910
909 911
904 912
903 913
646 914
914 915
915 916
915 917
917 918
918 919
918 920
917 921
921 922
922 923
923 924
923 925
922 926
926 927
927 928
927 929
926 930
930 931
930 932
921 933
933 934
933 935
914 936
936 937
936 938
551 939
939 940
940 941
940 942
939 943
943 944
943 945
