473
473
473
0 0
1 1
2 2
4 3
5 4
6 5
7 6
9 7
10 8
11 9
12 10
14 11
15 12
17 13
18 14
19 15
20 16
22 17
23 18
24 19
26 20
27 21
29 22
30 23
31 24
33 25
34 26
36 27
35 28
37 29
39 30
40 31
42 32
43 33
44 34
45 35
46 36
48 37
49 38
50 39
52 40
53 41
55 42
57 43
58 44
59 45
60 46
61 47
62 48
63 49
64 50
65 51
66 52
68 53
69 54
71 55
72 56
74 57
75 58
77 59
78 60
80 61
81 62
84 63
85 64
87 65
88 66
89 67
91 68
92 69
94 70
96 71
98 72
99 73
100 74
102 75
104 76
105 77
106 78
108 79
109 80
111 81
113 82
114 83
116 84
118 85
117 86
120 87
121 88
122 89
123 90
125 91
126 92
127 93
128 94
129 95
130 96
131 97
132 98
133 99
134 100
135 101
136 102
137 103
138 104
139 105
140 106
141 107
124 108
142 109
144 110
146 111
149 112
150 113
152 114
154 115
156 116
158 117
160 118
162 119
164 120
165 121
167 122
168 123
169 124
170 125
171 126
172 127
174 128
175 129
177 130
178 131
180 132
182 133
183 134
184 135
185 136
186 137
188 138
189 139
190 140
191 141
192 142
193 143
194 144
196 145
197 146
198 147
199 148
201 149
202 150
203 151
204 152
206 153
207 154
209 155
210 156
212 157
213 158
211 159
214 160
216 161
217 162
218 163
220 164
222 165
223 166
225 167
226 168
228 169
229 170
231 171
232 172
234 173
235 174
236 175
238 176
239 177
241 178
242 179
244 180
246 181
247 182
248 183
249 184
251 185
253 186
255 187
256 188
257 189
259 190
260 191
262 192
263 193
264 194
265 195
267 196
268 197
270 198
271 199
273 200
275 201
277 202
276 203
278 204
279 205
280 206
281 207
283 208
284 209
285 210
286 211
288 212
289 213
290 214
291 215
292 216
293 217
294 218
295 219
297 220
298 221
300 222
301 223
303 224
304 225
306 226
307 227
309 228
310 229
311 230
312 231
313 232
314 233
315 234
316 235
317 236
318 237
319 238
320 239
321 240
323 241
324 242
326 243
327 244
329 245
330 246
331 247
332 248
333 249
335 250
337 251
338 252
339 253
341 254
342 255
344 256
345 257
347 258
348 259
349 260
351 261
352 262
353 263
355 264
357 265
358 266
359 267
360 268
362 269
363 270
365 271
366 272
367 273
368 274
370 275
372 276
373 277
375 278
376 279
377 280
379 281
380 282
381 283
383 284
385 285
387 286
388 287
390 288
392 289
394 290
396 291
397 292
399 293
400 294
401 295
402 296
403 297
404 298
405 299
407 300
408 301
409 302
410 303
411 304
412 305
413 306
415 307
418 308
419 309
422 310
423 311
425 312
427 313
428 314
430 315
431 316
432 317
434 318
435 319
437 320
438 321
439 322
440 323
442 324
444 325
445 326
446 327
447 328
449 329
450 330
451 331
452 332
454 333
455 334
456 335
457 336
459 337
461 338
462 339
464 340
465 341
466 342
467 343
468 344
470 345
471 346
473 347
472 348
474 349
475 350
477 351
478 352
480 353
481 354
483 355
485 356
486 357
487 358
488 359
489 360
490 361
491 362
492 363
493 364
495 365
496 366
498 367
499 368
501 369
502 370
504 371
506 372
507 373
508 374
510 375
511 376
509 377
512 378
513 379
514 380
516 381
517 382
518 383
519 384
520 385
521 386
522 387
515 388
523 389
524 390
525 391
526 392
527 393
528 394
529 395
530 396
531 397
532 398
534 399
535 400
537 401
538 402
539 403
541 404
542 405
544 406
545 407
547 408
548 409
550 410
551 411
553 412
555 413
557 414
559 415
560 416
561 417
562 418
563 419
565 420
566 421
568 422
569 423
571 424
573 425
575 426
576 427
577 428
579 429
581 430
584 431
585 432
587 433
588 434
590 435
591 436
593 437
594 438
596 439
597 440
598 441
599 442
601 443
602 444
604 445
606 446
608 447
609 448
611 449
613 450
614 451
616 452
617 453
618 454
619 455
615 456
620 457
621 458
623 459
624 460
626 461
627 462
630 463
632 464
634 465
635 466
640 467
641 468
643 469
645 470
646 471
647 472
473 182
182 173
173 174
182 183
173 172
182 163
163 155
163 154
182 181
173 138
138 140
138 123
123 137
123 133
123 135
123 136
138 126
126 125
138 130
138 139
123 120
138 142
123 121
123 124
126 143
126 141
133 134
120 116
135 119
119 118
173 145
145 144
473 388
388 203
203 201
203 206
388 210
210 211
388 382
388 386
386 391
388 387
388 389
388 392
388 199
388 214
388 384
388 385
388 395
388 397
203 205
203 212
214 213
213 217
387 394
388 196
388 197
392 193
193 194
203 381
213 147
147 146
147 148
148 150
214 216
388 195
388 390
388 396
147 160
147 162
203 204
213 190
214 180
180 179
214 200
388 198
388 209
388 393
147 165
147 171
162 161
214 170
214 177
177 168
168 169
177 178
177 185
388 188
188 186
388 208
388 383
188 187
206 215
388 184
388 469
388 470
116 117
147 166
148 149
184 176
387 151
151 152
123 122
125 129
135 153
176 175
182 468
183 398
398 377
377 380
380 375
377 379
398 399
377 192
398 467
377 159
159 156
159 158
159 167
159 157
377 191
377 376
377 374
377 371
377 378
199 218
203 202
213 189
371 372
371 373
388 471
153 127
127 128
163 132
132 131
172 164
212 207
469 472
116 53
53 108
108 92
108 102
108 57
57 56
57 90
108 71
108 103
53 109
57 93
92 100
92 106
108 31
31 32
108 54
108 65
108 77
108 79
53 29
29 30
53 69
69 70
57 98
77 76
108 19
19 18
108 43
43 21
21 22
21 23
57 95
108 28
28 27
28 26
28 60
28 61
108 42
42 41
108 80
108 91
108 96
108 101
53 52
54 55
57 62
57 104
65 64
65 66
65 99
71 58
71 59
77 75
108 6
6 7
108 97
108 105
57 112
71 94
108 78
108 107
42 74
53 83
83 81
83 86
86 72
86 24
86 39
39 40
86 36
86 38
24 25
86 37
72 73
39 85
86 84
81 33
33 35
33 34
33 82
112 113
112 115
33 67
67 68
113 114
23 88
88 89
88 111
88 110
88 44
44 9
9 8
9 46
44 45
44 49
9 51
44 1
44 11
44 20
1 0
44 3
44 47
3 2
9 10
44 14
14 12
14 15
14 4
4 5
14 13
44 17
44 48
44 63
17 16
44 50
88 87
470 437
437 436
437 446
446 448
448 344
344 345
344 447
446 342
342 456
456 458
456 322
322 318
456 337
456 452
456 457
322 332
322 334
332 336
336 319
319 321
342 343
318 327
327 324
322 333
332 328
328 329
336 320
318 317
337 338
456 455
322 326
322 330
322 331
327 325
318 453
322 335
332 316
316 459
316 312
316 323
316 313
322 311
322 454
456 465
322 310
310 309
309 306
306 267
267 264
264 266
264 301
267 289
301 275
275 274
301 282
282 281
301 286
286 285
286 252
252 251
252 279
279 277
277 229
229 228
228 230
228 231
228 227
279 240
240 241
279 278
278 280
286 258
258 257
286 290
290 272
272 273
272 276
272 299
252 243
252 249
252 250
252 284
252 288
252 295
258 259
258 261
261 262
261 260
264 265
267 303
279 225
225 226
282 271
286 247
247 248
252 224
224 223
252 242
252 268
252 292
252 296
252 297
282 255
255 256
251 283
252 222
222 221
252 298
264 300
282 270
288 287
301 305
252 294
267 246
246 245
245 244
275 304
301 302
306 291
291 263
263 254
254 253
291 307
268 269
436 434
434 435
448 314
314 315
437 460
447 442
442 443
297 293
309 233
233 232
233 239
233 234
233 236
233 237
233 235
233 238
452 462
289 219
219 220
291 308
456 444
460 461
444 445
316 464
464 463
318 348
348 346
348 347
348 341
348 349
348 449
348 339
348 451
348 340
348 450
316 438
438 440
438 441
438 439
348 466
437 433
433 425
425 413
413 407
407 408
413 403
403 404
425 420
425 424
424 415
415 417
415 418
415 409
415 419
415 423
415 401
415 411
415 414
401 400
418 412
401 402
418 416
415 410
418 405
424 430
430 431
405 406
424 428
425 426
424 432
425 421
421 422
425 427
430 429
183 362
362 356
356 363
363 360
356 355
355 359
356 357
359 361
356 358
355 353
353 352
352 351
351 350
352 354
353 369
369 364
364 365
369 370
356 366
369 368
366 367
