451
598
596
344 344
0 0
346 346
347 347
341 341
342 342
348 348
349 349
595 595
594 594
299 299
296 296
297 297
294 294
295 295
292 292
293 293
290 290
590 590
593 593
592 592
199 199
198 198
597 597
194 194
197 197
196 196
191 191
193 193
270 270
271 271
272 272
273 273
275 275
276 276
277 277
278 278
524 524
525 525
526 526
520 520
522 522
523 523
448 448
443 443
442 442
441 441
440 440
447 447
446 446
445 445
444 444
108 108
102 102
103 103
100 100
101 101
106 106
105 105
39 39
38 38
32 32
31 31
30 30
37 37
35 35
34 34
438 438
439 439
436 436
437 437
434 434
432 432
433 433
430 430
339 339
338 338
335 335
336 336
330 330
333 333
332 332
6 6
99 99
98 98
90 90
92 92
95 95
94 94
97 97
96 96
559 559
558 558
555 555
554 554
557 557
551 551
550 550
553 553
238 238
239 239
234 234
235 235
236 236
237 237
230 230
231 231
232 232
233 233
1 1
146 146
147 147
144 144
142 142
143 143
140 140
141 141
149 149
133 133
132 132
130 130
137 137
135 135
494 494
495 495
139 139
138 138
490 490
492 492
24 24
25 25
27 27
20 20
21 21
23 23
28 28
407 407
406 406
405 405
404 404
402 402
401 401
409 409
379 379
378 378
371 371
373 373
372 372
374 374
377 377
376 376
393 393
89 89
396 396
394 394
83 83
399 399
81 81
86 86
87 87
85 85
7 7
584 584
585 585
580 580
581 581
588 588
245 245
244 244
247 247
241 241
240 240
242 242
248 248
518 518
510 510
512 512
515 515
514 514
516 516
458 458
459 459
450 450
452 452
453 453
455 455
457 457
178 178
177 177
176 176
175 175
174 174
173 173
172 172
171 171
170 170
253 253
182 182
180 180
181 181
187 187
184 184
185 185
188 188
10 10
13 13
12 12
15 15
14 14
17 17
18 18
322 322
323 323
320 320
321 321
327 327
324 324
325 325
328 328
329 329
201 201
200 200
203 203
202 202
205 205
204 204
206 206
209 209
208 208
77 77
76 76
74 74
73 73
71 71
79 79
2 2
542 542
547 547
544 544
545 545
548 548
598 598
120 120
122 122
123 123
125 125
126 126
127 127
128 128
129 129
414 414
415 415
417 417
410 410
411 411
412 412
413 413
498 498
418 418
319 319
318 318
313 313
312 312
311 311
310 310
317 317
316 316
315 315
314 314
497 497
369 369
366 366
367 367
364 364
365 365
362 362
363 363
360 360
380 380
381 381
383 383
384 384
386 386
387 387
578 578
573 573
572 572
571 571
570 570
576 576
575 575
574 574
60 60
61 61
259 259
65 65
67 67
252 252
69 69
250 250
251 251
256 256
257 257
254 254
508 508
509 509
506 506
507 507
504 504
503 503
500 500
501 501
469 469
468 468
465 465
467 467
460 460
463 463
462 462
168 168
169 169
165 165
166 166
167 167
160 160
162 162
163 163
9 9
357 357
356 356
354 354
353 353
351 351
350 350
359 359
216 216
214 214
215 215
212 212
213 213
210 210
218 218
289 289
288 288
4 4
281 281
280 280
283 283
285 285
284 284
287 287
263 263
261 261
260 260
267 267
266 266
265 265
264 264
268 268
58 58
55 55
54 54
57 57
51 51
52 52
537 537
536 536
535 535
63 63
533 533
531 531
530 530
539 539
538 538
115 115
114 114
117 117
110 110
112 112
119 119
429 429
421 421
420 420
423 423
422 422
424 424
427 427
426 426
308 308
309 309
300 300
301 301
302 302
304 304
305 305
306 306
307 307
568 568
569 569
560 560
562 562
564 564
565 565
566 566
567 567
229 229
228 228
227 227
226 226
224 224
223 223
222 222
221 221
220 220
390 390
150 150
152 152
155 155
154 154
157 157
159 159
158 158
80 80
398 398
48 48
49 49
46 46
47 47
44 44
45 45
43 43
41 41
5 5
489 489
488 488
487 487
486 486
485 485
484 484
483 483
482 482
481 481
480 480
473 473
471 471
476 476
477 477
474 474
475 475
478 478
479 479
345 344
95 0
345 346
345 347
375 340
340 341
343 342
364 343
345 348
370 349
596 594
476 298
298 299
438 296
298 297
438 294
296 295
293 292
308 293
286 290
476 291
596 591
589 590
594 593
596 592
227 199
199 198
596 597
227 195
308 194
225 197
197 196
192 191
211 190
192 193
227 192
269 270
291 271
271 272
271 273
472 274
274 275
277 276
286 277
279 278
308 279
521 524
521 525
527 526
528 527
521 520
527 521
521 522
521 523
529 528
540 529
461 449
449 448
438 443
438 442
438 441
438 440
438 447
438 446
438 445
438 444
109 108
113 109
95 102
95 103
95 100
95 101
104 106
109 107
113 104
104 105
40 39
88 38
104 33
31 32
95 31
29 30
36 37
84 36
36 35
33 34
451 438
438 439
435 436
438 437
431 434
454 435
431 432
431 433
431 430
534 431
340 339
337 338
334 335
375 334
370 337
337 336
349 331
331 330
334 333
331 332
375 345
91 6
95 99
95 98
93 91
91 90
95 93
91 92
113 95
95 94
95 97
95 96
556 559
556 558
556 555
552 554
556 557
586 556
552 551
549 550
552 553
563 552
271 238
238 239
227 234
227 235
227 236
227 237
227 230
227 231
227 232
227 233
0 1
145 146
148 147
136 144
167 145
136 142
136 143
136 140
136 141
199 148
148 149
134 133
131 132
134 131
131 130
136 137
145 136
136 135
151 134
493 494
496 495
136 139
136 138
476 490
493 491
493 492
591 493
23 24
26 25
84 26
26 27
19 20
22 21
42 22
95 23
29 28
62 29
408 407
416 406
406 405
403 404
577 403
403 402
400 401
534 400
408 409
431 408
375 379
375 378
370 371
375 370
370 373
370 372
389 375
370 374
375 377
375 376
392 393
395 392
107 88
88 89
398 397
397 396
397 395
395 394
107 82
82 83
95 80
80 81
84 86
84 87
95 84
84 85
8 7
587 586
589 587
583 584
583 585
583 582
586 583
579 580
582 581
587 588
596 589
246 245
243 244
246 247
476 246
240 241
476 240
282 243
243 242
298 249
249 248
528 519
517 518
521 511
511 510
521 513
513 512
513 515
513 514
519 517
517 516
456 458
460 459
449 450
464 451
451 452
454 453
456 454
454 455
470 456
456 457
195 179
179 178
176 177
594 595
172 175
172 174
172 173
176 172
172 171
227 170
249 253
183 182
207 183
219 180
180 181
195 186
186 187
183 184
186 185
189 188
594 189
95 11
11 10
82 13
11 12
16 15
13 14
16 17
38 16
70 19
19 18
70 62
323 322
375 323
308 320
308 321
364 326
326 327
323 324
326 325
343 328
328 329
199 201
199 200
199 203
199 202
199 205
199 204
227 207
199 206
207 209
207 208
78 77
75 76
93 75
75 74
72 73
95 72
72 71
95 70
78 79
95 78
3 2
541 542
552 543
541 540
577 541
563 546
546 547
543 544
546 545
22 8
549 548
552 549
95 68
596 598
121 120
124 121
121 122
124 123
131 124
124 125
124 126
124 127
124 128
124 129
594 176
412 414
412 415
561 416
416 417
408 410
412 411
416 412
412 413
499 498
419 418
561 419
521 499
308 319
308 318
308 313
308 312
308 311
308 310
308 317
308 316
308 315
308 314
519 496
496 497
33 3
375 368
368 369
364 366
364 367
375 364
364 365
361 362
364 363
361 360
375 361
375 380
382 381
388 382
382 383
385 384
391 385
385 386
388 387
389 388
391 389
583 579
579 578
569 573
569 572
569 571
569 570
582 577
569 576
569 575
569 574
59 60
62 61
262 258
308 259
111 64
66 65
95 66
68 67
249 252
68 69
249 250
249 251
255 256
258 257
255 254
308 255
505 508
505 509
505 506
505 507
505 504
511 505
505 502
502 503
499 500
502 501
466 469
466 468
464 465
466 464
466 467
470 466
466 461
466 460
464 463
461 462
167 168
170 169
190 164
164 165
167 166
179 167
161 160
190 161
161 162
164 163
8 9
358 357
355 356
375 355
355 354
352 353
375 352
352 351
349 350
358 359
368 358
217 216
274 217
222 214
214 215
211 212
214 213
211 210
225 211
217 218
286 219
286 289
286 288
3 4
279 281
279 280
282 283
308 282
294 285
285 284
286 287
476 286
262 263
476 262
262 261
259 260
266 267
472 266
262 265
262 264
291 269
269 268
95 59
59 58
56 55
53 54
56 57
66 56
50 51
88 50
64 53
53 52
534 537
534 536
534 535
64 63
532 533
540 532
532 531
529 530
534 539
534 538
113 115
113 114
118 117
124 116
116 111
111 110
116 113
113 112
118 119
124 118
428 429
569 428
543 534
422 421
419 420
422 423
569 422
534 425
425 424
428 427
425 426
472 308
308 309
301 300
438 301
303 302
305 303
303 304
438 305
305 306
308 307
569 568
583 569
556 560
583 561
563 562
583 563
563 564
563 565
563 566
563 567
227 229
227 228
262 227
227 226
435 225
223 224
258 223
227 222
222 221
219 220
392 391
391 390
156 151
151 150
159 153
153 152
156 155
153 154
592 157
194 156
189 159
157 158
400 399
400 398
44 48
50 49
44 46
44 47
95 44
44 45
88 42
42 43
95 40
40 41
6 5
476 489
476 488
476 487
476 486
476 485
476 484
476 483
476 482
476 481
476 480
491 472
472 473
491 470
472 471
591 476
476 477
472 474
476 475
476 478
476 479
