50
92
0
70 2
74 5
72 6
34 11
36 12
38 14
35 16
37 17
20 19
18 20
58 23
32 26
30 27
24 30
26 32
21 34
23 35
28 36
13 40
17 41
15 46
16 48
0 50
2 51
12 54
3 55
14 57
9 58
6 60
8 61
5 62
55 65
56 66
60 72
54 74
52 75
63 77
65 78
66 79
67 80
47 84
48 87
39 89
40 90
44 92
43 94
41 95
49 97
50 98
61 99
0 1
1 2
1 3
3 4
4 5
4 6
3 7
7 8
8 9
9 10
10 11
10 12
9 13
13 14
13 15
15 16
15 17
8 18
18 19
18 20
7 22
22 23
22 24
24 25
25 26
25 27
24 28
28 29
29 30
29 32
29 33
33 34
33 35
28 36
7 37
37 38
38 39
39 40
39 41
38 42
42 46
42 47
47 48
47 49
49 50
49 51
42 53
53 54
53 55
42 56
56 57
56 58
42 59
59 60
59 61
42 62
37 63
63 64
64 65
64 66
63 67
67 68
68 69
69 70
70 71
71 72
71 73
73 74
73 75
70 76
76 77
76 78
69 79
68 80
67 81
81 82
82 83
83 84
83 86
86 87
86 88
88 89
88 90
83 91
91 92
91 93
93 94
93 95
82 96
96 97
96 98
81 99
