50
87
0
70 3
58 6
30 8
32 10
28 12
26 14
24 16
17 18
13 19
5 20
12 22
8 24
6 25
16 27
2 29
0 30
14 32
9 33
15 35
3 36
23 38
21 39
38 41
37 42
36 43
35 44
34 45
20 47
18 48
67 52
61 55
50 57
49 59
47 61
48 63
44 65
43 67
41 68
40 70
39 71
66 73
60 75
54 77
52 78
65 80
63 81
56 83
55 84
74 86
72 87
0 1
1 2
2 3
2 4
4 5
5 6
5 7
7 8
7 9
9 10
9 11
11 12
11 13
13 14
13 15
15 16
15 17
17 18
17 19
17 20
17 21
21 22
21 23
23 24
23 25
17 26
26 27
26 28
28 29
28 30
17 31
31 32
31 33
17 34
34 35
34 36
13 37
37 38
37 39
4 40
40 41
40 42
40 43
40 44
40 45
40 46
46 47
46 48
1 49
49 50
50 51
51 52
51 53
53 54
54 55
54 56
56 57
56 58
58 59
58 60
60 61
60 62
62 63
62 64
64 65
64 66
66 67
66 68
62 69
69 70
69 71
53 72
72 73
72 74
74 75
74 76
76 77
76 78
72 79
79 80
79 81
50 82
82 83
82 84
49 85
85 86
85 87
