50
90
0
70 3
58 6
30 8
32 10
28 12
26 14
24 16
5 20
17 22
13 23
12 25
8 27
6 28
16 30
2 32
0 33
15 35
3 36
14 38
9 39
23 41
21 42
38 44
37 45
36 46
35 47
34 48
20 50
18 51
67 55
61 58
50 60
49 62
47 64
48 66
44 68
43 70
41 71
40 73
39 74
66 76
60 78
54 80
52 81
65 83
63 84
56 86
55 87
74 89
72 90
0 1
1 2
2 3
2 4
4 5
5 6
5 7
7 8
7 9
9 10
9 11
11 12
11 13
13 14
13 15
15 16
15 17
17 18
18 19
19 20
19 21
21 22
21 23
18 24
24 25
24 26
26 27
26 28
18 29
29 30
29 31
31 32
31 33
18 34
34 35
34 36
17 37
37 38
37 39
13 40
40 41
40 42
4 43
43 44
43 45
43 46
43 47
43 48
43 49
49 50
49 51
1 52
52 53
53 54
54 55
54 56
56 57
57 58
57 59
59 60
59 61
61 62
61 63
63 64
63 65
65 66
65 67
67 68
67 69
69 70
69 71
65 72
72 73
72 74
56 75
75 76
75 77
77 78
77 79
79 80
79 81
75 82
82 83
82 84
53 85
85 86
85 87
52 88
88 89
88 90
