50
99
0
36 8
20 10
18 11
38 12
37 15
34 16
35 17
58 19
28 23
24 26
17 29
8 33
6 34
12 35
15 40
3 41
16 42
5 43
14 46
9 47
2 49
0 50
13 51
26 53
23 55
21 56
32 57
30 58
70 59
74 61
72 62
67 66
66 69
60 71
54 73
52 74
65 76
63 77
61 79
50 81
49 83
44 88
43 90
41 91
48 92
40 94
39 95
47 96
56 98
55 99
0 1
1 2
2 3
3 4
4 5
5 6
6 7
7 8
7 9
9 10
9 11
6 12
5 13
13 14
14 15
14 16
13 17
4 18
18 19
18 20
20 21
21 22
22 23
22 24
24 25
25 26
25 27
27 28
28 29
28 30
30 31
31 32
32 33
32 34
31 35
30 36
36 37
37 38
38 39
39 40
39 41
38 42
37 43
36 44
44 45
45 46
45 47
44 48
48 49
48 50
27 51
24 52
52 53
52 54
54 55
54 56
21 57
20 58
3 59
2 60
60 61
60 62
1 63
63 64
64 65
65 66
65 67
67 68
68 69
68 70
70 71
70 72
72 73
72 74
67 75
75 76
75 77
64 78
78 79
78 80
80 81
80 82
82 83
82 84
84 85
85 86
86 87
87 88
87 89
89 90
89 91
86 92
85 93
93 94
93 95
84 96
63 97
97 98
97 99
