50
76
76
56 3
54 72
50 50
60 54
61 30
63 41
49 6
66 70
67 60
52 24
24 5
26 12
20 16
21 35
48 32
23 43
47 47
44 9
28 67
43 55
40 2
41 36
0 37
3 56
2 61
5 18
6 23
9 13
8 0
39 63
38 38
72 40
70 28
58 44
13 65
12 74
15 14
14 17
17 58
16 26
55 66
18 21
30 48
37 49
36 8
35 39
34 52
74 20
32 34
65 15
55 56
53 54
45 42
46 48
42 43
59 60
62 61
68 62
64 63
68 64
46 49
64 66
68 67
71 68
75 69
53 52
59 53
25 24
27 25
27 26
29 27
19 20
22 21
27 22
22 23
51 46
46 47
45 44
46 45
29 28
31 29
39 40
42 41
11 1
1 0
4 3
1 2
4 5
11 4
10 7
7 6
10 9
7 8
62 51
45 39
69 57
64 65
76 75
33 38
75 73
73 72
75 71
71 70
64 59
57 58
25 11
11 10
11 13
11 12
11 15
11 14
11 17
11 16
33 19
19 18
57 31
31 30
33 37
33 36
33 35
33 34
69 55
73 74
31 32
69 33
51 50
