50
76
76
56 44
54 36
50 38
60 58
61 65
63 14
49 15
66 48
67 54
52 13
24 0
26 17
20 21
21 8
48 5
23 6
47 12
44 47
28 72
43 50
40 28
41 35
0 43
3 40
2 24
5 2
6 32
9 37
8 26
39 74
38 60
72 63
70 56
58 9
13 34
12 66
15 39
14 67
17 52
16 61
55 70
18 3
30 30
37 55
36 16
35 23
34 49
74 41
32 18
65 20
55 56
53 54
45 42
46 48
42 43
59 60
62 61
68 62
64 63
68 64
46 49
64 66
68 67
71 68
75 69
53 52
59 53
25 24
27 25
27 26
29 27
19 20
22 21
27 22
22 23
51 46
46 47
45 44
46 45
29 28
31 29
39 40
42 41
11 1
1 0
4 3
1 2
4 5
11 4
10 7
7 6
10 9
7 8
62 51
45 39
69 57
64 65
76 75
33 38
75 73
73 72
75 71
71 70
64 59
57 58
25 11
11 10
11 13
11 12
11 15
11 14
11 17
11 16
33 19
19 18
57 31
31 30
33 37
33 36
33 35
33 34
69 55
73 74
31 32
69 33
51 50
