50
99
0
55 4
56 5
61 8
50 10
49 12
47 14
44 17
41 19
43 20
48 22
39 24
40 25
67 27
66 29
63 32
65 33
60 35
54 37
52 38
72 41
74 42
70 44
36 47
18 50
20 51
34 54
37 55
38 57
35 58
58 60
30 62
32 64
28 66
23 69
21 70
26 72
24 74
13 77
17 78
5 80
12 84
3 85
15 86
14 90
9 91
6 93
8 94
16 96
2 98
0 99
0 1
1 2
2 3
3 4
3 5
2 6
6 7
7 8
7 9
9 10
9 11
11 12
11 13
13 14
13 15
15 16
16 17
16 18
18 19
18 20
15 21
21 22
21 23
23 24
23 25
6 26
26 27
26 28
28 29
28 30
30 31
31 32
31 33
30 34
34 35
34 36
36 37
36 38
1 39
39 40
40 41
40 42
39 43
43 44
43 45
45 46
46 47
46 48
48 49
49 50
49 51
48 52
52 53
53 54
53 55
52 56
56 57
56 58
45 59
59 60
59 61
61 62
61 63
63 64
63 65
65 66
65 67
67 68
68 69
68 70
67 71
71 72
71 73
73 74
73 75
75 76
76 77
76 78
75 79
79 80
79 81
81 82
82 83
83 84
83 85
82 86
81 87
87 88
88 89
89 90
89 91
88 92
92 93
92 94
87 95
95 96
95 97
97 98
97 99
