50
76
76
56 56
54 54
50 50
60 60
61 61
63 63
49 49
66 66
67 67
52 52
24 24
26 26
20 20
21 21
48 48
23 23
47 47
44 44
28 28
43 43
40 40
41 41
0 0
3 3
2 2
5 5
6 6
9 9
8 8
39 39
38 38
72 72
70 70
58 58
13 13
12 12
15 15
14 14
17 17
16 16
55 55
18 18
30 30
37 37
36 36
35 35
34 34
74 74
32 32
65 65
55 56
53 54
45 42
46 48
42 43
59 60
62 61
68 62
64 63
68 64
46 49
64 66
68 67
71 68
75 69
53 52
59 53
25 24
27 25
27 26
29 27
19 20
22 21
27 22
22 23
51 46
46 47
45 44
46 45
29 28
31 29
39 40
42 41
11 1
1 0
4 3
1 2
4 5
11 4
10 7
7 6
10 9
7 8
62 51
45 39
69 57
64 65
76 75
33 38
75 73
73 72
75 71
71 70
64 59
57 58
25 11
11 10
11 13
11 12
11 15
11 14
11 17
11 16
33 19
19 18
57 31
31 30
33 37
33 36
33 35
33 34
69 55
73 74
31 32
69 33
51 50
