477
613
613
0 414
346 530
340 339
341 407
342 492
343 512
348 523
349 74
595 21
606 257
298 283
299 298
296 60
294 285
292 604
290 427
291 145
591 274
590 449
593 272
199 463
198 548
596 127
195 366
194 151
196 359
191 386
190 371
192 461
271 338
272 458
274 546
275 456
277 93
278 551
279 591
525 350
526 475
527 452
521 499
522 486
523 92
599 545
528 393
529 309
449 292
448 478
443 396
442 75
441 130
447 477
446 194
445 191
108 362
102 496
100 57
106 358
107 395
104 67
105 599
39 132
38 10
33 389
31 322
30 44
37 348
36 484
35 28
34 320
438 205
439 289
436 111
434 483
435 18
432 357
433 316
430 601
339 113
338 513
335 469
334 532
337 82
336 555
331 236
330 534
333 448
332 166
345 379
6 299
99 153
98 31
91 178
93 152
92 564
95 141
94 41
97 42
559 116
555 238
554 196
557 2
556 340
551 560
550 542
553 422
238 234
239 341
234 424
235 6
236 35
230 398
232 68
233 429
1 294
146 598
147 206
144 89
145 278
142 186
143 538
141 369
612 412
148 104
149 252
132 504
130 76
137 86
499 550
135 326
134 327
495 258
139 172
490 281
491 53
492 501
493 43
24 219
26 556
27 5
21 446
22 149
23 368
28 441
407 325
405 514
404 217
402 210
401 577
408 268
379 498
378 233
371 569
370 417
373 459
375 255
376 436
393 195
392 572
88 71
89 479
396 198
395 94
82 208
83 249
399 66
81 506
86 107
84 336
7 69
601 426
586 544
587 433
584 382
582 495
583 27
580 304
589 9
245 187
247 474
246 313
240 589
243 376
242 79
249 161
248 280
519 275
518 570
511 367
510 318
513 375
512 265
515 381
514 488
516 354
458 586
459 148
450 405
452 242
453 185
454 364
456 356
178 157
177 470
176 98
175 401
174 432
173 291
172 64
171 378
253 603
183 421
180 36
181 175
186 247
187 361
185 384
188 438
189 37
11 460
10 526
13 83
12 264
15 245
16 263
19 279
18 224
322 51
323 578
320 430
326 345
327 118
325 229
328 531
329 435
201 554
203 256
202 464
205 352
204 1
207 34
206 482
209 202
208 183
77 307
76 516
75 286
74 137
72 467
71 147
79 81
78 271
542 155
543 454
540 253
541 207
546 235
547 45
544 515
545 370
8 220
548 287
598 211
120 171
122 61
124 584
126 305
127 218
2 465
414 519
416 16
417 480
410 453
412 590
498 216
418 262
319 50
318 142
313 296
312 596
310 56
316 508
315 213
496 537
368 225
369 387
366 553
367 88
364 221
365 527
362 154
363 511
361 23
381 144
382 91
384 139
385 177
386 246
387 547
389 349
578 490
604 39
572 124
570 192
577 227
607 418
575 582
60 329
61 528
258 72
63 180
64 540
65 160
66 328
67 251
252 485
69 385
251 181
256 423
257 189
254 343
255 346
603 12
508 150
506 315
504 487
502 222
501 78
469 199
465 443
464 58
467 122
466 63
461 481
460 445
463 473
168 15
169 4
164 108
165 342
166 541
160 204
161 115
163 240
9 146
357 201
356 269
354 11
352 568
350 595
359 525
358 300
216 230
217 174
214 290
215 335
212 566
213 0
210 254
211 169
218 612
219 26
289 575
288 190
4 239
281 373
280 439
283 308
285 609
287 332
286 323
263 243
262 214
261 502
260 606
266 134
265 126
264 529
269 77
268 188
58 165
55 510
54 447
57 173
56 580
51 97
50 106
53 52
52 493
537 363
535 232
534 518
533 410
532 302
531 176
530 593
538 112
115 402
68 163
117 120
116 288
111 260
110 434
113 33
112 416
119 38
118 533
429 392
421 40
420 110
423 408
422 559
425 8
424 30
427 7
426 390
308 330
309 100
300 310
302 48
303 543
304 489
305 55
306 119
307 65
568 13
569 557
560 228
562 404
564 105
566 491
229 450
228 303
227 209
225 420
224 261
223 135
222 331
221 49
220 306
390 521
151 54
150 333
153 522
152 562
155 277
154 583
157 337
609 164
398 442
48 472
49 399
46 99
44 587
45 535
42 19
43 212
40 215
41 223
5 312
489 102
488 117
487 46
486 607
485 22
484 248
483 319
482 143
481 365
480 95
472 24
473 334
470 84
477 425
474 168
475 266
478 203
479 466
351 344
1 0
347 346
365 347
334 340
334 341
334 342
334 343
347 348
347 349
594 595
605 606
602 594
297 298
297 299
295 296
327 297
293 294
334 295
293 292
327 293
286 290
286 291
588 591
588 590
592 593
594 592
200 199
197 198
600 597
597 596
193 195
193 194
226 197
197 196
189 191
189 190
203 193
193 192
286 270
270 271
273 272
284 273
273 274
276 275
334 276
276 277
279 278
327 279
528 524
524 525
524 526
528 527
541 520
520 521
520 522
520 523
600 599
541 528
528 529
448 449
476 448
444 443
440 442
440 441
500 440
448 447
444 446
444 445
462 444
109 108
131 109
103 102
128 103
101 100
123 101
105 106
105 107
103 104
121 105
35 39
35 38
32 33
167 32
32 31
29 30
35 37
35 36
49 35
35 34
437 438
440 439
437 436
440 437
431 434
431 435
431 432
431 433
428 430
451 431
334 339
334 338
334 335
353 334
334 337
334 336
327 331
327 330
334 333
327 332
344 345
35 6
98 99
121 98
90 91
129 90
156 93
93 92
96 95
93 94
98 97
114 96
558 559
574 558
567 555
555 554
558 557
555 556
552 551
549 550
552 553
563 552
237 238
237 239
235 234
297 235
237 236
286 237
231 230
286 231
231 232
231 233
90 1
172 146
146 147
140 144
146 145
140 142
140 143
172 140
140 141
611 612
611 610
613 611
146 148
172 149
203 133
133 132
159 131
129 130
138 137
172 136
136 135
133 134
515 494
494 495
138 139
159 138
476 490
476 491
476 492
494 493
22 24
47 25
25 26
25 27
49 20
20 21
35 22
22 23
29 28
123 29
406 407
437 406
406 405
403 404
409 403
403 402
400 401
431 400
419 409
419 408
380 379
377 378
372 371
424 370
372 373
411 372
374 375
431 374
415 377
377 376
394 393
391 392
87 88
87 89
408 397
397 396
394 395
422 394
83 82
156 83
101 80
80 81
85 86
112 87
85 84
125 85
8 7
600 601
608 607
585 586
588 587
585 584
588 585
581 582
581 583
579 580
588 581
592 588
588 589
244 245
250 244
244 247
244 246
244 241
241 240
244 243
241 242
250 249
244 248
520 519
517 518
509 511
509 510
509 513
509 512
541 515
515 514
528 517
517 516
457 458
457 459
451 450
476 451
520 452
452 453
455 454
476 455
457 456
468 457
203 179
179 178
172 177
172 176
172 175
172 174
172 173
203 172
172 171
203 170
250 253
226 182
184 183
179 180
182 181
184 186
184 187
203 184
184 185
184 188
259 189
17 11
35 10
14 13
11 12
14 15
25 14
49 17
17 16
20 19
17 18
73 62
321 322
324 323
321 320
327 321
324 326
334 327
334 324
324 325
327 328
327 329
200 201
244 200
221 203
203 202
203 205
203 204
203 207
203 206
203 209
203 208
75 77
75 76
80 75
73 74
105 73
73 72
70 71
90 70
96 79
79 78
3 2
541 542
541 543
541 540
561 541
541 546
541 547
541 544
541 545
17 8
549 548
571 549
64 68
597 598
114 120
140 121
123 122
172 123
123 124
159 125
125 126
128 127
136 128
226 129
413 414
437 415
415 416
415 417
409 410
419 411
413 412
428 413
497 498
415 418
437 419
500 499
317 319
317 318
314 313
311 312
344 311
311 310
334 317
317 316
314 315
327 314
497 496
524 497
87 3
365 368
370 369
365 366
365 367
365 364
406 365
360 362
424 363
406 360
360 361
419 380
380 381
383 382
424 383
383 384
386 385
455 386
388 387
409 388
388 389
610 605
581 579
579 578
605 604
581 573
571 572
573 571
571 570
576 577
588 576
574 575
581 574
59 60
62 61
259 258
334 259
87 64
64 65
64 66
64 67
250 252
70 69
327 250
250 251
257 256
273 257
276 254
254 255
602 603
605 602
507 508
528 509
507 506
524 507
505 504
541 505
503 502
541 503
503 500
500 501
468 469
473 468
462 465
462 464
468 467
467 466
462 461
457 460
462 463
476 462
167 168
170 169
162 164
162 165
167 166
203 167
159 160
162 161
182 162
162 163
602 600
10 9
363 357
355 356
372 355
355 354
365 353
353 352
372 351
351 350
360 359
357 358
203 216
203 217
203 214
203 215
203 212
203 213
203 210
203 211
219 218
244 219
286 289
286 288
3 4
282 281
279 280
282 283
327 282
284 285
295 284
286 287
327 286
259 263
259 262
259 261
259 260
297 267
267 266
259 265
259 264
270 269
267 268
131 59
59 58
49 55
49 54
49 57
49 56
49 51
49 50
49 53
49 52
536 537
539 536
536 535
62 63
528 533
528 532
528 531
528 530
541 539
539 538
114 115
129 114
114 117
114 116
112 111
109 110
112 113
129 112
114 119
114 118
428 429
476 428
528 534
419 421
419 420
422 423
476 422
424 425
476 424
424 427
424 426
309 308
363 309
301 300
374 301
301 302
304 303
317 304
304 305
307 306
360 307
567 568
567 569
561 560
565 561
563 562
567 563
565 564
576 565
567 566
573 567
226 229
226 228
226 227
244 226
224 225
237 224
221 223
221 222
226 221
221 220
411 391
391 390
152 151
149 150
152 153
158 152
156 155
152 154
156 157
158 156
172 159
170 158
608 609
610 608
400 399
397 398
47 48
90 49
35 46
114 47
35 44
35 45
35 42
35 43
35 40
35 41
6 5
476 489
476 488
476 487
476 486
476 485
476 484
476 483
476 482
476 481
476 480
471 472
505 473
471 470
509 471
494 476
476 477
473 474
476 475
476 478
476 479
