477
613
613
0 512
346 137
340 515
341 7
342 58
343 15
348 449
349 546
595 247
606 439
298 277
299 316
296 326
294 31
292 134
290 583
291 361
591 5
590 446
593 49
199 521
198 188
596 68
195 510
194 343
196 323
191 395
190 349
192 215
271 373
272 330
274 541
275 429
277 153
278 485
279 124
525 359
526 79
527 398
521 504
522 528
523 392
599 10
528 266
529 139
449 555
448 132
443 77
442 508
441 30
447 313
446 296
445 16
108 417
102 537
100 309
106 146
107 39
104 548
105 305
39 235
38 292
33 86
31 533
30 155
37 516
36 358
35 84
34 488
438 306
439 178
436 534
434 9
435 40
432 225
433 63
430 322
339 523
338 339
335 308
334 113
337 11
336 609
331 526
330 82
333 531
332 236
345 328
6 258
99 473
98 191
91 501
93 562
92 336
95 547
94 13
97 34
559 117
555 479
554 233
557 264
556 48
551 240
550 150
553 176
238 345
239 147
234 74
235 441
236 458
230 294
232 381
233 202
1 421
146 194
147 557
144 254
145 173
142 412
143 607
141 111
612 206
148 402
149 448
132 387
130 239
137 333
499 211
135 141
134 253
495 467
139 19
490 108
491 420
492 513
493 280
24 283
26 213
27 107
21 64
22 214
23 329
28 187
407 286
405 553
404 331
402 427
401 354
408 335
379 112
378 298
371 217
370 340
373 180
375 142
376 83
393 18
392 2
88 210
89 447
396 464
395 418
82 570
83 94
399 352
81 135
86 45
84 44
7 393
601 389
586 160
587 365
584 149
582 572
583 256
580 327
589 514
245 102
247 436
246 432
240 261
243 575
242 450
249 288
248 56
519 310
518 578
511 307
510 410
513 230
512 265
515 346
514 122
516 362
458 269
459 470
450 151
452 183
453 89
454 408
456 482
178 252
177 177
176 71
175 404
174 118
173 248
172 263
171 203
253 43
183 181
180 486
181 143
186 489
187 198
185 382
188 145
189 554
11 453
10 78
13 104
12 430
15 35
16 38
19 596
18 4
322 72
323 599
320 474
326 443
327 332
325 130
328 67
329 287
201 342
203 564
202 334
205 518
204 502
207 356
206 169
209 422
208 469
77 604
76 166
75 196
74 315
72 195
71 390
79 463
78 0
542 57
543 384
540 95
541 366
546 126
547 414
544 312
545 157
8 544
548 92
598 493
120 477
122 22
124 205
126 519
127 216
2 262
414 88
416 285
417 598
410 569
412 218
498 478
418 190
319 338
318 127
313 224
312 376
310 433
316 76
315 164
496 465
368 498
369 238
366 219
367 174
364 36
365 350
362 120
363 91
361 52
381 50
382 589
384 543
385 209
386 337
387 386
389 550
578 483
604 405
572 582
570 97
577 559
607 438
575 407
60 560
61 590
258 424
63 220
64 291
65 367
66 42
67 371
252 204
69 234
251 580
256 452
257 272
254 530
255 37
603 472
508 189
506 595
504 299
502 289
501 274
469 529
465 304
464 245
467 93
466 542
461 23
460 577
463 221
168 27
169 302
164 99
165 434
166 461
160 1
161 24
163 54
9 115
357 445
356 538
354 223
352 46
350 246
359 587
358 116
216 551
217 426
214 303
215 499
212 540
213 212
210 222
211 249
218 325
219 268
289 260
288 185
4 484
281 566
280 110
283 255
285 33
287 98
286 66
263 603
262 175
261 591
260 601
266 243
265 612
264 148
269 28
268 228
58 75
55 100
54 320
57 281
56 416
51 480
50 379
53 257
52 61
537 535
535 278
534 171
533 401
532 511
531 69
530 119
538 12
115 172
68 556
117 60
116 481
111 496
110 378
113 81
112 275
119 487
118 6
429 525
421 435
420 460
423 475
422 242
425 584
424 192
427 368
426 207
308 425
309 593
300 527
302 161
303 186
304 227
305 251
306 165
307 586
568 163
569 8
560 300
562 319
564 229
566 144
229 41
228 385
227 154
225 53
224 606
223 199
222 506
221 318
220 442
390 459
151 491
150 369
153 232
152 364
155 396
154 522
157 55
609 21
398 51
48 399
49 271
46 454
44 357
45 375
42 532
43 26
40 423
41 105
5 168
489 201
488 279
487 106
486 290
485 456
484 568
483 65
482 341
481 370
480 490
472 545
473 495
470 208
477 152
474 363
475 492
478 348
479 466
351 344
1 0
347 346
365 347
334 340
334 341
334 342
334 343
347 348
347 349
594 595
605 606
602 594
297 298
297 299
295 296
327 297
293 294
334 295
293 292
327 293
286 290
286 291
588 591
588 590
592 593
594 592
200 199
197 198
600 597
597 596
193 195
193 194
226 197
197 196
189 191
189 190
203 193
193 192
286 270
270 271
273 272
284 273
273 274
276 275
334 276
276 277
279 278
327 279
528 524
524 525
524 526
528 527
541 520
520 521
520 522
520 523
600 599
541 528
528 529
448 449
476 448
444 443
440 442
440 441
500 440
448 447
444 446
444 445
462 444
109 108
131 109
103 102
128 103
101 100
123 101
105 106
105 107
103 104
121 105
35 39
35 38
32 33
167 32
32 31
29 30
35 37
35 36
49 35
35 34
437 438
440 439
437 436
440 437
431 434
431 435
431 432
431 433
428 430
451 431
334 339
334 338
334 335
353 334
334 337
334 336
327 331
327 330
334 333
327 332
344 345
35 6
98 99
121 98
90 91
129 90
156 93
93 92
96 95
93 94
98 97
114 96
558 559
574 558
567 555
555 554
558 557
555 556
552 551
549 550
552 553
563 552
237 238
237 239
235 234
297 235
237 236
286 237
231 230
286 231
231 232
231 233
90 1
172 146
146 147
140 144
146 145
140 142
140 143
172 140
140 141
611 612
611 610
613 611
146 148
172 149
203 133
133 132
159 131
129 130
138 137
172 136
136 135
133 134
515 494
494 495
138 139
159 138
476 490
476 491
476 492
494 493
22 24
47 25
25 26
25 27
49 20
20 21
35 22
22 23
29 28
123 29
406 407
437 406
406 405
403 404
409 403
403 402
400 401
431 400
419 409
419 408
380 379
377 378
372 371
424 370
372 373
411 372
374 375
431 374
415 377
377 376
394 393
391 392
87 88
87 89
408 397
397 396
394 395
422 394
83 82
156 83
101 80
80 81
85 86
112 87
85 84
125 85
8 7
600 601
608 607
585 586
588 587
585 584
588 585
581 582
581 583
579 580
588 581
592 588
588 589
244 245
250 244
244 247
244 246
244 241
241 240
244 243
241 242
250 249
244 248
520 519
517 518
509 511
509 510
509 513
509 512
541 515
515 514
528 517
517 516
457 458
457 459
451 450
476 451
520 452
452 453
455 454
476 455
457 456
468 457
203 179
179 178
172 177
172 176
172 175
172 174
172 173
203 172
172 171
203 170
250 253
226 182
184 183
179 180
182 181
184 186
184 187
203 184
184 185
184 188
259 189
17 11
35 10
14 13
11 12
14 15
25 14
49 17
17 16
20 19
17 18
73 62
321 322
324 323
321 320
327 321
324 326
334 327
334 324
324 325
327 328
327 329
200 201
244 200
221 203
203 202
203 205
203 204
203 207
203 206
203 209
203 208
75 77
75 76
80 75
73 74
105 73
73 72
70 71
90 70
96 79
79 78
3 2
541 542
541 543
541 540
561 541
541 546
541 547
541 544
541 545
17 8
549 548
571 549
64 68
597 598
114 120
140 121
123 122
172 123
123 124
159 125
125 126
128 127
136 128
226 129
413 414
437 415
415 416
415 417
409 410
419 411
413 412
428 413
497 498
415 418
437 419
500 499
317 319
317 318
314 313
311 312
344 311
311 310
334 317
317 316
314 315
327 314
497 496
524 497
87 3
365 368
370 369
365 366
365 367
365 364
406 365
360 362
424 363
406 360
360 361
419 380
380 381
383 382
424 383
383 384
386 385
455 386
388 387
409 388
388 389
610 605
581 579
579 578
605 604
581 573
571 572
573 571
571 570
576 577
588 576
574 575
581 574
59 60
62 61
259 258
334 259
87 64
64 65
64 66
64 67
250 252
70 69
327 250
250 251
257 256
273 257
276 254
254 255
602 603
605 602
507 508
528 509
507 506
524 507
505 504
541 505
503 502
541 503
503 500
500 501
468 469
473 468
462 465
462 464
468 467
467 466
462 461
457 460
462 463
476 462
167 168
170 169
162 164
162 165
167 166
203 167
159 160
162 161
182 162
162 163
602 600
10 9
363 357
355 356
372 355
355 354
365 353
353 352
372 351
351 350
360 359
357 358
203 216
203 217
203 214
203 215
203 212
203 213
203 210
203 211
219 218
244 219
286 289
286 288
3 4
282 281
279 280
282 283
327 282
284 285
295 284
286 287
327 286
259 263
259 262
259 261
259 260
297 267
267 266
259 265
259 264
270 269
267 268
131 59
59 58
49 55
49 54
49 57
49 56
49 51
49 50
49 53
49 52
536 537
539 536
536 535
62 63
528 533
528 532
528 531
528 530
541 539
539 538
114 115
129 114
114 117
114 116
112 111
109 110
112 113
129 112
114 119
114 118
428 429
476 428
528 534
419 421
419 420
422 423
476 422
424 425
476 424
424 427
424 426
309 308
363 309
301 300
374 301
301 302
304 303
317 304
304 305
307 306
360 307
567 568
567 569
561 560
565 561
563 562
567 563
565 564
576 565
567 566
573 567
226 229
226 228
226 227
244 226
224 225
237 224
221 223
221 222
226 221
221 220
411 391
391 390
152 151
149 150
152 153
158 152
156 155
152 154
156 157
158 156
172 159
170 158
608 609
610 608
400 399
397 398
47 48
90 49
35 46
114 47
35 44
35 45
35 42
35 43
35 40
35 41
6 5
476 489
476 488
476 487
476 486
476 485
476 484
476 483
476 482
476 481
476 480
471 472
505 473
471 470
509 471
494 476
476 477
473 474
476 475
476 478
476 479
