477
613
613
0 483
346 522
340 97
341 206
342 234
343 24
348 274
349 557
595 110
606 475
298 119
299 492
296 546
294 306
292 92
290 425
291 531
591 33
590 52
593 164
199 303
198 188
596 430
195 56
194 538
196 53
191 213
190 153
192 42
271 305
272 278
274 337
275 102
277 479
278 554
279 12
525 346
526 501
527 22
521 587
522 465
523 127
599 460
528 196
529 288
449 384
448 511
443 315
442 365
441 150
447 433
446 364
445 545
108 261
102 13
100 333
106 86
107 550
104 50
105 313
39 453
38 186
33 487
31 591
30 310
37 19
36 331
35 51
34 31
438 263
439 412
436 118
434 466
435 368
432 543
433 229
430 595
339 154
338 534
335 504
334 240
337 343
336 461
331 202
330 232
333 230
332 568
345 350
6 277
99 199
98 544
91 7
93 555
92 117
95 542
94 147
97 99
559 396
555 122
554 566
557 88
556 169
551 89
550 152
553 402
238 251
239 532
234 212
235 458
236 280
230 404
232 286
233 385
1 299
146 392
147 216
144 424
145 79
142 491
143 30
141 335
612 172
148 309
149 141
132 513
130 484
137 254
499 326
135 447
134 65
495 171
139 527
490 134
491 448
492 192
493 463
24 319
26 526
27 291
21 120
22 236
23 564
28 248
407 107
405 304
404 472
402 15
401 144
408 379
379 499
378 203
371 570
370 386
373 325
375 604
376 174
393 578
392 421
88 312
89 405
396 318
395 115
82 357
83 283
399 287
81 354
86 27
84 345
7 607
601 537
586 367
587 486
584 151
582 593
583 143
580 340
589 16
245 260
247 207
246 330
240 298
243 205
242 266
249 414
248 439
519 220
518 191
511 361
510 516
513 256
512 49
515 247
514 480
516 289
458 382
459 38
450 478
452 426
453 40
454 551
456 105
178 245
177 46
176 183
175 401
174 219
173 586
172 547
171 445
253 66
183 58
180 146
181 548
186 235
187 477
185 349
188 139
189 9
11 572
10 37
13 238
12 510
15 264
16 44
19 506
18 601
322 271
323 204
320 556
326 83
327 482
325 589
328 223
329 399
201 417
203 4
202 296
205 168
204 255
207 5
206 390
209 467
208 209
77 253
76 217
75 446
74 393
72 285
71 180
79 582
78 41
542 316
543 6
540 116
541 187
546 60
547 185
544 11
545 21
8 541
548 359
598 94
120 356
122 474
124 528
126 488
127 381
2 84
414 0
416 126
417 160
410 108
412 410
498 23
418 163
319 416
318 529
313 609
312 530
310 407
316 132
315 208
496 302
368 257
369 292
366 328
367 104
364 342
365 432
362 332
363 375
361 603
381 612
382 535
384 69
385 348
386 157
387 18
389 329
578 442
604 378
572 272
570 246
577 34
607 211
575 508
60 190
61 8
258 515
63 366
64 252
65 533
66 370
67 111
252 334
69 26
251 521
256 422
257 525
254 408
255 519
603 489
508 456
506 135
504 473
502 362
501 198
469 43
465 369
464 201
467 352
466 454
461 470
460 459
463 124
168 569
169 130
164 75
165 336
166 1
160 464
161 300
163 320
9 72
357 91
356 189
354 68
352 443
350 242
359 64
358 498
216 210
217 590
214 435
215 496
212 258
213 36
210 181
211 112
218 452
219 165
289 290
288 142
4 95
281 148
280 560
283 596
285 281
287 323
286 434
263 55
262 239
261 195
260 145
266 249
265 583
264 155
269 562
268 98
58 294
55 606
54 225
57 76
56 100
51 308
50 81
53 149
52 559
537 485
535 429
534 215
533 580
532 228
531 307
530 275
538 93
115 469
68 214
117 78
116 63
111 363
110 262
113 67
112 373
119 265
118 387
429 71
421 423
420 518
423 438
422 395
425 338
424 512
427 398
426 233
308 339
309 523
300 493
302 575
303 54
304 113
305 490
306 221
307 39
568 161
569 341
560 322
562 450
564 553
566 495
229 389
228 598
227 584
225 224
224 10
223 178
222 441
221 28
220 173
390 514
151 2
150 358
153 218
152 279
155 74
154 427
157 45
609 82
398 599
48 77
49 57
46 35
44 48
45 177
42 137
43 194
40 175
41 227
5 481
489 243
488 449
487 61
486 540
485 176
484 371
483 436
482 502
481 376
480 268
472 166
473 418
470 577
477 106
474 420
475 269
478 222
479 327
351 344
1 0
347 346
365 347
334 340
334 341
334 342
334 343
347 348
347 349
594 595
605 606
602 594
297 298
297 299
295 296
327 297
293 294
334 295
293 292
327 293
286 290
286 291
588 591
588 590
592 593
594 592
200 199
197 198
600 597
597 596
193 195
193 194
226 197
197 196
189 191
189 190
203 193
193 192
286 270
270 271
273 272
284 273
273 274
276 275
334 276
276 277
279 278
327 279
528 524
524 525
524 526
528 527
541 520
520 521
520 522
520 523
600 599
541 528
528 529
448 449
476 448
444 443
440 442
440 441
500 440
448 447
444 446
444 445
462 444
109 108
131 109
103 102
128 103
101 100
123 101
105 106
105 107
103 104
121 105
35 39
35 38
32 33
167 32
32 31
29 30
35 37
35 36
49 35
35 34
437 438
440 439
437 436
440 437
431 434
431 435
431 432
431 433
428 430
451 431
334 339
334 338
334 335
353 334
334 337
334 336
327 331
327 330
334 333
327 332
344 345
35 6
98 99
121 98
90 91
129 90
156 93
93 92
96 95
93 94
98 97
114 96
558 559
574 558
567 555
555 554
558 557
555 556
552 551
549 550
552 553
563 552
237 238
237 239
235 234
297 235
237 236
286 237
231 230
286 231
231 232
231 233
90 1
172 146
146 147
140 144
146 145
140 142
140 143
172 140
140 141
611 612
611 610
613 611
146 148
172 149
203 133
133 132
159 131
129 130
138 137
172 136
136 135
133 134
515 494
494 495
138 139
159 138
476 490
476 491
476 492
494 493
22 24
47 25
25 26
25 27
49 20
20 21
35 22
22 23
29 28
123 29
406 407
437 406
406 405
403 404
409 403
403 402
400 401
431 400
419 409
419 408
380 379
377 378
372 371
424 370
372 373
411 372
374 375
431 374
415 377
377 376
394 393
391 392
87 88
87 89
408 397
397 396
394 395
422 394
83 82
156 83
101 80
80 81
85 86
112 87
85 84
125 85
8 7
600 601
608 607
585 586
588 587
585 584
588 585
581 582
581 583
579 580
588 581
592 588
588 589
244 245
250 244
244 247
244 246
244 241
241 240
244 243
241 242
250 249
244 248
520 519
517 518
509 511
509 510
509 513
509 512
541 515
515 514
528 517
517 516
457 458
457 459
451 450
476 451
520 452
452 453
455 454
476 455
457 456
468 457
203 179
179 178
172 177
172 176
172 175
172 174
172 173
203 172
172 171
203 170
250 253
226 182
184 183
179 180
182 181
184 186
184 187
203 184
184 185
184 188
259 189
17 11
35 10
14 13
11 12
14 15
25 14
49 17
17 16
20 19
17 18
73 62
321 322
324 323
321 320
327 321
324 326
334 327
334 324
324 325
327 328
327 329
200 201
244 200
221 203
203 202
203 205
203 204
203 207
203 206
203 209
203 208
75 77
75 76
80 75
73 74
105 73
73 72
70 71
90 70
96 79
79 78
3 2
541 542
541 543
541 540
561 541
541 546
541 547
541 544
541 545
17 8
549 548
571 549
64 68
597 598
114 120
140 121
123 122
172 123
123 124
159 125
125 126
128 127
136 128
226 129
413 414
437 415
415 416
415 417
409 410
419 411
413 412
428 413
497 498
415 418
437 419
500 499
317 319
317 318
314 313
311 312
344 311
311 310
334 317
317 316
314 315
327 314
497 496
524 497
87 3
365 368
370 369
365 366
365 367
365 364
406 365
360 362
424 363
406 360
360 361
419 380
380 381
383 382
424 383
383 384
386 385
455 386
388 387
409 388
388 389
610 605
581 579
579 578
605 604
581 573
571 572
573 571
571 570
576 577
588 576
574 575
581 574
59 60
62 61
259 258
334 259
87 64
64 65
64 66
64 67
250 252
70 69
327 250
250 251
257 256
273 257
276 254
254 255
602 603
605 602
507 508
528 509
507 506
524 507
505 504
541 505
503 502
541 503
503 500
500 501
468 469
473 468
462 465
462 464
468 467
467 466
462 461
457 460
462 463
476 462
167 168
170 169
162 164
162 165
167 166
203 167
159 160
162 161
182 162
162 163
602 600
10 9
363 357
355 356
372 355
355 354
365 353
353 352
372 351
351 350
360 359
357 358
203 216
203 217
203 214
203 215
203 212
203 213
203 210
203 211
219 218
244 219
286 289
286 288
3 4
282 281
279 280
282 283
327 282
284 285
295 284
286 287
327 286
259 263
259 262
259 261
259 260
297 267
267 266
259 265
259 264
270 269
267 268
131 59
59 58
49 55
49 54
49 57
49 56
49 51
49 50
49 53
49 52
536 537
539 536
536 535
62 63
528 533
528 532
528 531
528 530
541 539
539 538
114 115
129 114
114 117
114 116
112 111
109 110
112 113
129 112
114 119
114 118
428 429
476 428
528 534
419 421
419 420
422 423
476 422
424 425
476 424
424 427
424 426
309 308
363 309
301 300
374 301
301 302
304 303
317 304
304 305
307 306
360 307
567 568
567 569
561 560
565 561
563 562
567 563
565 564
576 565
567 566
573 567
226 229
226 228
226 227
244 226
224 225
237 224
221 223
221 222
226 221
221 220
411 391
391 390
152 151
149 150
152 153
158 152
156 155
152 154
156 157
158 156
172 159
170 158
608 609
610 608
400 399
397 398
47 48
90 49
35 46
114 47
35 44
35 45
35 42
35 43
35 40
35 41
6 5
476 489
476 488
476 487
476 486
476 485
476 484
476 483
476 482
476 481
476 480
471 472
505 473
471 470
509 471
494 476
476 477
473 474
476 475
476 478
476 479
