477
953
0
612 2
607 5
609 6
606 8
604 10
603 12
599 17
598 18
601 19
596 20
595 22
593 24
589 26
575 29
559 31
557 32
583 35
582 38
587 40
569 43
562 46
553 48
551 49
554 52
556 54
555 55
566 57
568 58
550 61
548 62
572 64
570 65
590 68
591 69
580 70
577 73
560 75
564 76
578 79
586 80
584 82
514 84
515 86
495 89
493 91
486 97
489 98
429 102
414 105
412 106
430 107
448 110
478 112
483 114
449 115
485 116
488 118
477 119
423 124
422 125
393 127
395 128
484 129
491 132
482 135
435 138
433 141
434 144
401 146
399 147
375 149
300 151
302 152
432 153
384 156
382 157
427 159
425 162
426 165
358 167
357 169
309 172
308 173
363 174
424 175
369 177
370 178
447 180
461 183
463 185
450 186
479 187
386 191
385 192
454 193
492 194
490 197
481 198
443 204
446 205
445 206
464 207
465 208
475 209
487 211
480 212
538 215
537 217
535 218
541 221
504 224
474 226
467 230
466 231
469 233
459 235
458 237
456 239
460 240
473 241
546 244
544 246
547 247
528 250
511 254
506 258
508 259
525 261
534 262
516 264
526 266
533 268
496 270
498 271
527 272
531 275
518 276
532 278
530 279
529 281
513 284
512 285
472 288
470 289
510 290
543 293
519 297
540 298
521 299
523 301
522 303
453 306
452 307
545 308
542 310
502 312
501 314
499 316
438 318
436 320
439 323
441 324
405 326
410 331
404 332
387 334
389 335
396 338
398 339
408 340
381 345
379 346
349 348
346 349
366 350
352 354
364 355
392 360
390 361
373 362
371 363
354 366
356 367
350 369
310 372
312 373
345 374
365 376
306 383
307 384
361 385
362 386
359 387
367 388
418 393
442 394
416 395
378 398
376 399
407 400
417 404
402 406
348 407
368 408
421 411
420 412
334 416
339 419
343 420
337 424
336 425
292 429
294 430
325 433
323 434
335 435
296 437
285 439
272 441
257 444
256 445
274 446
340 449
326 450
338 451
319 454
316 455
318 457
303 459
305 461
304 462
341 465
331 466
328 470
239 476
238 477
236 478
224 480
225 481
289 482
286 484
288 488
290 489
287 490
232 494
233 496
230 497
291 498
271 501
269 503
280 505
278 507
279 508
268 512
235 514
234 515
299 516
298 518
266 519
327 520
332 525
281 527
283 528
342 529
330 531
313 533
333 535
315 536
320 539
322 540
329 542
260 545
264 548
265 549
189 553
190 555
262 557
191 558
261 559
263 561
258 562
277 565
254 568
255 569
275 570
252 572
251 575
249 576
253 578
246 580
245 585
199 588
219 589
218 590
201 591
240 594
242 595
247 596
243 598
248 600
227 602
228 606
198 608
196 609
163 615
161 616
164 617
165 618
181 619
220 624
223 625
169 628
151 633
152 634
154 635
153 636
157 638
155 641
94 643
93 645
92 646
83 648
82 649
216 653
208 654
33 661
31 662
202 663
205 664
86 671
84 672
126 673
160 675
139 678
60 680
58 681
110 683
108 684
195 686
150 694
149 695
174 696
173 698
124 702
122 703
30 706
28 707
81 710
76 712
75 714
77 715
100 716
177 718
127 721
104 723
102 724
137 725
148 729
145 731
146 732
147 734
176 735
171 736
172 737
141 739
106 746
74 748
72 750
63 752
61 753
105 754
107 755
99 757
97 759
98 760
142 761
144 763
143 765
175 766
135 767
192 770
210 771
194 773
213 774
132 778
134 779
209 780
207 782
217 783
203 784
166 788
168 789
206 790
214 792
211 794
212 795
178 799
180 800
183 802
187 805
186 806
185 808
188 809
215 811
204 812
221 813
222 814
229 816
89 819
4 821
2 822
65 826
68 827
64 829
66 831
67 832
88 834
111 838
113 839
112 840
57 846
21 848
53 849
49 851
56 853
51 855
54 856
55 857
11 862
12 865
16 867
8 869
7 870
18 871
19 872
52 873
50 878
23 879
44 881
5 886
6 887
9 889
10 891
45 892
39 897
40 898
37 899
41 902
36 903
34 904
35 905
42 907
43 908
22 909
46 911
24 913
38 914
118 917
115 920
120 921
116 924
117 925
95 928
78 931
79 932
48 934
26 936
27 938
15 940
13 941
119 942
130 944
69 947
71 948
91 950
1 952
0 953
0 1
1 2
1 3
3 4
4 5
4 6
3 7
7 8
7 9
9 10
9 11
11 12
11 13
13 14
14 15
15 16
16 17
16 18
15 19
14 20
13 21
21 22
21 23
23 24
23 25
25 26
25 27
27 28
28 29
28 30
30 31
30 32
27 33
33 34
34 35
34 36
36 37
37 38
37 39
39 40
39 41
41 42
42 43
42 44
44 45
45 46
45 47
47 48
47 49
44 50
50 51
51 52
51 53
53 54
53 55
50 56
56 57
56 58
41 59
59 60
60 61
60 62
59 63
63 64
63 65
36 66
66 67
67 68
67 69
66 70
33 71
71 72
72 73
72 74
74 75
74 76
71 77
77 78
78 79
78 80
77 81
81 82
81 83
83 84
83 85
85 86
85 87
87 88
88 89
88 90
90 91
90 92
92 93
93 94
94 95
95 96
96 97
96 98
95 99
99 100
100 101
101 102
101 103
103 104
104 105
104 106
103 107
100 108
108 109
109 110
109 111
111 112
111 113
113 114
113 115
108 116
99 117
117 118
117 119
94 120
120 121
121 122
122 123
123 124
123 125
122 126
126 127
126 128
121 129
120 130
130 131
131 132
131 133
133 134
134 135
134 136
136 137
137 138
137 139
139 140
140 141
140 142
142 143
143 144
143 145
145 146
145 147
142 148
148 149
148 150
150 151
150 152
139 153
136 154
154 155
155 156
155 157
154 158
158 159
158 160
160 161
161 162
161 163
163 164
164 165
164 166
166 167
166 168
168 169
168 170
170 171
171 172
171 173
170 174
163 175
160 176
176 177
176 178
133 179
179 180
179 181
181 182
182 183
182 184
184 185
184 186
181 187
130 188
188 189
189 190
190 191
190 192
189 193
188 194
93 195
195 196
196 197
196 198
195 199
199 200
200 201
201 202
202 203
203 204
203 205
202 206
201 207
200 208
199 209
92 210
210 211
210 212
87 213
213 214
214 215
214 216
216 217
216 218
213 219
219 220
220 221
220 222
222 223
223 224
223 225
225 226
225 227
227 228
228 229
229 230
229 231
228 232
232 233
232 234
234 235
234 236
236 237
236 238
238 239
238 240
227 241
222 242
242 243
243 244
243 245
245 246
245 247
242 248
248 249
249 250
249 251
251 252
252 253
253 254
253 255
255 256
256 257
257 258
257 259
256 260
260 261
260 262
255 263
263 264
263 265
265 266
265 267
267 268
267 269
269 270
269 271
252 272
251 273
273 274
274 275
274 276
273 277
277 278
277 279
248 280
280 281
280 282
282 283
283 284
283 285
282 286
286 287
287 288
287 289
286 290
219 291
291 292
292 293
292 294
294 295
295 296
296 297
296 298
295 299
294 300
300 301
300 302
302 303
302 304
304 305
305 306
305 307
304 308
291 309
309 310
309 311
311 312
311 313
313 314
313 315
315 316
315 317
317 318
317 319
319 320
319 321
321 322
322 323
322 324
321 325
325 326
325 327
327 328
328 329
329 330
330 331
330 332
329 333
333 334
333 335
328 336
336 337
337 338
337 339
336 340
327 341
341 342
342 343
343 344
344 345
344 346
343 347
347 348
347 349
342 350
341 351
351 352
352 353
353 354
353 355
352 356
356 357
357 358
358 359
359 360
359 361
358 362
357 363
356 364
364 365
365 366
365 367
364 368
368 369
368 370
370 371
371 372
371 373
370 374
351 375
375 376
375 377
377 378
378 379
379 380
380 381
381 382
382 383
382 384
381 385
380 386
379 387
378 388
377 389
389 390
390 391
391 392
392 393
392 394
391 395
390 396
396 397
397 398
397 399
396 400
389 401
401 402
402 403
403 404
403 405
405 406
405 407
402 408
401 409
409 410
410 411
410 412
409 413
413 414
414 415
415 416
415 417
417 418
418 419
418 420
417 421
421 422
422 423
423 424
423 425
422 426
426 427
427 428
428 429
428 430
427 431
431 432
432 433
432 434
431 435
426 436
436 437
436 438
438 439
438 440
440 441
440 442
442 443
443 444
443 445
442 446
421 447
447 448
448 449
448 450
447 451
414 452
452 453
453 454
453 455
452 456
456 457
456 458
458 459
458 460
460 461
460 462
413 463
463 464
464 465
464 466
463 467
467 468
468 469
469 470
469 471
471 472
472 473
473 474
474 475
475 476
475 477
474 478
473 479
479 480
479 481
472 482
471 483
483 484
483 485
485 486
486 487
487 488
487 489
486 490
485 491
491 492
492 493
493 494
493 495
495 496
495 497
492 498
491 499
499 500
500 501
500 502
502 503
502 504
504 505
504 506
506 507
506 508
499 509
509 510
510 511
511 512
511 513
513 514
513 515
510 516
509 517
517 518
517 519
468 520
467 521
521 522
522 523
523 524
524 525
524 526
526 527
526 528
523 529
522 530
530 531
530 532
532 533
532 534
534 535
534 536
521 537
537 538
538 539
538 540
537 541
541 542
541 543
543 544
544 545
544 546
546 547
547 548
547 549
546 550
550 551
551 552
552 553
552 554
554 555
554 556
556 557
556 558
551 559
550 560
560 561
560 562
543 563
563 564
564 565
564 566
566 567
567 568
567 569
566 570
563 571
571 572
571 573
573 574
574 575
574 576
573 577
577 578
577 579
579 580
579 581
581 582
582 583
583 584
584 585
584 586
586 587
587 588
587 589
586 590
583 591
582 592
592 593
593 594
593 595
592 596
581 597
597 598
597 599
599 600
599 601
601 602
601 603
603 604
604 605
605 606
605 607
607 608
607 609
604 610
610 611
611 612
612 613
613 614
614 615
614 616
613 617
612 618
611 619
610 620
620 621
621 622
622 623
623 624
623 625
622 626
626 627
627 628
627 629
629 630
630 631
631 632
632 633
632 634
631 635
630 636
629 637
637 638
637 639
639 640
640 641
640 642
642 643
642 644
644 645
644 646
639 647
647 648
647 649
626 650
650 651
651 652
652 653
652 654
651 655
655 656
656 657
657 658
658 659
659 660
660 661
660 662
659 663
658 664
657 665
665 666
666 667
667 668
668 669
669 670
670 671
670 672
669 673
668 674
674 675
674 676
676 677
677 678
677 679
679 680
679 681
676 682
682 683
682 684
667 685
685 686
685 687
687 688
688 689
689 690
690 691
691 692
692 693
693 694
693 695
692 696
691 697
697 698
697 699
699 700
700 701
701 702
701 703
700 704
704 705
705 706
705 707
704 708
708 709
709 710
709 711
711 712
711 713
713 714
713 715
708 716
699 717
717 718
717 719
719 720
720 721
720 722
722 723
722 724
719 725
690 726
726 727
727 728
728 729
728 730
730 731
730 732
727 733
733 734
733 735
726 736
689 737
688 738
738 739
738 740
740 741
741 742
742 743
743 744
744 745
745 746
745 747
747 748
747 749
749 750
749 751
751 752
751 753
744 754
743 755
742 756
756 757
756 758
758 759
758 760
741 761
740 762
762 763
762 764
764 765
764 766
687 767
666 768
768 769
769 770
769 771
768 772
772 773
772 774
665 775
775 776
776 777
777 778
777 779
776 780
775 781
781 782
781 783
656 784
655 785
785 786
786 787
787 788
787 789
786 790
785 791
791 792
791 793
793 794
793 795
650 796
796 797
797 798
798 799
798 800
797 801
801 802
801 803
803 804
804 805
804 806
803 807
807 808
807 809
796 810
810 811
810 812
621 813
620 814
603 815
815 816
815 817
817 818
818 819
818 820
820 821
820 822
817 823
823 824
824 825
825 826
825 827
824 828
828 829
828 830
830 831
830 832
823 833
833 834
833 835
835 836
836 837
837 838
837 839
836 840
835 841
841 842
842 843
843 844
844 845
845 846
845 847
847 848
847 849
844 850
850 851
850 852
852 853
852 854
854 855
854 856
843 857
842 858
858 859
859 860
860 861
861 862
861 863
863 864
864 865
864 866
866 867
866 868
868 869
868 870
863 871
860 872
859 873
858 874
874 875
875 876
876 877
877 878
877 879
876 880
880 881
880 882
882 883
883 884
884 885
885 886
885 887
884 888
888 889
888 890
890 891
890 892
883 893
893 894
894 895
895 896
896 897
896 898
895 899
894 900
900 901
901 902
901 903
900 904
893 905
882 906
906 907
906 908
875 909
874 910
910 911
910 912
912 913
912 914
841 915
915 916
916 917
916 918
918 919
919 920
919 921
918 922
922 923
923 924
923 925
922 926
926 927
927 928
927 929
929 930
930 931
930 932
929 933
933 934
933 935
935 936
935 937
937 938
937 939
939 940
939 941
926 942
915 943
943 944
943 945
945 946
946 947
946 948
945 949
949 950
949 951
951 952
951 953
