477
613
613
0 0
346 346
340 340
341 341
342 342
343 343
348 348
349 349
595 595
606 606
298 298
299 299
296 296
294 294
292 292
290 290
291 291
591 591
590 590
593 593
199 199
198 198
596 596
195 195
194 194
196 196
191 191
190 190
192 192
271 271
272 272
274 274
275 275
277 277
278 278
279 279
525 525
526 526
527 527
521 521
522 522
523 523
599 599
528 528
529 529
449 449
448 448
443 443
442 442
441 441
447 447
446 446
445 445
108 108
102 102
100 100
106 106
107 107
104 104
105 105
39 39
38 38
33 33
31 31
30 30
37 37
36 36
35 35
34 34
438 438
439 439
436 436
434 434
435 435
432 432
433 433
430 430
339 339
338 338
335 335
334 334
337 337
336 336
331 331
330 330
333 333
332 332
345 345
6 6
99 99
98 98
91 91
93 93
92 92
95 95
94 94
97 97
559 559
555 555
554 554
557 557
556 556
551 551
550 550
553 553
238 238
239 239
234 234
235 235
236 236
230 230
232 232
233 233
1 1
146 146
147 147
144 144
145 145
142 142
143 143
141 141
612 612
148 148
149 149
132 132
130 130
137 137
499 499
135 135
134 134
495 495
139 139
490 490
491 491
492 492
493 493
24 24
26 26
27 27
21 21
22 22
23 23
28 28
407 407
405 405
404 404
402 402
401 401
408 408
379 379
378 378
371 371
370 370
373 373
375 375
376 376
393 393
392 392
88 88
89 89
396 396
395 395
82 82
83 83
399 399
81 81
86 86
84 84
7 7
601 601
586 586
587 587
584 584
582 582
583 583
580 580
589 589
245 245
247 247
246 246
240 240
243 243
242 242
249 249
248 248
519 519
518 518
511 511
510 510
513 513
512 512
515 515
514 514
516 516
458 458
459 459
450 450
452 452
453 453
454 454
456 456
178 178
177 177
176 176
175 175
174 174
173 173
172 172
171 171
253 253
183 183
180 180
181 181
186 186
187 187
185 185
188 188
189 189
11 11
10 10
13 13
12 12
15 15
16 16
19 19
18 18
322 322
323 323
320 320
326 326
327 327
325 325
328 328
329 329
201 201
203 203
202 202
205 205
204 204
207 207
206 206
209 209
208 208
77 77
76 76
75 75
74 74
72 72
71 71
79 79
78 78
542 542
543 543
540 540
541 541
546 546
547 547
544 544
545 545
8 8
548 548
598 598
120 120
122 122
124 124
126 126
127 127
2 2
414 414
416 416
417 417
410 410
412 412
498 498
418 418
319 319
318 318
313 313
312 312
310 310
316 316
315 315
496 496
368 368
369 369
366 366
367 367
364 364
365 365
362 362
363 363
361 361
381 381
382 382
384 384
385 385
386 386
387 387
389 389
578 578
604 604
572 572
570 570
577 577
607 607
575 575
60 60
61 61
258 258
63 63
64 64
65 65
66 66
67 67
252 252
69 69
251 251
256 256
257 257
254 254
255 255
603 603
508 508
506 506
504 504
502 502
501 501
469 469
465 465
464 464
467 467
466 466
461 461
460 460
463 463
168 168
169 169
164 164
165 165
166 166
160 160
161 161
163 163
9 9
357 357
356 356
354 354
352 352
350 350
359 359
358 358
216 216
217 217
214 214
215 215
212 212
213 213
210 210
211 211
218 218
219 219
289 289
288 288
4 4
281 281
280 280
283 283
285 285
287 287
286 286
263 263
262 262
261 261
260 260
266 266
265 265
264 264
269 269
268 268
58 58
55 55
54 54
57 57
56 56
51 51
50 50
53 53
52 52
537 537
535 535
534 534
533 533
532 532
531 531
530 530
538 538
115 115
68 68
117 117
116 116
111 111
110 110
113 113
112 112
119 119
118 118
429 429
421 421
420 420
423 423
422 422
425 425
424 424
427 427
426 426
308 308
309 309
300 300
302 302
303 303
304 304
305 305
306 306
307 307
568 568
569 569
560 560
562 562
564 564
566 566
229 229
228 228
227 227
225 225
224 224
223 223
222 222
221 221
220 220
390 390
151 151
150 150
153 153
152 152
155 155
154 154
157 157
609 609
398 398
48 48
49 49
46 46
44 44
45 45
42 42
43 43
40 40
41 41
5 5
489 489
488 488
487 487
486 486
485 485
484 484
483 483
482 482
481 481
480 480
472 472
473 473
470 470
477 477
474 474
475 475
478 478
479 479
351 344
1 0
347 346
365 347
334 340
334 341
334 342
334 343
347 348
347 349
594 595
605 606
602 594
297 298
297 299
295 296
327 297
293 294
334 295
293 292
327 293
286 290
286 291
588 591
588 590
592 593
594 592
200 199
197 198
600 597
597 596
193 195
193 194
226 197
197 196
189 191
189 190
203 193
193 192
286 270
270 271
273 272
284 273
273 274
276 275
334 276
276 277
279 278
327 279
528 524
524 525
524 526
528 527
541 520
520 521
520 522
520 523
600 599
541 528
528 529
448 449
476 448
444 443
440 442
440 441
500 440
448 447
444 446
444 445
462 444
109 108
131 109
103 102
128 103
101 100
123 101
105 106
105 107
103 104
121 105
35 39
35 38
32 33
167 32
32 31
29 30
35 37
35 36
49 35
35 34
437 438
440 439
437 436
440 437
431 434
431 435
431 432
431 433
428 430
451 431
334 339
334 338
334 335
353 334
334 337
334 336
327 331
327 330
334 333
327 332
344 345
35 6
98 99
121 98
90 91
129 90
156 93
93 92
96 95
93 94
98 97
114 96
558 559
574 558
567 555
555 554
558 557
555 556
552 551
549 550
552 553
563 552
237 238
237 239
235 234
297 235
237 236
286 237
231 230
286 231
231 232
231 233
90 1
172 146
146 147
140 144
146 145
140 142
140 143
172 140
140 141
611 612
611 610
613 611
146 148
172 149
203 133
133 132
159 131
129 130
138 137
172 136
136 135
133 134
515 494
494 495
138 139
159 138
476 490
476 491
476 492
494 493
22 24
47 25
25 26
25 27
49 20
20 21
35 22
22 23
29 28
123 29
406 407
437 406
406 405
403 404
409 403
403 402
400 401
431 400
419 409
419 408
380 379
377 378
372 371
424 370
372 373
411 372
374 375
431 374
415 377
377 376
394 393
391 392
87 88
87 89
408 397
397 396
394 395
422 394
83 82
156 83
101 80
80 81
85 86
112 87
85 84
125 85
8 7
600 601
608 607
585 586
588 587
585 584
588 585
581 582
581 583
579 580
588 581
592 588
588 589
244 245
250 244
244 247
244 246
244 241
241 240
244 243
241 242
250 249
244 248
520 519
517 518
509 511
509 510
509 513
509 512
541 515
515 514
528 517
517 516
457 458
457 459
451 450
476 451
520 452
452 453
455 454
476 455
457 456
468 457
203 179
179 178
172 177
172 176
172 175
172 174
172 173
203 172
172 171
203 170
250 253
226 182
184 183
179 180
182 181
184 186
184 187
203 184
184 185
184 188
259 189
17 11
35 10
14 13
11 12
14 15
25 14
49 17
17 16
20 19
17 18
73 62
321 322
324 323
321 320
327 321
324 326
334 327
334 324
324 325
327 328
327 329
200 201
244 200
221 203
203 202
203 205
203 204
203 207
203 206
203 209
203 208
75 77
75 76
80 75
73 74
105 73
73 72
70 71
90 70
96 79
79 78
3 2
541 542
541 543
541 540
561 541
541 546
541 547
541 544
541 545
17 8
549 548
571 549
64 68
597 598
114 120
140 121
123 122
172 123
123 124
159 125
125 126
128 127
136 128
226 129
413 414
437 415
415 416
415 417
409 410
419 411
413 412
428 413
497 498
415 418
437 419
500 499
317 319
317 318
314 313
311 312
344 311
311 310
334 317
317 316
314 315
327 314
497 496
524 497
87 3
365 368
370 369
365 366
365 367
365 364
406 365
360 362
424 363
406 360
360 361
419 380
380 381
383 382
424 383
383 384
386 385
455 386
388 387
409 388
388 389
610 605
581 579
579 578
605 604
581 573
571 572
573 571
571 570
576 577
588 576
574 575
581 574
59 60
62 61
259 258
334 259
87 64
64 65
64 66
64 67
250 252
70 69
327 250
250 251
257 256
273 257
276 254
254 255
602 603
605 602
507 508
528 509
507 506
524 507
505 504
541 505
503 502
541 503
503 500
500 501
468 469
473 468
462 465
462 464
468 467
467 466
462 461
457 460
462 463
476 462
167 168
170 169
162 164
162 165
167 166
203 167
159 160
162 161
182 162
162 163
602 600
10 9
363 357
355 356
372 355
355 354
365 353
353 352
372 351
351 350
360 359
357 358
203 216
203 217
203 214
203 215
203 212
203 213
203 210
203 211
219 218
244 219
286 289
286 288
3 4
282 281
279 280
282 283
327 282
284 285
295 284
286 287
327 286
259 263
259 262
259 261
259 260
297 267
267 266
259 265
259 264
270 269
267 268
131 59
59 58
49 55
49 54
49 57
49 56
49 51
49 50
49 53
49 52
536 537
539 536
536 535
62 63
528 533
528 532
528 531
528 530
541 539
539 538
114 115
129 114
114 117
114 116
112 111
109 110
112 113
129 112
114 119
114 118
428 429
476 428
528 534
419 421
419 420
422 423
476 422
424 425
476 424
424 427
424 426
309 308
363 309
301 300
374 301
301 302
304 303
317 304
304 305
307 306
360 307
567 568
567 569
561 560
565 561
563 562
567 563
565 564
576 565
567 566
573 567
226 229
226 228
226 227
244 226
224 225
237 224
221 223
221 222
226 221
221 220
411 391
391 390
152 151
149 150
152 153
158 152
156 155
152 154
156 157
158 156
172 159
170 158
608 609
610 608
400 399
397 398
47 48
90 49
35 46
114 47
35 44
35 45
35 42
35 43
35 40
35 41
6 5
476 489
476 488
476 487
476 486
476 485
476 484
476 483
476 482
476 481
476 480
471 472
505 473
471 470
509 471
494 476
476 477
473 474
476 475
476 478
476 479
