486
615
615
344 344
0 0
347 347
340 340
341 341
342 342
343 343
348 348
349 349
606 606
594 594
298 298
299 299
296 296
297 297
294 294
295 295
292 292
293 293
290 290
591 591
590 590
593 593
199 199
198 198
597 597
596 596
195 195
194 194
196 196
191 191
193 193
270 270
272 272
273 273
275 275
276 276
277 277
279 279
524 524
526 526
527 527
520 520
521 521
523 523
528 528
529 529
449 449
443 443
442 442
441 441
440 440
447 447
446 446
444 444
108 108
102 102
103 103
100 100
101 101
106 106
107 107
104 104
39 39
38 38
33 33
32 32
31 31
30 30
37 37
36 36
35 35
34 34
438 438
439 439
436 436
437 437
434 434
435 435
432 432
430 430
431 431
339 339
335 335
334 334
337 337
336 336
331 331
330 330
333 333
332 332
345 345
6 6
98 98
90 90
92 92
95 95
94 94
97 97
559 559
558 558
555 555
554 554
557 557
556 556
550 550
553 553
552 552
238 238
239 239
234 234
235 235
236 236
237 237
231 231
233 233
1 1
614 614
146 146
144 144
145 145
142 142
140 140
612 612
610 610
611 611
148 148
133 133
132 132
131 131
130 130
137 137
136 136
134 134
494 494
139 139
138 138
490 490
491 491
493 493
24 24
26 26
27 27
20 20
21 21
23 23
28 28
29 29
407 407
406 406
405 405
404 404
402 402
401 401
409 409
408 408
379 379
378 378
371 371
370 370
373 373
375 375
374 374
376 376
392 392
88 88
89 89
397 397
395 395
394 394
82 82
399 399
398 398
86 86
87 87
84 84
85 85
7 7
601 601
586 586
587 587
584 584
583 583
581 581
589 589
245 245
244 244
246 246
241 241
240 240
242 242
249 249
248 248
519 519
511 511
510 510
513 513
512 512
514 514
517 517
516 516
458 458
450 450
452 452
453 453
454 454
455 455
457 457
179 179
178 178
177 177
176 176
174 174
173 173
171 171
170 170
182 182
183 183
180 180
2 2
186 186
187 187
184 184
185 185
189 189
11 11
10 10
13 13
15 15
14 14
17 17
18 18
322 322
323 323
320 320
321 321
326 326
324 324
325 325
328 328
201 201
203 203
205 205
204 204
207 207
206 206
209 209
76 76
75 75
72 72
71 71
70 70
79 79
78 78
542 542
540 540
541 541
546 546
544 544
545 545
548 548
549 549
598 598
120 120
121 121
122 122
123 123
124 124
125 125
126 126
127 127
128 128
129 129
414 414
415 415
417 417
410 410
411 411
412 412
498 498
418 418
499 499
318 318
313 313
312 312
311 311
310 310
317 317
316 316
315 315
314 314
496 496
497 497
3 3
369 369
366 366
367 367
364 364
363 363
361 361
380 380
381 381
383 383
384 384
386 386
388 388
389 389
579 579
578 578
573 573
572 572
571 571
577 577
576 576
575 575
574 574
60 60
61 61
258 258
63 63
64 64
65 65
67 67
68 68
253 253
250 250
251 251
257 257
254 254
255 255
602 602
508 508
509 509
506 506
504 504
502 502
503 503
501 501
469 469
468 468
465 465
464 464
467 467
466 466
461 461
460 460
463 463
462 462
169 169
165 165
167 167
160 160
161 161
162 162
163 163
600 600
9 9
357 357
356 356
355 355
354 354
353 353
352 352
351 351
350 350
359 359
358 358
217 217
214 214
215 215
212 212
213 213
210 210
211 211
218 218
219 219
289 289
288 288
281 281
280 280
283 283
282 282
285 285
284 284
287 287
262 262
261 261
260 260
267 267
265 265
264 264
268 268
59 59
55 55
54 54
57 57
56 56
51 51
62 62
53 53
52 52
536 536
534 534
533 533
531 531
530 530
539 539
538 538
115 115
114 114
117 117
116 116
111 111
110 110
112 112
119 119
118 118
429 429
428 428
420 420
422 422
425 425
424 424
427 427
426 426
308 308
300 300
302 302
303 303
306 306
307 307
569 569
560 560
561 561
562 562
563 563
564 564
565 565
566 566
567 567
229 229
228 228
226 226
224 224
223 223
222 222
221 221
220 220
391 391
390 390
605 605
150 150
153 153
152 152
155 155
154 154
156 156
158 158
608 608
80 80
48 48
49 49
46 46
47 47
44 44
45 45
42 42
43 43
40 40
41 41
5 5
489 489
488 488
487 487
486 486
485 485
483 483
482 482
480 480
472 472
470 470
476 476
477 477
475 475
478 478
479 479
338 344
1 0
349 346
346 347
338 340
338 341
338 342
338 343
349 348
360 349
604 595
607 606
595 594
294 298
294 299
294 296
294 297
309 294
294 295
291 292
294 293
291 290
294 291
588 591
588 590
592 593
604 592
200 199
197 198
595 597
595 596
232 195
195 194
248 197
197 196
192 191
204 190
192 193
202 192
269 270
309 271
271 272
274 273
309 274
274 275
274 276
278 277
304 278
278 279
525 524
543 525
527 526
535 527
518 520
522 521
537 522
522 523
603 599
527 528
527 529
448 449
507 448
442 443
471 442
442 441
433 440
448 447
445 446
459 445
442 444
109 108
119 109
113 102
102 103
99 100
102 101
175 106
106 107
102 104
159 105
71 39
27 38
27 33
27 32
27 31
27 30
27 37
27 36
27 35
27 34
433 438
433 439
433 436
433 437
433 434
433 435
433 432
484 433
429 430
429 431
338 339
349 338
349 335
335 334
338 337
335 336
349 331
329 330
377 333
331 332
346 345
4 6
113 99
99 98
113 91
91 90
105 93
91 92
96 95
93 94
96 97
119 96
553 559
553 558
553 555
553 554
553 557
553 556
568 551
549 550
570 553
551 552
232 238
232 239
232 234
232 235
232 236
232 237
248 230
232 231
248 232
232 233
39 1
613 614
147 146
159 147
143 144
143 145
141 142
149 143
141 140
166 141
613 612
615 613
609 610
609 611
147 148
159 149
119 133
119 132
119 131
119 130
135 137
135 136
149 135
135 134
495 494
505 495
135 139
135 138
484 490
492 491
525 492
492 493
25 24
159 25
25 26
39 27
19 20
22 21
39 22
22 23
27 28
27 29
403 407
403 406
403 405
403 404
423 403
403 402
400 401
419 400
442 409
403 408
377 379
377 378
372 371
368 370
372 373
403 372
372 375
372 374
409 377
377 376
403 393
393 392
86 88
86 89
398 397
433 396
393 395
393 394
83 82
113 83
81 80
143 81
91 86
86 87
83 84
86 85
8 7
599 601
609 607
585 586
588 587
585 584
595 585
592 582
582 583
595 580
582 581
599 588
588 589
243 245
243 244
309 247
247 246
232 241
232 240
247 243
243 242
248 249
309 248
518 519
553 518
510 511
551 510
510 513
510 512
537 515
515 514
518 517
515 516
459 458
500 459
451 450
474 451
451 452
473 453
453 454
456 455
527 456
456 457
175 179
175 178
175 177
175 176
181 175
175 174
172 173
200 172
172 171
169 170
252 253
181 182
181 183
181 180
190 181
181 186
188 187
181 184
181 185
208 188
188 189
12 11
8 10
12 13
50 12
16 15
12 14
16 17
27 16
58 19
19 18
58 62
319 322
319 323
319 320
319 321
349 326
329 327
319 324
326 325
327 328
333 329
200 201
216 200
202 203
225 202
204 205
232 204
208 207
204 206
208 209
216 208
81 77
77 76
74 75
105 74
105 73
73 72
119 71
69 70
77 79
77 78
1 2
543 542
553 543
541 540
570 541
547 546
551 547
553 544
544 545
39 8
547 548
551 549
69 68
595 598
119 120
119 121
119 122
119 123
119 124
119 125
119 126
119 127
119 128
119 129
413 414
416 415
429 416
416 417
429 410
410 411
413 412
423 413
497 498
419 418
474 419
500 499
338 319
319 318
309 313
309 312
309 311
309 310
309 317
309 316
309 315
309 314
495 496
507 497
4 3
396 368
368 369
365 366
368 367
365 364
387 365
387 362
362 363
377 360
362 361
377 380
382 381
396 382
382 383
385 384
409 385
385 386
403 387
387 388
387 389
604 605
580 579
577 578
607 604
570 573
570 572
570 571
580 570
595 577
570 576
570 575
570 574
58 60
58 61
259 258
294 259
73 64
66 65
86 66
66 67
282 252
74 69
248 250
252 251
271 256
256 257
252 254
256 255
604 603
603 602
507 508
510 509
505 506
535 507
505 504
541 505
518 502
502 503
518 500
500 501
465 469
465 468
484 465
465 464
465 467
465 466
459 461
459 460
459 463
459 462
190 168
213 169
168 164
166 165
168 166
166 167
159 160
159 161
159 162
164 163
599 600
8 9
377 357
357 356
349 355
349 354
349 353
349 352
349 351
349 350
360 359
357 358
256 216
216 217
213 214
216 215
208 212
247 213
208 210
208 211
216 218
216 219
286 289
286 288
50 4
282 281
278 280
282 283
294 282
286 285
282 284
286 287
294 286
309 263
263 262
259 261
259 260
266 267
294 266
266 265
263 264
319 269
269 268
58 59
93 58
50 55
50 54
58 57
50 56
50 51
58 50
50 53
50 52
553 537
535 536
553 535
64 63
532 533
553 532
532 531
527 530
537 539
537 538
113 115
113 114
113 117
113 116
109 111
109 110
181 113
113 112
159 119
119 118
459 429
427 428
535 534
484 421
421 420
484 423
421 422
423 425
423 424
484 427
423 426
309 308
387 309
301 300
349 301
301 302
304 303
305 304
327 305
305 306
305 307
570 568
568 569
553 560
553 561
553 562
553 563
553 564
553 565
553 566
568 567
230 229
227 228
230 227
227 226
248 225
225 224
216 223
216 222
216 221
216 220
390 391
409 390
175 151
151 150
181 153
151 152
153 155
153 154
164 157
157 156
175 159
157 158
613 609
609 608
400 399
445 398
39 48
50 49
39 46
39 47
39 44
39 45
39 42
39 43
39 40
39 41
4 5
484 489
484 488
484 487
484 486
484 485
510 484
484 483
481 482
484 481
481 480
473 472
484 473
471 470
484 471
474 476
474 477
500 474
474 475
474 478
474 479
