49
82
0
72 3
53 7
47 9
42 12
40 14
36 17
37 19
34 21
29 23
30 24
27 25
24 27
15 29
13 30
23 31
21 32
19 33
8 35
7 36
6 37
4 38
3 40
2 41
0 42
22 44
12 46
10 47
18 49
16 50
35 52
32 53
38 55
39 56
45 58
43 59
59 61
51 62
63 64
56 66
54 67
62 69
60 70
50 72
48 73
71 75
70 77
65 79
68 81
67 82
0 1
1 2
2 3
2 4
4 5
5 6
6 7
6 8
8 9
8 10
10 11
11 12
11 13
13 14
13 15
15 16
16 17
16 18
18 19
18 20
20 21
20 22
22 23
22 24
22 25
22 26
26 27
26 28
28 29
28 30
28 31
28 32
28 33
28 34
34 35
34 36
34 37
34 38
34 39
39 40
39 41
39 42
28 43
43 44
43 45
45 46
45 47
26 48
48 49
48 50
16 51
51 52
51 53
15 54
54 55
54 56
10 57
57 58
57 59
5 60
60 61
60 62
4 63
63 64
63 65
65 66
65 67
63 68
68 69
68 70
4 71
71 72
71 73
1 74
74 75
74 76
76 77
76 78
78 79
78 80
80 81
80 82
