49
49
49
0 0
2 1
3 2
4 3
6 4
7 5
8 6
10 7
12 8
13 9
15 10
16 11
18 12
19 13
21 14
22 15
23 16
24 17
27 18
29 19
30 20
32 21
34 22
35 23
36 24
37 25
39 26
38 27
40 28
42 29
43 30
45 31
47 32
48 33
50 34
51 35
53 36
54 37
56 38
59 39
60 40
62 41
63 42
65 43
67 44
68 45
70 46
71 47
72 48
49 48
48 39
39 35
48 33
33 34
35 36
48 42
48 41
41 40
48 37
35 32
32 28
28 27
27 24
24 21
24 22
27 20
28 29
20 19
24 25
27 26
28 31
20 9
9 13
9 16
9 6
6 5
5 4
5 3
4 1
1 0
9 10
9 15
1 2
9 8
9 14
20 18
9 11
11 12
9 17
8 7
24 23
28 30
37 38
49 47
47 43
43 46
43 44
43 45
