49
75
75
56 62
54 54
51 37
43 71
60 15
62 4
63 2
53 43
67 38
68 16
24 45
27 36
21 30
22 21
23 24
47 47
45 35
42 40
29 22
40 68
0 7
3 59
2 39
4 3
7 51
6 56
8 34
39 63
65 29
38 0
72 19
71 27
70 67
59 6
10 70
13 8
12 23
15 32
48 72
16 65
19 53
18 50
30 18
37 42
36 12
35 48
34 13
32 60
50 10
55 56
55 54
41 42
49 48
44 43
61 60
64 61
61 62
64 63
73 64
52 53
69 66
66 67
69 68
74 69
57 52
25 24
26 25
28 26
28 27
26 20
20 21
20 22
20 23
57 46
46 47
46 44
44 45
31 28
28 29
41 40
44 41
9 1
1 0
1 3
1 2
9 5
5 4
5 7
5 6
14 9
9 8
52 51
73 49
38 39
66 65
41 38
74 73
73 72
69 71
69 70
58 59
73 58
20 11
11 10
14 13
11 12
14 15
20 14
25 17
17 16
20 19
17 18
38 31
31 30
36 37
38 36
33 35
33 34
36 33
64 55
75 74
33 32
58 57
49 50
