49
75
75
56 56
54 54
51 51
43 43
60 60
62 62
63 63
53 53
67 67
68 68
24 24
27 27
21 21
22 22
23 23
47 47
45 45
42 42
29 29
40 40
0 0
3 3
2 2
4 4
7 7
6 6
8 8
39 39
65 65
38 38
72 72
71 71
70 70
59 59
10 10
13 13
12 12
15 15
48 48
16 16
19 19
18 18
30 30
37 37
36 36
35 35
34 34
32 32
50 50
55 56
55 54
41 42
49 48
44 43
61 60
64 61
61 62
64 63
73 64
52 53
69 66
66 67
69 68
74 69
57 52
25 24
26 25
28 26
28 27
26 20
20 21
20 22
20 23
57 46
46 47
46 44
44 45
31 28
28 29
41 40
44 41
9 1
1 0
1 3
1 2
9 5
5 4
5 7
5 6
14 9
9 8
52 51
73 49
38 39
66 65
41 38
74 73
73 72
69 71
69 70
58 59
73 58
20 11
11 10
14 13
11 12
14 15
20 14
25 17
17 16
20 19
17 18
38 31
31 30
36 37
38 36
33 35
33 34
36 33
64 55
75 74
33 32
58 57
49 50
