50
75
74
56 56
43 43
60 60
61 61
62 62
63 63
65 65
66 66
67 67
68 68
69 69
25 25
26 26
27 27
20 20
21 21
48 48
23 23
46 46
29 29
40 40
41 41
0 0
3 3
2 2
5 5
6 6
9 9
8 8
75 75
38 38
72 72
71 71
70 70
58 58
11 11
13 13
12 12
15 15
14 14
17 17
16 16
33 33
54 54
57 57
30 30
37 37
50 50
35 35
52 52
55 56
55 54
44 42
49 48
42 43
59 60
59 61
59 62
64 63
73 64
51 49
64 66
64 67
64 68
64 69
53 52
59 53
31 24
24 25
24 26
28 27
19 20
22 21
32 22
24 23
47 46
51 47
45 44
47 45
32 28
28 29
39 40
42 41
10 1
1 0
4 3
1 2
4 5
10 4
10 7
7 6
10 9
7 8
53 51
45 39
64 65
74 75
36 38
74 73
73 72
64 71
64 70
73 59
59 58
10 11
18 10
10 13
10 12
10 15
10 14
18 17
10 16
22 19
19 18
44 31
31 30
36 37
39 36
34 35
39 34
34 33
64 55
36 32
55 57
49 50
