477
953
0
565 20
562 22
501 24
499 25
550 28
564 31
558 32
510 34
508 35
555 37
531 39
530 40
559 45
539 48
538 49
537 50
552 53
479 56
478 57
481 58
533 59
549 62
532 63
480 64
557 66
551 67
524 70
561 71
566 72
563 76
542 78
540 79
456 83
454 84
543 88
515 89
520 90
519 92
518 95
459 104
389 105
396 108
393 109
394 110
457 111
443 115
407 116
441 123
402 126
399 127
401 128
440 129
434 130
437 133
390 134
436 135
435 136
438 138
391 139
439 140
387 141
442 145
376 146
374 149
377 150
379 151
411 158
373 159
372 160
416 161
381 163
408 165
386 167
384 168
417 170
423 173
419 174
348 177
346 178
341 180
339 181
422 183
413 189
410 190
421 191
380 192
418 193
414 194
420 196
415 197
412 198
517 200
464 201
545 203
544 204
556 205
527 209
525 210
554 211
553 217
477 221
475 222
471 223
467 225
465 226
505 229
503 231
474 235
472 236
496 238
493 239
495 240
470 242
468 243
490 248
489 249
488 251
485 252
453 254
445 256
444 257
487 258
451 260
449 261
484 264
482 265
433 267
427 270
426 271
424 272
560 273
536 275
529 276
523 280
521 281
507 283
506 284
497 287
461 291
463 292
462 293
460 294
512 296
514 297
534 298
582 300
567 302
492 305
491 307
446 310
447 311
448 312
432 317
429 320
430 321
397 323
382 325
364 327
362 328
428 330
353 332
351 333
431 334
406 337
405 341
404 342
403 343
370 346
369 348
368 350
365 351
367 352
361 356
294 364
286 365
298 367
297 369
295 370
296 371
236 375
234 376
220 384
200 385
171 390
37 392
35 393
172 395
162 397
160 398
197 400
187 401
189 402
211 405
155 406
190 410
201 412
202 414
199 415
194 418
166 420
93 422
92 425
91 426
89 427
192 428
193 429
134 436
122 438
120 439
85 442
83 443
30 446
29 447
27 448
133 450
95 456
77 457
82 459
81 463
80 464
76 465
75 466
78 467
79 468
94 469
123 470
13 472
11 473
74 475
61 479
59 480
62 481
73 482
182 487
181 494
165 496
163 497
176 498
177 499
154 508
149 509
153 510
148 511
152 513
150 515
147 516
151 517
143 520
124 521
129 524
128 527
115 535
45 536
47 538
43 539
46 540
109 541
112 544
110 546
108 547
111 549
24 551
23 552
114 554
106 555
42 559
1 561
0 562
41 563
113 564
126 565
127 567
14 568
145 571
119 572
118 574
116 576
58 579
56 580
16 581
105 586
88 588
86 589
40 592
38 593
19 595
17 596
101 600
98 601
100 602
55 604
54 607
53 608
51 609
103 613
49 614
7 616
5 617
50 618
178 621
158 622
170 625
169 629
130 632
97 634
96 635
34 638
31 639
33 640
137 644
135 645
69 647
10 649
8 650
68 653
66 654
65 657
63 658
26 660
25 661
141 664
138 665
140 666
157 668
104 669
173 670
180 672
146 674
4 676
2 677
179 679
175 680
102 682
22 684
20 685
205 687
203 688
195 693
186 695
184 696
217 698
213 699
219 702
215 704
214 705
218 706
206 707
284 708
305 713
300 714
304 718
303 720
302 721
283 723
281 724
261 726
241 728
240 729
278 731
301 733
276 734
312 736
310 737
324 741
321 742
350 748
331 750
330 751
323 752
328 759
306 761
289 763
287 764
308 766
293 770
292 771
291 772
290 773
326 774
319 775
325 776
320 777
329 779
327 780
322 781
279 783
270 788
230 794
228 795
229 797
227 798
226 799
223 800
225 801
275 808
274 810
272 812
262 813
273 819
269 821
255 824
253 825
251 826
265 827
263 828
267 829
242 831
239 834
238 835
237 836
266 838
264 839
259 843
246 846
248 847
254 848
258 849
256 850
268 852
249 853
233 855
231 856
244 858
221 860
210 863
207 864
209 865
271 866
359 871
357 873
356 874
354 876
336 877
338 879
344 881
345 882
358 883
342 884
335 888
334 890
318 892
317 893
315 895
313 896
333 897
579 900
575 901
573 902
592 903
590 905
589 908
586 911
578 913
576 914
585 916
583 918
572 920
571 921
587 924
570 925
568 926
594 927
596 928
599 929
597 930
612 932
610 935
608 936
607 938
606 943
605 945
604 947
548 949
546 950
602 951
603 952
601 953
0 1
1 2
2 3
3 4
4 5
5 6
6 7
7 8
8 9
9 10
10 11
11 12
12 13
13 14
14 15
15 16
16 17
17 18
18 19
19 20
19 21
21 22
21 23
23 24
23 25
18 26
26 27
27 28
27 29
29 30
30 31
30 32
29 33
33 34
33 35
26 36
36 37
36 38
38 39
38 40
17 41
41 42
42 43
43 44
44 45
44 46
46 47
47 48
47 49
46 50
43 51
51 52
52 53
52 54
54 55
55 56
55 57
54 58
51 59
42 60
60 61
61 62
61 63
60 64
41 65
65 66
65 67
16 68
68 69
69 70
69 71
68 72
15 73
73 74
74 75
75 76
75 77
77 78
77 79
74 80
80 81
81 82
82 83
82 84
81 85
85 86
86 87
87 88
87 89
86 90
85 91
91 92
91 93
93 94
94 95
94 96
96 97
97 98
98 99
99 100
100 101
101 102
102 103
103 104
103 105
102 106
106 107
107 108
107 109
106 110
101 111
100 112
112 113
113 114
114 115
114 116
113 117
117 118
118 119
119 120
120 121
121 122
122 123
122 124
124 125
125 126
125 127
124 128
121 129
120 130
119 131
131 132
132 133
132 134
131 135
118 136
117 137
137 138
137 139
112 140
99 141
98 142
142 143
143 144
144 145
144 146
143 147
147 148
148 149
148 150
147 151
142 152
152 153
153 154
154 155
155 156
156 157
157 158
157 159
156 160
155 161
154 162
162 163
162 164
164 165
164 166
166 167
166 168
153 169
169 170
169 171
171 172
172 173
172 174
171 175
175 176
176 177
176 178
175 179
179 180
179 181
152 182
182 183
182 184
184 185
185 186
186 187
187 188
188 189
188 190
187 191
186 192
185 193
184 194
97 195
195 196
195 197
96 198
93 199
199 200
199 201
80 202
202 203
202 204
73 205
14 206
206 207
207 208
208 209
208 210
207 211
206 212
212 213
213 214
214 215
215 216
216 217
216 218
218 219
219 220
220 221
220 222
219 223
218 224
224 225
224 226
215 227
227 228
228 229
228 230
230 231
230 232
232 233
233 234
234 235
234 236
233 237
237 238
237 239
232 240
227 241
241 242
241 243
214 244
244 245
245 246
246 247
247 248
247 249
246 250
250 251
250 252
245 253
253 254
253 255
255 256
255 257
244 258
213 259
259 260
259 261
212 262
262 263
263 264
263 265
262 266
266 267
266 268
268 269
269 270
269 271
268 272
13 273
12 274
274 275
274 276
11 277
277 278
278 279
279 280
279 281
278 282
282 283
282 284
277 285
285 286
286 287
286 288
288 289
289 290
290 291
290 292
289 293
288 294
285 295
295 296
295 297
10 298
9 299
299 300
299 301
301 302
301 303
303 304
304 305
304 306
306 307
306 308
308 309
309 310
309 311
308 312
303 313
313 314
314 315
315 316
316 317
316 318
318 319
319 320
319 321
318 322
322 323
322 324
324 325
324 326
326 327
326 328
315 329
329 330
329 331
331 332
331 333
314 334
313 335
335 336
336 337
336 338
338 339
339 340
340 341
340 342
339 343
338 344
344 345
345 346
345 347
347 348
347 349
349 350
349 351
344 352
335 353
353 354
354 355
355 356
355 357
357 358
358 359
359 360
360 361
361 362
362 363
363 364
363 365
362 366
366 367
366 368
368 369
368 370
361 371
360 372
372 373
373 374
374 375
374 376
373 377
377 378
378 379
379 380
380 381
381 382
382 383
383 384
383 385
382 386
386 387
387 388
388 389
389 390
389 391
391 392
391 393
388 394
394 395
394 396
396 397
396 398
387 399
399 400
399 401
386 402
381 403
403 404
404 405
404 406
403 407
407 408
408 409
409 410
409 411
411 412
411 413
413 414
413 415
408 416
416 417
417 418
417 419
419 420
419 421
421 422
421 423
423 424
424 425
424 426
423 427
416 428
407 429
380 430
430 431
431 432
432 433
433 434
434 435
435 436
435 437
437 438
437 439
434 440
440 441
441 442
441 443
440 444
444 445
445 446
445 447
444 448
433 449
449 450
449 451
451 452
452 453
453 454
454 455
455 456
455 457
454 458
458 459
458 460
460 461
461 462
462 463
462 464
461 465
460 466
453 467
452 468
451 469
432 470
431 471
471 472
471 473
430 474
474 475
474 476
476 477
477 478
478 479
478 480
477 481
476 482
379 483
483 484
484 485
485 486
486 487
486 488
488 489
489 490
490 491
491 492
492 493
493 494
493 495
495 496
495 497
492 498
491 499
490 500
500 501
501 502
502 503
503 504
504 505
505 506
506 507
507 508
507 509
506 510
505 511
504 512
512 513
512 514
514 515
514 516
503 517
502 518
518 519
519 520
519 521
518 522
522 523
523 524
523 525
525 526
526 527
526 528
528 529
529 530
530 531
531 532
532 533
533 534
534 535
534 536
533 537
537 538
537 539
532 540
531 541
530 542
542 543
543 544
543 545
545 546
545 547
542 548
548 549
548 550
550 551
550 552
529 553
553 554
553 555
528 556
556 557
557 558
558 559
558 560
560 561
560 562
557 563
556 564
525 565
522 566
566 567
566 568
501 569
569 570
570 571
570 572
569 573
573 574
573 575
575 576
575 577
577 578
578 579
578 580
577 581
500 582
582 583
583 584
584 585
585 586
585 587
587 588
587 589
584 590
590 591
591 592
591 593
590 594
594 595
594 596
583 597
597 598
598 599
599 600
599 601
598 602
597 603
603 604
603 605
605 606
606 607
606 608
605 609
582 610
610 611
611 612
612 613
612 614
611 615
615 616
615 617
610 618
489 619
619 620
620 621
620 622
619 623
623 624
624 625
624 626
626 627
627 628
628 629
628 630
630 631
631 632
631 633
633 634
633 635
630 636
636 637
637 638
637 639
636 640
627 641
641 642
642 643
643 644
643 645
642 646
646 647
646 648
648 649
648 650
641 651
651 652
652 653
652 654
651 655
655 656
656 657
656 658
655 659
659 660
659 661
626 662
662 663
663 664
663 665
662 666
623 667
667 668
667 669
488 670
485 671
671 672
671 673
673 674
673 675
675 676
675 677
484 678
678 679
678 680
483 681
681 682
681 683
683 684
683 685
378 686
686 687
686 688
377 689
689 690
690 691
691 692
692 693
692 694
694 695
694 696
691 697
697 698
697 699
690 700
700 701
701 702
701 703
703 704
703 705
700 706
689 707
372 708
359 709
709 710
710 711
711 712
712 713
712 714
711 715
715 716
716 717
717 718
717 719
719 720
719 721
716 722
722 723
722 724
715 725
725 726
725 727
727 728
727 729
710 730
730 731
730 732
732 733
732 734
709 735
735 736
735 737
358 738
738 739
739 740
740 741
740 742
739 743
743 744
744 745
745 746
746 747
747 748
747 749
749 750
749 751
746 752
745 753
753 754
754 755
755 756
756 757
757 758
758 759
758 760
760 761
760 762
762 763
762 764
757 765
765 766
765 767
767 768
768 769
769 770
769 771
768 772
767 773
756 774
755 775
754 776
753 777
744 778
778 779
778 780
743 781
738 782
782 783
782 784
784 785
785 786
786 787
787 788
787 789
789 790
790 791
791 792
792 793
793 794
793 795
792 796
796 797
796 798
791 799
790 800
789 801
786 802
802 803
803 804
804 805
805 806
806 807
807 808
807 809
809 810
809 811
811 812
811 813
806 814
814 815
815 816
816 817
817 818
818 819
818 820
820 821
820 822
822 823
823 824
823 825
822 826
817 827
816 828
815 829
814 830
830 831
830 832
832 833
833 834
833 835
832 836
805 837
837 838
837 839
804 840
840 841
841 842
842 843
842 844
844 845
845 846
845 847
844 848
841 849
840 850
803 851
851 852
851 853
802 854
854 855
854 856
785 857
857 858
857 859
859 860
859 861
861 862
862 863
862 864
861 865
784 866
357 867
867 868
868 869
869 870
870 871
870 872
872 873
872 874
869 875
875 876
875 877
868 878
878 879
878 880
880 881
880 882
867 883
354 884
353 885
885 886
886 887
887 888
887 889
889 890
889 891
891 892
891 893
886 894
894 895
894 896
885 897
8 898
898 899
899 900
899 901
898 902
7 903
6 904
904 905
904 906
906 907
907 908
907 909
909 910
910 911
910 912
912 913
912 914
909 915
915 916
915 917
917 918
917 919
919 920
919 921
906 922
922 923
923 924
923 925
922 926
5 927
4 928
3 929
2 930
1 931
931 932
931 933
933 934
934 935
934 936
933 937
937 938
937 939
939 940
940 941
941 942
942 943
942 944
944 945
944 946
946 947
946 948
948 949
948 950
941 951
940 952
939 953
