477
614
614
344 520
0 275
346 173
341 514
342 529
348 230
606 592
298 112
296 556
297 254
294 310
295 77
292 372
293 256
290 496
291 304
590 558
592 350
199 394
594 557
597 297
596 585
195 294
194 293
197 160
190 262
193 4
192 305
270 129
271 606
272 79
273 149
274 233
275 122
276 441
278 370
279 412
524 187
525 468
527 176
520 445
521 534
523 14
529 258
449 367
448 145
443 153
442 279
441 137
440 444
447 532
446 570
445 11
444 302
108 169
109 94
102 213
103 97
100 24
101 162
106 315
104 98
105 384
38 29
33 454
31 53
30 138
37 41
35 503
34 376
438 488
439 489
436 83
437 493
434 464
435 603
432 380
433 80
430 364
431 78
339 451
338 119
335 283
334 428
336 221
331 359
330 326
333 38
345 440
98 583
91 431
93 65
92 456
95 50
94 244
97 151
96 74
559 68
558 448
555 5
554 211
557 298
556 348
551 389
550 219
553 521
552 336
238 227
239 308
234 100
236 93
237 325
230 73
231 391
233 610
1 328
146 335
147 165
145 8
143 111
140 604
141 45
612 553
610 236
148 478
149 284
133 201
130 113
137 267
499 421
135 552
134 123
495 253
496 120
138 1
490 589
491 189
492 419
493 7
24 105
25 157
26 564
27 313
20 543
22 269
23 331
29 446
407 273
406 527
405 205
404 271
403 61
402 264
401 10
408 612
379 586
370 118
373 89
372 241
374 13
377 599
376 510
393 180
88 596
89 490
397 544
396 467
394 58
82 406
83 382
399 339
81 317
86 75
85 439
7 537
607 207
586 540
587 411
585 437
582 501
583 571
589 393
244 251
246 377
241 69
240 353
242 373
249 199
248 582
519 42
518 567
510 200
601 133
512 329
515 404
514 427
517 301
459 255
451 601
453 2
454 402
456 381
457 88
179 103
178 345
177 575
176 33
175 116
173 481
172 430
171 495
170 130
253 318
182 184
599 566
180 579
181 554
186 171
187 278
184 203
189 289
11 296
10 396
13 485
14 405
17 259
16 272
19 342
62 492
322 109
323 565
320 477
321 408
326 548
327 237
324 181
325 150
328 605
329 147
201 356
200 292
203 49
202 192
205 465
207 368
206 141
209 59
77 110
76 333
75 518
74 63
73 239
79 194
78 225
2 323
542 231
543 463
540 321
546 550
544 95
545 480
8 519
548 22
549 270
120 202
122 327
123 443
124 287
126 82
127 76
128 246
129 229
414 55
415 515
416 587
417 560
410 25
411 524
412 134
413 0
418 166
419 234
319 17
318 403
313 426
312 555
310 46
317 193
315 475
497 190
368 30
369 26
367 563
364 238
365 433
362 539
361 499
380 51
381 226
382 286
384 429
386 472
387 551
389 217
605 362
579 249
578 561
604 594
573 54
572 163
571 379
570 186
576 341
575 461
61 228
258 182
259 491
65 35
66 143
68 66
69 101
251 96
256 16
254 470
255 536
603 34
508 40
506 390
507 104
505 148
503 114
501 453
468 152
465 31
464 432
467 19
461 397
460 322
463 154
462 346
169 559
165 508
166 47
160 413
162 387
163 546
357 330
356 214
354 206
353 102
351 420
350 525
359 135
358 354
217 531
214 320
215 562
213 416
210 85
211 415
218 410
219 399
289 572
4 263
281 506
283 487
284 484
287 140
286 538
263 418
262 414
261 533
267 438
266 197
265 115
264 608
269 401
268 523
59 81
58 209
55 37
54 424
56 27
51 210
50 365
53 602
537 291
536 268
63 457
533 460
532 158
531 106
530 597
539 497
538 517
115 436
114 266
116 434
111 568
110 179
113 442
112 240
119 175
118 274
429 20
428 344
534 242
421 195
420 462
423 319
422 338
424 545
427 459
426 265
308 300
300 479
301 23
302 170
303 590
304 276
305 423
306 91
568 303
560 127
561 218
562 155
563 334
564 573
565 549
566 357
567 358
229 220
228 351
227 86
226 108
225 312
223 512
221 261
220 215
391 126
390 128
151 324
150 62
153 386
152 43
155 124
154 576
157 281
602 56
158 422
608 374
80 482
49 471
46 417
47 361
45 474
42 92
43 607
40 435
41 578
5 542
489 369
488 178
487 306
485 290
484 177
482 146
481 530
480 295
472 248
470 223
471 407
477 507
474 449
475 505
478 447
479 172
343 344
42 0
347 346
371 347
378 340
340 341
343 342
355 343
347 348
355 349
600 595
602 606
593 594
294 298
311 299
294 296
294 297
311 294
294 295
291 292
291 293
291 290
309 291
593 591
588 590
595 593
591 592
198 199
212 198
598 597
595 596
196 195
191 194
198 197
206 196
198 191
191 190
191 193
191 192
263 270
263 271
263 272
263 273
263 274
263 275
277 276
299 277
277 278
280 279
550 524
526 525
550 526
526 527
516 520
522 521
535 522
522 523
598 599
550 528
528 529
450 449
446 448
434 443
434 442
434 441
434 440
446 447
491 446
444 445
452 444
107 108
107 109
99 102
99 103
99 100
99 101
107 106
125 107
99 104
99 105
99 39
39 38
32 33
131 32
32 31
28 30
36 37
171 36
36 35
32 34
434 438
434 439
434 436
434 437
458 434
434 435
429 432
511 433
429 430
429 431
340 339
337 338
332 335
332 334
355 337
337 336
349 331
331 330
332 333
366 332
343 345
48 6
144 99
99 98
90 91
167 90
90 93
90 92
94 95
132 94
159 97
97 96
550 559
550 558
550 555
550 554
550 557
550 556
550 551
581 550
550 553
550 552
237 238
237 239
235 234
294 235
235 236
243 237
224 230
232 231
263 232
232 233
0 1
144 146
144 147
174 144
144 145
168 142
142 143
139 140
139 141
611 612
614 613
609 610
613 611
144 148
144 149
132 133
198 132
159 131
131 130
136 137
168 136
136 135
132 134
504 494
494 495
170 139
139 138
486 490
492 491
522 492
494 493
107 24
71 25
25 26
28 27
21 20
99 21
21 22
24 23
84 28
28 29
434 407
403 406
403 405
403 404
429 403
400 402
400 401
434 400
434 409
409 408
378 379
409 378
409 371
366 370
371 373
371 372
378 375
375 374
375 377
375 376
392 393
407 392
87 88
90 89
398 397
395 396
434 395
395 394
76 82
84 83
76 80
76 81
87 86
144 87
132 84
84 85
6 7
602 601
602 607
584 586
588 587
588 584
584 585
581 582
584 583
581 580
591 581
591 588
588 589
250 245
245 244
263 247
247 246
260 241
241 240
263 243
243 242
250 249
247 248
516 519
516 518
550 511
509 510
535 513
513 512
516 515
513 514
516 517
541 516
464 458
458 459
528 450
450 451
486 452
452 453
455 454
550 455
455 456
458 457
174 179
174 178
174 177
174 176
174 175
183 174
174 173
198 172
172 171
183 170
252 253
174 182
188 183
174 180
174 181
185 186
188 187
185 184
196 185
191 188
188 189
12 11
9 10
12 13
132 12
125 15
15 14
18 17
15 16
18 19
39 18
60 62
319 322
319 323
319 320
319 321
319 326
319 327
319 324
319 325
319 328
319 329
198 201
198 200
204 203
198 202
204 205
212 204
208 207
216 206
208 209
222 208
76 77
94 76
76 75
72 74
72 73
191 72
136 71
168 70
76 79
76 78
3 2
541 542
541 543
541 540
550 541
547 546
602 547
541 544
541 545
9 8
547 548
550 549
67 68
600 598
121 120
132 121
121 122
121 123
125 124
144 125
125 126
125 127
125 128
125 129
409 414
409 415
409 416
409 417
409 410
409 411
409 412
409 413
550 498
409 418
409 419
500 499
349 319
316 318
314 313
311 312
337 311
311 310
316 317
332 316
314 315
316 314
494 496
498 497
144 3
366 368
366 369
403 366
366 367
363 364
366 365
363 362
383 363
366 360
360 361
409 380
380 381
383 382
398 383
385 384
409 385
385 386
388 387
434 388
388 389
602 605
580 579
577 578
602 604
574 573
571 572
584 571
569 570
584 577
577 576
574 575
580 574
72 60
60 61
257 258
257 259
71 64
64 65
67 66
142 67
263 252
70 69
263 250
252 251
257 256
263 257
252 254
252 255
602 603
609 602
509 508
550 509
522 506
506 507
550 504
504 505
524 502
504 503
550 500
500 501
502 469
469 468
466 465
516 464
466 467
502 466
498 461
461 460
461 463
461 462
170 168
168 169
174 164
164 165
167 166
191 167
161 160
172 161
161 162
164 163
613 600
70 9
355 357
355 356
360 355
355 354
352 353
429 352
352 351
349 350
355 359
355 358
235 216
216 217
216 214
216 215
216 212
214 213
208 210
212 211
216 218
216 219
288 289
307 288
3 4
282 281
291 280
282 283
299 282
294 285
285 284
288 287
285 286
280 263
263 262
260 261
299 260
263 267
263 266
263 265
263 264
263 269
263 268
60 59
57 58
52 55
52 54
144 57
57 56
52 51
48 50
52 53
99 52
550 537
535 536
550 535
64 63
532 533
550 532
530 531
550 530
537 539
537 538
107 115
107 114
144 117
117 116
107 111
107 110
107 113
107 112
117 119
117 118
492 429
429 428
535 534
409 421
409 420
409 423
409 422
433 425
425 424
425 427
425 426
309 308
319 309
299 300
299 301
299 302
299 303
299 304
299 305
307 306
319 307
569 568
588 569
550 560
550 561
550 562
550 563
550 564
550 565
550 566
550 567
224 229
224 228
224 227
224 226
224 225
250 224
224 223
245 222
222 221
216 220
392 391
388 390
144 151
144 150
144 153
144 152
156 155
144 154
156 157
168 156
168 159
156 158
611 609
609 608
400 399
429 398
99 48
48 49
44 46
44 47
107 44
44 45
107 42
44 43
39 40
42 41
6 5
486 489
486 488
486 487
550 486
486 485
483 484
511 483
483 482
479 481
479 480
473 472
494 473
469 470
469 471
550 476
476 477
473 474
476 475
479 478
550 479
