477
614
614
344 76
0 339
346 497
341 155
342 233
348 286
606 432
298 152
296 269
297 353
294 94
295 272
292 519
293 296
290 557
291 266
590 393
592 412
199 465
594 55
597 173
596 470
195 158
194 293
197 162
190 478
193 572
192 543
270 14
271 510
272 448
273 98
274 8
275 157
276 545
278 228
279 610
524 236
525 475
527 554
520 546
521 126
523 467
529 240
449 127
448 416
443 503
442 254
441 336
440 482
447 382
446 178
445 379
444 413
108 114
109 605
102 461
103 327
100 441
101 179
106 351
104 262
105 523
38 230
33 267
31 436
30 608
37 380
35 423
34 405
438 37
439 276
436 582
437 603
434 565
435 220
432 96
433 530
430 437
431 103
339 104
338 274
335 346
334 492
336 200
331 302
330 401
333 284
345 59
98 1
91 83
93 350
92 391
95 192
94 213
97 313
96 278
559 508
558 550
555 540
554 217
557 133
556 506
551 35
550 229
553 218
552 148
238 501
239 568
234 29
236 612
237 123
230 23
231 356
233 79
1 345
146 402
147 51
145 484
143 219
140 214
141 135
612 261
610 495
148 119
149 420
133 62
130 298
137 390
499 138
135 143
134 453
495 251
496 443
138 435
490 34
491 177
492 33
493 150
24 372
25 479
26 101
27 46
20 304
22 0
23 406
29 515
407 396
406 17
405 607
404 531
403 342
402 38
401 417
408 146
379 418
370 449
373 596
372 115
374 558
377 194
376 538
393 134
88 321
89 564
397 197
396 7
394 427
82 182
83 320
399 172
81 128
86 585
85 544
7 221
607 527
586 207
587 386
585 16
582 315
583 256
589 553
244 472
246 563
241 264
240 481
242 193
249 226
248 180
519 241
518 462
510 13
601 24
512 454
515 512
514 47
517 542
459 85
451 505
453 579
454 410
456 74
457 344
179 295
178 31
177 348
176 329
175 163
173 56
172 65
171 292
170 434
253 490
182 22
599 474
180 583
181 520
186 384
187 404
184 110
189 203
11 5
10 118
13 447
14 26
17 166
16 317
19 333
62 111
322 169
323 359
320 268
321 69
326 525
327 414
324 536
325 496
328 537
329 259
201 570
200 108
203 61
202 369
205 573
207 50
206 464
209 430
77 477
76 88
75 460
74 100
73 408
79 145
78 397
2 244
542 306
543 258
540 77
546 341
544 279
545 287
8 517
548 389
549 291
120 575
122 181
123 25
124 561
126 439
127 325
128 27
129 324
414 424
415 305
416 456
417 19
410 301
411 129
412 548
413 407
418 186
419 237
319 202
318 210
313 330
312 463
310 116
317 124
315 373
497 592
368 211
369 289
367 73
364 370
365 223
362 227
361 225
380 602
381 468
382 303
384 365
386 485
387 297
389 521
605 411
579 578
578 361
604 137
573 109
572 549
571 195
570 488
576 507
575 374
61 566
258 95
259 551
65 331
66 248
68 421
69 273
251 199
256 529
254 42
255 238
603 171
508 446
506 571
507 265
505 562
503 459
501 394
468 422
465 560
464 75
467 451
461 215
460 97
463 20
462 367
169 66
165 328
166 189
160 586
162 362
163 552
357 113
356 445
354 68
353 358
351 567
350 428
359 555
358 81
217 487
214 357
215 308
213 201
210 43
211 514
218 53
219 426
289 559
4 175
281 377
283 80
284 387
287 205
286 381
263 93
262 92
261 41
267 283
266 499
265 106
264 122
269 11
268 489
59 275
58 524
55 368
54 433
56 323
51 170
50 415
53 82
537 86
536 130
63 322
533 471
532 141
531 334
530 493
539 310
538 63
115 190
114 534
116 270
111 206
110 326
113 2
112 10
119 54
118 281
429 597
428 140
534 604
421 246
420 105
423 242
422 255
424 187
427 589
426 599
308 149
300 444
301 587
302 576
303 160
304 442
305 440
306 480
568 335
560 153
561 594
562 271
563 209
564 556
565 263
566 491
567 89
229 253
228 457
227 419
226 58
225 338
223 239
221 431
220 319
391 539
390 154
151 318
150 518
153 102
152 294
155 312
154 533
157 120
602 403
158 91
608 590
80 30
49 4
46 231
47 112
45 49
42 532
43 601
40 376
41 606
5 290
489 151
488 45
487 147
485 78
484 300
482 184
481 234
480 40
472 364
470 429
471 399
477 165
474 249
475 176
478 438
479 354
343 344
42 0
347 346
371 347
378 340
340 341
343 342
355 343
347 348
355 349
600 595
602 606
593 594
294 298
311 299
294 296
294 297
311 294
294 295
291 292
291 293
291 290
309 291
593 591
588 590
595 593
591 592
198 199
212 198
598 597
595 596
196 195
191 194
198 197
206 196
198 191
191 190
191 193
191 192
263 270
263 271
263 272
263 273
263 274
263 275
277 276
299 277
277 278
280 279
550 524
526 525
550 526
526 527
516 520
522 521
535 522
522 523
598 599
550 528
528 529
450 449
446 448
434 443
434 442
434 441
434 440
446 447
491 446
444 445
452 444
107 108
107 109
99 102
99 103
99 100
99 101
107 106
125 107
99 104
99 105
99 39
39 38
32 33
131 32
32 31
28 30
36 37
171 36
36 35
32 34
434 438
434 439
434 436
434 437
458 434
434 435
429 432
511 433
429 430
429 431
340 339
337 338
332 335
332 334
355 337
337 336
349 331
331 330
332 333
366 332
343 345
48 6
144 99
99 98
90 91
167 90
90 93
90 92
94 95
132 94
159 97
97 96
550 559
550 558
550 555
550 554
550 557
550 556
550 551
581 550
550 553
550 552
237 238
237 239
235 234
294 235
235 236
243 237
224 230
232 231
263 232
232 233
0 1
144 146
144 147
174 144
144 145
168 142
142 143
139 140
139 141
611 612
614 613
609 610
613 611
144 148
144 149
132 133
198 132
159 131
131 130
136 137
168 136
136 135
132 134
504 494
494 495
170 139
139 138
486 490
492 491
522 492
494 493
107 24
71 25
25 26
28 27
21 20
99 21
21 22
24 23
84 28
28 29
434 407
403 406
403 405
403 404
429 403
400 402
400 401
434 400
434 409
409 408
378 379
409 378
409 371
366 370
371 373
371 372
378 375
375 374
375 377
375 376
392 393
407 392
87 88
90 89
398 397
395 396
434 395
395 394
76 82
84 83
76 80
76 81
87 86
144 87
132 84
84 85
6 7
602 601
602 607
584 586
588 587
588 584
584 585
581 582
584 583
581 580
591 581
591 588
588 589
250 245
245 244
263 247
247 246
260 241
241 240
263 243
243 242
250 249
247 248
516 519
516 518
550 511
509 510
535 513
513 512
516 515
513 514
516 517
541 516
464 458
458 459
528 450
450 451
486 452
452 453
455 454
550 455
455 456
458 457
174 179
174 178
174 177
174 176
174 175
183 174
174 173
198 172
172 171
183 170
252 253
174 182
188 183
174 180
174 181
185 186
188 187
185 184
196 185
191 188
188 189
12 11
9 10
12 13
132 12
125 15
15 14
18 17
15 16
18 19
39 18
60 62
319 322
319 323
319 320
319 321
319 326
319 327
319 324
319 325
319 328
319 329
198 201
198 200
204 203
198 202
204 205
212 204
208 207
216 206
208 209
222 208
76 77
94 76
76 75
72 74
72 73
191 72
136 71
168 70
76 79
76 78
3 2
541 542
541 543
541 540
550 541
547 546
602 547
541 544
541 545
9 8
547 548
550 549
67 68
600 598
121 120
132 121
121 122
121 123
125 124
144 125
125 126
125 127
125 128
125 129
409 414
409 415
409 416
409 417
409 410
409 411
409 412
409 413
550 498
409 418
409 419
500 499
349 319
316 318
314 313
311 312
337 311
311 310
316 317
332 316
314 315
316 314
494 496
498 497
144 3
366 368
366 369
403 366
366 367
363 364
366 365
363 362
383 363
366 360
360 361
409 380
380 381
383 382
398 383
385 384
409 385
385 386
388 387
434 388
388 389
602 605
580 579
577 578
602 604
574 573
571 572
584 571
569 570
584 577
577 576
574 575
580 574
72 60
60 61
257 258
257 259
71 64
64 65
67 66
142 67
263 252
70 69
263 250
252 251
257 256
263 257
252 254
252 255
602 603
609 602
509 508
550 509
522 506
506 507
550 504
504 505
524 502
504 503
550 500
500 501
502 469
469 468
466 465
516 464
466 467
502 466
498 461
461 460
461 463
461 462
170 168
168 169
174 164
164 165
167 166
191 167
161 160
172 161
161 162
164 163
613 600
70 9
355 357
355 356
360 355
355 354
352 353
429 352
352 351
349 350
355 359
355 358
235 216
216 217
216 214
216 215
216 212
214 213
208 210
212 211
216 218
216 219
288 289
307 288
3 4
282 281
291 280
282 283
299 282
294 285
285 284
288 287
285 286
280 263
263 262
260 261
299 260
263 267
263 266
263 265
263 264
263 269
263 268
60 59
57 58
52 55
52 54
144 57
57 56
52 51
48 50
52 53
99 52
550 537
535 536
550 535
64 63
532 533
550 532
530 531
550 530
537 539
537 538
107 115
107 114
144 117
117 116
107 111
107 110
107 113
107 112
117 119
117 118
492 429
429 428
535 534
409 421
409 420
409 423
409 422
433 425
425 424
425 427
425 426
309 308
319 309
299 300
299 301
299 302
299 303
299 304
299 305
307 306
319 307
569 568
588 569
550 560
550 561
550 562
550 563
550 564
550 565
550 566
550 567
224 229
224 228
224 227
224 226
224 225
250 224
224 223
245 222
222 221
216 220
392 391
388 390
144 151
144 150
144 153
144 152
156 155
144 154
156 157
168 156
168 159
156 158
611 609
609 608
400 399
429 398
99 48
48 49
44 46
44 47
107 44
44 45
107 42
44 43
39 40
42 41
6 5
486 489
486 488
486 487
550 486
486 485
483 484
511 483
483 482
479 481
479 480
473 472
494 473
469 470
469 471
550 476
476 477
473 474
476 475
479 478
550 479
