477
953
0
612 3
608 5
610 7
548 10
546 11
603 16
604 17
601 19
607 20
602 21
605 23
606 24
597 26
599 28
596 30
594 32
570 37
587 39
568 40
590 41
583 45
589 47
571 49
572 50
576 53
578 54
585 55
586 56
592 58
582 60
534 63
512 65
514 66
507 70
506 71
523 73
521 74
529 78
536 79
557 80
533 85
532 86
549 87
510 89
508 90
505 98
503 100
474 103
472 104
493 106
496 108
495 109
449 111
451 112
525 113
445 121
444 122
453 123
485 124
489 126
487 127
488 128
490 129
497 131
460 134
463 136
461 137
462 138
527 140
554 141
562 143
551 144
555 147
531 149
530 150
573 158
579 160
575 161
517 167
413 170
417 173
423 174
410 175
421 180
412 181
418 183
422 184
420 188
415 189
376 192
442 193
379 196
374 197
377 199
339 201
341 202
414 204
373 207
411 209
346 211
348 212
372 213
401 222
402 224
399 225
441 226
391 231
438 232
440 233
387 235
389 237
390 238
434 240
435 243
437 244
439 246
407 248
443 249
436 250
394 252
393 255
396 256
459 258
457 259
384 262
386 263
408 265
419 266
416 267
381 269
380 270
464 271
518 273
545 275
519 276
543 278
515 279
520 280
540 282
542 283
563 284
556 285
558 288
564 289
560 290
565 293
499 295
501 296
550 298
538 303
539 305
537 306
559 307
433 310
484 314
482 315
427 316
426 318
424 319
481 322
552 323
478 326
480 328
454 331
456 332
544 333
479 334
566 336
561 340
567 341
524 342
553 345
465 348
467 349
475 352
477 353
471 354
468 357
470 358
492 361
448 364
447 366
446 367
491 368
430 371
432 375
397 377
382 379
362 381
364 382
351 386
353 387
428 388
431 389
429 390
406 392
403 394
405 397
404 398
367 400
370 402
368 405
361 407
317 411
318 412
313 414
315 415
334 417
333 419
335 420
365 422
369 424
354 426
357 429
359 430
345 435
342 437
344 438
350 440
323 446
308 448
279 452
263 457
266 461
264 462
270 465
269 466
230 472
227 473
229 475
226 476
225 478
223 479
228 480
233 483
231 484
246 486
248 487
258 490
259 492
271 494
256 495
239 498
237 500
238 501
242 502
268 506
244 509
221 511
209 513
207 515
210 516
249 517
267 518
254 522
251 523
255 524
253 525
273 527
275 531
272 532
262 533
274 534
265 535
291 537
292 539
290 540
293 541
319 542
306 547
287 549
289 550
328 551
322 553
329 554
320 556
321 559
324 561
325 562
327 563
326 564
330 566
331 567
356 569
358 570
338 572
336 574
304 580
303 582
302 583
283 585
281 586
301 590
278 592
276 593
305 594
300 595
261 597
241 599
240 600
310 602
312 604
298 606
295 609
297 610
294 612
286 614
296 616
284 618
236 621
234 622
206 624
218 628
219 629
214 631
215 632
195 636
184 638
186 639
213 641
217 642
211 644
205 647
203 648
166 651
92 655
91 656
89 657
93 658
193 661
194 662
192 666
190 667
74 671
59 673
61 675
62 677
73 678
85 681
120 684
134 685
75 693
82 694
80 697
94 698
79 700
78 701
76 702
81 703
77 704
95 705
133 706
122 710
27 712
29 714
30 715
123 716
13 719
11 720
83 721
199 724
202 725
201 726
220 730
200 731
160 735
162 736
172 738
171 740
35 742
37 743
197 744
187 746
189 748
63 759
65 760
25 762
26 763
68 765
66 766
135 768
137 769
69 771
10 773
8 774
96 778
97 779
130 781
34 783
33 785
31 786
169 787
143 788
170 789
141 791
138 793
140 794
157 797
158 799
155 800
179 802
163 806
165 807
177 808
181 813
180 815
175 816
176 817
173 819
178 820
182 822
104 825
38 830
40 832
19 834
17 835
102 837
22 839
20 840
101 842
49 844
103 846
50 848
5 850
7 851
100 854
105 855
55 858
53 861
54 862
51 863
98 864
154 868
146 871
4 873
2 874
88 876
86 877
151 881
147 882
150 883
152 884
148 887
153 888
58 893
56 894
116 896
118 898
119 900
145 901
149 902
129 906
127 907
14 910
16 911
124 912
126 914
128 916
109 918
108 921
113 922
111 926
24 928
23 929
110 931
46 935
115 936
43 938
47 939
45 940
106 943
114 944
112 946
42 948
41 950
1 952
0 953
0 1
1 2
2 3
2 4
4 5
4 6
6 7
6 8
8 9
9 10
9 11
8 12
12 13
13 14
14 15
15 16
15 17
14 18
18 19
18 20
13 21
12 22
22 23
22 24
1 25
25 26
25 27
27 28
27 29
29 30
29 31
31 32
31 33
33 34
34 35
35 36
36 37
36 38
38 39
38 40
35 41
34 42
42 43
43 44
44 45
44 46
46 47
46 48
48 49
48 50
43 51
51 52
52 53
52 54
51 55
42 56
33 57
57 58
57 59
59 60
59 61
61 62
62 63
62 64
64 65
64 66
61 67
67 68
68 69
69 70
69 71
68 72
72 73
72 74
67 75
75 76
76 77
77 78
77 79
76 80
75 81
81 82
82 83
83 84
84 85
84 86
83 87
82 88
88 89
88 90
81 91
91 92
92 93
93 94
94 95
95 96
96 97
97 98
97 99
99 100
99 101
101 102
102 103
102 104
101 105
105 106
105 107
107 108
107 109
96 110
110 111
110 112
95 113
94 114
114 115
115 116
116 117
117 118
118 119
119 120
120 121
120 122
119 123
118 124
117 125
125 126
125 127
116 128
115 129
114 130
130 131
130 132
132 133
133 134
133 135
135 136
135 137
132 138
93 139
139 140
139 141
92 142
142 143
142 144
91 145
145 146
146 147
146 148
148 149
148 150
145 151
151 152
152 153
153 154
154 155
155 156
156 157
157 158
157 159
159 160
159 161
156 162
162 163
163 164
164 165
165 166
166 167
166 168
168 169
169 170
169 171
171 172
172 173
172 174
171 175
168 176
176 177
177 178
178 179
179 180
179 181
178 182
182 183
182 184
177 185
185 186
186 187
187 188
187 189
186 190
190 191
191 192
191 193
190 194
194 195
195 196
195 197
194 198
198 199
198 200
200 201
200 202
185 203
203 204
203 205
205 206
206 207
206 208
208 209
208 210
210 211
210 212
205 213
176 214
214 215
215 216
216 217
217 218
218 219
219 220
220 221
221 222
221 223
223 224
223 225
220 226
219 227
227 228
228 229
229 230
230 231
230 232
229 233
228 234
234 235
234 236
236 237
236 238
227 239
239 240
239 241
241 242
242 243
242 244
241 245
245 246
245 247
247 248
247 249
218 250
217 251
251 252
251 253
253 254
254 255
254 256
253 257
257 258
257 259
216 260
260 261
261 262
261 263
260 264
264 265
264 266
215 267
214 268
268 269
268 270
165 271
164 272
272 273
272 274
274 275
274 276
163 277
277 278
277 279
162 280
155 281
281 282
281 283
154 284
153 285
152 286
286 287
287 288
287 289
286 290
151 291
291 292
292 293
292 294
294 295
294 296
291 297
297 298
297 299
299 300
300 301
301 302
302 303
302 304
304 305
304 306
301 307
300 308
308 309
309 310
309 311
311 312
312 313
313 314
313 315
312 316
311 317
317 318
317 319
308 320
320 321
321 322
321 323
320 324
324 325
325 326
325 327
327 328
327 329
329 330
330 331
330 332
329 333
324 334
299 335
335 336
335 337
337 338
338 339
339 340
339 341
338 342
337 343
343 344
344 345
344 346
346 347
347 348
347 349
346 350
350 351
351 352
351 353
350 354
343 355
355 356
356 357
356 358
355 359
359 360
360 361
360 362
362 363
363 364
363 365
365 366
365 367
362 368
359 369
369 370
370 371
370 372
372 373
373 374
374 375
374 376
376 377
376 378
378 379
378 380
380 381
380 382
373 383
383 384
384 385
385 386
385 387
384 388
383 389
372 390
369 391
391 392
391 393
393 394
393 395
395 396
396 397
396 398
395 399
399 400
399 401
401 402
401 403
403 404
404 405
404 406
406 407
406 408
408 409
409 410
410 411
410 412
409 413
413 414
413 415
408 416
416 417
416 418
418 419
418 420
403 421
421 422
421 423
423 424
423 425
425 426
425 427
427 428
428 429
428 430
427 431
431 432
432 433
433 434
434 435
434 436
436 437
436 438
433 439
439 440
439 441
441 442
442 443
443 444
444 445
445 446
445 447
447 448
447 449
449 450
450 451
451 452
451 453
453 454
454 455
455 456
456 457
456 458
458 459
459 460
460 461
460 462
459 463
463 464
464 465
464 466
463 467
467 468
468 469
469 470
470 471
471 472
471 473
470 474
474 475
474 476
469 477
477 478
477 479
468 480
467 481
481 482
482 483
482 484
481 485
485 486
485 487
458 488
488 489
489 490
489 491
491 492
491 493
493 494
493 495
488 496
496 497
497 498
497 499
499 500
499 501
496 502
455 503
503 504
504 505
505 506
505 507
507 508
508 509
508 510
510 511
510 512
512 513
512 514
514 515
514 516
507 517
504 518
503 519
519 520
520 521
521 522
521 523
520 524
519 525
454 526
526 527
526 528
528 529
529 530
530 531
530 532
529 533
528 534
453 535
450 536
536 537
536 538
538 539
538 540
449 541
444 542
443 543
543 544
544 545
545 546
546 547
546 548
548 549
548 550
545 551
544 552
552 553
552 554
543 555
555 556
555 557
557 558
558 559
558 560
560 561
560 562
557 563
442 564
441 565
565 566
565 567
432 568
568 569
568 570
431 571
571 572
571 573
573 574
573 575
575 576
576 577
577 578
578 579
579 580
579 581
581 582
581 583
578 584
584 585
584 586
577 587
587 588
588 589
589 590
589 591
591 592
591 593
588 594
587 595
576 596
596 597
596 598
598 599
598 600
575 601
601 602
601 603
603 604
603 605
605 606
605 607
607 608
608 609
608 610
607 611
611 612
611 613
613 614
613 615
615 616
615 617
617 618
617 619
619 620
620 621
620 622
619 623
623 624
623 625
625 626
626 627
627 628
627 629
626 630
630 631
630 632
625 633
633 634
634 635
635 636
635 637
637 638
637 639
634 640
640 641
640 642
633 643
643 644
643 645
645 646
646 647
646 648
645 649
649 650
650 651
650 652
652 653
653 654
654 655
654 656
653 657
652 658
649 659
659 660
660 661
660 662
659 663
663 664
664 665
665 666
665 667
664 668
668 669
669 670
670 671
670 672
672 673
672 674
674 675
674 676
676 677
676 678
669 679
679 680
680 681
680 682
682 683
683 684
683 685
682 686
686 687
687 688
688 689
689 690
690 691
691 692
692 693
692 694
691 695
695 696
696 697
696 698
695 699
699 700
699 701
690 702
689 703
688 704
687 705
686 706
679 707
707 708
708 709
709 710
709 711
711 712
711 713
713 714
713 715
708 716
707 717
717 718
718 719
718 720
717 721
668 722
722 723
723 724
723 725
722 726
663 727
727 728
728 729
729 730
729 731
728 732
732 733
733 734
734 735
734 736
733 737
737 738
737 739
739 740
739 741
741 742
741 743
732 744
727 745
745 746
745 747
747 748
747 749
749 750
750 751
751 752
752 753
753 754
754 755
755 756
756 757
757 758
758 759
758 760
757 761
761 762
761 763
756 764
764 765
764 766
755 767
767 768
767 769
754 770
770 771
770 772
772 773
772 774
753 775
775 776
776 777
777 778
777 779
776 780
780 781
780 782
782 783
782 784
784 785
784 786
775 787
752 788
751 789
750 790
790 791
790 792
792 793
792 794
749 795
795 796
796 797
796 798
798 799
798 800
795 801
801 802
801 803
803 804
804 805
805 806
805 807
804 808
803 809
809 810
810 811
811 812
812 813
812 814
814 815
814 816
811 817
810 818
818 819
818 820
809 821
821 822
821 823
823 824
824 825
824 826
826 827
827 828
828 829
829 830
829 831
831 832
831 833
833 834
833 835
828 836
836 837
836 838
838 839
838 840
827 841
841 842
841 843
843 844
843 845
845 846
845 847
847 848
847 849
849 850
849 851
826 852
852 853
853 854
853 855
852 856
856 857
857 858
857 859
859 860
860 861
860 862
859 863
856 864
823 865
865 866
866 867
867 868
867 869
869 870
870 871
870 872
872 873
872 874
869 875
875 876
875 877
866 878
878 879
879 880
880 881
880 882
879 883
878 884
865 885
885 886
886 887
886 888
885 889
889 890
890 891
891 892
892 893
892 894
891 895
895 896
895 897
897 898
897 899
899 900
899 901
890 902
889 903
903 904
904 905
905 906
905 907
904 908
908 909
909 910
909 911
908 912
903 913
913 914
913 915
915 916
915 917
917 918
917 919
919 920
920 921
920 922
919 923
923 924
924 925
925 926
925 927
927 928
927 929
924 930
930 931
930 932
932 933
933 934
934 935
934 936
933 937
937 938
937 939
932 940
923 941
941 942
942 943
942 944
941 945
945 946
945 947
947 948
947 949
949 950
949 951
951 952
951 953
