477
614
614
344 344
0 0
346 346
341 341
342 342
348 348
606 606
298 298
296 296
297 297
294 294
295 295
292 292
293 293
290 290
291 291
590 590
592 592
199 199
594 594
597 597
596 596
195 195
194 194
197 197
190 190
193 193
192 192
270 270
271 271
272 272
273 273
274 274
275 275
276 276
278 278
279 279
524 524
525 525
527 527
520 520
521 521
523 523
529 529
449 449
448 448
443 443
442 442
441 441
440 440
447 447
446 446
445 445
444 444
108 108
109 109
102 102
103 103
100 100
101 101
106 106
104 104
105 105
38 38
33 33
31 31
30 30
37 37
35 35
34 34
438 438
439 439
436 436
437 437
434 434
435 435
432 432
433 433
430 430
431 431
339 339
338 338
335 335
334 334
336 336
331 331
330 330
333 333
345 345
98 98
91 91
93 93
92 92
95 95
94 94
97 97
96 96
559 559
558 558
555 555
554 554
557 557
556 556
551 551
550 550
553 553
552 552
238 238
239 239
234 234
236 236
237 237
230 230
231 231
233 233
1 1
146 146
147 147
145 145
143 143
140 140
141 141
612 612
610 610
148 148
149 149
133 133
130 130
137 137
499 499
135 135
134 134
495 495
496 496
138 138
490 490
491 491
492 492
493 493
24 24
25 25
26 26
27 27
20 20
22 22
23 23
29 29
407 407
406 406
405 405
404 404
403 403
402 402
401 401
408 408
379 379
370 370
373 373
372 372
374 374
377 377
376 376
393 393
88 88
89 89
397 397
396 396
394 394
82 82
83 83
399 399
81 81
86 86
85 85
7 7
607 607
586 586
587 587
585 585
582 582
583 583
589 589
244 244
246 246
241 241
240 240
242 242
249 249
248 248
519 519
518 518
510 510
601 601
512 512
515 515
514 514
517 517
459 459
451 451
453 453
454 454
456 456
457 457
179 179
178 178
177 177
176 176
175 175
173 173
172 172
171 171
170 170
253 253
182 182
599 599
180 180
181 181
186 186
187 187
184 184
189 189
11 11
10 10
13 13
14 14
17 17
16 16
19 19
62 62
322 322
323 323
320 320
321 321
326 326
327 327
324 324
325 325
328 328
329 329
201 201
200 200
203 203
202 202
205 205
207 207
206 206
209 209
77 77
76 76
75 75
74 74
73 73
79 79
78 78
2 2
542 542
543 543
540 540
546 546
544 544
545 545
8 8
548 548
549 549
120 120
122 122
123 123
124 124
126 126
127 127
128 128
129 129
414 414
415 415
416 416
417 417
410 410
411 411
412 412
413 413
418 418
419 419
319 319
318 318
313 313
312 312
310 310
317 317
315 315
497 497
368 368
369 369
367 367
364 364
365 365
362 362
361 361
380 380
381 381
382 382
384 384
386 386
387 387
389 389
605 605
579 579
578 578
604 604
573 573
572 572
571 571
570 570
576 576
575 575
61 61
258 258
259 259
65 65
66 66
68 68
69 69
251 251
256 256
254 254
255 255
603 603
508 508
506 506
507 507
505 505
503 503
501 501
468 468
465 465
464 464
467 467
461 461
460 460
463 463
462 462
169 169
165 165
166 166
160 160
162 162
163 163
357 357
356 356
354 354
353 353
351 351
350 350
359 359
358 358
217 217
214 214
215 215
213 213
210 210
211 211
218 218
219 219
289 289
4 4
281 281
283 283
284 284
287 287
286 286
263 263
262 262
261 261
267 267
266 266
265 265
264 264
269 269
268 268
59 59
58 58
55 55
54 54
56 56
51 51
50 50
53 53
537 537
536 536
63 63
533 533
532 532
531 531
530 530
539 539
538 538
115 115
114 114
116 116
111 111
110 110
113 113
112 112
119 119
118 118
429 429
428 428
534 534
421 421
420 420
423 423
422 422
424 424
427 427
426 426
308 308
300 300
301 301
302 302
303 303
304 304
305 305
306 306
568 568
560 560
561 561
562 562
563 563
564 564
565 565
566 566
567 567
229 229
228 228
227 227
226 226
225 225
223 223
221 221
220 220
391 391
390 390
151 151
150 150
153 153
152 152
155 155
154 154
157 157
602 602
158 158
608 608
80 80
49 49
46 46
47 47
45 45
42 42
43 43
40 40
41 41
5 5
489 489
488 488
487 487
485 485
484 484
482 482
481 481
480 480
472 472
470 470
471 471
477 477
474 474
475 475
478 478
479 479
343 344
42 0
347 346
371 347
378 340
340 341
343 342
355 343
347 348
355 349
600 595
602 606
593 594
294 298
311 299
294 296
294 297
311 294
294 295
291 292
291 293
291 290
309 291
593 591
588 590
595 593
591 592
198 199
212 198
598 597
595 596
196 195
191 194
198 197
206 196
198 191
191 190
191 193
191 192
263 270
263 271
263 272
263 273
263 274
263 275
277 276
299 277
277 278
280 279
550 524
526 525
550 526
526 527
516 520
522 521
535 522
522 523
598 599
550 528
528 529
450 449
446 448
434 443
434 442
434 441
434 440
446 447
491 446
444 445
452 444
107 108
107 109
99 102
99 103
99 100
99 101
107 106
125 107
99 104
99 105
99 39
39 38
32 33
131 32
32 31
28 30
36 37
171 36
36 35
32 34
434 438
434 439
434 436
434 437
458 434
434 435
429 432
511 433
429 430
429 431
340 339
337 338
332 335
332 334
355 337
337 336
349 331
331 330
332 333
366 332
343 345
48 6
144 99
99 98
90 91
167 90
90 93
90 92
94 95
132 94
159 97
97 96
550 559
550 558
550 555
550 554
550 557
550 556
550 551
581 550
550 553
550 552
237 238
237 239
235 234
294 235
235 236
243 237
224 230
232 231
263 232
232 233
0 1
144 146
144 147
174 144
144 145
168 142
142 143
139 140
139 141
611 612
614 613
609 610
613 611
144 148
144 149
132 133
198 132
159 131
131 130
136 137
168 136
136 135
132 134
504 494
494 495
170 139
139 138
486 490
492 491
522 492
494 493
107 24
71 25
25 26
28 27
21 20
99 21
21 22
24 23
84 28
28 29
434 407
403 406
403 405
403 404
429 403
400 402
400 401
434 400
434 409
409 408
378 379
409 378
409 371
366 370
371 373
371 372
378 375
375 374
375 377
375 376
392 393
407 392
87 88
90 89
398 397
395 396
434 395
395 394
76 82
84 83
76 80
76 81
87 86
144 87
132 84
84 85
6 7
602 601
602 607
584 586
588 587
588 584
584 585
581 582
584 583
581 580
591 581
591 588
588 589
250 245
245 244
263 247
247 246
260 241
241 240
263 243
243 242
250 249
247 248
516 519
516 518
550 511
509 510
535 513
513 512
516 515
513 514
516 517
541 516
464 458
458 459
528 450
450 451
486 452
452 453
455 454
550 455
455 456
458 457
174 179
174 178
174 177
174 176
174 175
183 174
174 173
198 172
172 171
183 170
252 253
174 182
188 183
174 180
174 181
185 186
188 187
185 184
196 185
191 188
188 189
12 11
9 10
12 13
132 12
125 15
15 14
18 17
15 16
18 19
39 18
60 62
319 322
319 323
319 320
319 321
319 326
319 327
319 324
319 325
319 328
319 329
198 201
198 200
204 203
198 202
204 205
212 204
208 207
216 206
208 209
222 208
76 77
94 76
76 75
72 74
72 73
191 72
136 71
168 70
76 79
76 78
3 2
541 542
541 543
541 540
550 541
547 546
602 547
541 544
541 545
9 8
547 548
550 549
67 68
600 598
121 120
132 121
121 122
121 123
125 124
144 125
125 126
125 127
125 128
125 129
409 414
409 415
409 416
409 417
409 410
409 411
409 412
409 413
550 498
409 418
409 419
500 499
349 319
316 318
314 313
311 312
337 311
311 310
316 317
332 316
314 315
316 314
494 496
498 497
144 3
366 368
366 369
403 366
366 367
363 364
366 365
363 362
383 363
366 360
360 361
409 380
380 381
383 382
398 383
385 384
409 385
385 386
388 387
434 388
388 389
602 605
580 579
577 578
602 604
574 573
571 572
584 571
569 570
584 577
577 576
574 575
580 574
72 60
60 61
257 258
257 259
71 64
64 65
67 66
142 67
263 252
70 69
263 250
252 251
257 256
263 257
252 254
252 255
602 603
609 602
509 508
550 509
522 506
506 507
550 504
504 505
524 502
504 503
550 500
500 501
502 469
469 468
466 465
516 464
466 467
502 466
498 461
461 460
461 463
461 462
170 168
168 169
174 164
164 165
167 166
191 167
161 160
172 161
161 162
164 163
613 600
70 9
355 357
355 356
360 355
355 354
352 353
429 352
352 351
349 350
355 359
355 358
235 216
216 217
216 214
216 215
216 212
214 213
208 210
212 211
216 218
216 219
288 289
307 288
3 4
282 281
291 280
282 283
299 282
294 285
285 284
288 287
285 286
280 263
263 262
260 261
299 260
263 267
263 266
263 265
263 264
263 269
263 268
60 59
57 58
52 55
52 54
144 57
57 56
52 51
48 50
52 53
99 52
550 537
535 536
550 535
64 63
532 533
550 532
530 531
550 530
537 539
537 538
107 115
107 114
144 117
117 116
107 111
107 110
107 113
107 112
117 119
117 118
492 429
429 428
535 534
409 421
409 420
409 423
409 422
433 425
425 424
425 427
425 426
309 308
319 309
299 300
299 301
299 302
299 303
299 304
299 305
307 306
319 307
569 568
588 569
550 560
550 561
550 562
550 563
550 564
550 565
550 566
550 567
224 229
224 228
224 227
224 226
224 225
250 224
224 223
245 222
222 221
216 220
392 391
388 390
144 151
144 150
144 153
144 152
156 155
144 154
156 157
168 156
168 159
156 158
611 609
609 608
400 399
429 398
99 48
48 49
44 46
44 47
107 44
44 45
107 42
44 43
39 40
42 41
6 5
486 489
486 488
486 487
550 486
486 485
483 484
511 483
483 482
479 481
479 480
473 472
494 473
469 470
469 471
550 476
476 477
473 474
476 475
479 478
550 479
