456
593
593
344 344
0 0
346 346
347 347
340 340
342 342
343 343
348 348
349 349
298 298
299 299
296 296
294 294
292 292
290 290
291 291
591 591
198 198
195 195
194 194
196 196
191 191
190 190
193 193
270 270
272 272
273 273
274 274
276 276
277 277
278 278
279 279
525 525
527 527
521 521
523 523
529 529
449 449
448 448
443 443
441 441
440 440
447 447
446 446
445 445
108 108
109 109
102 102
103 103
100 100
101 101
107 107
105 105
39 39
38 38
32 32
31 31
37 37
35 35
34 34
439 439
436 436
437 437
434 434
435 435
432 432
433 433
430 430
431 431
339 339
338 338
335 335
334 334
337 337
336 336
331 331
330 330
333 333
332 332
345 345
6 6
99 99
98 98
91 91
90 90
93 93
95 95
97 97
96 96
558 558
555 555
554 554
557 557
552 552
239 239
235 235
236 236
237 237
230 230
232 232
233 233
146 146
147 147
143 143
140 140
148 148
149 149
133 133
130 130
498 498
136 136
135 135
134 134
494 494
495 495
139 139
138 138
490 490
491 491
492 492
493 493
24 24
25 25
26 26
20 20
21 21
22 22
23 23
28 28
29 29
407 407
406 406
405 405
404 404
403 403
402 402
401 401
400 400
409 409
408 408
379 379
378 378
371 371
370 370
373 373
372 372
375 375
374 374
377 377
376 376
393 393
392 392
391 391
390 390
397 397
396 396
395 395
83 83
80 80
81 81
87 87
84 84
85 85
586 586
584 584
585 585
583 583
581 581
588 588
589 589
245 245
247 247
246 246
241 241
240 240
243 243
249 249
519 519
518 518
511 511
510 510
513 513
515 515
514 514
516 516
458 458
450 450
451 451
453 453
455 455
456 456
457 457
179 179
178 178
177 177
176 176
175 175
173 173
172 172
171 171
170 170
182 182
183 183
180 180
181 181
186 186
185 185
188 188
11 11
13 13
12 12
15 15
14 14
17 17
19 19
18 18
322 322
323 323
320 320
326 326
327 327
324 324
325 325
329 329
201 201
200 200
203 203
202 202
205 205
207 207
206 206
209 209
208 208
77 77
76 76
75 75
74 74
73 73
72 72
71 71
78 78
542 542
543 543
540 540
547 547
545 545
8 8
549 549
120 120
122 122
123 123
125 125
127 127
128 128
2 2
414 414
415 415
416 416
417 417
410 410
412 412
413 413
418 418
419 419
499 499
319 319
313 313
311 311
310 310
317 317
316 316
314 314
496 496
497 497
3 3
368 368
369 369
366 366
367 367
365 365
362 362
363 363
360 360
361 361
380 380
381 381
382 382
383 383
384 384
385 385
386 386
387 387
388 388
579 579
572 572
571 571
577 577
576 576
574 574
60 60
61 61
259 259
64 64
65 65
66 66
67 67
252 252
69 69
250 250
251 251
253 253
257 257
254 254
255 255
509 509
506 506
507 507
504 504
502 502
503 503
500 500
501 501
469 469
468 468
464 464
466 466
460 460
463 463
462 462
168 168
169 169
165 165
166 166
160 160
161 161
163 163
9 9
357 357
356 356
355 355
354 354
353 353
352 352
350 350
359 359
358 358
216 216
217 217
214 214
215 215
212 212
210 210
211 211
218 218
219 219
288 288
281 281
280 280
283 283
282 282
285 285
284 284
287 287
286 286
263 263
262 262
261 261
260 260
267 267
266 266
265 265
269 269
58 58
55 55
54 54
56 56
50 50
53 53
52 52
537 537
536 536
63 63
532 532
531 531
539 539
115 115
68 68
117 117
110 110
113 113
112 112
119 119
429 429
428 428
534 534
421 421
420 420
423 423
422 422
425 425
424 424
426 426
308 308
309 309
301 301
302 302
303 303
304 304
305 305
306 306
569 569
561 561
564 564
566 566
567 567
228 228
227 227
225 225
224 224
223 223
222 222
221 221
151 151
152 152
154 154
157 157
156 156
159 159
399 399
398 398
49 49
46 46
47 47
44 44
42 42
41 41
5 5
489 489
488 488
487 487
486 486
485 485
484 484
483 483
482 482
481 481
480 480
472 472
473 473
470 470
476 476
477 477
474 474
475 475
478 478
479 479
341 344
1 0
341 346
341 347
333 340
369 341
341 342
341 343
341 348
341 349
297 298
300 299
295 296
341 297
293 294
405 295
293 292
369 293
289 290
289 291
592 591
592 590
593 592
238 199
197 198
192 195
192 194
279 197
197 196
192 191
189 190
192 193
208 192
268 270
369 271
271 272
271 273
275 274
300 275
275 276
275 277
279 278
369 279
546 524
526 525
528 526
528 527
562 520
520 521
524 522
522 523
575 528
530 529
474 449
449 448
442 443
447 442
465 441
441 440
454 447
447 446
444 445
474 444
106 108
106 109
94 102
104 103
94 100
94 101
145 106
106 107
121 104
104 105
40 39
36 38
65 33
33 32
30 31
45 30
36 37
59 36
36 35
33 34
474 438
438 439
454 436
438 437
429 434
436 435
429 432
429 433
429 430
429 431
333 339
333 338
333 335
333 334
333 337
333 336
328 331
328 330
341 333
333 332
341 345
7 6
94 99
94 98
92 91
89 90
94 93
131 92
94 95
145 94
94 97
94 96
570 559
559 558
556 555
553 554
556 557
565 556
570 551
551 550
563 553
553 552
271 238
238 239
271 234
234 235
309 236
238 237
231 230
236 231
231 232
234 233
94 1
145 146
145 147
145 144
150 145
144 142
144 143
141 140
145 141
145 148
150 149
132 133
145 132
145 131
131 130
145 137
137 136
132 135
132 134
474 494
474 495
137 139
137 138
474 490
474 491
474 492
474 493
25 24
94 25
27 26
59 27
19 20
19 21
19 22
19 23
27 28
30 29
405 407
405 406
474 405
402 404
402 403
474 402
396 401
396 400
405 409
405 408
380 379
369 378
369 371
369 370
369 373
369 372
369 375
369 374
369 377
369 376
389 393
389 392
116 88
137 89
396 397
436 396
396 395
465 394
124 82
82 83
79 80
82 81
106 86
86 87
85 84
142 85
106 7
587 586
590 587
582 584
582 585
593 582
582 583
582 580
580 581
587 588
590 589
244 245
258 244
248 247
244 246
242 241
238 240
244 243
264 242
248 249
310 248
520 519
517 518
512 511
508 510
512 513
550 512
575 515
515 514
524 517
517 516
459 458
474 459
449 450
452 451
461 452
452 453
474 454
454 455
457 456
474 457
174 179
174 178
174 177
174 176
174 175
189 174
174 173
171 172
271 171
171 170
254 253
199 182
182 183
174 180
174 181
187 186
279 187
226 184
184 185
187 188
226 189
10 11
92 10
51 13
13 12
16 15
13 14
16 17
79 16
65 19
16 18
88 62
321 322
324 323
321 320
333 321
324 326
328 327
369 324
324 325
341 328
328 329
199 201
199 200
204 203
199 202
204 205
256 204
208 207
204 206
208 209
271 208
73 77
73 76
73 75
73 74
86 73
73 72
70 71
145 70
118 79
73 78
1 2
541 542
544 543
541 540
546 541
563 546
548 547
551 544
544 545
7 8
560 548
550 549
65 68
121 120
142 121
121 122
124 123
142 124
126 125
142 126
126 127
129 128
145 129
411 414
416 415
474 416
418 417
411 410
444 411
411 412
411 413
474 498
442 418
418 419
474 499
318 319
389 318
312 313
341 312
312 311
389 310
318 317
315 316
333 315
315 314
474 496
474 497
4 3
369 368
411 369
364 366
364 367
405 364
364 365
361 362
364 363
357 360
405 361
474 380
380 381
380 382
396 383
383 384
383 385
383 386
383 387
389 388
394 389
580 579
582 578
578 573
573 572
570 571
575 570
575 577
575 576
578 575
573 574
59 60
62 61
271 258
258 259
62 64
132 65
65 66
65 67
251 252
70 69
251 250
258 251
258 256
258 257
324 254
256 255
548 508
508 509
505 506
508 507
505 504
522 505
474 502
474 503
474 500
474 501
474 469
467 468
474 465
465 464
474 467
467 466
474 461
459 460
461 463
461 462
167 168
167 169
174 164
164 165
164 166
213 167
167 160
162 161
174 162
162 163
10 9
394 357
357 356
354 355
389 354
354 353
351 352
369 351
351 350
357 359
357 358
226 216
216 217
215 214
229 215
213 212
216 213
208 210
208 211
216 218
220 219
295 289
289 288
65 4
279 281
279 280
279 283
279 282
279 285
279 284
279 287
279 286
264 263
258 262
258 261
258 260
268 267
264 266
264 265
324 264
268 269
297 268
106 59
57 58
51 55
51 54
141 57
57 56
73 51
51 50
51 53
51 52
535 537
535 536
559 535
62 63
538 533
533 532
530 531
535 530
538 539
575 538
114 115
129 114
116 117
145 116
145 111
111 110
114 113
111 112
118 119
145 118
444 429
427 428
533 534
418 421
418 420
424 423
418 422
424 425
469 424
465 427
427 426
307 308
369 309
341 300
300 301
303 302
341 303
303 304
303 305
307 306
324 307
578 568
570 569
563 560
560 561
575 562
575 563
563 564
568 565
565 566
568 567
242 229
229 228
226 227
264 226
226 225
223 224
231 223
220 222
220 221
256 220
389 391
389 390
150 151
153 150
184 153
153 152
158 155
155 154
158 157
155 156
160 159
164 158
396 399
396 398
89 48
48 49
45 46
48 47
43 44
89 45
43 42
65 43
88 40
40 41
4 5
474 489
474 488
474 487
474 486
474 485
474 484
474 483
474 482
474 481
474 480
471 472
474 473
471 470
562 471
474 476
474 477
526 474
474 475
474 478
474 479
