198
364
0
281 3
278 5
280 6
282 8
277 11
275 12
88 19
71 22
73 23
79 24
87 26
89 27
81 30
83 31
84 32
262 35
272 36
269 38
273 40
271 42
267 43
264 46
266 47
270 48
62 52
69 55
68 57
66 58
64 60
76 63
60 66
65 67
75 68
78 69
52 72
50 73
59 75
46 81
44 82
47 83
49 84
37 87
14 90
16 91
0 97
25 98
23 102
24 103
19 106
11 107
20 108
21 110
2 111
26 114
6 115
8 119
7 120
5 121
3 122
22 124
13 125
17 126
41 128
33 133
39 134
35 136
43 137
42 138
32 141
30 142
10 145
9 146
28 147
56 149
55 151
53 152
250 159
258 160
240 161
206 168
205 169
212 172
210 173
214 176
215 177
203 178
213 179
197 183
199 184
200 187
202 188
198 190
201 191
209 194
207 195
218 196
230 200
231 201
229 202
227 203
239 205
237 207
220 210
221 211
222 212
224 215
226 216
233 217
252 220
254 221
248 226
242 228
247 229
244 231
245 232
234 234
236 235
251 239
260 240
259 242
257 243
256 244
165 248
167 249
171 251
182 254
190 257
193 261
191 263
196 264
194 266
195 267
189 268
188 269
186 273
183 274
184 275
180 276
169 280
164 282
160 284
158 285
178 287
176 288
174 293
172 294
175 295
135 300
137 301
146 304
100 306
95 309
93 310
96 311
139 315
130 319
132 320
133 321
110 324
111 325
108 327
112 329
109 331
105 333
107 334
140 335
141 337
97 341
115 343
114 344
92 347
90 348
99 350
104 352
102 353
128 356
129 359
123 360
122 361
120 366
119 368
126 369
124 370
125 371
121 374
116 375
118 377
127 378
145 381
153 382
149 385
151 386
148 388
143 389
155 391
156 393
161 394
185 395
0 1
1 2
2 3
2 4
4 5
4 6
1 7
7 8
7 9
9 10
10 11
10 12
9 13
13 14
14 15
15 16
16 17
17 18
18 19
18 20
20 21
21 22
21 23
20 24
17 25
25 26
25 27
16 28
28 29
29 30
29 31
28 32
15 33
33 34
34 35
34 36
33 37
37 38
37 39
39 40
39 42
39 43
14 44
44 45
45 46
45 47
44 48
13 49
49 50
50 51
51 52
51 53
53 54
54 55
54 56
56 57
56 58
53 59
59 60
59 61
61 62
62 63
62 64
64 65
65 66
65 67
64 68
61 69
50 70
70 71
71 72
71 73
70 74
74 75
74 76
76 77
77 78
78 79
79 80
80 81
80 82
79 83
78 84
77 85
85 86
86 87
86 89
89 90
89 91
86 92
92 93
93 96
96 97
96 98
93 102
93 103
93 104
104 105
105 106
105 107
104 108
93 109
109 110
109 111
93 113
113 114
113 115
93 117
117 119
117 120
117 121
93 122
93 123
123 124
123 125
92 126
85 127
127 128
127 129
129 130
130 131
131 132
132 133
132 134
131 135
135 136
135 137
130 138
129 139
139 140
140 141
140 142
139 143
143 144
144 145
144 146
143 147
76 148
148 149
148 150
150 151
150 152
49 153
153 154
154 155
155 156
156 157
157 158
158 159
158 160
157 161
156 163
163 164
164 165
165 166
166 167
167 168
167 169
166 171
171 172
171 173
166 175
175 176
175 177
166 178
165 179
164 180
180 181
181 182
182 183
182 184
181 186
186 187
186 188
181 189
189 190
189 191
180 192
192 193
193 194
193 195
192 196
163 197
197 198
198 199
199 200
199 201
198 202
197 203
156 204
204 205
204 206
206 207
206 208
208 210
208 211
208 212
155 213
213 214
214 215
214 216
213 217
154 218
218 219
219 220
219 221
218 223
223 224
224 225
225 226
225 227
227 228
227 229
224 230
230 231
230 232
223 233
233 234
233 235
218 236
236 237
237 238
238 239
238 240
237 242
237 243
236 244
153 245
245 246
246 247
247 248
247 249
246 250
250 251
250 252
252 253
253 254
253 255
255 257
255 258
258 259
259 261
259 263
259 264
259 265
265 266
265 267
258 268
255 269
252 271
271 272
272 273
272 274
271 275
252 276
245 277
277 278
278 279
279 280
279 282
279 283
283 284
283 285
278 286
286 287
286 288
277 290
290 291
291 292
292 293
292 294
291 295
290 296
296 297
297 298
298 299
299 300
299 301
298 303
303 304
303 305
305 306
305 307
307 308
308 309
308 310
307 311
298 312
312 313
313 314
314 315
314 316
316 317
317 318
318 319
318 320
317 321
316 322
322 323
323 324
323 325
322 326
326 327
326 329
326 330
330 331
330 332
332 333
332 334
313 335
312 337
312 339
339 341
339 342
342 343
342 344
339 345
345 346
346 347
346 348
345 349
349 350
349 351
351 352
351 353
312 354
354 356
354 358
358 359
358 360
354 361
354 362
362 364
364 365
365 366
365 367
367 368
367 369
364 370
362 371
362 372
372 373
373 374
373 375
372 376
376 377
376 378
297 379
379 380
380 381
380 382
379 383
383 384
384 385
384 386
383 387
387 388
387 389
296 390
390 391
390 392
392 393
392 394
277 395
