198
395
0
281 3
280 5
278 6
282 8
277 11
275 12
79 18
73 20
71 21
87 24
89 25
88 27
84 28
262 31
264 33
270 34
269 38
271 39
272 40
267 41
50 46
52 47
83 48
81 49
65 53
60 54
76 56
75 57
69 61
68 63
66 64
78 66
64 67
56 71
46 74
16 79
14 80
3 84
5 85
8 88
7 89
26 91
6 92
37 96
22 97
13 99
11 100
23 103
19 104
20 109
17 110
21 111
25 113
24 114
0 116
2 117
42 120
43 121
35 124
39 125
41 128
33 129
30 132
32 133
28 135
9 137
10 138
47 140
44 142
49 143
55 145
53 146
59 147
62 148
273 150
266 152
233 156
226 158
224 159
189 168
188 169
190 170
185 174
182 175
183 178
184 179
186 180
167 183
165 184
171 186
180 187
196 190
195 193
194 194
193 195
191 196
153 203
149 206
151 207
143 209
145 210
148 211
141 215
114 218
97 222
99 223
115 224
102 227
104 228
90 230
92 231
124 234
127 238
118 239
125 240
120 243
116 245
121 246
119 248
126 249
123 253
129 254
122 255
128 256
109 261
105 263
107 264
108 267
112 268
110 270
111 271
130 273
133 275
132 276
139 278
140 279
135 282
137 283
146 285
100 287
93 290
95 291
96 292
161 295
156 296
155 297
176 299
164 303
169 304
160 306
158 307
178 308
174 310
175 312
172 313
207 316
209 317
218 318
200 321
202 322
201 325
197 327
199 328
198 329
215 334
210 335
214 336
212 339
206 341
205 342
203 344
213 345
222 350
221 351
220 352
250 356
239 357
240 359
258 360
237 361
231 364
230 365
227 367
229 368
244 373
245 374
236 377
234 378
242 380
248 381
247 382
251 386
256 387
259 389
257 391
260 392
254 394
252 395
0 1
1 2
2 3
2 4
4 5
4 6
1 7
7 8
7 9
9 10
10 11
10 12
9 13
13 14
14 15
15 16
16 17
17 18
17 19
19 20
19 21
16 22
22 23
23 24
23 25
22 26
26 27
26 28
15 29
29 30
30 31
30 32
32 33
32 34
29 35
35 36
36 37
37 38
37 39
36 40
35 41
14 42
42 43
43 44
44 45
45 46
45 47
44 48
43 49
42 50
50 51
51 52
52 53
52 54
51 55
55 56
55 57
50 58
58 59
59 60
60 61
60 62
62 63
62 64
59 65
65 66
65 67
58 68
68 69
69 70
70 71
70 72
72 73
73 74
73 75
75 76
76 77
77 78
78 79
78 80
77 81
81 82
82 83
83 84
83 85
82 86
86 87
87 88
87 89
86 90
90 91
90 92
81 93
93 94
94 95
95 96
95 97
94 98
98 99
98 100
93 101
101 102
102 103
102 104
101 105
105 106
106 107
107 108
108 109
108 110
107 111
106 112
112 113
112 114
105 115
115 116
115 117
76 118
118 119
119 120
119 121
118 122
122 123
123 124
123 125
122 126
126 127
127 128
127 129
126 130
130 131
131 132
131 133
130 134
134 135
134 136
136 137
136 138
75 139
139 140
139 141
141 142
141 143
72 144
144 145
144 146
69 147
68 148
13 149
149 150
149 151
151 152
151 153
153 154
154 155
155 156
155 157
157 158
157 159
154 160
160 161
161 162
162 163
163 164
164 165
165 166
166 167
167 168
167 169
166 170
165 171
171 172
172 173
173 174
173 175
172 176
176 177
177 178
177 179
176 180
171 181
181 182
182 183
182 184
181 185
185 186
185 187
164 188
188 189
189 190
189 191
191 192
192 193
192 194
191 195
188 196
163 197
197 198
198 199
199 200
200 201
201 202
202 203
202 204
204 205
205 206
205 207
204 208
208 209
208 210
201 211
200 212
212 213
213 214
214 215
214 216
216 217
217 218
217 219
219 220
220 221
221 222
221 223
220 224
219 225
225 226
226 227
226 228
225 229
229 230
229 231
216 232
232 233
233 234
233 235
235 236
236 237
237 238
237 239
236 240
235 241
241 242
242 243
242 244
244 245
244 246
241 247
247 248
247 249
232 250
250 251
251 252
252 253
252 254
251 255
250 256
213 257
257 258
258 259
259 260
260 261
260 262
262 263
262 264
259 265
265 266
266 267
266 268
265 269
269 270
269 271
258 272
272 273
272 274
274 275
274 276
257 277
277 278
277 279
212 280
280 281
281 282
281 283
280 284
284 285
284 286
286 287
286 288
288 289
289 290
289 291
288 292
199 293
293 294
294 295
294 296
293 297
198 298
298 299
298 300
300 301
301 302
302 303
302 304
301 305
305 306
305 307
300 308
197 309
309 310
309 311
311 312
311 313
162 314
314 315
315 316
315 317
314 318
161 319
319 320
320 321
320 322
319 323
323 324
324 325
324 326
326 327
326 328
323 329
160 330
330 331
331 332
332 333
333 334
333 335
332 336
331 337
337 338
338 339
338 340
340 341
340 342
337 343
343 344
343 345
330 346
346 347
347 348
348 349
349 350
349 351
348 352
347 353
353 354
354 355
355 356
355 357
354 358
358 359
358 360
353 361
346 362
362 363
363 364
363 365
362 366
366 367
366 368
153 369
369 370
370 371
371 372
372 373
372 374
371 375
375 376
376 377
376 378
375 379
379 380
379 381
370 382
369 383
383 384
384 385
385 386
385 387
384 388
388 389
388 390
390 391
390 392
383 393
393 394
393 395
