198
309
0
126 31
128 36
129 39
123 40
122 41
125 42
120 43
119 27
121 45
116 47
124 48
127 50
118 51
115 53
99 56
104 59
102 60
92 62
90 63
97 65
114 66
140 67
112 74
109 71
107 78
105 79
111 81
110 82
108 83
130 86
132 87
133 88
139 89
141 90
148 93
143 94
146 96
100 98
96 100
95 102
93 103
137 105
135 106
153 108
145 109
151 111
149 112
161 115
156 116
155 117
176 118
175 121
172 122
178 125
169 128
164 129
160 131
158 132
174 133
185 134
167 136
165 137
195 139
194 140
196 143
191 144
190 148
188 149
186 154
180 155
183 150
184 157
182 159
171 160
189 161
193 162
207 164
198 168
201 172
197 173
199 174
202 175
200 176
209 177
218 178
258 186
260 192
259 193
254 196
252 197
257 198
256 200
251 189
250 202
240 203
239 204
237 205
222 207
221 209
220 206
229 212
230 214
231 215
227 216
215 223
214 224
210 225
206 227
205 228
203 229
213 230
212 231
233 233
226 235
224 236
248 242
242 243
245 244
244 245
247 246
236 248
234 249
266 250
270 255
264 256
262 257
81 259
60 263
65 262
75 267
76 268
78 270
69 273
68 275
66 276
64 278
62 279
59 282
49 286
41 291
32 294
30 295
28 297
10 298
9 300
37 302
25 310
24 314
20 316
2 318
0 319
22 323
13 324
16 325
17 326
19 327
23 328
7 330
6 333
3 334
5 335
21 336
14 337
26 339
8 340
11 341
42 342
39 346
35 347
33 348
43 349
47 351
46 353
44 354
55 357
53 358
56 359
52 361
50 362
89 368
88 370
272 372
87 373
84 375
83 376
271 378
267 379
269 380
79 382
73 384
71 385
273 386
277 387
275 388
282 390
278 393
280 394
281 395
0 2
2 3
3 4
4 6
6 7
7 8
8 9
9 10
10 11
11 12
12 13
13 14
14 15
15 16
16 17
17 18
18 19
19 20
20 22
22 24
24 26
26 27
27 31
27 36
27 37
37 38
38 39
38 40
37 41
27 42
27 43
27 45
45 47
27 48
27 49
49 50
49 51
26 52
52 53
52 55
55 56
55 58
58 59
58 60
55 61
61 62
61 63
52 64
64 65
64 66
24 67
67 69
69 70
70 71
71 74
71 77
77 78
77 79
71 80
80 81
80 82
71 83
70 85
85 86
85 87
70 88
69 89
24 90
22 91
91 92
92 93
92 94
91 95
95 96
95 97
97 98
97 99
99 100
99 102
99 103
22 105
22 106
20 107
107 108
107 109
20 110
110 111
110 112
19 114
114 115
114 116
19 117
18 118
17 119
119 121
119 122
119 123
123 124
124 125
124 126
126 128
126 129
126 130
130 131
130 132
123 133
16 134
15 135
135 136
135 137
14 139
14 140
13 143
13 144
13 145
145 148
145 149
145 150
150 154
150 155
150 157
150 158
158 159
158 160
145 161
12 162
11 164
11 165
165 166
166 168
168 172
168 173
168 174
166 175
166 176
165 177
10 178
9 180
180 182
182 184
184 185
185 186
185 188
188 189
189 190
190 192
190 193
190 194
194 195
195 196
195 197
194 198
189 200
188 202
185 203
184 204
182 205
182 206
206 207
206 209
180 212
180 213
213 214
213 215
180 216
9 217
217 223
217 224
217 225
217 226
226 227
226 228
217 229
217 230
217 231
8 232
232 233
232 234
234 235
234 236
7 237
237 242
237 243
237 244
237 245
237 246
237 247
247 248
247 249
6 250
4 251
251 252
252 253
253 254
254 255
254 256
253 257
252 258
258 259
258 260
260 261
261 262
262 263
261 265
265 266
266 267
266 268
265 269
269 270
269 271
271 272
272 273
272 274
274 275
274 276
271 277
277 278
277 279
260 280
280 281
281 282
281 283
283 284
284 285
285 286
285 287
287 288
288 289
289 291
289 292
292 293
293 294
293 295
292 296
296 297
296 298
298 300
289 301
301 302
301 303
303 310
303 314
303 316
303 317
317 318
317 319
303 321
321 323
321 324
321 325
303 326
303 327
303 328
303 329
329 330
329 333
329 334
329 335
303 336
303 337
303 338
338 339
338 340
303 341
288 342
287 344
344 345
345 346
345 347
344 348
287 349
284 351
284 352
352 353
352 354
283 355
355 357
355 358
355 359
280 360
360 361
360 362
251 366
366 368
366 369
369 370
369 372
369 373
366 374
374 375
374 376
251 378
251 379
251 380
251 381
381 382
381 383
383 384
383 385
4 386
3 387
2 388
0 389
389 390
389 391
391 392
392 393
392 394
391 395
