198
285
285
214 49
215 245
212 270
213 30
210 189
264 71
218 227
133 56
132 172
130 250
137 273
135 17
165 68
139 3
24 13
25 260
26 37
167 275
20 119
21 69
22 282
23 43
160 264
28 84
222 160
0 21
221 32
281 213
8 281
220 222
227 44
258 46
120 248
121 89
122 92
123 176
124 199
125 196
126 104
127 194
128 271
129 272
269 59
118 240
59 25
55 191
56 122
50 202
53 251
52 135
201 149
199 0
198 111
195 100
194 7
197 39
196 262
191 234
190 226
193 11
115 23
114 210
88 215
89 266
111 114
110 258
112 35
278 73
83 156
81 171
119 41
87 108
84 205
251 118
207 145
206 190
226 52
257 153
3 218
254 78
7 206
245 239
244 209
108 197
109 158
240 105
242 115
102 183
100 278
107 22
104 200
105 141
39 186
33 10
32 229
224 257
30 212
37 259
247 140
35 164
252 139
271 280
176 96
60 254
62 193
259 237
64 110
65 242
66 178
178 83
68 203
69 79
175 24
174 207
256 47
172 97
171 2
248 65
182 53
183 120
180 151
2 169
186 201
184 20
6 16
188 8
189 66
202 123
273 133
185 214
99 224
169 5
229 175
280 247
164 236
90 132
93 129
92 90
95 14
161 50
97 124
96 81
11 221
10 256
13 180
282 116
14 267
17 252
16 33
19 125
272 137
116 42
275 107
151 128
153 87
155 244
250 146
156 62
158 55
277 26
239 102
234 127
236 161
237 9
230 76
231 184
233 165
49 75
46 167
47 182
44 112
42 19
43 185
41 126
5 269
9 95
146 130
200 64
203 109
145 93
205 174
143 231
140 121
141 220
209 60
148 148
149 277
76 28
75 198
73 143
71 155
79 88
78 230
262 195
270 188
260 6
267 99
266 233
219 216
219 217
211 214
211 215
211 212
211 213
211 210
223 211
166 165
263 264
274 265
217 218
223 219
134 133
131 132
134 131
131 130
136 137
152 136
136 135
138 134
138 139
140 138
170 166
18 24
18 25
27 26
36 27
18 20
18 21
18 22
18 23
159 160
29 28
38 29
162 161
1 0
18 4
279 281
4 8
284 283
168 163
285 284
228 227
268 271
255 258
119 120
119 121
119 122
119 123
119 124
119 125
119 126
119 127
119 128
119 129
268 269
274 268
238 220
117 118
58 59
63 58
54 55
57 54
58 57
57 56
86 51
51 50
54 53
51 52
255 259
163 164
198 201
198 199
183 179
198 200
192 195
192 194
198 197
177 178
192 191
187 190
192 193
216 192
113 115
113 114
86 88
86 89
109 111
109 110
142 113
109 112
85 82
82 83
86 80
82 81
142 119
86 87
85 84
86 85
255 251
216 198
255 256
204 206
225 226
255 257
4 3
192 177
253 254
4 7
246 247
274 273
261 255
232 225
246 245
243 244
109 108
134 109
249 241
241 240
246 243
243 242
103 102
113 103
101 100
154 101
109 106
106 107
103 104
106 105
40 39
40 38
34 33
31 32
38 31
31 30
36 37
40 36
34 35
40 34
255 246
181 162
283 282
253 252
204 205
228 223
268 86
177 176
61 60
63 61
61 62
74 63
63 64
63 65
67 66
70 67
67 68
70 69
173 175
173 174
181 173
173 172
170 171
179 170
204 203
220 222
192 181
261 253
246 248
183 182
187 183
179 180
1 2
166 167
192 187
183 184
4 6
183 186
187 188
187 189
198 202
192 196
220 221
183 185
98 99
113 98
177 168
168 169
228 229
238 228
113 91
91 90
94 93
91 92
94 95
101 94
98 97
94 96
12 11
29 10
12 13
18 12
27 15
15 14
18 17
15 16
18 19
27 18
119 117
249 250
117 116
276 274
211 204
276 275
150 151
152 150
152 153
154 152
154 155
157 154
162 157
157 156
163 159
159 158
276 277
235 234
241 238
238 239
284 279
208 207
243 235
235 236
238 237
228 230
228 231
255 232
232 233
225 224
279 280
54 48
48 49
45 46
48 47
45 44
48 45
40 42
40 43
48 40
40 41
18 1
4 5
10 9
268 272
147 146
152 147
152 144
144 145
152 142
144 143
142 140
142 141
208 209
217 208
147 148
150 149
82 77
77 76
74 75
77 74
72 73
80 72
72 71
77 70
279 278
80 79
77 78
268 263
251 249
263 262
265 261
268 270
255 260
283 276
268 267
265 266
