198
311
0
281 3
278 5
280 6
282 8
275 10
277 12
266 15
248 18
242 20
245 23
247 24
236 27
234 28
244 29
233 35
226 37
224 38
256 39
251 31
250 42
258 44
240 46
237 50
221 52
222 54
220 51
227 59
229 60
215 63
205 66
206 67
213 70
214 71
210 73
212 75
203 76
218 78
207 80
209 82
200 85
197 88
199 91
201 92
198 87
202 94
194 96
195 98
191 101
196 102
193 104
188 106
190 109
189 110
186 112
183 111
182 117
184 118
180 120
171 123
165 125
167 126
185 128
172 130
175 132
174 134
176 137
178 139
158 143
160 144
169 145
164 146
161 149
156 150
145 154
153 155
151 158
149 159
148 162
143 163
137 166
96 170
93 172
95 173
100 174
146 175
135 177
112 183
109 182
108 188
110 190
111 191
105 193
107 194
130 196
132 198
133 199
139 200
140 179
141 203
115 206
99 210
102 212
104 213
92 215
90 216
114 218
97 219
124 221
118 225
127 226
125 227
116 231
121 230
120 233
126 236
128 238
123 241
129 242
122 243
119 220
155 245
230 247
231 248
239 249
259 251
260 253
252 256
254 257
257 258
273 260
262 263
264 265
270 266
271 269
272 270
269 273
267 274
79 277
73 279
71 280
89 283
87 284
88 286
84 288
81 290
83 292
75 294
76 296
60 299
65 298
64 304
78 305
69 307
66 309
68 310
62 312
50 315
52 316
59 318
56 320
53 323
55 324
47 327
44 328
46 330
49 332
42 334
33 337
39 339
35 341
43 342
41 344
30 347
28 350
10 351
9 353
32 354
37 356
14 359
16 360
22 364
11 365
13 366
17 368
19 371
23 373
24 374
5 378
8 381
7 382
3 384
6 386
26 387
20 388
25 390
2 393
21 394
0 395
0 1
1 2
2 3
2 4
4 5
4 6
1 7
7 8
7 9
9 10
9 11
11 12
11 13
13 14
14 15
14 16
16 17
17 18
17 19
19 20
19 23
19 24
19 25
25 26
26 27
26 28
25 29
16 30
30 31
31 33
33 34
34 35
34 36
36 37
36 38
33 39
31 41
41 42
41 43
43 44
43 46
43 47
47 48
48 50
48 51
51 52
51 54
48 56
56 59
56 60
56 61
61 62
62 63
62 65
65 66
65 67
62 70
62 71
62 73
62 75
62 76
61 77
77 78
77 79
79 80
79 81
81 82
81 83
83 84
84 85
84 87
87 88
87 91
87 92
84 94
83 95
95 96
95 97
97 98
97 99
99 101
99 102
99 104
99 105
105 106
105 109
105 110
105 111
111 112
111 117
111 118
111 120
111 121
121 122
122 123
122 124
124 125
124 126
121 127
127 128
127 129
129 130
129 131
131 132
131 133
133 134
133 135
135 136
136 137
136 138
138 139
138 140
140 142
142 143
142 144
140 145
140 146
135 147
147 148
148 149
148 150
147 152
152 153
153 154
153 155
152 157
157 158
157 159
152 161
161 162
161 163
152 164
164 166
164 167
167 168
168 169
169 170
169 172
169 173
168 174
167 175
164 177
164 178
178 179
179 180
180 181
181 182
182 183
182 188
182 189
189 190
189 191
182 192
192 193
192 194
181 196
181 197
197 198
197 199
180 200
178 203
178 204
204 205
205 206
205 208
208 210
208 211
211 212
211 213
208 214
214 215
214 216
205 217
217 218
217 219
204 220
220 221
220 224
224 225
224 226
220 227
220 230
230 231
220 233
220 236
220 238
220 239
239 240
240 241
240 242
239 243
147 245
56 246
246 247
246 248
47 249
30 251
30 253
30 254
254 255
255 256
255 257
254 258
13 260
13 261
261 262
262 263
262 264
264 265
264 266
261 269
261 270
261 273
261 274
261 275
275 276
276 277
276 278
278 279
278 280
275 282
282 283
282 284
275 286
275 287
287 288
287 289
289 290
289 292
289 293
293 294
293 296
293 297
297 298
298 299
297 301
301 302
302 303
303 304
303 305
302 306
306 307
306 308
308 309
308 310
301 312
301 313
313 314
314 315
314 316
313 317
317 318
317 319
319 320
319 321
321 323
321 324
321 325
325 326
326 327
326 328
325 329
329 330
329 332
329 333
333 334
333 336
336 337
336 339
336 340
340 341
340 342
333 343
343 344
343 346
346 347
346 349
349 350
349 351
351 353
346 354
343 355
355 356
355 357
357 358
358 359
358 360
357 361
361 364
361 365
361 366
361 367
367 368
367 371
367 372
372 373
372 374
367 377
377 378
377 381
377 382
377 384
377 385
385 386
385 387
367 388
367 390
367 392
392 393
392 394
367 395
