198
395
0
281 3
278 5
280 6
282 8
275 10
277 12
266 15
248 18
242 20
245 23
247 24
236 27
234 28
244 29
233 35
226 37
224 38
256 39
251 40
250 42
258 44
240 46
237 50
221 52
222 54
220 55
227 59
229 60
215 63
205 66
206 67
213 70
214 71
210 73
212 75
203 76
218 78
207 80
209 82
200 85
197 88
199 91
201 92
198 93
202 94
194 96
195 98
191 101
196 102
193 104
188 106
190 109
189 110
186 112
183 114
182 117
184 118
180 120
171 123
165 125
167 126
185 128
172 130
175 132
174 134
176 137
178 139
158 143
160 144
169 145
164 146
161 149
156 150
145 154
153 155
151 158
149 159
148 162
143 163
137 166
96 170
93 172
95 173
100 174
146 175
135 177
112 183
109 186
108 188
110 190
111 191
105 193
107 194
130 196
132 198
133 199
139 200
140 201
141 203
115 206
99 210
102 212
104 213
92 215
90 216
114 218
97 219
124 221
118 225
127 226
125 227
116 231
121 232
120 233
126 236
128 238
123 241
129 242
122 243
119 244
155 245
230 247
231 248
239 249
259 251
260 253
252 256
254 257
257 258
273 260
262 263
264 265
270 266
271 269
272 270
269 273
267 274
79 277
73 279
71 280
89 283
87 284
88 286
84 288
81 290
83 292
75 294
76 296
60 299
65 300
64 304
78 305
69 307
66 309
68 310
62 312
50 315
52 316
59 318
56 320
53 323
55 324
47 327
44 328
46 330
49 332
42 334
33 337
39 339
35 341
43 342
41 344
30 347
28 350
10 352
9 353
32 354
37 356
14 359
16 360
22 364
11 365
13 366
17 368
19 371
23 373
24 374
5 378
8 381
7 382
3 384
6 386
26 387
20 388
25 390
2 393
21 394
0 395
0 1
1 2
2 3
2 4
4 5
4 6
1 7
7 8
7 9
9 10
9 11
11 12
11 13
13 14
14 15
14 16
16 17
17 18
17 19
19 20
19 21
21 22
22 23
22 24
21 25
25 26
26 27
26 28
25 29
16 30
30 31
31 32
32 33
33 34
34 35
34 36
36 37
36 38
33 39
32 40
31 41
41 42
41 43
43 44
43 45
45 46
45 47
47 48
48 49
49 50
49 51
51 52
51 53
53 54
53 55
48 56
56 57
57 58
58 59
58 60
57 61
61 62
62 63
62 64
64 65
65 66
65 67
64 68
68 69
69 70
69 71
68 72
72 73
72 74
74 75
74 76
61 77
77 78
77 79
79 80
79 81
81 82
81 83
83 84
84 85
84 86
86 87
87 88
87 89
89 90
90 91
90 92
89 93
86 94
83 95
95 96
95 97
97 98
97 99
99 100
100 101
100 102
99 103
103 104
103 105
105 106
105 107
107 108
108 109
108 110
107 111
111 112
111 113
113 114
113 115
115 116
116 117
116 118
115 119
119 120
119 121
121 122
122 123
122 124
124 125
124 126
121 127
127 128
127 129
129 130
129 131
131 132
131 133
133 134
133 135
135 136
136 137
136 138
138 139
138 140
140 141
141 142
142 143
142 144
141 145
140 146
135 147
147 148
148 149
148 150
147 151
151 152
152 153
153 154
153 155
152 156
156 157
157 158
157 159
156 160
160 161
161 162
161 163
160 164
164 165
165 166
165 167
167 168
168 169
169 170
169 171
171 172
171 173
168 174
167 175
164 176
176 177
176 178
178 179
179 180
180 181
181 182
182 183
182 184
184 185
185 186
185 187
187 188
187 189
189 190
189 191
184 192
192 193
192 194
181 195
195 196
195 197
197 198
197 199
180 200
179 201
178 202
202 203
202 204
204 205
205 206
205 207
207 208
208 209
209 210
209 211
211 212
211 213
208 214
214 215
214 216
207 217
217 218
217 219
204 220
220 221
220 222
222 223
223 224
224 225
224 226
223 227
222 228
228 229
229 230
230 231
230 232
229 233
228 234
234 235
235 236
235 237
237 238
237 239
239 240
240 241
240 242
239 243
234 244
151 245
56 246
246 247
246 248
47 249
30 250
250 251
250 252
252 253
252 254
254 255
255 256
255 257
254 258
13 259
259 260
259 261
261 262
262 263
262 264
264 265
264 266
261 267
267 268
268 269
268 270
267 271
271 272
272 273
272 274
271 275
275 276
276 277
276 278
278 279
278 280
275 281
281 282
282 283
282 284
281 285
285 286
285 287
287 288
287 289
289 290
289 291
291 292
291 293
293 294
293 295
295 296
295 297
297 298
298 299
298 300
297 301
301 302
302 303
303 304
303 305
302 306
306 307
306 308
308 309
308 310
301 311
311 312
311 313
313 314
314 315
314 316
313 317
317 318
317 319
319 320
319 321
321 322
322 323
322 324
321 325
325 326
326 327
326 328
325 329
329 330
329 331
331 332
331 333
333 334
333 335
335 336
336 337
336 338
338 339
338 340
340 341
340 342
335 343
343 344
343 345
345 346
346 347
346 348
348 349
349 350
349 351
351 352
351 353
348 354
345 355
355 356
355 357
357 358
358 359
358 360
357 361
361 362
362 363
363 364
363 365
362 366
361 367
367 368
367 369
369 370
370 371
370 372
372 373
372 374
369 375
375 376
376 377
377 378
377 379
379 380
380 381
380 382
379 383
383 384
383 385
385 386
385 387
376 388
375 389
389 390
389 391
391 392
392 393
392 394
391 395
