198
283
0
246 14
227 16
225 17
221 18
229 25
233 24
235 27
234 28
231 20
232 30
219 31
245 32
252 33
241 36
239 37
255 39
253 40
254 41
117 64
96 66
95 63
91 68
84 72
83 73
81 74
99 76
98 75
97 79
116 82
114 83
104 85
103 87
101 88
118 90
115 92
111 94
110 97
94 99
92 98
107 103
87 106
85 107
80 109
78 110
105 111
100 112
126 113
121 115
119 117
90 120
89 119
64 123
75 131
72 124
73 133
70 135
68 137
40 140
37 141
39 142
66 148
31 151
30 150
54 154
55 153
65 156
61 158
42 159
41 161
62 163
53 165
36 168
33 170
27 172
25 173
34 174
59 176
51 179
48 180
50 181
74 182
71 184
43 188
46 190
22 194
21 202
18 205
16 207
11 208
9 209
8 193
10 211
4 213
15 216
12 217
19 220
6 221
14 223
7 214
20 225
13 226
17 227
23 229
3 232
2 233
0 234
28 235
47 237
45 238
57 239
77 240
139 241
158 245
156 246
144 248
142 249
141 251
129 253
127 254
201 262
184 264
176 266
174 267
203 269
206 270
196 271
187 272
189 273
191 274
190 277
150 280
147 282
145 283
136 285
134 289
133 290
130 291
132 292
169 293
195 299
193 300
185 301
177 296
171 311
180 314
172 312
167 316
166 318
182 319
160 320
159 322
181 325
178 326
163 328
161 329
179 330
151 331
173 333
164 334
155 336
153 337
138 340
137 339
124 343
122 344
205 345
216 346
217 348
210 351
200 354
198 355
199 352
208 357
218 359
213 361
212 360
211 364
214 365
222 368
224 369
238 370
237 371
236 44
243 373
248 374
267 376
250 378
249 377
270 380
271 381
266 384
265 386
262 387
264 388
261 390
259 392
258 394
256 395
0 1
1 2
2 3
3 4
4 5
5 6
6 7
7 10
10 14
10 15
15 16
15 17
10 18
10 20
20 22
22 24
24 25
22 27
22 28
20 30
10 31
10 32
7 33
7 35
35 36
35 37
7 39
7 40
7 41
6 43
43 44
44 46
46 47
47 51
51 52
52 53
53 54
54 55
55 56
56 58
58 61
61 63
63 64
63 66
61 68
68 70
70 72
70 73
70 74
61 75
75 76
75 79
58 80
80 82
80 83
80 84
84 85
84 86
86 87
86 88
58 90
58 92
58 93
93 94
93 96
96 97
96 98
98 99
93 101
101 102
102 103
102 105
105 106
105 107
102 108
108 109
108 110
101 111
58 112
56 113
56 114
114 115
114 117
114 118
118 119
119 120
118 122
122 123
122 124
124 131
124 133
124 134
134 135
134 136
136 137
136 138
138 140
138 141
138 142
124 143
143 144
144 148
144 150
150 151
144 153
153 154
144 156
144 157
157 158
157 159
159 161
144 162
162 163
162 164
164 165
164 166
166 168
166 169
169 170
169 171
171 172
171 173
166 174
143 175
175 176
175 177
177 179
177 180
177 181
124 182
182 184
124 185
185 186
186 187
187 188
187 190
187 191
191 192
192 193
193 194
193 202
193 205
193 206
206 207
206 208
193 209
193 211
193 213
193 214
214 215
215 216
215 217
214 219
219 220
219 221
214 223
193 225
193 226
193 227
192 229
192 230
230 232
230 233
230 234
191 235
186 237
186 238
185 239
124 240
55 241
54 245
54 246
54 247
247 248
247 249
249 251
54 252
252 253
252 254
53 255
255 259
259 260
260 261
261 262
261 263
263 264
263 265
265 266
265 267
260 269
260 270
259 271
255 272
255 273
255 274
255 275
275 276
276 277
276 278
278 280
278 281
281 282
281 283
278 284
284 285
284 286
286 289
286 290
286 291
286 292
275 293
52 294
294 296
296 297
297 299
297 300
297 301
296 311
296 312
312 314
312 316
316 318
296 319
296 320
320 322
296 323
323 325
323 326
323 327
327 328
327 329
296 330
296 331
296 332
332 333
332 334
294 335
335 336
335 337
294 338
338 339
339 340
338 342
342 343
342 344
51 345
47 346
47 348
47 349
349 351
349 352
352 354
352 355
349 357
47 359
47 360
360 361
360 364
47 365
46 367
367 368
367 369
46 370
44 371
43 373
6 374
5 376
5 377
377 378
4 380
3 381
2 382
382 384
382 386
382 387
382 388
1 389
389 390
389 391
391 392
391 393
393 394
393 395
