198
275
275
216 144
217 203
214 85
212 22
213 37
210 156
211 218
264 253
265 246
218 105
219 50
133 196
132 19
130 249
137 45
136 130
134 213
139 137
138 36
225 117
25 31
27 185
20 47
21 241
22 271
23 74
160 219
28 104
161 164
0 243
4 116
8 259
163 110
227 62
258 13
121 172
122 80
124 126
266 267
126 256
127 161
129 189
224 6
118 222
59 14
55 174
54 129
57 119
51 30
50 17
53 33
164 114
199 250
179 214
200 132
195 48
196 248
191 198
190 90
193 232
115 166
114 145
117 39
89 212
111 180
110 61
253 225
83 171
80 195
81 65
119 178
87 265
84 151
85 0
256 173
206 2
3 98
254 234
7 169
255 208
245 94
181 10
246 177
241 121
243 200
103 191
100 147
101 255
249 258
107 11
104 40
105 41
39 193
33 96
31 23
30 217
37 150
36 122
177 160
34 115
252 68
205 101
271 205
61 27
62 224
259 211
64 216
65 18
66 134
178 100
68 167
176 252
250 182
174 91
173 238
172 55
171 4
198 155
203 124
222 111
248 118
182 254
180 25
2 21
167 83
187 89
184 262
6 159
189 77
221 221
185 176
99 8
98 95
169 64
229 92
91 127
90 229
166 239
92 87
95 70
94 59
97 138
96 54
11 12
10 103
13 42
12 199
15 28
14 43
17 153
16 7
19 236
18 233
116 107
151 245
150 16
153 3
155 78
156 142
159 81
158 15
238 20
239 73
234 75
235 206
236 190
237 184
231 99
232 227
233 210
48 97
46 163
47 270
45 141
42 179
43 53
40 66
41 9
9 72
201 266
147 201
144 261
145 84
142 57
141 181
208 46
77 139
75 133
74 71
73 34
72 235
71 51
70 264
78 136
262 237
261 187
270 231
267 158
215 216
215 217
215 214
228 215
215 212
212 213
209 210
212 211
177 165
263 264
263 265
215 218
220 219
131 133
131 132
135 131
131 130
148 137
135 136
149 135
131 134
140 139
137 138
167 166
29 24
26 25
32 26
26 27
8 20
8 21
8 22
24 23
177 160
29 28
44 29
162 161
1 0
5 4
24 8
162 163
120 119
272 271
257 258
125 120
120 121
123 122
148 123
123 124
140 125
125 126
128 127
157 128
128 129
272 269
269 268
223 224
113 118
58 59
67 58
63 55
55 54
56 57
63 56
49 51
49 50
52 53
63 52
260 259
165 164
202 201
204 199
177 179
199 200
194 195
203 194
207 197
177 178
188 191
188 190
192 193
194 192
113 115
113 114
106 88
120 89
112 111
109 110
125 113
113 112
91 82
82 83
79 80
82 81
88 86
86 87
82 84
86 85
268 251
199 198
257 256
207 206
244 226
260 257
1 3
186 177
251 254
8 7
268 247
274 273
251 255
226 225
244 245
251 244
113 108
112 109
240 241
251 240
242 243
247 242
108 102
102 103
98 100
102 101
112 106
106 107
102 104
106 105
38 39
69 38
32 33
35 32
30 31
56 30
38 37
35 36
52 35
35 34
244 246
177 162
251 252
204 205
228 223
175 176
63 60
60 61
63 62
67 63
63 64
63 65
63 66
72 67
69 68
72 69
183 175
175 174
172 173
177 172
170 171
177 170
207 203
223 222
177 181
251 253
247 248
177 182
202 183
177 180
1 2
170 167
188 187
183 184
5 6
244 220
192 186
197 188
188 189
207 202
197 196
220 221
186 185
98 99
108 98
188 168
168 169
230 229
236 228
108 91
89 90
109 93
93 92
108 95
93 94
98 97
95 96
8 11
8 10
8 13
8 12
8 15
8 14
8 17
8 16
8 19
8 18
113 117
249 250
113 116
275 274
215 204
152 151
149 150
154 153
177 152
154 155
165 154
188 157
157 156
160 159
157 158
230 234
236 238
240 239
215 207
230 235
242 236
236 237
244 230
230 231
230 232
230 233
49 48
58 49
44 46
44 47
72 44
44 45
60 42
44 43
38 40
42 41
24 1
8 5
8 9
273 272
149 146
146 147
143 144
146 145
143 142
157 143
157 140
142 141
215 209
209 208
152 148
168 149
76 77
120 76
72 75
72 74
72 73
76 72
72 71
69 70
88 79
79 78
273 263
268 249
263 262
226 227
274 261
269 270
261 260
268 267
263 266
