198
275
275
216 229
217 84
214 85
212 15
213 246
210 0
211 179
264 193
265 264
218 211
219 233
133 59
132 68
130 133
137 119
136 70
134 73
139 16
138 252
225 150
25 28
27 234
20 77
21 225
22 173
23 232
160 95
28 48
161 65
0 6
4 139
8 270
163 11
227 239
258 110
121 134
122 243
124 142
266 231
126 163
127 158
129 17
224 8
118 265
59 132
55 121
54 130
57 81
51 172
50 3
53 184
164 115
199 72
179 96
200 127
195 216
196 190
191 164
190 236
193 118
115 159
114 203
117 221
89 201
111 53
110 92
253 122
83 10
80 256
81 196
119 9
87 180
84 97
85 61
256 167
206 13
3 34
254 214
7 136
255 245
245 98
181 30
246 176
241 27
243 54
103 212
100 137
101 80
249 219
107 74
104 241
105 101
39 155
33 19
31 47
30 200
37 31
36 21
177 195
34 198
252 89
205 116
271 255
61 160
62 7
259 156
64 166
65 205
66 213
178 64
68 83
176 104
250 199
174 145
173 191
172 224
171 210
198 50
203 37
222 66
248 217
182 25
180 39
2 177
167 253
187 75
184 174
6 250
189 51
221 129
185 208
99 187
98 124
169 55
229 117
91 14
90 141
166 18
92 62
95 78
94 2
97 138
96 262
11 45
10 218
13 153
12 20
15 111
14 161
17 12
16 114
19 100
18 222
116 181
151 144
150 4
153 23
155 91
156 249
159 126
158 40
238 189
239 227
234 42
235 266
236 248
237 107
231 57
232 90
233 33
48 254
46 43
47 238
45 169
42 267
43 71
40 94
41 22
9 185
201 206
147 147
144 103
145 151
142 178
141 258
208 237
77 261
75 99
74 46
73 271
72 87
71 259
70 171
78 36
262 105
261 235
270 182
267 41
215 216
215 217
215 214
228 215
215 212
212 213
209 210
212 211
177 165
263 264
263 265
215 218
220 219
131 133
131 132
135 131
131 130
148 137
135 136
149 135
131 134
140 139
137 138
167 166
29 24
26 25
32 26
26 27
8 20
8 21
8 22
24 23
177 160
29 28
44 29
162 161
1 0
5 4
24 8
162 163
120 119
272 271
257 258
125 120
120 121
123 122
148 123
123 124
140 125
125 126
128 127
157 128
128 129
272 269
269 268
223 224
113 118
58 59
67 58
63 55
55 54
56 57
63 56
49 51
49 50
52 53
63 52
260 259
165 164
202 201
204 199
177 179
199 200
194 195
203 194
207 197
177 178
188 191
188 190
192 193
194 192
113 115
113 114
106 88
120 89
112 111
109 110
125 113
113 112
91 82
82 83
79 80
82 81
88 86
86 87
82 84
86 85
268 251
199 198
257 256
207 206
244 226
260 257
1 3
186 177
251 254
8 7
268 247
274 273
251 255
226 225
244 245
251 244
113 108
112 109
240 241
251 240
242 243
247 242
108 102
102 103
98 100
102 101
112 106
106 107
102 104
106 105
38 39
69 38
32 33
35 32
30 31
56 30
38 37
35 36
52 35
35 34
244 246
177 162
251 252
204 205
228 223
175 176
63 60
60 61
63 62
67 63
63 64
63 65
63 66
72 67
69 68
72 69
183 175
175 174
172 173
177 172
170 171
177 170
207 203
223 222
177 181
251 253
247 248
177 182
202 183
177 180
1 2
170 167
188 187
183 184
5 6
244 220
192 186
197 188
188 189
207 202
197 196
220 221
186 185
98 99
108 98
188 168
168 169
230 229
236 228
108 91
89 90
109 93
93 92
108 95
93 94
98 97
95 96
8 11
8 10
8 13
8 12
8 15
8 14
8 17
8 16
8 19
8 18
113 117
249 250
113 116
275 274
215 204
152 151
149 150
154 153
177 152
154 155
165 154
188 157
157 156
160 159
157 158
230 234
236 238
240 239
215 207
230 235
242 236
236 237
244 230
230 231
230 232
230 233
49 48
58 49
44 46
44 47
72 44
44 45
60 42
44 43
38 40
42 41
24 1
8 5
8 9
273 272
149 146
146 147
143 144
146 145
143 142
157 143
157 140
142 141
215 209
209 208
152 148
168 149
76 77
120 76
72 75
72 74
72 73
76 72
72 71
69 70
88 79
79 78
273 263
268 249
263 262
226 227
274 261
269 270
261 260
268 267
263 266
