198
395
0
261 3
259 5
256 7
258 8
271 10
264 13
265 15
262 17
266 18
270 20
267 22
249 25
250 26
255 30
254 31
241 34
245 36
219 40
221 41
232 43
231 45
235 47
229 50
233 51
234 52
227 55
225 56
246 57
253 59
239 61
252 62
243 64
248 66
236 68
237 70
224 73
222 74
238 76
214 78
218 81
212 84
213 86
211 87
216 88
217 92
208 93
210 94
198 97
200 99
199 100
205 102
206 104
184 108
174 110
176 111
201 112
185 117
193 119
181 122
178 123
151 127
138 130
137 131
124 133
122 134
182 135
179 139
171 140
172 143
167 147
166 148
180 149
163 152
161 153
160 155
159 156
164 159
155 161
153 162
173 163
177 164
195 165
203 166
196 168
187 171
189 172
169 175
150 178
132 182
133 184
134 186
130 187
136 188
145 189
147 190
191 192
190 194
142 198
141 199
144 200
127 204
129 205
158 206
156 208
139 210
103 216
101 217
116 220
114 221
104 222
81 226
83 228
84 229
91 230
97 233
99 236
100 237
98 238
96 240
95 241
118 244
115 245
111 248
110 251
94 253
92 254
105 256
85 259
87 260
78 263
80 264
107 265
117 266
126 268
121 270
119 272
89 275
90 276
77 278
37 283
39 285
40 286
68 287
70 288
72 290
71 294
74 295
75 296
73 298
64 301
41 305
42 306
61 307
59 312
48 314
50 316
51 317
55 319
54 320
66 321
30 324
31 325
65 326
62 329
53 331
36 333
34 335
25 338
27 339
33 340
57 342
43 344
46 346
45 349
47 350
28 352
21 355
13 358
22 359
18 365
16 366
11 367
17 369
20 370
8 371
14 377
12 379
15 380
7 381
6 383
19 384
4 385
9 387
10 388
23 390
2 393
3 394
0 395
0 1
1 2
2 3
2 4
4 5
4 6
6 7
6 8
1 9
9 10
9 11
11 12
12 13
12 14
14 15
14 16
16 17
16 18
11 19
19 20
19 21
21 22
21 23
23 24
24 25
24 26
23 27
27 28
28 29
29 30
29 31
28 32
32 33
33 34
33 35
35 36
35 37
37 38
38 39
39 40
39 41
38 42
42 43
42 44
44 45
44 46
46 47
46 48
48 49
49 50
49 51
48 52
37 53
53 54
54 55
54 56
53 57
32 58
58 59
58 60
60 61
60 62
27 63
63 64
63 65
65 66
65 67
67 68
67 69
69 70
69 71
71 72
72 73
72 74
71 75
75 76
75 77
77 78
77 79
79 80
80 81
80 82
82 83
83 84
83 85
85 86
85 87
82 88
79 89
89 90
90 91
91 92
91 93
90 94
89 95
95 96
96 97
96 98
98 99
98 100
95 101
101 102
101 103
103 104
103 105
105 106
106 107
107 108
107 109
109 110
109 111
106 112
105 113
113 114
114 115
115 116
116 117
116 118
118 119
118 120
120 121
121 122
121 123
120 124
124 125
125 126
126 127
126 128
128 129
129 130
129 131
128 132
132 133
132 134
125 135
124 136
136 137
137 138
138 139
138 140
137 141
141 142
142 143
142 144
144 145
145 146
146 147
146 148
145 149
144 150
150 151
151 152
151 153
150 154
154 155
154 156
141 157
157 158
158 159
158 160
160 161
160 162
157 163
136 164
115 165
114 166
113 167
167 168
167 169
169 170
170 171
170 172
169 173
173 174
174 175
174 176
176 177
177 178
177 179
179 180
180 181
181 182
181 183
183 184
183 185
185 186
185 187
180 188
179 189
176 190
173 191
191 192
191 193
193 194
193 195
195 196
196 197
197 198
197 199
196 200
195 201
201 202
202 203
203 204
203 205
202 206
201 207
207 208
207 209
209 210
209 211
211 212
212 213
213 214
214 215
215 216
215 217
214 218
218 219
219 220
219 221
218 222
213 223
223 224
224 225
225 226
225 227
227 228
227 229
224 230
223 231
231 232
232 233
232 234
234 235
235 236
235 237
234 238
231 239
239 240
239 241
212 242
242 243
243 244
243 245
242 246
246 247
247 248
247 249
249 250
250 251
250 252
252 253
252 254
249 255
255 256
255 257
257 258
258 259
258 260
257 261
261 262
262 263
262 264
261 265
246 266
211 267
267 268
267 269
269 270
269 271
271 272
271 273
273 274
274 275
274 276
273 277
277 278
277 279
279 280
280 281
281 282
282 283
282 284
284 285
284 286
281 287
280 288
279 289
289 290
289 291
291 292
292 293
293 294
293 295
292 296
291 297
297 298
297 299
299 300
300 301
300 302
302 303
303 304
304 305
304 306
303 307
302 308
308 309
309 310
310 311
311 312
311 313
313 314
313 315
315 316
315 317
310 318
318 319
318 320
309 321
308 322
322 323
323 324
323 325
322 326
299 327
327 328
328 329
328 330
330 331
330 332
332 333
332 334
334 335
334 336
336 337
337 338
337 339
336 340
327 341
341 342
341 343
343 344
343 345
345 346
345 347
347 348
348 349
348 350
347 351
351 352
351 353
353 354
354 355
354 356
356 357
357 358
357 359
356 360
360 361
361 362
362 363
363 364
364 365
364 366
363 367
362 368
368 369
368 370
361 371
360 372
372 373
373 374
374 375
375 376
376 377
376 378
378 379
378 380
375 381
374 382
382 383
382 384
373 385
372 386
386 387
386 388
353 389
389 390
389 391
391 392
392 393
392 394
391 395
