482
664
1
347 5
329 7
294 10
295 11
254 14
234 19
293 20
316 22
270 25
340 27
276 35
277 39
299 40
265 41
257 45
348 46
530 51
440 52
404 54
442 55
433 60
406 63
412 65
387 66
421 67
633 75
471 80
476 81
583 92
448 100
424 102
379 104
381 105
548 107
534 108
445 109
321 110
596 112
617 117
509 126
136 140
373 149
343 150
359 153
358 158
218 169
220 172
131 173
194 175
200 178
186 179
248 180
170 182
127 189
41 199
3 201
30 202
12 204
112 208
37 217
172 221
168 224
167 228
208 231
224 235
221 236
226 237
216 240
78 245
66 249
22 250
74 251
0 256
2 257
4 258
5 259
7 260
9 261
10 262
14 263
15 264
17 265
16 266
18 267
20 268
21 269
23 270
24 271
26 272
28 273
29 274
31 275
32 276
33 277
34 278
35 279
36 280
39 281
40 282
42 283
43 284
45 285
46 286
48 287
49 288
51 289
52 290
53 291
55 292
56 293
57 294
59 295
60 296
62 297
63 298
64 299
65 300
67 301
68 302
69 303
70 304
72 305
73 306
75 307
76 308
77 309
79 310
80 311
81 312
82 313
83 314
84 315
86 316
88 317
89 318
91 319
93 320
94 321
96 322
97 323
98 324
100 325
102 326
105 327
106 328
107 329
109 330
110 331
111 332
113 333
114 334
115 335
116 336
117 337
118 338
119 339
120 340
121 341
123 342
124 343
126 344
129 345
132 346
134 347
135 348
137 349
138 350
139 351
141 352
143 353
144 354
146 355
147 356
149 357
150 358
151 359
153 360
154 361
156 362
157 363
158 364
160 365
161 366
163 367
164 368
165 369
171 370
173 371
174 372
175 373
176 374
177 375
178 376
179 377
181 378
182 379
184 380
185 381
187 382
188 383
190 384
192 385
195 386
197 387
198 388
199 389
201 390
203 391
205 392
206 393
210 394
211 395
212 396
214 397
215 398
217 399
219 400
223 401
225 402
228 403
230 404
231 405
233 406
236 407
237 408
239 409
241 410
242 411
244 412
245 413
247 414
249 415
250 416
251 417
252 418
253 419
255 420
258 421
259 422
261 423
262 424
264 425
266 426
267 427
269 428
271 429
272 430
274 431
275 432
278 433
279 434
280 435
281 436
282 437
283 438
284 439
285 440
287 441
289 442
290 443
292 444
296 445
297 446
300 447
301 448
302 449
303 450
305 451
306 452
308 453
309 454
311 455
313 456
315 457
317 458
319 459
320 460
323 461
325 462
326 463
327 464
328 465
330 466
331 467
332 468
333 469
334 470
335 471
336 472
337 473
338 474
339 475
341 476
342 477
345 478
346 479
349 480
350 481
351 482
353 483
355 484
356 485
361 486
362 487
363 488
365 489
366 490
368 491
369 492
370 493
371 494
372 495
374 496
376 497
377 498
378 499
382 500
384 501
385 502
388 503
390 504
391 505
393 506
394 507
396 508
397 509
398 510
399 511
401 512
402 513
403 514
405 515
408 516
410 517
414 518
415 519
417 520
418 521
420 522
422 523
423 524
425 525
426 526
427 527
428 528
429 529
431 530
432 531
434 532
435 533
436 534
437 535
438 536
443 537
444 538
446 539
447 540
449 541
450 542
451 543
452 544
453 545
455 546
456 547
458 548
459 549
461 550
462 551
464 552
465 553
466 554
469 555
470 556
473 557
474 558
477 559
478 560
479 561
481 562
482 563
483 564
485 565
486 566
487 567
488 568
490 569
491 570
493 571
494 572
496 573
497 574
498 575
500 576
501 577
502 578
503 579
504 580
506 581
508 582
510 583
512 584
515 585
516 586
518 587
519 588
520 589
522 590
523 591
524 592
527 593
529 594
531 595
532 596
533 597
535 598
536 599
538 600
539 601
541 602
542 603
543 604
545 605
546 606
549 607
550 608
551 609
552 610
553 611
554 612
555 613
557 614
558 615
560 616
561 617
563 618
564 619
566 620
568 621
569 622
571 623
572 624
574 625
575 626
576 627
577 628
579 629
580 630
582 631
585 632
587 633
588 634
590 635
591 636
592 637
594 638
595 639
597 640
600 641
601 642
602 643
604 644
606 645
608 646
609 647
610 648
611 649
613 650
614 651
615 652
616 653
618 654
619 655
620 656
621 657
622 658
623 659
625 660
627 661
629 662
631 663
634 664
636 665
1 2
2 3
2 4
2 5
2 6
2 7
7 8
7 9
9 10
10 11
10 12
12 13
12 14
14 15
12 16
16 17
16 18
16 19
10 20
10 21
9 22
9 23
9 24
9 25
7 26
7 27
7 28
7 29
29 30
30 31
7 32
32 33
33 34
34 35
34 36
34 37
37 38
34 39
32 40
40 41
40 42
40 43
40 44
40 45
32 46
32 47
47 48
32 49
49 50
49 51
51 52
51 53
53 54
53 55
51 56
51 57
57 58
58 59
58 60
60 61
60 62
62 63
62 64
62 65
60 66
60 67
58 68
58 69
69 70
69 71
71 72
69 73
69 74
74 75
57 76
76 77
77 78
78 79
79 80
78 81
78 82
82 83
78 84
77 85
77 86
57 87
87 88
87 89
89 90
90 91
89 92
57 93
57 94
94 95
95 96
95 97
94 98
94 99
57 100
100 101
100 102
102 103
103 104
103 105
102 106
57 107
57 108
51 109
32 110
7 111
2 112
112 113
113 114
114 115
115 116
116 117
117 118
117 119
116 120
115 121
114 122
122 123
122 124
124 125
125 126
125 127
124 128
124 129
113 130
130 131
113 132
112 133
133 134
133 135
135 136
2 137
137 138
138 139
138 140
138 141
137 142
2 143
2 144
2 145
2 146
146 147
147 148
146 149
149 150
146 151
2 152
152 153
153 154
154 155
154 156
154 157
153 158
152 159
159 160
160 161
160 162
160 163
160 164
164 165
159 166
152 167
2 168
2 169
169 170
170 171
170 172
170 173
169 174
174 175
174 176
169 177
169 178
178 179
178 180
178 181
169 182
182 183
182 184
184 185
185 186
184 187
187 188
188 189
188 190
187 191
187 192
192 193
192 194
187 195
195 196
196 197
197 198
198 199
197 200
200 201
200 202
202 203
202 204
202 205
202 206
206 207
197 208
197 209
197 210
197 211
197 212
197 213
197 214
214 215
215 216
216 217
216 218
214 219
184 220
182 221
221 222
221 223
223 224
223 225
221 226
221 227
227 228
227 229
169 230
230 231
230 232
169 233
169 234
234 235
234 236
234 237
169 238
238 239
169 240
2 241
241 242
2 243
243 244
244 245
245 246
246 247
246 248
245 249
249 250
245 251
251 252
243 253
2 254
254 255
207 256
207 257
201 258
200 259
203 260
202 261
206 262
204 263
195 264
195 265
195 266
253 267
202 268
250 269
250 270
203 271
219 272
202 273
202 274
200 275
200 276
202 277
202 278
202 279
202 280
216 281
199 282
199 283
195 284
195 285
252 286
249 287
251 288
238 289
195 290
205 291
203 292
200 293
216 294
216 295
218 296
215 297
215 298
215 299
249 300
249 301
249 302
248 303
249 304
197 305
251 306
244 307
251 308
245 309
247 310
246 311
244 312
245 313
245 314
244 315
244 316
196 317
198 318
198 319
245 320
197 321
212 322
197 323
239 324
209 325
214 326
196 327
196 328
210 329
210 330
197 331
197 332
213 333
197 334
211 335
197 336
212 337
197 338
197 339
197 340
141 341
141 342
188 343
188 344
188 345
141 346
141 347
139 348
141 349
141 350
190 351
190 352
190 353
186 354
186 355
193 356
193 357
193 358
191 359
185 360
194 361
193 362
190 363
220 364
185 365
192 366
192 367
192 368
227 369
226 370
222 371
183 372
223 373
192 374
221 375
221 376
221 377
225 378
241 379
242 380
242 381
179 382
242 383
176 384
174 385
6 386
169 387
232 388
181 389
177 390
177 391
177 392
15 393
230 394
230 395
169 396
233 397
233 398
178 399
178 400
234 401
234 402
144 403
144 404
13 405
13 406
17 407
41 408
41 409
14 410
143 411
40 412
37 413
37 414
38 415
4 416
37 417
37 418
37 419
14 420
45 421
171 422
33 423
47 424
3 425
41 426
43 427
43 428
25 429
34 430
34 431
39 432
34 433
34 434
36 435
26 436
9 437
33 438
33 439
18 440
33 441
33 442
33 443
12 444
21 445
10 446
40 447
44 448
42 449
168 450
48 451
8 452
7 453
24 454
24 455
31 456
30 457
9 458
145 459
110 460
29 461
9 462
9 463
9 464
23 465
27 466
7 467
8 468
7 469
7 470
7 471
8 472
7 473
8 474
111 475
7 476
150 477
32 478
28 479
147 480
147 481
32 482
50 483
50 484
49 485
49 486
49 487
154 488
155 489
156 490
156 491
147 492
148 493
147 494
167 495
149 496
155 497
59 498
59 499
149 500
54 501
101 502
102 503
102 504
96 505
97 506
106 507
106 508
59 509
59 510
155 511
154 512
102 513
53 514
53 515
62 516
53 517
62 518
68 519
68 520
98 521
98 522
67 523
102 524
102 525
102 526
57 527
107 528
109 529
56 530
60 531
60 532
61 533
64 534
60 535
60 536
55 537
55 538
109 539
100 540
100 541
100 542
83 543
82 544
79 545
79 546
78 547
82 548
84 549
84 550
83 551
82 552
82 553
84 554
79 555
78 556
79 557
79 558
78 559
78 560
78 561
78 562
82 563
76 564
76 565
76 566
76 567
85 568
85 569
77 570
129 571
86 572
86 573
86 574
77 575
77 576
77 577
77 578
77 579
142 580
161 581
162 582
126 583
70 584
70 585
123 586
123 587
123 588
124 589
128 590
127 591
124 592
123 593
51 594
56 595
157 596
157 597
108 598
157 599
157 600
254 601
254 602
254 603
254 604
157 605
57 606
93 607
109 608
55 609
57 610
99 611
94 612
131 613
130 614
136 615
136 616
87 617
88 618
57 619
51 620
87 621
90 622
91 623
89 624
89 625
89 626
89 627
89 628
133 629
135 630
135 631
135 632
135 633
135 634
71 635
71 636
133 637
133 638
132 639
134 640
118 641
118 642
72 643
118 644
119 645
119 646
119 647
119 648
164 649
164 650
164 651
164 652
165 653
118 654
117 655
117 656
117 657
117 658
166 659
120 660
74 661
163 662
74 663
121 664
73 665
