482
639
639
0 429
346 248
347 89
340 149
341 483
342 542
343 519
348 98
349 57
595 486
594 249
299 48
296 432
297 388
294 506
295 487
292 224
293 329
290 75
591 266
590 274
592 550
199 611
198 65
597 631
596 588
195 574
194 15
197 609
190 131
192 220
270 160
271 623
272 378
274 137
275 143
276 482
277 497
278 141
279 84
524 66
527 278
520 212
522 60
523 566
529 616
449 532
448 63
443 597
442 337
440 306
447 572
446 560
445 2
444 67
109 539
102 448
100 216
106 373
107 289
105 620
39 241
33 198
32 275
31 68
30 563
37 545
36 210
35 315
34 502
438 179
436 262
437 461
434 110
435 465
432 5
433 553
431 174
339 512
338 29
335 491
334 56
337 164
336 617
331 62
330 379
333 602
332 531
345 281
98 600
91 601
93 590
94 53
97 339
96 111
600 485
558 462
555 219
554 199
557 309
551 391
550 158
553 504
552 317
239 518
234 270
236 490
237 546
230 469
231 51
233 627
146 538
147 422
144 427
619 335
143 69
141 181
613 446
610 476
611 116
616 568
617 55
614 77
149 218
623 22
622 201
132 509
131 466
137 583
136 129
135 561
134 34
494 197
139 404
138 558
490 134
491 163
493 282
24 117
26 604
20 105
21 359
22 217
23 187
28 157
29 43
406 527
405 434
404 308
403 154
402 390
401 471
629 271
408 23
379 226
378 320
371 186
370 444
373 571
372 501
374 447
377 231
376 184
618 403
393 636
88 86
89 10
397 150
396 431
394 332
82 250
83 382
399 370
81 595
86 277
84 551
7 36
587 118
585 557
582 147
583 333
580 385
588 26
245 493
244 541
247 40
241 606
242 443
615 634
249 136
248 70
519 264
518 336
510 285
512 316
515 554
516 633
458 592
459 535
621 82
620 52
627 452
625 252
450 94
451 107
452 206
453 534
455 453
456 321
179 478
178 408
177 369
176 0
175 161
174 350
173 258
172 78
171 302
170 294
182 436
181 341
186 524
187 112
184 622
185 124
188 458
10 17
12 300
15 587
14 405
17 520
16 629
18 415
323 433
320 414
321 569
326 496
327 205
325 276
328 549
329 402
201 257
200 167
203 138
205 479
206 151
208 331
77 14
76 280
75 126
74 127
73 7
72 261
70 203
79 119
78 236
2 346
542 591
543 177
541 20
546 267
545 168
548 170
549 239
68 393
120 377
121 503
123 615
124 135
126 437
127 247
129 16
414 4
415 230
417 580
410 284
412 596
498 396
418 394
319 470
313 340
311 287
317 384
316 334
315 530
496 455
497 594
3 420
368 12
369 459
366 349
365 88
362 79
363 376
361 172
381 445
382 575
384 64
385 508
387 614
388 440
579 132
604 363
572 381
571 371
577 182
576 80
575 548
574 399
60 305
258 610
259 450
64 464
65 74
66 171
67 272
252 251
69 343
250 97
251 188
253 515
257 265
254 42
255 45
602 173
508 234
509 24
506 325
504 442
502 319
503 76
500 255
501 353
631 481
633 618
469 387
636 533
465 18
464 330
466 120
461 21
462 342
168 146
164 283
165 259
167 365
160 552
161 269
163 355
9 543
356 577
355 297
353 351
351 362
350 368
359 192
358 96
216 313
217 31
214 35
215 46
212 121
210 208
211 109
218 225
219 233
289 613
4 451
281 374
280 293
283 91
282 200
285 406
284 555
287 123
262 156
261 536
267 28
266 59
265 113
264 211
269 372
59 564
55 185
57 625
56 195
51 417
62 9
53 3
52 295
536 449
535 474
63 510
533 215
532 301
531 523
530 254
539 327
538 418
115 345
114 366
117 311
116 473
111 83
110 494
113 279
112 500
119 438
118 361
429 428
428 176
534 37
421 608
420 72
423 358
422 303
425 292
424 516
427 348
426 579
308 139
309 425
300 153
301 81
302 245
303 621
305 529
306 214
568 39
569 421
560 424
561 228
563 100
564 106
566 175
228 223
226 144
225 619
224 477
223 299
221 522
220 73
391 326
390 356
151 397
150 435
153 328
606 398
601 102
154 582
157 585
156 576
158 190
609 30
608 178
634 338
80 426
398 221
48 488
49 165
46 237
45 401
42 410
43 423
40 242
41 114
5 456
488 93
487 323
486 41
485 412
483 290
482 296
481 33
473 49
470 244
471 194
476 32
477 115
474 498
478 253
479 347
352 344
1 0
344 346
344 347
329 340
329 341
343 342
373 343
344 348
350 349
593 595
607 606
593 594
617 619
324 298
344 299
294 296
294 297
324 294
294 295
291 292
294 293
288 290
298 291
589 591
589 590
598 593
593 592
200 199
196 198
598 597
593 596
196 195
193 194
196 197
218 196
193 191
191 190
218 193
193 192
324 270
270 271
273 272
288 273
273 274
273 275
273 276
273 277
273 278
273 279
521 524
528 525
544 526
526 527
521 520
528 521
521 522
521 523
603 599
578 528
530 529
448 449
547 448
442 443
530 442
530 441
441 440
448 447
445 446
530 445
442 444
130 108
108 109
103 102
108 103
99 100
108 101
104 106
108 107
108 104
104 105
38 39
58 38
30 33
30 32
30 31
54 30
38 37
30 36
30 35
30 34
439 438
448 439
433 436
433 437
433 434
433 435
433 432
439 433
530 430
430 431
329 339
329 338
329 335
329 334
329 337
329 336
329 331
329 330
329 333
329 332
344 345
30 6
108 99
99 98
90 91
101 90
92 93
128 92
108 95
95 94
95 97
95 96
581 559
559 558
556 555
547 554
556 557
605 556
547 551
547 550
547 553
547 552
265 238
238 239
235 234
291 235
235 236
238 237
229 230
232 231
256 232
232 233
11 1
612 614
145 146
148 147
145 144
172 145
155 142
142 143
142 140
140 141
630 612
612 613
607 610
612 611
612 616
626 617
155 148
148 149
624 623
617 622
152 133
133 132
130 131
148 130
133 137
133 136
133 135
133 134
495 494
499 495
140 139
133 138
489 490
492 491
499 492
492 493
25 24
30 25
27 26
30 27
19 20
22 21
66 22
22 23
27 28
30 29
413 407
407 406
404 405
411 404
411 403
424 402
400 401
409 400
628 629
442 409
407 408
632 628
380 379
377 378
369 371
369 370
383 373
369 372
400 375
373 374
397 377
375 376
617 618
392 393
424 392
87 88
90 89
403 397
395 396
402 395
395 394
78 82
78 83
78 80
78 81
85 86
103 87
78 84
92 85
6 7
599 601
617 607
593 586
586 587
593 584
586 585
581 582
584 583
581 580
586 581
586 588
599 589
246 245
243 244
246 247
273 246
240 241
256 240
299 243
243 242
612 615
246 249
246 248
517 519
517 518
513 511
509 510
514 513
513 512
514 515
525 514
526 517
517 516
457 458
460 459
617 621
617 620
628 627
638 626
626 625
637 624
448 450
452 451
465 452
454 453
468 454
454 455
457 456
475 457
172 179
172 178
172 177
172 176
172 175
172 174
172 173
180 172
172 171
172 170
246 253
183 182
189 183
222 180
180 181
207 186
186 187
183 184
183 185
189 188
191 189
30 11
11 10
25 13
13 12
16 15
13 14
16 17
44 16
30 19
19 18
61 62
329 322
322 323
321 320
344 321
324 326
324 327
329 324
324 325
324 328
344 329
202 201
218 200
202 203
204 202
204 205
218 204
240 207
207 206
218 209
209 208
78 77
74 76
74 75
78 74
74 73
71 72
108 71
66 70
78 79
85 78
1 2
540 542
540 543
593 540
540 541
547 546
565 547
589 544
544 545
30 8
547 548
547 549
66 68
605 598
108 120
122 121
133 122
122 123
125 124
128 125
125 126
128 127
140 128
128 129
413 414
416 415
547 416
416 417
409 410
442 411
413 412
433 413
499 498
419 418
441 419
507 499
318 319
324 318
314 313
344 312
310 311
318 310
324 317
317 316
314 315
322 314
495 496
495 497
8 3
367 368
384 369
367 366
375 367
400 364
364 365
360 362
364 363
397 360
360 361
424 380
380 381
383 382
407 383
404 384
386 385
433 386
386 387
389 388
424 389
624 605
578 579
593 578
603 604
584 573
573 572
570 571
573 570
573 577
573 576
573 575
573 574
61 60
87 61
257 258
260 259
61 64
66 65
78 66
66 67
246 252
66 69
246 250
246 251
286 256
344 257
256 254
254 255
617 603
599 602
507 508
511 509
505 506
525 507
505 504
511 505
499 502
499 503
499 500
499 501
632 630
630 631
638 632
632 633
468 469
472 468
635 636
638 637
480 465
463 464
475 467
467 466
460 461
467 460
480 463
463 462
169 168
172 169
162 164
166 165
169 166
166 167
159 160
162 161
172 162
162 163
599 600
8 9
360 357
357 356
354 355
360 354
354 353
357 352
352 351
369 350
400 359
359 358
213 216
213 217
213 214
213 215
213 212
218 213
209 210
209 211
222 218
218 219
288 289
344 288
3 4
282 281
273 280
288 283
324 282
286 285
283 284
288 287
298 286
312 263
263 262
260 261
288 260
268 267
265 266
299 265
263 264
268 269
299 268
58 59
61 58
54 55
71 54
58 57
54 56
50 51
104 50
54 53
50 52
544 537
537 536
534 535
61 63
532 533
537 532
530 531
547 530
540 539
537 538
108 115
108 114
108 117
108 116
108 111
108 110
108 113
108 112
108 119
108 118
430 429
427 428
547 534
439 421
419 420
424 423
421 422
424 425
448 424
547 427
424 426
307 308
310 309
299 300
299 301
299 302
304 303
312 304
304 305
307 306
329 307
567 568
570 569
559 560
562 561
567 562
562 563
565 564
567 565
565 566
573 567
329 229
229 228
288 227
227 226
222 225
222 224
222 223
227 222
222 221
218 220
392 391
389 390
152 151
148 150
152 153
170 152
162 155
155 154
155 157
155 156
170 159
159 158
607 609
607 608
635 634
400 399
637 635
397 398
47 48
47 49
47 46
74 47
50 44
44 45
41 42
44 43
41 40
101 41
639 638
6 5
499 489
489 488
484 487
484 486
484 485
499 484
484 483
480 482
480 481
499 480
480 472
472 473
468 470
472 471
475 476
475 477
472 474
480 475
475 478
480 479
