482
639
639
0 0
346 346
347 347
340 340
341 341
342 342
343 343
348 348
349 349
595 595
594 594
299 299
296 296
297 297
294 294
295 295
292 292
293 293
290 290
591 591
590 590
592 592
199 199
198 198
597 597
596 596
195 195
194 194
197 197
190 190
192 192
270 270
271 271
272 272
274 274
275 275
276 276
277 277
278 278
279 279
524 524
527 527
520 520
522 522
523 523
529 529
449 449
448 448
443 443
442 442
440 440
447 447
446 446
445 445
444 444
109 109
102 102
100 100
106 106
107 107
105 105
39 39
33 33
32 32
31 31
30 30
37 37
36 36
35 35
34 34
438 438
436 436
437 437
434 434
435 435
432 432
433 433
431 431
339 339
338 338
335 335
334 334
337 337
336 336
331 331
330 330
333 333
332 332
345 345
98 98
91 91
93 93
94 94
97 97
96 96
600 600
558 558
555 555
554 554
557 557
551 551
550 550
553 553
552 552
239 239
234 234
236 236
237 237
230 230
231 231
233 233
146 146
147 147
144 144
619 619
143 143
141 141
613 613
610 610
611 611
616 616
617 617
614 614
149 149
623 623
622 622
132 132
131 131
137 137
136 136
135 135
134 134
494 494
139 139
138 138
490 490
491 491
493 493
24 24
26 26
20 20
21 21
22 22
23 23
28 28
29 29
406 406
405 405
404 404
403 403
402 402
401 401
629 629
408 408
379 379
378 378
371 371
370 370
373 373
372 372
374 374
377 377
376 376
618 618
393 393
88 88
89 89
397 397
396 396
394 394
82 82
83 83
399 399
81 81
86 86
84 84
7 7
587 587
585 585
582 582
583 583
580 580
588 588
245 245
244 244
247 247
241 241
242 242
615 615
249 249
248 248
519 519
518 518
510 510
512 512
515 515
516 516
458 458
459 459
621 621
620 620
627 627
625 625
450 450
451 451
452 452
453 453
455 455
456 456
179 179
178 178
177 177
176 176
175 175
174 174
173 173
172 172
171 171
170 170
182 182
181 181
186 186
187 187
184 184
185 185
188 188
10 10
12 12
15 15
14 14
17 17
16 16
18 18
323 323
320 320
321 321
326 326
327 327
325 325
328 328
329 329
201 201
200 200
203 203
205 205
206 206
208 208
77 77
76 76
75 75
74 74
73 73
72 72
70 70
79 79
78 78
2 2
542 542
543 543
541 541
546 546
545 545
548 548
549 549
68 68
120 120
121 121
123 123
124 124
126 126
127 127
129 129
414 414
415 415
417 417
410 410
412 412
498 498
418 418
319 319
313 313
311 311
317 317
316 316
315 315
496 496
497 497
3 3
368 368
369 369
366 366
365 365
362 362
363 363
361 361
381 381
382 382
384 384
385 385
387 387
388 388
579 579
604 604
572 572
571 571
577 577
576 576
575 575
574 574
60 60
258 258
259 259
64 64
65 65
66 66
67 67
252 252
69 69
250 250
251 251
253 253
257 257
254 254
255 255
602 602
508 508
509 509
506 506
504 504
502 502
503 503
500 500
501 501
631 631
633 633
469 469
636 636
465 465
464 464
466 466
461 461
462 462
168 168
164 164
165 165
167 167
160 160
161 161
163 163
9 9
356 356
355 355
353 353
351 351
350 350
359 359
358 358
216 216
217 217
214 214
215 215
212 212
210 210
211 211
218 218
219 219
289 289
4 4
281 281
280 280
283 283
282 282
285 285
284 284
287 287
262 262
261 261
267 267
266 266
265 265
264 264
269 269
59 59
55 55
57 57
56 56
51 51
62 62
53 53
52 52
536 536
535 535
63 63
533 533
532 532
531 531
530 530
539 539
538 538
115 115
114 114
117 117
116 116
111 111
110 110
113 113
112 112
119 119
118 118
429 429
428 428
534 534
421 421
420 420
423 423
422 422
425 425
424 424
427 427
426 426
308 308
309 309
300 300
301 301
302 302
303 303
305 305
306 306
568 568
569 569
560 560
561 561
563 563
564 564
566 566
228 228
226 226
225 225
224 224
223 223
221 221
220 220
391 391
390 390
151 151
150 150
153 153
606 606
601 601
154 154
157 157
156 156
158 158
609 609
608 608
634 634
80 80
398 398
48 48
49 49
46 46
45 45
42 42
43 43
40 40
41 41
5 5
488 488
487 487
486 486
485 485
483 483
482 482
481 481
473 473
470 470
471 471
476 476
477 477
474 474
478 478
479 479
352 344
1 0
344 346
344 347
329 340
329 341
343 342
373 343
344 348
350 349
593 595
607 606
593 594
617 619
324 298
344 299
294 296
294 297
324 294
294 295
291 292
294 293
288 290
298 291
589 591
589 590
598 593
593 592
200 199
196 198
598 597
593 596
196 195
193 194
196 197
218 196
193 191
191 190
218 193
193 192
324 270
270 271
273 272
288 273
273 274
273 275
273 276
273 277
273 278
273 279
521 524
528 525
544 526
526 527
521 520
528 521
521 522
521 523
603 599
578 528
530 529
448 449
547 448
442 443
530 442
530 441
441 440
448 447
445 446
530 445
442 444
130 108
108 109
103 102
108 103
99 100
108 101
104 106
108 107
108 104
104 105
38 39
58 38
30 33
30 32
30 31
54 30
38 37
30 36
30 35
30 34
439 438
448 439
433 436
433 437
433 434
433 435
433 432
439 433
530 430
430 431
329 339
329 338
329 335
329 334
329 337
329 336
329 331
329 330
329 333
329 332
344 345
30 6
108 99
99 98
90 91
101 90
92 93
128 92
108 95
95 94
95 97
95 96
581 559
559 558
556 555
547 554
556 557
605 556
547 551
547 550
547 553
547 552
265 238
238 239
235 234
291 235
235 236
238 237
229 230
232 231
256 232
232 233
11 1
612 614
145 146
148 147
145 144
172 145
155 142
142 143
142 140
140 141
630 612
612 613
607 610
612 611
612 616
626 617
155 148
148 149
624 623
617 622
152 133
133 132
130 131
148 130
133 137
133 136
133 135
133 134
495 494
499 495
140 139
133 138
489 490
492 491
499 492
492 493
25 24
30 25
27 26
30 27
19 20
22 21
66 22
22 23
27 28
30 29
413 407
407 406
404 405
411 404
411 403
424 402
400 401
409 400
628 629
442 409
407 408
632 628
380 379
377 378
369 371
369 370
383 373
369 372
400 375
373 374
397 377
375 376
617 618
392 393
424 392
87 88
90 89
403 397
395 396
402 395
395 394
78 82
78 83
78 80
78 81
85 86
103 87
78 84
92 85
6 7
599 601
617 607
593 586
586 587
593 584
586 585
581 582
584 583
581 580
586 581
586 588
599 589
246 245
243 244
246 247
273 246
240 241
256 240
299 243
243 242
612 615
246 249
246 248
517 519
517 518
513 511
509 510
514 513
513 512
514 515
525 514
526 517
517 516
457 458
460 459
617 621
617 620
628 627
638 626
626 625
637 624
448 450
452 451
465 452
454 453
468 454
454 455
457 456
475 457
172 179
172 178
172 177
172 176
172 175
172 174
172 173
180 172
172 171
172 170
246 253
183 182
189 183
222 180
180 181
207 186
186 187
183 184
183 185
189 188
191 189
30 11
11 10
25 13
13 12
16 15
13 14
16 17
44 16
30 19
19 18
61 62
329 322
322 323
321 320
344 321
324 326
324 327
329 324
324 325
324 328
344 329
202 201
218 200
202 203
204 202
204 205
218 204
240 207
207 206
218 209
209 208
78 77
74 76
74 75
78 74
74 73
71 72
108 71
66 70
78 79
85 78
1 2
540 542
540 543
593 540
540 541
547 546
565 547
589 544
544 545
30 8
547 548
547 549
66 68
605 598
108 120
122 121
133 122
122 123
125 124
128 125
125 126
128 127
140 128
128 129
413 414
416 415
547 416
416 417
409 410
442 411
413 412
433 413
499 498
419 418
441 419
507 499
318 319
324 318
314 313
344 312
310 311
318 310
324 317
317 316
314 315
322 314
495 496
495 497
8 3
367 368
384 369
367 366
375 367
400 364
364 365
360 362
364 363
397 360
360 361
424 380
380 381
383 382
407 383
404 384
386 385
433 386
386 387
389 388
424 389
624 605
578 579
593 578
603 604
584 573
573 572
570 571
573 570
573 577
573 576
573 575
573 574
61 60
87 61
257 258
260 259
61 64
66 65
78 66
66 67
246 252
66 69
246 250
246 251
286 256
344 257
256 254
254 255
617 603
599 602
507 508
511 509
505 506
525 507
505 504
511 505
499 502
499 503
499 500
499 501
632 630
630 631
638 632
632 633
468 469
472 468
635 636
638 637
480 465
463 464
475 467
467 466
460 461
467 460
480 463
463 462
169 168
172 169
162 164
166 165
169 166
166 167
159 160
162 161
172 162
162 163
599 600
8 9
360 357
357 356
354 355
360 354
354 353
357 352
352 351
369 350
400 359
359 358
213 216
213 217
213 214
213 215
213 212
218 213
209 210
209 211
222 218
218 219
288 289
344 288
3 4
282 281
273 280
288 283
324 282
286 285
283 284
288 287
298 286
312 263
263 262
260 261
288 260
268 267
265 266
299 265
263 264
268 269
299 268
58 59
61 58
54 55
71 54
58 57
54 56
50 51
104 50
54 53
50 52
544 537
537 536
534 535
61 63
532 533
537 532
530 531
547 530
540 539
537 538
108 115
108 114
108 117
108 116
108 111
108 110
108 113
108 112
108 119
108 118
430 429
427 428
547 534
439 421
419 420
424 423
421 422
424 425
448 424
547 427
424 426
307 308
310 309
299 300
299 301
299 302
304 303
312 304
304 305
307 306
329 307
567 568
570 569
559 560
562 561
567 562
562 563
565 564
567 565
565 566
573 567
329 229
229 228
288 227
227 226
222 225
222 224
222 223
227 222
222 221
218 220
392 391
389 390
152 151
148 150
152 153
170 152
162 155
155 154
155 157
155 156
170 159
159 158
607 609
607 608
635 634
400 399
637 635
397 398
47 48
47 49
47 46
74 47
50 44
44 45
41 42
44 43
41 40
101 41
639 638
6 5
499 489
489 488
484 487
484 486
484 485
499 484
484 483
480 482
480 481
499 480
480 472
472 473
468 470
472 471
475 476
475 477
472 474
480 475
475 478
480 479
