476
612
612
344 344
0 0
346 346
347 347
340 340
342 342
343 343
348 348
349 349
595 595
299 299
296 296
297 297
294 294
295 295
292 292
290 290
291 291
591 591
590 590
593 593
592 592
199 199
198 198
597 597
195 195
197 197
196 196
190 190
193 193
192 192
270 270
271 271
272 272
273 273
275 275
276 276
278 278
279 279
525 525
527 527
520 520
521 521
523 523
599 599
528 528
529 529
448 448
443 443
442 442
440 440
447 447
446 446
445 445
108 108
109 109
102 102
100 100
101 101
107 107
104 104
105 105
39 39
38 38
32 32
31 31
30 30
37 37
36 36
35 35
34 34
438 438
436 436
437 437
434 434
435 435
432 432
433 433
431 431
339 339
335 335
336 336
331 331
330 330
333 333
332 332
6 6
99 99
98 98
91 91
90 90
93 93
95 95
94 94
97 97
96 96
559 559
558 558
555 555
556 556
550 550
553 553
552 552
239 239
234 234
236 236
237 237
230 230
231 231
232 232
233 233
146 146
144 144
145 145
142 142
143 143
140 140
610 610
148 148
149 149
132 132
131 131
130 130
137 137
499 499
135 135
134 134
494 494
495 495
138 138
490 490
491 491
493 493
24 24
25 25
26 26
27 27
21 21
22 22
28 28
29 29
407 407
406 406
405 405
404 404
403 403
402 402
401 401
400 400
409 409
408 408
379 379
378 378
370 370
373 373
372 372
375 375
377 377
376 376
393 393
392 392
88 88
390 390
397 397
396 396
395 395
394 394
82 82
80 80
398 398
86 86
87 87
84 84
85 85
587 587
584 584
585 585
582 582
583 583
580 580
581 581
589 589
244 244
247 247
246 246
241 241
240 240
243 243
242 242
249 249
248 248
518 518
510 510
512 512
515 515
514 514
517 517
458 458
450 450
451 451
453 453
454 454
455 455
456 456
179 179
178 178
600 600
176 176
174 174
173 173
172 172
171 171
182 182
183 183
180 180
2 2
187 187
184 184
185 185
189 189
11 11
10 10
13 13
14 14
17 17
16 16
19 19
62 62
322 322
321 321
326 326
327 327
324 324
325 325
328 328
329 329
201 201
203 203
202 202
205 205
207 207
206 206
209 209
77 77
75 75
74 74
72 72
71 71
79 79
543 543
540 540
541 541
546 546
547 547
544 544
545 545
8 8
548 548
68 68
121 121
122 122
123 123
124 124
125 125
126 126
127 127
128 128
129 129
414 414
415 415
416 416
410 410
411 411
412 412
413 413
498 498
418 418
419 419
319 319
313 313
312 312
311 311
310 310
317 317
316 316
315 315
314 314
497 497
3 3
368 368
369 369
367 367
364 364
365 365
363 363
361 361
380 380
381 381
382 382
383 383
385 385
386 386
387 387
388 388
389 389
605 605
579 579
578 578
573 573
572 572
571 571
577 577
576 576
575 575
61 61
258 258
259 259
64 64
65 65
66 66
67 67
252 252
69 69
250 250
253 253
257 257
255 255
603 603
602 602
509 509
506 506
507 507
505 505
502 502
503 503
500 500
501 501
468 468
465 465
464 464
466 466
461 461
460 460
463 463
169 169
165 165
166 166
167 167
161 161
162 162
163 163
9 9
357 357
356 356
354 354
353 353
352 352
351 351
359 359
216 216
217 217
214 214
212 212
213 213
210 210
219 219
289 289
288 288
281 281
283 283
282 282
285 285
287 287
286 286
263 263
261 261
260 260
267 267
265 265
264 264
268 268
59 59
58 58
55 55
54 54
56 56
51 51
50 50
52 52
537 537
536 536
535 535
534 534
533 533
532 532
531 531
530 530
538 538
115 115
114 114
116 116
111 111
110 110
113 113
112 112
119 119
118 118
429 429
428 428
421 421
420 420
423 423
422 422
425 425
427 427
426 426
308 308
309 309
301 301
302 302
303 303
304 304
306 306
307 307
568 568
569 569
560 560
562 562
563 563
564 564
566 566
567 567
229 229
228 228
226 226
225 225
224 224
223 223
222 222
220 220
391 391
151 151
604 604
607 607
152 152
155 155
154 154
157 157
156 156
159 159
158 158
609 609
399 399
48 48
49 49
47 47
44 44
45 45
42 42
43 43
40 40
41 41
5 5
489 489
488 488
487 487
485 485
483 483
482 482
480 480
471 471
476 476
477 477
474 474
478 478
479 479
341 344
1 0
345 346
345 347
358 340
364 341
341 342
341 343
345 348
350 349
594 595
611 606
598 594
325 298
298 299
293 296
298 297
293 294
293 295
293 292
305 293
305 290
290 291
596 591
591 590
594 593
591 592
200 199
194 198
596 597
608 596
194 195
206 194
194 197
194 196
218 191
191 190
194 193
191 192
271 270
277 271
271 272
274 273
305 274
274 275
277 276
325 277
279 278
325 279
566 524
524 525
570 526
526 527
519 520
522 521
542 522
524 523
598 599
526 528
526 529
462 449
449 448
444 443
441 442
586 441
441 440
459 447
447 446
444 445
473 444
117 108
108 109
103 102
108 103
95 100
95 101
108 106
108 107
103 104
106 105
33 39
33 38
50 33
29 32
29 31
29 30
33 37
33 36
33 35
33 34
434 438
473 439
434 436
434 437
439 434
434 435
430 432
430 433
439 430
430 431
340 339
379 338
334 335
338 334
360 337
337 336
325 331
325 330
325 333
325 332
434 345
7 6
95 99
95 98
92 91
89 90
92 93
95 92
106 95
92 94
95 97
95 96
557 559
557 558
554 555
576 554
566 557
557 556
576 551
549 550
554 553
551 552
247 238
238 239
235 234
280 235
235 236
238 237
229 230
229 231
269 232
232 233
33 1
147 146
168 147
181 144
144 145
141 142
144 143
139 140
181 141
608 610
612 611
147 148
150 149
147 133
133 132
120 131
120 130
136 137
147 136
136 135
133 134
492 494
496 495
168 139
139 138
486 490
492 491
497 492
492 493
23 24
23 25
29 26
26 27
33 20
20 21
23 22
29 23
26 28
53 29
400 407
400 406
400 405
400 404
400 403
400 402
400 401
425 400
400 409
400 408
387 379
379 378
400 371
371 370
374 373
371 372
376 375
400 374
378 377
400 376
387 393
387 392
89 88
92 89
400 397
397 396
387 395
387 394
81 82
89 83
81 80
83 81
85 86
85 87
85 84
92 85
33 7
608 601
601 586
588 587
576 584
586 585
576 582
576 583
576 580
576 581
608 588
588 589
256 245
245 244
280 247
245 246
238 241
238 240
238 243
238 242
247 249
247 248
526 519
516 518
533 511
511 510
526 513
513 512
516 515
513 514
516 517
547 516
457 458
462 459
449 450
452 451
462 452
452 453
452 454
452 455
457 456
470 457
180 179
177 178
186 177
175 176
186 175
175 174
181 173
170 172
170 171
173 170
254 253
181 182
181 183
262 180
238 181
191 186
188 187
181 184
181 185
200 188
188 189
12 11
26 10
12 13
33 12
29 15
15 14
18 17
15 16
20 19
29 18
63 62
323 322
345 323
341 320
320 321
325 326
325 327
323 324
341 325
325 328
325 329
221 201
284 200
204 203
201 202
204 205
227 204
208 207
238 206
208 209
238 208
78 77
81 76
76 75
73 74
81 73
73 72
70 71
76 70
78 79
83 78
1 2
566 542
542 543
539 540
539 541
545 546
576 547
542 544
551 545
7 8
549 548
570 549
63 68
606 598
147 120
120 121
120 122
120 123
120 124
120 125
120 126
120 127
120 128
120 129
400 414
400 415
417 416
425 417
400 410
400 411
400 412
400 413
497 498
417 418
417 419
497 499
320 319
325 318
312 313
334 312
305 311
305 310
318 317
315 316
338 315
315 314
519 496
576 497
4 3
374 368
368 369
387 366
366 367
379 364
366 365
387 362
362 363
379 360
362 361
379 380
379 381
379 382
384 383
430 384
384 385
387 386
400 387
387 388
387 389
606 605
576 579
576 578
601 604
574 573
570 572
570 571
576 570
576 577
606 607
574 575
608 574
70 60
60 61
305 258
325 259
63 64
63 65
63 66
63 67
251 252
70 69
251 250
258 251
337 256
256 257
269 254
254 255
601 603
601 602
522 508
508 509
504 506
508 507
511 504
504 505
497 502
504 503
497 500
497 501
472 469
469 468
462 465
462 464
469 467
467 466
462 461
459 460
462 463
467 462
211 168
170 169
194 164
164 165
164 166
168 167
177 160
160 161
160 162
164 163
601 600
10 9
358 357
355 356
424 355
355 354
352 353
400 352
350 351
400 350
360 359
400 358
215 216
218 217
215 214
245 215
211 212
211 213
211 210
254 211
238 218
218 219
345 289
284 288
18 4
280 281
318 280
300 283
280 282
284 285
325 284
284 287
284 286
608 576
262 263
284 262
262 261
259 260
266 267
283 266
266 265
262 264
298 269
266 268
57 59
57 58
53 55
53 54
63 57
57 56
50 51
53 50
70 53
53 52
536 537
547 536
533 535
73 63
566 533
533 532
530 531
576 530
557 539
539 538
108 115
108 114
141 117
117 116
108 111
108 110
108 113
108 112
120 119
117 118
439 429
429 428
533 534
439 421
421 420
424 423
421 422
434 425
434 424
425 427
425 426
305 308
305 309
305 300
300 301
300 302
300 303
305 304
325 305
305 306
305 307
566 568
570 569
561 560
570 561
561 562
561 563
565 564
576 565
576 566
566 567
238 229
227 228
232 227
223 226
223 225
223 224
289 223
223 222
238 221
221 220
387 391
387 390
150 151
180 150
211 153
153 152
153 155
153 154
181 157
157 156
160 159
157 158
608 609
611 608
397 399
397 398
49 48
60 49
63 46
46 47
33 44
46 45
33 42
33 43
33 40
33 41
4 5
486 489
486 488
486 487
565 486
484 485
486 484
484 483
481 482
496 481
481 480
475 472
486 473
472 470
470 471
475 476
475 477
473 474
486 475
479 478
508 479
