99
186
0
139 4
137 5
140 10
142 11
146 12
11 15
0 19
4 20
2 22
3 23
7 25
5 27
9 28
143 29
148 30
129 33
127 34
132 38
134 39
103 43
101 44
78 48
73 49
41 55
42 56
30 58
31 59
57 62
36 64
34 65
51 67
61 69
53 70
62 74
60 75
59 76
55 77
21 84
19 85
28 86
16 89
24 91
23 92
18 94
25 95
13 100
15 100
12 103
14 104
32 105
47 106
46 108
48 109
37 112
44 113
27 116
26 117
39 118
95 122
100 123
85 125
69 127
71 128
67 131
76 134
77 135
74 136
65 138
63 140
66 141
121 148
131 149
123 150
126 152
124 153
120 154
116 155
118 157
90 162
88 164
82 166
83 167
105 172
110 173
96 176
98 177
109 178
106 180
108 181
80 184
81 185
93 187
86 190
87 191
92 192
111 194
113 195
115 196
135 197
0 1
1 2
2 3
3 4
3 5
2 6
6 7
7 8
8 9
9 10
9 11
8 12
7 13
13 14
14 15
14 16
16 17
17 19
17 20
17 21
21 22
21 23
16 24
24 25
24 26
26 27
26 28
13 29
6 30
1 31
31 32
32 33
32 34
31 35
35 36
36 37
37 38
37 39
36 40
40 41
41 42
42 43
42 44
41 45
45 46
46 47
47 48
47 49
46 50
50 51
51 52
52 53
53 55
53 56
53 57
57 58
57 59
52 60
60 61
61 62
61 63
63 64
63 65
60 67
60 68
68 69
68 70
51 71
71 72
72 73
73 74
73 75
72 76
71 77
50 78
78 79
79 81
81 82
82 83
83 84
83 85
82 86
81 87
87 88
88 89
88 90
90 91
90 92
87 94
87 95
79 96
96 97
97 98
98 99
99 100
99 103
98 104
97 105
96 106
79 107
107 108
107 109
78 110
110 111
111 112
111 113
110 114
114 115
115 116
115 117
114 118
45 119
119 120
120 121
121 122
121 123
120 124
124 125
124 126
126 127
126 128
119 129
129 130
130 131
130 132
132 133
133 134
133 135
132 136
129 137
137 138
137 140
137 141
40 142
142 143
143 144
144 145
145 146
146 148
146 149
146 150
145 151
151 152
151 153
144 154
143 155
142 156
156 157
156 158
158 159
159 160
160 161
161 162
161 163
163 164
163 165
165 166
165 167
160 168
168 170
170 172
170 173
170 174
174 175
175 176
175 177
174 178
168 179
179 180
179 181
168 182
182 183
183 184
183 185
182 186
186 187
186 188
188 189
189 190
189 191
188 192
159 193
193 194
193 195
158 196
35 197
