99
183
0
135 4
132 6
134 8
131 10
120 13
78 17
73 19
62 21
60 23
59 24
55 26
42 29
41 30
24 37
23 38
16 40
25 42
18 43
39 46
44 48
37 49
27 51
26 52
47 54
46 56
48 57
28 59
21 60
19 61
31 63
30 64
32 66
15 68
13 69
14 70
12 71
57 73
51 76
36 78
34 79
61 81
53 82
66 87
65 88
63 89
77 91
76 92
74 93
67 95
85 97
71 99
69 100
100 102
95 103
103 105
101 106
116 108
118 110
115 112
108 115
90 120
88 122
83 124
82 125
98 127
96 128
110 130
109 131
106 133
105 134
93 136
92 138
87 140
86 141
81 143
80 144
113 146
111 147
123 149
121 150
126 152
124 153
129 155
127 156
148 159
143 162
11 164
9 166
7 168
5 169
4 171
0 172
3 174
2 175
146 177
142 179
140 180
139 182
137 183
0 1
1 2
2 3
3 4
3 5
5 6
5 7
7 8
7 9
9 10
9 11
11 12
12 13
12 14
14 15
15 16
16 17
16 18
18 19
18 20
20 21
20 22
22 23
22 24
22 25
25 26
25 27
27 28
28 29
28 30
28 31
31 32
32 33
33 34
34 35
35 36
36 37
36 38
36 39
39 40
39 41
41 42
41 43
35 44
44 45
45 46
45 47
47 48
47 49
44 50
50 51
50 52
34 53
53 54
53 55
55 56
55 57
33 58
58 59
58 60
58 61
32 62
62 63
62 64
31 65
65 66
65 67
67 68
67 69
67 70
67 71
27 72
72 73
72 74
74 75
75 76
75 77
77 78
77 79
74 80
80 81
80 82
15 83
83 84
84 85
85 86
86 87
86 88
86 89
85 90
90 91
90 92
90 93
84 94
94 95
94 96
96 97
96 98
98 99
98 100
83 101
101 102
101 103
14 104
104 105
104 106
12 107
107 108
107 109
109 110
109 111
111 112
111 113
113 114
114 115
114 116
116 117
117 118
118 119
119 120
119 121
121 122
121 123
123 124
123 125
118 126
126 127
126 128
117 129
129 130
129 131
116 132
132 133
132 134
114 135
135 136
135 137
137 138
137 139
139 140
139 141
135 142
142 143
142 144
113 145
145 146
145 147
11 148
148 149
148 150
148 151
151 152
151 153
2 154
154 155
154 156
1 157
157 158
158 159
158 160
160 161
161 162
161 163
163 164
163 165
165 166
165 167
167 168
167 169
167 170
170 171
170 172
170 173
173 174
173 175
160 176
176 177
176 178
178 179
178 180
157 181
181 182
181 183
