88
170
0
137 5
139 6
148 8
146 11
142 13
140 14
143 16
11 18
9 20
5 22
7 23
0 25
4 26
2 28
3 29
127 32
129 33
135 35
132 37
134 39
131 41
123 44
121 45
126 47
124 48
116 51
118 53
115 55
113 58
111 59
108 61
88 64
83 66
81 69
92 71
87 73
106 75
105 77
109 80
110 81
98 83
96 84
101 87
103 88
95 92
100 93
65 96
66 97
63 98
74 100
77 101
76 102
67 104
85 106
69 108
71 109
78 111
73 113
60 116
59 117
55 119
57 121
53 123
51 125
34 127
36 128
42 131
41 132
30 134
61 137
44 139
37 141
39 143
27 145
32 148
14 150
12 152
15 153
47 155
48 157
21 160
28 161
19 162
23 164
24 165
16 167
25 169
18 170
0 1
1 2
2 3
3 4
4 5
4 6
3 7
7 8
7 9
9 10
10 11
10 12
12 13
12 14
9 15
15 16
15 17
17 18
17 19
19 20
19 21
21 22
21 23
21 24
24 25
24 26
24 27
27 28
27 29
2 30
30 31
31 32
31 33
30 34
34 35
34 36
36 37
36 38
38 39
38 40
40 41
40 42
42 43
43 44
43 45
43 46
46 47
46 48
42 49
49 50
50 51
50 52
52 53
52 54
54 55
54 56
56 57
57 58
57 59
56 60
60 61
60 62
62 63
63 64
63 65
65 66
60 67
67 68
68 69
67 70
70 71
70 72
72 73
60 74
74 75
74 76
76 77
76 78
78 79
79 80
79 81
78 82
82 83
82 84
49 85
85 86
86 87
86 88
85 89
89 90
90 91
91 92
91 93
90 94
94 95
95 96
95 97
95 98
94 99
99 100
99 101
99 102
94 103
103 104
103 105
105 106
105 107
107 108
107 109
89 110
110 111
110 112
112 113
112 114
114 115
115 116
115 117
115 118
118 119
118 120
120 121
120 122
122 123
122 124
124 125
124 126
126 127
126 128
122 129
129 130
130 131
130 132
130 133
133 134
129 135
135 136
136 137
136 138
138 139
138 140
140 141
140 142
142 143
142 144
144 145
135 146
146 147
147 148
147 149
149 150
149 151
151 152
151 153
146 154
154 155
154 156
156 157
154 158
158 159
159 160
159 161
159 162
158 163
163 164
163 165
163 166
166 167
166 168
168 169
168 170
