99
197
0
57 21
61 24
53 27
51 28
42 31
31 33
30 34
41 35
36 37
34 38
55 39
44 44
39 47
27 49
26 50
37 51
47 53
28 56
21 58
19 59
16 62
18 64
25 65
24 67
23 68
46 70
48 71
32 73
15 77
12 78
13 79
14 80
60 82
59 83
62 84
78 86
73 87
66 90
65 91
63 92
71 94
69 95
100 99
95 100
85 102
77 105
74 106
76 107
67 108
103 110
101 111
118 118
115 119
113 121
111 122
105 125
106 126
108 128
98 130
96 131
90 133
88 135
83 137
82 138
110 140
109 141
93 144
92 146
87 148
86 149
81 151
80 152
116 153
120 154
126 157
124 158
123 160
121 161
131 162
134 163
132 164
135 165
129 167
127 168
146 173
142 175
140 176
143 178
4 183
0 184
2 186
3 187
5 189
7 191
9 192
11 193
148 194
139 196
137 197
0 1
1 2
2 3
3 4
4 5
5 6
6 7
7 8
8 9
9 10
10 11
11 12
12 13
13 14
14 15
15 16
16 17
17 18
18 19
19 20
20 21
20 22
22 23
23 24
23 25
25 26
26 27
26 28
25 29
29 30
30 31
30 32
32 33
32 34
29 35
22 36
36 37
36 38
19 39
18 40
40 41
41 42
42 43
43 44
43 45
45 46
46 47
46 48
48 49
48 50
45 51
42 52
52 53
52 54
54 55
55 56
55 57
57 58
57 59
54 60
60 61
61 62
61 63
63 64
63 65
60 66
66 67
66 68
41 69
69 70
69 71
40 72
72 73
72 74
74 75
75 76
76 77
76 78
75 79
74 80
17 81
81 82
81 83
16 84
15 85
85 86
85 87
14 88
88 89
89 90
89 91
88 92
13 93
93 94
93 95
12 96
96 97
97 98
98 99
98 100
97 101
101 102
101 103
103 104
104 105
104 106
103 107
96 108
11 109
109 110
109 111
10 112
112 113
113 114
114 115
115 116
116 117
117 118
117 119
116 120
120 121
120 122
115 123
123 124
124 125
124 126
123 127
127 128
127 129
129 130
129 131
114 132
132 133
132 134
134 135
134 136
136 137
136 138
113 139
139 140
139 141
112 142
142 143
143 144
143 145
145 146
145 147
147 148
147 149
142 150
150 151
150 152
9 153
8 154
7 155
155 156
156 157
156 158
155 159
159 160
159 161
6 162
5 163
4 164
3 165
2 166
166 167
166 168
1 169
169 170
170 171
171 172
172 173
172 174
174 175
174 176
171 177
177 178
177 179
179 180
180 181
181 182
182 183
182 184
181 185
185 186
185 187
180 188
188 189
188 190
190 191
190 192
179 193
170 194
169 195
195 196
195 197
