99
99
99
0 0
2 1
3 2
4 3
5 4
7 5
9 6
11 7
12 8
14 9
13 10
15 11
16 12
18 13
19 14
21 15
23 16
24 17
25 18
26 19
27 20
28 21
30 22
31 23
32 24
34 25
36 26
37 27
39 28
41 29
42 30
44 31
47 32
48 33
46 34
51 35
53 36
55 37
57 38
59 39
60 40
61 41
62 42
63 43
65 44
66 45
67 46
69 47
71 48
73 49
74 50
76 51
77 52
78 53
80 54
81 55
82 56
83 57
85 58
86 59
87 60
88 61
90 62
92 63
93 64
95 65
96 66
98 67
100 68
101 69
103 70
105 71
106 72
108 73
109 74
110 75
111 76
113 77
115 78
116 79
118 80
120 81
121 82
123 83
124 84
126 85
127 86
129 87
131 88
132 89
134 90
135 91
137 92
139 93
140 94
142 95
143 96
146 97
148 98
99 91
91 90
90 89
91 83
83 81
81 79
83 84
84 85
81 78
78 73
73 72
73 64
64 59
59 60
64 54
54 55
59 63
72 71
73 62
62 56
56 57
56 61
73 74
78 80
83 82
73 66
66 67
78 77
81 88
77 76
73 75
81 69
69 46
46 50
50 52
50 65
50 51
50 58
52 53
53 49
53 42
42 40
40 37
37 29
29 35
40 34
34 33
40 39
29 23
23 22
29 41
37 38
29 30
29 36
34 27
27 28
27 31
29 26
34 14
14 21
14 15
34 32
34 24
24 10
10 8
10 11
10 9
35 25
46 45
45 44
45 43
58 48
65 68
14 12
12 13
13 18
13 16
13 17
27 19
19 20
48 47
69 70
91 87
87 86
99 95
95 96
96 7
95 94
95 97
96 98
7 2
2 0
0 3
2 1
0 4
4 5
4 6
95 92
92 93
