99
152
152
132 111
131 82
137 93
135 57
134 16
139 48
24 37
25 46
26 39
27 61
21 129
23 81
28 98
0 60
4 34
120 31
121 2
123 109
124 105
126 132
127 90
129 100
118 123
59 86
55 36
57 65
51 0
53 63
115 118
88 142
116 19
111 124
110 85
113 121
82 5
83 53
80 23
81 146
86 101
87 120
85 95
3 62
7 44
108 14
109 59
103 7
100 73
101 3
106 77
105 30
39 131
32 106
31 9
30 113
37 11
36 134
34 25
60 55
61 27
62 80
63 47
65 26
66 88
67 126
69 92
2 78
98 51
90 116
93 74
92 140
95 127
96 28
11 148
13 110
12 42
15 96
14 143
16 87
19 76
18 24
48 32
46 115
47 69
44 15
42 67
41 66
5 4
9 71
146 83
142 108
143 12
140 135
148 41
77 21
76 139
74 18
73 103
71 137
78 13
136 133
133 132
130 131
133 130
138 137
151 136
133 135
133 134
138 139
150 138
22 24
22 25
43 26
26 27
29 20
20 21
46 22
22 23
29 28
46 29
1 0
1 4
10 8
130 119
119 120
122 121
130 122
122 123
125 124
130 125
125 126
128 127
136 128
128 129
117 118
58 59
62 58
56 55
58 54
56 57
58 56
50 51
52 50
52 53
56 52
117 115
122 114
89 88
90 89
112 111
107 110
112 113
115 112
89 82
82 83
93 80
80 81
91 86
86 87
94 84
84 85
1 3
6 7
107 108
107 109
114 102
102 103
99 100
102 101
107 106
115 107
107 104
104 105
38 39
43 38
49 33
33 32
40 31
31 30
38 37
35 36
50 35
35 34
58 60
58 61
72 62
64 63
68 64
64 65
64 66
68 67
84 68
70 69
1 2
8 6
114 99
97 98
93 91
107 90
107 93
91 92
94 95
99 94
104 97
97 96
10 11
144 10
33 13
13 12
13 15
13 14
22 17
17 16
20 19
17 18
119 117
117 116
152 151
151 150
46 48
58 49
54 46
46 47
45 44
54 45
40 42
45 43
49 40
40 41
6 1
6 5
8 9
145 146
149 147
147 144
147 145
141 142
144 143
141 140
145 141
149 148
150 149
75 77
75 76
84 75
75 74
72 73
79 72
70 71
84 70
84 79
79 78
