99
152
152
132 51
131 106
137 73
135 30
134 80
139 88
24 24
25 66
26 78
27 7
21 34
23 15
28 67
0 0
4 32
120 42
121 140
123 12
124 44
126 137
127 41
129 76
118 27
59 9
55 19
57 124
51 11
53 103
115 69
88 16
116 135
111 74
110 116
113 105
82 90
83 48
80 14
81 86
86 87
87 18
85 121
3 126
7 115
108 2
109 101
103 110
100 81
101 25
106 92
105 131
39 83
32 5
31 13
30 134
37 113
36 148
34 23
60 47
61 129
62 65
63 111
65 4
66 109
67 142
69 62
2 39
98 77
90 82
93 96
92 123
95 31
96 93
11 53
13 139
12 120
15 132
14 71
16 37
19 146
18 85
48 60
46 46
47 57
44 21
42 98
41 118
5 59
9 127
146 143
142 3
143 95
140 61
148 36
77 63
76 55
74 108
73 26
71 28
78 100
136 133
133 132
130 131
133 130
138 137
151 136
133 135
133 134
138 139
150 138
22 24
22 25
43 26
26 27
29 20
20 21
46 22
22 23
29 28
46 29
1 0
1 4
10 8
130 119
119 120
122 121
130 122
122 123
125 124
130 125
125 126
128 127
136 128
128 129
117 118
58 59
62 58
56 55
58 54
56 57
58 56
50 51
52 50
52 53
56 52
117 115
122 114
89 88
90 89
112 111
107 110
112 113
115 112
89 82
82 83
93 80
80 81
91 86
86 87
94 84
84 85
1 3
6 7
107 108
107 109
114 102
102 103
99 100
102 101
107 106
115 107
107 104
104 105
38 39
43 38
49 33
33 32
40 31
31 30
38 37
35 36
50 35
35 34
58 60
58 61
72 62
64 63
68 64
64 65
64 66
68 67
84 68
70 69
1 2
8 6
114 99
97 98
93 91
107 90
107 93
91 92
94 95
99 94
104 97
97 96
10 11
144 10
33 13
13 12
13 15
13 14
22 17
17 16
20 19
17 18
119 117
117 116
152 151
151 150
46 48
58 49
54 46
46 47
45 44
54 45
40 42
45 43
49 40
40 41
6 1
6 5
8 9
145 146
149 147
147 144
147 145
141 142
144 143
141 140
145 141
149 148
150 149
75 77
75 76
84 75
75 74
72 73
79 72
70 71
84 70
84 79
79 78
