99
152
152
132 115
131 63
137 65
135 47
134 11
139 46
24 78
25 127
26 116
27 76
21 51
23 148
28 124
0 123
4 81
120 96
121 42
123 98
124 3
126 105
127 55
129 2
118 88
59 109
55 69
57 59
51 18
53 32
115 4
88 85
116 26
111 118
110 60
113 25
82 146
83 71
80 44
81 0
86 120
87 24
85 67
3 7
7 36
108 106
109 92
103 135
100 110
101 139
106 21
105 41
39 5
32 30
31 108
30 13
37 73
36 95
34 143
60 34
61 134
62 74
63 80
65 137
66 53
67 77
69 83
2 9
98 15
90 57
93 101
92 86
95 113
96 14
11 103
13 48
12 90
15 111
14 140
16 27
19 93
18 39
48 87
46 62
47 121
44 31
42 12
41 16
5 37
9 126
146 131
142 142
143 132
140 66
148 82
77 23
76 19
74 61
73 28
71 100
78 129
136 133
133 132
130 131
133 130
138 137
151 136
133 135
133 134
138 139
150 138
22 24
22 25
43 26
26 27
29 20
20 21
46 22
22 23
29 28
46 29
1 0
1 4
10 8
130 119
119 120
122 121
130 122
122 123
125 124
130 125
125 126
128 127
136 128
128 129
117 118
58 59
62 58
56 55
58 54
56 57
58 56
50 51
52 50
52 53
56 52
117 115
122 114
89 88
90 89
112 111
107 110
112 113
115 112
89 82
82 83
93 80
80 81
91 86
86 87
94 84
84 85
1 3
6 7
107 108
107 109
114 102
102 103
99 100
102 101
107 106
115 107
107 104
104 105
38 39
43 38
49 33
33 32
40 31
31 30
38 37
35 36
50 35
35 34
58 60
58 61
72 62
64 63
68 64
64 65
64 66
68 67
84 68
70 69
1 2
8 6
114 99
97 98
93 91
107 90
107 93
91 92
94 95
99 94
104 97
97 96
10 11
144 10
33 13
13 12
13 15
13 14
22 17
17 16
20 19
17 18
119 117
117 116
152 151
151 150
46 48
58 49
54 46
46 47
45 44
54 45
40 42
45 43
49 40
40 41
6 1
6 5
8 9
145 146
149 147
147 144
147 145
141 142
144 143
141 140
145 141
149 148
150 149
75 77
75 76
84 75
75 74
72 73
79 72
70 71
84 70
84 79
79 78
