99
197
0
121 9
123 10
118 15
115 17
111 20
113 21
108 23
106 26
81 29
80 30
93 32
86 35
87 36
92 37
98 41
96 42
105 44
110 46
109 47
90 49
88 51
83 53
82 54
116 55
62 62
60 65
48 69
46 70
14 76
15 78
12 80
13 81
32 82
47 83
16 86
25 89
18 90
24 92
23 93
28 95
19 97
21 98
26 103
27 104
39 105
37 106
44 107
59 108
31 114
30 115
42 116
41 117
57 119
51 123
34 125
36 126
53 127
61 128
55 129
73 130
78 131
85 134
71 136
69 137
95 140
100 141
63 144
66 146
65 147
76 150
77 152
74 153
67 154
103 156
101 157
120 158
126 160
124 161
131 162
132 163
134 164
135 165
129 167
127 168
137 171
139 172
148 174
146 177
140 179
142 180
143 182
11 184
5 187
9 189
7 190
4 192
3 195
2 196
0 197
0 1
1 2
2 3
3 4
4 5
5 6
6 7
7 8
8 9
8 10
7 11
11 12
12 13
13 14
14 15
14 16
16 17
16 18
18 19
19 20
19 21
18 22
22 23
22 24
24 25
25 26
25 27
27 28
28 29
28 30
27 31
31 32
31 33
33 34
34 35
34 36
33 37
24 38
38 39
39 40
40 41
40 42
39 43
43 44
43 45
45 46
45 47
38 48
48 49
48 50
50 51
50 52
52 53
52 54
13 55
12 56
56 57
57 58
58 59
59 60
60 61
61 62
61 63
63 64
64 65
64 66
66 67
67 68
68 69
68 70
67 71
71 72
72 73
73 74
74 75
75 76
75 77
77 78
77 79
79 80
79 81
74 82
73 83
72 84
84 85
85 86
85 87
87 88
88 89
88 90
87 91
91 92
91 93
84 94
94 95
94 96
96 97
96 98
71 99
99 100
100 101
101 102
102 103
102 104
101 105
100 106
99 107
66 108
63 109
109 110
110 111
111 112
112 113
113 114
113 115
112 116
111 117
110 118
118 119
118 120
120 121
121 122
122 123
122 124
124 125
124 126
121 127
120 128
109 129
60 130
59 131
58 132
132 133
133 134
133 135
135 136
135 137
132 138
138 139
139 140
139 141
138 142
142 143
143 144
143 145
145 146
145 147
142 148
148 149
149 150
149 151
151 152
151 153
148 154
57 155
155 156
155 157
56 158
11 159
159 160
159 161
6 162
5 163
4 164
3 165
2 166
166 167
166 168
1 169
169 170
170 171
170 172
169 173
173 174
173 175
175 176
176 177
176 178
178 179
178 180
175 181
181 182
181 183
183 184
183 185
185 186
186 187
186 188
188 189
188 190
185 191
191 192
191 193
193 194
194 195
194 196
193 197
