99
152
152
132 132
131 131
137 137
135 135
134 134
139 139
24 24
25 25
26 26
27 27
21 21
23 23
28 28
0 0
4 4
120 120
121 121
123 123
124 124
126 126
127 127
129 129
118 118
59 59
55 55
57 57
51 51
53 53
115 115
88 88
116 116
111 111
110 110
113 113
82 82
83 83
80 80
81 81
86 86
87 87
85 85
3 3
7 7
108 108
109 109
103 103
100 100
101 101
106 106
105 105
39 39
32 32
31 31
30 30
37 37
36 36
34 34
60 60
61 61
62 62
63 63
65 65
66 66
67 67
69 69
2 2
98 98
90 90
93 93
92 92
95 95
96 96
11 11
13 13
12 12
15 15
14 14
16 16
19 19
18 18
48 48
46 46
47 47
44 44
42 42
41 41
5 5
9 9
146 146
142 142
143 143
140 140
148 148
77 77
76 76
74 74
73 73
71 71
78 78
136 133
133 132
130 131
133 130
138 137
151 136
133 135
133 134
138 139
150 138
22 24
22 25
43 26
26 27
29 20
20 21
46 22
22 23
29 28
46 29
1 0
1 4
10 8
130 119
119 120
122 121
130 122
122 123
125 124
130 125
125 126
128 127
136 128
128 129
117 118
58 59
62 58
56 55
58 54
56 57
58 56
50 51
52 50
52 53
56 52
117 115
122 114
89 88
90 89
112 111
107 110
112 113
115 112
89 82
82 83
93 80
80 81
91 86
86 87
94 84
84 85
1 3
6 7
107 108
107 109
114 102
102 103
99 100
102 101
107 106
115 107
107 104
104 105
38 39
43 38
49 33
33 32
40 31
31 30
38 37
35 36
50 35
35 34
58 60
58 61
72 62
64 63
68 64
64 65
64 66
68 67
84 68
70 69
1 2
8 6
114 99
97 98
93 91
107 90
107 93
91 92
94 95
99 94
104 97
97 96
10 11
144 10
33 13
13 12
13 15
13 14
22 17
17 16
20 19
17 18
119 117
117 116
152 151
151 150
46 48
58 49
54 46
46 47
45 44
54 45
40 42
45 43
49 40
40 41
6 1
6 5
8 9
145 146
149 147
147 144
147 145
141 142
144 143
141 140
145 141
149 148
150 149
75 77
75 76
84 75
75 74
72 73
79 72
70 71
84 70
84 79
79 78
