98
151
151
133 133
131 131
137 137
135 135
139 139
138 138
24 24
25 25
27 27
20 20
21 21
22 22
23 23
28 28
29 29
0 0
120 120
121 121
123 123
124 124
126 126
128 128
129 129
58 58
57 57
56 56
50 50
53 53
52 52
115 115
114 114
88 88
116 116
111 111
110 110
113 113
112 112
82 82
80 80
86 86
118 118
84 84
3 3
7 7
108 108
102 102
101 101
107 107
105 105
38 38
33 33
32 32
31 31
37 37
35 35
60 60
61 61
63 63
64 64
66 66
68 68
69 69
2 2
6 6
99 99
98 98
91 91
93 93
94 94
96 96
11 11
13 13
15 15
14 14
17 17
18 18
117 117
89 89
48 48
47 47
44 44
45 45
42 42
40 40
41 41
5 5
9 9
146 146
147 147
144 144
143 143
141 141
76 76
75 75
73 73
72 72
70 70
78 78
132 133
134 132
132 131
136 130
138 137
151 136
134 135
136 134
140 139
140 138
19 24
26 25
34 26
26 27
19 20
19 21
19 22
19 23
26 28
30 29
1 0
8 4
149 8
122 119
119 120
122 121
138 122
122 123
125 124
127 125
125 126
130 127
127 128
130 129
119 118
65 59
59 58
72 55
67 54
55 57
55 56
71 51
51 50
54 53
51 52
113 115
113 114
87 88
90 89
109 111
109 110
119 113
109 112
83 82
87 83
79 80
85 81
85 86
95 87
83 84
92 85
1 3
8 7
119 108
113 109
103 102
108 103
109 100
100 101
113 106
106 107
106 104
104 105
49 39
39 38
30 33
30 32
30 31
43 30
36 37
43 36
34 35
36 34
59 60
62 61
72 62
62 63
65 64
83 65
65 66
79 67
67 68
67 69
1 2
4 6
100 99
97 98
90 91
92 90
92 93
95 92
103 95
95 94
104 97
97 96
10 11
12 10
12 13
142 12
14 15
16 14
16 17
19 16
26 19
19 18
113 117
113 116
151 150
49 48
55 49
67 46
46 47
43 44
46 45
39 42
54 43
39 40
39 41
4 1
4 5
10 9
145 146
148 147
145 144
150 145
148 142
142 143
149 140
142 141
149 148
150 149
81 77
77 76
74 75
87 74
72 73
83 72
74 71
71 70
81 79
77 78
