196
354
0
264 2
262 5
261 6
241 11
239 15
221 19
219 21
220 22
212 24
210 25
248 27
247 28
236 32
238 33
245 34
235 35
232 37
242 41
244 42
233 43
230 44
187 48
201 52
202 53
190 55
189 56
174 58
118 60
119 61
193 64
191 65
224 67
198 69
172 71
173 72
206 75
170 78
168 80
159 82
157 83
162 86
160 87
163 88
223 95
227 96
207 97
225 97
228 101
229 103
216 105
215 106
213 107
226 109
222 110
186 113
184 114
208 116
217 117
92 122
60 127
59 128
43 132
45 133
62 134
63 135
75 138
84 139
86 141
68 144
70 145
87 148
90 149
83 152
77 153
80 157
85 159
82 161
91 162
81 164
89 165
88 166
27 169
25 170
52 175
50 176
54 178
56 179
74 182
73 183
71 184
42 188
40 189
35 192
36 193
57 194
66 196
67 197
28 202
21 204
24 205
23 207
30 208
20 214
11 219
16 220
13 223
14 224
19 227
0 229
2 230
15 231
17 232
8 234
6 235
46 236
33 238
34 239
31 240
49 242
37 245
39 246
3 249
5 250
10 251
96 254
78 257
79 258
106 260
107 261
94 262
136 264
128 268
126 269
134 270
141 275
142 277
137 279
138 280
144 285
143 286
146 288
147 289
132 291
145 292
129 294
131 295
140 297
139 298
115 303
109 305
108 306
102 308
104 309
117 314
116 315
112 316
113 317
110 318
100 322
101 324
98 327
97 328
99 329
123 330
122 334
125 335
120 337
121 338
124 339
166 345
164 346
154 348
156 349
148 350
196 355
167 356
150 358
171 359
183 361
178 363
177 366
176 367
204 368
153 370
151 373
180 374
181 375
195 376
260 378
256 382
259 383
257 384
251 387
249 388
252 390
254 391
0 1
1 2
1 3
3 4
4 5
4 6
3 7
7 8
8 9
9 10
10 11
10 12
12 13
13 14
14 15
14 16
16 17
17 18
18 19
18 20
20 21
20 22
17 23
23 24
23 25
16 26
26 27
26 28
13 29
29 30
30 31
31 32
31 33
30 34
29 35
12 36
36 37
36 39
39 40
40 41
40 42
39 43
36 44
9 45
45 47
47 48
47 50
50 52
50 53
50 54
54 55
54 56
47 57
57 58
57 59
59 60
59 61
45 62
62 63
63 64
63 65
62 66
66 67
66 68
68 69
68 70
70 71
70 72
45 73
73 74
74 75
74 76
76 77
77 78
77 80
77 81
81 82
81 83
76 84
84 85
85 86
85 87
84 88
73 89
89 90
90 91
91 92
92 94
94 95
94 96
92 97
92 100
100 101
100 103
100 105
100 106
91 107
90 108
108 109
108 110
89 111
111 112
112 113
112 114
111 115
115 116
115 117
8 118
118 119
119 120
120 121
121 122
121 123
123 125
125 126
126 127
126 128
125 129
129 132
129 133
129 134
129 135
123 136
136 137
137 138
137 139
136 141
136 142
142 143
143 144
143 145
142 147
147 148
147 149
142 151
151 152
151 153
142 154
154 155
155 157
155 158
158 159
158 161
158 162
155 163
163 164
163 165
154 166
123 167
167 168
168 169
168 170
167 172
172 173
173 174
174 175
174 176
173 178
173 179
172 181
181 182
181 183
172 184
167 185
185 186
186 187
187 188
187 189
186 190
190 191
191 192
191 193
190 194
185 195
195 196
195 197
120 199
199 200
200 201
201 202
201 203
203 204
203 205
200 206
206 207
206 208
199 211
211 212
212 213
213 214
213 217
217 218
218 219
218 220
217 222
222 223
222 224
217 226
226 227
226 228
228 229
228 230
217 231
213 232
213 233
233 234
233 235
212 236
211 237
237 238
237 239
199 240
199 241
241 242
241 243
243 244
244 245
244 246
243 247
247 248
248 249
248 250
247 251
120 252
252 254
252 255
255 256
256 257
256 258
255 259
259 260
259 261
252 262
119 263
263 264
263 265
265 266
266 267
267 268
267 269
266 270
265 272
272 273
273 274
274 275
274 276
276 277
276 278
278 279
278 280
273 281
281 282
282 283
283 284
284 285
284 286
283 288
283 289
282 290
290 291
290 292
281 293
293 294
293 295
272 296
296 297
296 298
265 300
300 301
301 302
302 303
302 304
304 305
304 306
301 307
307 308
307 309
300 310
310 311
311 312
312 313
313 314
313 315
312 316
311 317
310 318
265 319
319 320
320 321
321 322
321 324
321 325
325 326
326 327
326 328
325 329
320 330
319 331
331 332
332 333
333 334
333 335
332 336
336 337
336 338
331 339
118 340
340 341
341 342
342 344
344 345
344 346
342 347
347 348
347 349
342 350
341 351
351 352
352 353
353 354
354 355
354 356
353 357
357 358
357 359
352 360
360 361
360 362
362 363
362 365
365 366
365 367
362 368
351 369
369 370
369 373
369 374
369 375
340 376
7 377
377 378
377 379
379 380
380 381
381 382
381 383
380 384
379 385
385 386
386 387
386 388
385 389
389 390
389 391
