196
391
0
264 2
262 5
261 6
260 9
259 11
251 16
249 17
252 19
254 20
257 21
256 22
198 28
173 30
172 31
170 38
168 39
157 41
159 42
163 45
160 46
162 47
206 48
226 49
190 54
187 55
189 56
201 58
202 59
174 61
119 63
118 64
213 68
225 69
222 71
208 74
217 75
223 77
228 79
184 82
186 83
227 84
193 87
191 88
207 90
224 91
215 94
216 95
229 96
171 104
150 105
167 106
183 108
196 109
204 111
176 114
177 115
178 116
166 120
164 121
154 123
156 124
148 126
181 129
153 131
195 132
151 134
180 135
140 142
136 143
137 144
129 146
131 147
147 153
144 154
143 156
146 157
138 158
132 161
134 162
128 164
126 165
142 168
141 170
145 171
139 172
98 177
97 178
99 180
101 182
100 183
123 184
125 186
124 190
120 191
122 192
121 193
5 203
3 204
10 205
39 207
37 208
49 209
31 211
34 214
33 215
11 219
0 222
2 224
19 225
13 227
15 229
14 230
6 233
8 234
17 236
20 237
16 238
46 242
30 243
28 244
21 246
24 248
23 249
94 252
96 253
78 256
79 257
106 259
107 260
92 262
63 267
45 269
43 270
62 271
60 273
59 274
86 277
90 282
87 283
70 285
77 287
83 288
50 292
52 293
27 295
25 296
36 301
35 302
57 303
40 305
42 306
74 309
71 310
56 314
54 315
66 317
67 318
73 319
75 321
84 322
89 326
80 328
91 329
88 331
68 332
82 334
85 336
81 337
108 341
109 342
104 345
102 346
115 347
110 350
112 352
116 354
117 355
113 356
220 361
219 362
212 365
210 366
221 367
248 370
247 371
235 374
236 376
238 377
245 378
239 381
244 384
242 385
232 388
233 389
230 390
241 391
0 1
1 2
1 3
3 4
4 5
4 6
3 7
7 8
8 9
8 10
10 11
10 12
12 13
13 14
14 15
15 16
15 17
14 18
18 19
18 20
13 21
12 22
7 23
23 24
24 25
25 26
26 27
27 28
27 29
29 30
29 31
26 32
32 33
33 34
34 35
35 36
36 37
37 38
37 39
36 40
40 41
40 42
35 43
43 44
44 45
44 46
43 47
34 48
33 49
32 50
50 51
51 52
52 53
53 54
53 55
52 56
51 57
57 58
57 59
50 60
60 61
60 62
62 63
62 64
25 65
65 66
66 67
67 68
67 69
66 70
70 71
70 72
72 73
73 74
73 75
72 76
76 77
76 78
78 79
78 80
80 81
81 82
81 83
80 84
65 85
85 86
86 87
86 88
85 89
89 90
89 91
24 92
92 93
93 94
93 95
92 96
23 97
97 98
98 99
99 100
100 101
101 102
102 103
103 104
103 105
102 106
101 107
107 108
107 109
100 110
110 111
110 112
112 113
113 114
113 115
112 116
99 117
117 118
118 119
119 120
119 121
118 122
122 123
122 124
117 125
125 126
125 127
127 128
128 129
128 130
130 131
130 132
127 133
133 134
133 135
98 136
136 137
137 138
138 139
139 140
140 141
141 142
141 143
140 144
139 145
145 146
145 147
138 148
148 149
149 150
150 151
151 152
152 153
152 154
151 155
155 156
155 157
150 158
149 159
159 160
160 161
160 162
159 163
163 164
163 165
148 166
166 167
167 168
167 169
169 170
169 171
166 172
137 173
173 174
174 175
175 176
176 177
176 178
175 179
179 180
179 181
181 182
181 183
174 184
173 185
185 186
185 187
187 188
188 189
189 190
189 191
188 192
187 193
136 194
194 195
195 196
196 197
197 198
198 199
199 200
200 201
201 202
202 203
202 204
201 205
200 206
206 207
206 208
199 209
198 210
210 211
210 212
212 213
213 214
213 215
212 216
216 217
217 218
218 219
218 220
220 221
221 222
221 223
223 224
223 225
220 226
226 227
226 228
228 229
228 230
217 231
231 232
232 233
232 234
231 235
235 236
235 237
216 238
197 239
239 240
240 241
241 242
241 243
240 244
239 245
245 246
245 247
247 248
247 249
196 250
250 251
251 252
251 253
250 254
254 255
255 256
255 257
254 258
258 259
258 260
195 261
261 262
261 263
263 264
264 265
265 266
266 267
266 268
268 269
268 270
265 271
264 272
272 273
272 274
263 275
275 276
276 277
276 278
278 279
279 280
280 281
281 282
281 283
280 284
284 285
284 286
286 287
286 288
279 289
289 290
290 291
291 292
291 293
290 294
294 295
294 296
289 297
297 298
298 299
299 300
300 301
300 302
299 303
298 304
304 305
304 306
297 307
307 308
308 309
308 310
307 311
311 312
312 313
313 314
313 315
312 316
316 317
316 318
311 319
278 320
320 321
320 322
275 323
323 324
324 325
325 326
325 327
327 328
327 329
324 330
330 331
330 332
323 333
333 334
333 335
335 336
335 337
194 338
338 339
339 340
340 341
340 342
339 343
343 344
344 345
344 346
343 347
338 348
348 349
349 350
349 351
351 352
351 353
353 354
353 355
348 356
97 357
357 358
358 359
359 360
360 361
360 362
359 363
363 364
364 365
364 366
363 367
358 368
368 369
369 370
369 371
368 372
372 373
373 374
373 375
375 376
375 377
372 378
357 379
379 380
380 381
380 382
382 383
383 384
383 385
382 386
386 387
387 388
387 389
386 390
379 391
