196
266
266
216 52
217 172
215 224
212 213
213 180
210 174
219 147
132 228
131 221
137 110
136 71
134 115
139 171
138 123
225 100
24 259
25 33
27 225
20 157
21 13
23 118
223 163
28 88
222 235
0 45
162 66
8 35
163 198
227 17
120 74
121 215
122 108
123 126
124 92
125 94
126 97
264 140
128 206
129 31
220 143
59 16
54 189
57 28
56 8
50 102
52 260
259 233
164 151
201 46
198 190
195 230
178 160
191 145
190 248
193 23
115 0
177 136
88 254
116 116
110 96
113 3
112 101
82 56
83 75
80 142
81 63
86 20
87 261
84 98
85 112
251 210
207 150
256 21
206 54
226 162
257 170
3 57
254 50
247 36
245 204
244 220
108 104
109 177
241 120
242 242
102 67
100 196
101 138
106 257
107 78
104 125
39 239
33 15
31 226
30 238
37 187
36 217
35 252
34 212
252 99
60 87
62 264
63 186
66 262
67 141
68 83
176 106
174 37
173 81
172 216
171 168
170 256
181 132
248 85
183 201
180 117
2 107
167 89
187 40
184 208
6 34
186 166
189 10
202 77
196 122
221 191
99 173
98 247
168 153
229 195
228 82
91 5
90 184
166 2
92 129
160 144
94 70
97 219
96 43
11 79
10 90
13 19
15 232
14 244
17 178
16 146
19 229
117 154
89 131
204 193
151 91
150 119
153 121
154 227
157 164
156 11
159 39
238 25
239 60
235 84
236 73
230 183
232 124
233 30
224 6
49 109
46 245
119 59
45 24
42 176
43 202
40 167
118 134
5 159
146 86
147 139
144 14
145 222
142 148
143 207
140 156
141 181
208 113
148 49
77 137
75 62
74 128
73 80
71 236
70 68
79 251
78 42
249 223
262 241
261 249
260 27
229 216
218 217
223 214
216 215
211 212
214 213
211 210
220 211
194 165
265 264
266 265
223 218
220 219
143 133
133 132
130 131
135 130
138 137
135 136
138 135
133 134
138 139
143 138
165 166
22 24
26 25
81 26
26 27
18 20
22 21
29 22
22 23
161 160
29 28
47 29
197 161
1 0
9 4
7 8
161 163
118 119
263 258
138 120
120 121
120 122
120 123
120 124
120 125
127 126
138 127
127 128
130 129
179 167
175 118
64 59
72 58
65 55
55 54
58 57
55 56
72 51
51 50
95 53
51 52
258 259
165 164
200 201
214 199
199 198
209 200
194 195
203 194
206 197
179 178
192 191
188 190
192 193
223 192
114 115
143 114
81 88
81 89
116 111
111 110
111 113
111 112
81 82
81 83
81 80
93 81
81 86
81 87
81 84
81 85
250 251
223 207
255 256
218 206
223 226
258 257
4 3
176 177
253 254
18 7
246 247
258 255
223 225
246 245
243 244
114 108
108 109
240 241
246 240
246 243
243 242
103 102
114 103
98 100
98 101
105 106
138 107
103 104
107 105
38 39
48 38
32 33
53 32
32 31
29 30
38 37
58 36
36 35
32 34
258 246
253 252
246 205
229 223
205 176
59 60
64 61
61 62
61 63
81 64
72 65
65 66
65 67
69 68
81 69
200 175
175 174
172 173
199 172
194 171
169 170
205 203
223 222
182 181
255 253
246 248
194 182
182 183
179 180
1 2
161 162
188 187
185 184
7 6
246 220
185 186
200 188
188 189
200 202
203 179
194 196
220 221
207 185
98 99
120 98
169 168
197 169
234 229
223 228
81 91
81 90
95 93
93 92
105 95
95 94
98 97
95 96
12 11
9 10
12 13
18 12
12 15
12 14
18 17
12 16
18 19
32 18
116 117
255 250
143 116
203 204
152 151
149 150
152 153
167 152
179 155
155 154
158 157
155 156
158 159
197 158
237 238
240 239
246 234
234 235
237 236
246 237
231 230
243 231
231 232
231 233
223 224
53 48
48 49
47 46
53 47
61 44
44 45
41 42
44 43
41 40
58 41
12 1
4 5
48 9
143 146
143 147
143 144
143 145
138 142
167 143
138 140
138 141
223 209
209 208
149 148
171 149
76 77
81 76
76 75
72 74
72 73
81 72
72 71
69 70
78 79
105 78
265 263
250 249
263 262
223 227
262 261
258 260
