196
266
266
216 10
217 206
215 78
212 239
213 170
210 101
219 159
132 160
131 186
137 67
136 150
134 27
139 139
138 77
225 204
24 56
25 31
27 113
20 6
21 20
23 245
223 226
28 171
222 35
0 66
162 141
8 217
163 138
227 79
120 212
121 247
122 242
123 116
124 191
125 75
126 174
264 126
128 153
129 8
220 210
59 59
54 256
57 207
56 168
50 85
52 129
259 208
164 107
201 106
198 86
195 17
178 262
191 252
190 39
193 201
115 68
177 228
88 136
116 15
110 84
113 244
112 11
82 117
83 229
80 19
81 81
86 108
87 166
84 261
85 0
251 43
207 50
256 190
206 163
226 42
257 99
3 40
254 225
247 144
245 181
244 137
108 148
109 232
241 151
242 46
102 230
100 122
101 70
106 235
107 202
104 198
39 251
33 178
31 60
30 57
37 260
36 33
35 177
34 131
252 23
60 173
62 91
63 124
66 142
67 241
68 221
176 45
174 143
173 74
172 73
171 156
170 115
181 219
248 2
183 28
180 118
2 119
167 216
187 259
184 195
6 36
186 183
189 189
202 128
196 264
221 13
99 227
98 92
168 104
229 90
228 80
91 25
90 96
166 125
92 147
160 62
94 213
97 98
96 3
11 121
10 248
13 215
15 132
14 94
17 162
16 49
19 223
117 140
89 16
204 88
151 187
150 257
153 100
154 34
157 54
156 193
159 254
238 21
239 167
235 71
236 220
230 164
232 82
233 180
224 184
49 87
46 109
119 233
45 238
42 145
43 154
40 134
118 222
5 97
146 37
147 249
144 157
145 120
142 196
143 5
140 112
141 52
208 236
148 176
77 123
75 63
74 172
73 24
71 146
70 14
79 102
78 30
249 224
262 83
261 110
260 89
229 216
218 217
223 214
216 215
211 212
214 213
211 210
220 211
194 165
265 264
266 265
223 218
220 219
143 133
133 132
130 131
135 130
138 137
135 136
138 135
133 134
138 139
143 138
165 166
22 24
26 25
81 26
26 27
18 20
22 21
29 22
22 23
161 160
29 28
47 29
197 161
1 0
9 4
7 8
161 163
118 119
263 258
138 120
120 121
120 122
120 123
120 124
120 125
127 126
138 127
127 128
130 129
179 167
175 118
64 59
72 58
65 55
55 54
58 57
55 56
72 51
51 50
95 53
51 52
258 259
165 164
200 201
214 199
199 198
209 200
194 195
203 194
206 197
179 178
192 191
188 190
192 193
223 192
114 115
143 114
81 88
81 89
116 111
111 110
111 113
111 112
81 82
81 83
81 80
93 81
81 86
81 87
81 84
81 85
250 251
223 207
255 256
218 206
223 226
258 257
4 3
176 177
253 254
18 7
246 247
258 255
223 225
246 245
243 244
114 108
108 109
240 241
246 240
246 243
243 242
103 102
114 103
98 100
98 101
105 106
138 107
103 104
107 105
38 39
48 38
32 33
53 32
32 31
29 30
38 37
58 36
36 35
32 34
258 246
253 252
246 205
229 223
205 176
59 60
64 61
61 62
61 63
81 64
72 65
65 66
65 67
69 68
81 69
200 175
175 174
172 173
199 172
194 171
169 170
205 203
223 222
182 181
255 253
246 248
194 182
182 183
179 180
1 2
161 162
188 187
185 184
7 6
246 220
185 186
200 188
188 189
200 202
203 179
194 196
220 221
207 185
98 99
120 98
169 168
197 169
234 229
223 228
81 91
81 90
95 93
93 92
105 95
95 94
98 97
95 96
12 11
9 10
12 13
18 12
12 15
12 14
18 17
12 16
18 19
32 18
116 117
255 250
143 116
203 204
152 151
149 150
152 153
167 152
179 155
155 154
158 157
155 156
158 159
197 158
237 238
240 239
246 234
234 235
237 236
246 237
231 230
243 231
231 232
231 233
223 224
53 48
48 49
47 46
53 47
61 44
44 45
41 42
44 43
41 40
58 41
12 1
4 5
48 9
143 146
143 147
143 144
143 145
138 142
167 143
138 140
138 141
223 209
209 208
149 148
171 149
76 77
81 76
76 75
72 74
72 73
81 72
72 71
69 70
78 79
105 78
265 263
250 249
263 262
223 227
262 261
258 260
