196
266
266
216 79
217 46
215 198
212 159
213 89
210 126
219 257
132 141
131 54
137 33
136 143
134 85
139 262
138 145
225 120
24 99
25 221
27 248
20 63
21 193
23 172
223 229
28 217
222 110
0 174
162 160
8 216
163 125
227 210
120 219
121 68
122 208
123 2
124 140
125 97
126 215
264 40
128 241
129 10
220 213
59 226
54 34
57 180
56 154
50 230
52 146
259 228
164 191
201 236
198 78
195 90
178 77
191 232
190 251
193 166
115 190
177 3
88 104
116 36
110 112
113 27
112 242
82 177
83 150
80 134
81 256
86 92
87 106
84 122
85 73
251 220
207 31
256 144
206 23
226 227
257 131
3 153
254 170
247 113
245 39
244 11
108 261
109 56
241 66
242 20
102 117
100 184
101 80
106 207
107 98
104 82
39 156
33 148
31 173
30 60
37 100
36 124
35 252
34 138
252 8
60 249
62 74
63 5
66 162
67 136
68 196
176 178
174 84
173 28
172 87
171 15
170 49
181 88
248 118
183 206
180 91
2 96
167 0
187 123
184 25
6 238
186 187
189 86
202 212
196 70
221 19
99 30
98 109
168 239
229 50
228 108
91 137
90 254
166 224
92 14
160 259
94 13
97 176
96 71
11 163
10 244
13 94
15 52
14 189
17 57
16 260
19 21
117 121
89 142
204 128
151 204
150 37
153 59
154 164
157 115
156 43
159 147
238 183
239 201
235 129
236 157
230 264
232 167
233 225
224 116
49 83
46 132
119 235
45 245
42 6
43 171
40 168
118 45
5 24
146 16
147 81
144 202
145 223
142 62
143 247
140 151
141 67
208 101
148 233
77 186
75 119
74 102
73 107
71 42
70 222
79 75
78 139
249 181
262 17
261 195
260 35
229 216
218 217
223 214
216 215
211 212
214 213
211 210
220 211
194 165
265 264
266 265
223 218
220 219
143 133
133 132
130 131
135 130
138 137
135 136
138 135
133 134
138 139
143 138
165 166
22 24
26 25
81 26
26 27
18 20
22 21
29 22
22 23
161 160
29 28
47 29
197 161
1 0
9 4
7 8
161 163
118 119
263 258
138 120
120 121
120 122
120 123
120 124
120 125
127 126
138 127
127 128
130 129
179 167
175 118
64 59
72 58
65 55
55 54
58 57
55 56
72 51
51 50
95 53
51 52
258 259
165 164
200 201
214 199
199 198
209 200
194 195
203 194
206 197
179 178
192 191
188 190
192 193
223 192
114 115
143 114
81 88
81 89
116 111
111 110
111 113
111 112
81 82
81 83
81 80
93 81
81 86
81 87
81 84
81 85
250 251
223 207
255 256
218 206
223 226
258 257
4 3
176 177
253 254
18 7
246 247
258 255
223 225
246 245
243 244
114 108
108 109
240 241
246 240
246 243
243 242
103 102
114 103
98 100
98 101
105 106
138 107
103 104
107 105
38 39
48 38
32 33
53 32
32 31
29 30
38 37
58 36
36 35
32 34
258 246
253 252
246 205
229 223
205 176
59 60
64 61
61 62
61 63
81 64
72 65
65 66
65 67
69 68
81 69
200 175
175 174
172 173
199 172
194 171
169 170
205 203
223 222
182 181
255 253
246 248
194 182
182 183
179 180
1 2
161 162
188 187
185 184
7 6
246 220
185 186
200 188
188 189
200 202
203 179
194 196
220 221
207 185
98 99
120 98
169 168
197 169
234 229
223 228
81 91
81 90
95 93
93 92
105 95
95 94
98 97
95 96
12 11
9 10
12 13
18 12
12 15
12 14
18 17
12 16
18 19
32 18
116 117
255 250
143 116
203 204
152 151
149 150
152 153
167 152
179 155
155 154
158 157
155 156
158 159
197 158
237 238
240 239
246 234
234 235
237 236
246 237
231 230
243 231
231 232
231 233
223 224
53 48
48 49
47 46
53 47
61 44
44 45
41 42
44 43
41 40
58 41
12 1
4 5
48 9
143 146
143 147
143 144
143 145
138 142
167 143
138 140
138 141
223 209
209 208
149 148
171 149
76 77
81 76
76 75
72 74
72 73
81 72
72 71
69 70
78 79
105 78
265 263
250 249
263 262
223 227
262 261
258 260
