196
391
0
264 2
261 5
262 6
259 8
256 11
251 15
249 16
254 18
252 19
257 20
260 22
235 24
172 31
173 32
198 33
228 34
223 37
208 41
217 42
224 44
207 45
225 47
186 50
184 51
213 53
193 55
191 56
227 58
222 60
226 63
190 68
187 70
189 71
201 72
118 75
119 76
174 77
202 78
206 80
168 83
170 85
157 87
159 88
162 90
163 92
160 93
215 96
216 97
229 98
220 101
221 103
219 105
212 107
210 108
241 111
232 114
230 115
233 118
244 119
242 120
238 123
236 124
239 127
247 128
248 131
245 132
204 134
178 136
177 139
176 140
183 143
196 144
167 146
171 149
148 151
150 152
180 154
154 160
156 161
166 163
164 164
153 165
181 166
151 168
195 170
139 172
137 174
144 178
143 180
146 182
147 183
142 184
138 187
125 191
121 192
120 194
123 197
136 199
124 200
122 202
98 205
99 207
97 209
101 210
100 211
131 214
129 215
141 217
145 218
128 222
126 223
134 225
132 226
140 228
112 233
113 234
117 236
116 237
110 238
104 244
102 245
109 246
108 247
115 248
107 250
106 253
78 255
79 256
92 260
52 271
50 272
25 274
27 275
66 278
56 281
54 282
67 283
71 286
74 287
57 291
36 293
35 294
42 296
40 297
73 298
68 299
75 302
84 303
88 304
85 306
80 307
90 310
87 311
82 312
91 315
86 316
60 320
59 321
62 323
63 325
43 327
45 328
89 329
81 330
77 332
83 334
70 335
94 337
96 338
24 344
23 345
21 346
46 348
30 349
28 350
31 352
49 355
39 357
10 360
3 362
5 363
37 364
33 366
34 368
20 371
6 373
8 374
17 376
11 378
16 380
14 382
15 384
13 386
2 388
19 390
0 391
0 1
1 2
1 3
3 4
4 5
4 6
3 7
7 8
7 9
9 10
10 11
10 12
12 13
13 14
14 15
14 16
13 17
17 18
17 19
12 20
9 21
21 22
21 23
23 24
23 25
25 26
26 27
27 28
28 29
29 30
30 31
30 32
29 33
28 34
27 35
35 36
36 37
36 38
38 39
39 40
40 41
40 42
39 43
43 44
43 45
38 46
46 47
46 48
48 49
49 50
49 51
48 52
52 53
52 54
54 55
54 56
35 57
57 58
57 59
59 60
59 61
61 62
62 63
62 64
64 65
65 66
66 67
67 68
67 69
69 70
69 71
66 72
65 73
73 74
74 75
74 76
73 77
64 78
61 79
79 80
79 81
81 82
82 83
82 84
84 85
84 86
86 87
86 88
81 89
89 90
89 91
91 92
91 93
26 94
94 95
95 96
95 97
94 98
25 99
99 100
100 101
100 102
102 103
102 104
104 105
104 106
106 107
106 108
99 109
109 110
110 111
110 112
112 113
113 114
113 115
112 116
116 117
117 118
117 119
116 120
109 121
121 122
122 123
122 124
121 125
125 126
126 127
126 128
125 129
129 130
130 131
130 132
129 133
133 134
133 135
135 136
135 137
137 138
138 139
138 140
137 141
141 142
142 143
142 144
141 145
145 146
145 147
147 148
148 149
148 150
150 151
150 152
147 153
153 154
153 155
155 156
156 157
157 158
158 159
159 160
159 161
158 162
162 163
162 164
157 165
156 166
155 167
167 168
167 169
169 170
169 171
171 172
171 173
173 174
173 175
175 176
176 177
177 178
177 179
179 180
179 181
181 182
181 183
176 184
175 185
185 186
186 187
186 188
188 189
189 190
190 191
190 192
189 193
193 194
193 195
195 196
196 197
196 198
198 199
198 200
195 201
201 202
201 203
203 204
204 205
204 206
206 207
206 208
208 209
208 210
203 211
188 212
212 213
213 214
213 215
212 216
216 217
216 218
185 219
219 220
220 221
221 222
221 223
220 224
224 225
224 226
219 227
227 228
227 229
229 230
230 231
231 232
232 233
232 234
231 235
235 236
235 237
230 238
229 239
239 240
240 241
241 242
242 243
243 244
243 245
242 246
241 247
240 248
239 249
249 250
249 251
251 252
252 253
252 254
254 255
254 256
251 257
257 258
258 259
259 260
259 261
261 262
262 263
263 264
264 265
265 266
266 267
267 268
268 269
269 270
270 271
270 272
269 273
273 274
273 275
268 276
276 277
277 278
277 279
279 280
280 281
280 282
279 283
276 284
284 285
285 286
285 287
284 288
288 289
289 290
290 291
290 292
292 293
292 294
289 295
295 296
295 297
288 298
267 299
266 300
300 301
301 302
301 303
300 304
265 305
305 306
305 307
264 308
308 309
309 310
309 311
308 312
263 313
313 314
314 315
314 316
313 317
317 318
318 319
319 320
319 321
318 322
322 323
322 324
324 325
324 326
326 327
326 328
317 329
262 330
261 331
331 332
331 333
333 334
333 335
258 336
336 337
336 338
257 339
339 340
340 341
341 342
342 343
343 344
343 345
342 346
341 347
347 348
347 349
340 350
339 351
351 352
351 353
353 354
354 355
354 356
356 357
356 358
358 359
359 360
359 361
361 362
361 363
358 364
353 365
365 366
365 367
367 368
367 369
369 370
370 371
370 372
372 373
372 374
369 375
375 376
375 377
377 378
377 379
379 380
379 381
381 382
381 383
383 384
383 385
385 386
385 387
387 388
387 389
389 390
389 391
