195
389
0
263 3
265 4
268 9
255 11
266 13
245 14
243 19
241 20
248 21
254 23
252 24
251 26
250 27
253 30
257 31
246 32
260 36
258 37
261 38
239 41
238 45
220 46
235 48
237 49
233 52
229 53
223 58
213 59
226 62
207 64
205 65
225 67
228 68
215 70
224 71
210 75
212 76
231 77
208 80
209 81
216 83
218 84
291 86
288 89
289 92
286 93
140 97
138 98
107 103
90 106
92 107
89 111
88 112
86 114
97 115
94 117
96 118
37 125
27 126
26 128
24 129
43 130
69 133
68 135
66 136
40 139
22 142
23 143
21 144
42 145
51 150
20 152
18 153
49 154
46 157
15 160
17 161
8 163
6 164
12 169
14 170
33 177
34 178
32 180
31 181
4 183
3 185
5 186
28 188
30 189
9 191
11 192
0 195
2 196
35 197
47 199
44 201
48 202
65 206
63 207
53 208
54 212
57 213
56 214
58 215
70 218
81 219
75 222
62 224
60 225
79 227
80 228
74 230
72 233
83 234
85 235
99 239
101 240
112 243
110 245
108 246
111 247
105 249
103 250
117 252
118 255
119 258
120 259
115 261
113 262
121 263
179 269
181 270
184 272
186 273
187 275
283 278
189 279
194 282
197 283
202 287
200 288
203 289
177 290
193 294
191 295
188 297
175 298
199 302
196 303
285 304
284 305
169 312
171 314
170 315
164 318
156 319
166 321
168 322
172 324
173 325
134 332
133 333
131 334
124 338
126 339
125 340
122 341
142 343
130 345
128 346
149 347
159 348
154 354
151 356
153 357
155 358
137 361
135 362
146 363
143 365
174 366
158 368
145 369
182 371
161 373
163 374
280 376
276 379
274 381
272 383
275 384
278 386
271 388
269 389
0 1
1 2
2 3
2 4
1 5
5 6
6 7
7 8
8 9
8 10
10 11
10 12
12 13
12 14
7 15
15 16
16 17
17 18
18 19
18 20
17 21
16 22
22 23
22 24
15 25
25 26
25 27
6 28
28 29
29 30
29 31
28 32
5 33
33 34
34 35
35 36
35 37
34 38
33 39
39 40
40 41
40 42
42 43
43 44
44 45
44 46
43 47
47 48
47 49
42 50
50 51
51 52
51 53
50 54
54 55
55 56
56 57
57 58
57 59
56 60
60 61
61 62
61 63
63 64
63 65
60 66
66 67
66 68
55 69
69 70
69 71
54 72
72 73
73 74
74 75
74 76
73 77
72 78
78 79
79 80
79 81
78 82
82 83
82 84
39 85
85 86
85 87
87 88
88 89
88 90
90 91
91 92
91 93
90 94
94 95
95 96
96 97
96 98
95 99
99 100
100 101
101 102
102 103
102 104
104 105
105 106
105 107
104 108
108 109
109 110
110 111
110 112
109 113
113 114
113 115
108 116
116 117
116 118
101 119
119 120
120 121
121 122
122 123
123 124
124 125
124 126
123 127
127 128
127 129
122 130
121 131
131 132
132 133
132 134
134 135
134 136
131 137
137 138
138 139
138 140
140 141
141 142
141 143
140 144
137 145
120 146
146 147
147 148
148 149
149 150
149 151
151 152
151 153
148 154
147 155
155 156
156 157
156 158
158 159
159 160
159 161
158 162
162 163
162 164
155 165
165 166
166 167
167 168
168 169
168 170
167 171
171 172
172 173
173 174
174 175
175 176
176 177
176 178
175 179
179 180
179 181
174 182
182 183
182 184
184 185
184 186
173 187
187 188
187 189
172 190
190 191
190 192
171 193
193 194
194 195
194 196
193 197
166 198
198 199
198 200
200 201
200 202
165 203
203 204
204 205
205 206
205 207
204 208
203 209
209 210
210 211
211 212
211 213
210 214
209 215
146 216
216 217
217 218
217 219
216 220
220 221
221 222
221 223
223 224
223 225
220 226
226 227
226 228
119 229
229 230
229 231
231 232
232 233
232 234
231 235
100 236
236 237
237 238
238 239
238 240
237 241
241 242
242 243
242 244
244 245
244 246
241 247
236 248
248 249
248 250
99 251
251 252
251 253
253 254
254 255
254 256
256 257
257 258
257 259
256 260
260 261
260 262
253 263
94 264
264 265
265 266
266 267
267 268
268 269
268 270
267 271
271 272
271 273
266 274
274 275
274 276
276 277
277 278
277 279
276 280
280 281
281 282
281 283
280 284
284 285
285 286
286 287
286 288
285 289
284 290
265 291
291 292
292 293
293 294
293 295
292 296
296 297
296 298
291 299
299 300
300 301
301 302
301 303
300 304
299 305
264 306
306 307
307 308
308 309
309 310
310 311
311 312
311 313
313 314
313 315
310 316
316 317
317 318
317 319
316 320
320 321
320 322
309 323
323 324
323 325
308 326
326 327
327 328
328 329
329 330
330 331
331 332
331 333
330 334
329 335
335 336
336 337
337 338
337 339
336 340
335 341
328 342
342 343
342 344
344 345
344 346
327 347
326 348
307 349
349 350
350 351
351 352
352 353
353 354
353 355
355 356
355 357
352 358
351 359
359 360
360 361
360 362
359 363
350 364
364 365
364 366
349 367
367 368
367 369
306 370
370 371
370 372
372 373
372 374
87 375
375 376
375 377
377 378
378 379
378 380
380 381
380 382
382 383
382 384
377 385
385 386
385 387
387 388
387 389
