195
316
0
155 14
153 15
154 17
151 18
145 19
173 21
172 22
168 28
166 29
156 30
164 31
174 33
158 34
169 8
171 39
170 40
146 42
137 44
135 45
159 48
149 51
134 54
131 55
133 56
142 61
124 62
125 63
126 65
122 66
130 68
128 69
143 71
140 74
138 75
121 81
117 82
115 84
113 85
120 87
119 88
118 89
112 93
111 90
110 96
108 97
75 108
62 110
60 111
70 113
58 117
57 120
54 121
56 122
63 124
53 126
17 128
15 129
46 131
65 136
48 137
47 139
44 140
14 143
12 144
35 151
32 152
31 155
30 156
11 158
9 159
34 161
33 162
4 163
5 166
3 167
28 168
2 170
0 171
8 173
6 174
81 175
51 178
49 179
20 181
18 182
80 183
79 184
69 188
37 192
27 193
26 194
24 195
68 200
23 202
22 204
21 199
42 206
66 207
40 208
43 209
85 212
72 215
74 216
83 217
107 219
97 223
88 225
86 226
89 227
96 229
94 231
92 233
90 234
105 236
103 237
101 239
99 240
163 242
161 243
187 247
283 249
189 246
182 252
191 256
184 257
186 258
181 260
179 261
285 265
284 266
193 267
199 270
196 271
203 276
202 277
177 278
200 279
197 281
194 282
188 284
175 285
286 286
280 290
278 293
271 295
269 296
276 298
274 301
272 302
275 303
288 304
289 305
291 306
268 315
246 317
245 318
266 320
250 323
248 324
254 326
252 321
255 328
251 329
257 331
253 332
243 334
241 335
265 337
263 338
261 341
260 343
258 344
239 346
238 354
231 355
233 358
229 359
228 362
226 366
207 368
205 369
215 370
225 372
223 374
213 375
224 376
218 378
216 379
237 380
220 382
212 384
210 385
209 387
208 386
235 389
0 1
1 2
2 3
3 5
5 7
7 8
8 10
10 11
11 12
12 14
12 15
12 17
12 18
11 19
10 21
10 22
8 25
25 27
27 28
27 29
25 30
25 31
8 32
32 33
32 34
8 38
38 39
38 40
8 41
41 42
41 43
43 44
43 45
8 47
47 48
47 49
49 51
49 52
52 54
52 55
52 56
49 57
57 58
58 60
60 61
60 62
58 63
58 64
64 65
64 66
57 67
67 68
67 69
8 70
70 71
70 72
72 74
72 75
72 76
76 81
76 82
76 83
83 84
83 85
76 86
86 87
86 88
76 89
76 90
90 93
90 95
95 96
95 97
90 98
98 100
100 101
101 102
102 103
103 104
104 106
106 107
107 108
107 109
109 110
109 111
106 112
112 113
112 114
114 116
116 117
116 118
118 119
119 120
119 121
118 122
114 123
123 124
123 125
125 126
125 127
127 128
127 129
114 130
130 131
130 133
133 135
135 136
135 137
133 139
133 140
133 141
141 142
142 143
142 144
141 145
145 146
146 151
146 152
146 155
146 156
146 157
157 158
157 159
146 160
160 161
160 162
146 163
163 165
165 166
165 167
146 168
145 169
169 170
169 171
130 172
172 173
172 174
104 175
104 176
176 178
176 179
176 180
180 181
180 182
103 183
102 184
101 185
185 187
187 188
187 189
189 190
190 192
190 193
190 194
189 195
185 196
196 199
199 200
199 202
199 204
196 206
196 207
196 208
185 209
100 210
210 211
211 212
211 213
213 214
214 215
214 216
213 217
210 218
218 219
218 220
220 221
221 223
221 224
224 225
224 226
221 227
220 229
220 231
220 232
232 233
232 234
98 235
235 236
235 237
98 238
238 239
238 240
7 241
241 242
241 243
5 245
245 246
246 247
246 249
245 251
251 252
251 256
251 257
251 258
251 259
259 260
259 261
5 262
262 265
262 266
262 267
262 268
268 269
269 270
269 271
268 272
272 273
273 274
274 276
274 277
274 278
273 279
272 280
280 281
280 282
5 283
283 284
283 285
3 286
3 287
287 288
288 289
289 290
289 291
291 292
292 293
292 294
294 295
294 296
291 297
297 298
297 299
299 300
300 301
300 302
299 303
288 304
287 305
2 306
1 307
307 309
309 311
311 315
311 316
316 317
316 318
311 320
311 321
321 322
322 323
322 324
321 326
311 328
311 329
309 330
330 331
330 332
309 333
333 334
333 335
307 336
336 337
336 338
307 339
339 340
340 341
340 342
342 343
342 344
339 345
345 346
345 347
347 351
351 353
353 354
353 355
351 357
357 358
357 359
351 360
360 361
361 362
361 364
364 365
365 366
365 367
367 368
367 369
364 370
361 372
361 373
373 374
373 375
360 376
351 377
377 378
377 379
347 380
347 381
381 382
381 383
383 384
383 385
347 386
386 387
347 389
