195
304
1
111 5
108 9
96 13
21 24
197 28
189 29
220 41
208 46
252 57
169 68
80 76
63 86
4 91
161 100
124 107
191 126
0 127
2 128
3 129
5 130
6 131
8 132
9 133
11 134
12 135
14 136
15 137
17 138
18 139
20 140
22 141
23 142
24 143
26 144
27 145
28 146
30 147
31 148
32 149
33 150
34 151
35 152
37 153
40 154
42 155
43 156
44 157
46 158
47 159
48 160
49 161
51 162
53 163
54 164
56 165
57 166
58 167
60 168
62 169
65 170
66 171
68 172
69 173
70 174
72 175
74 176
75 177
79 178
81 179
83 180
85 181
86 182
88 183
89 184
90 185
92 186
94 187
97 188
99 189
101 190
103 191
105 192
107 193
110 194
112 195
113 196
115 197
117 198
118 199
119 200
120 201
121 202
122 203
125 204
126 205
128 206
130 207
131 208
133 209
134 210
135 211
137 212
138 213
140 214
142 215
143 216
145 217
146 218
149 219
151 220
153 221
154 222
155 223
156 224
158 225
159 226
163 227
164 228
166 229
168 230
170 231
171 232
172 233
173 234
174 235
175 236
177 237
179 238
181 239
182 240
184 241
186 242
187 243
188 244
193 245
194 246
196 247
199 248
200 249
202 250
203 251
205 252
207 253
209 254
210 255
212 256
213 257
215 258
216 259
218 260
223 261
224 262
225 263
226 264
228 265
229 266
231 267
233 268
235 269
237 270
238 271
239 272
241 273
243 274
245 275
246 276
248 277
250 278
251 279
253 280
254 281
255 282
257 283
258 284
260 285
261 286
263 287
265 288
266 289
268 290
269 291
271 292
272 293
274 294
275 295
276 296
278 297
280 298
283 299
284 300
285 301
286 302
288 303
289 304
291 305
1 2
2 3
3 4
3 5
5 6
6 7
6 8
5 9
3 10
3 11
11 12
12 13
12 14
14 15
14 16
11 17
17 18
3 19
19 20
19 21
21 22
22 23
22 24
2 25
2 26
2 27
27 28
27 29
29 30
29 31
27 32
32 33
2 34
2 35
2 36
36 37
36 38
38 39
39 40
40 41
39 42
42 43
42 44
39 45
45 46
36 47
47 48
47 49
47 50
50 51
47 52
47 53
2 54
54 55
54 56
56 57
57 58
58 59
59 60
59 61
61 62
61 63
61 64
2 65
2 66
66 67
66 68
68 69
69 70
69 71
71 72
72 73
72 74
71 75
75 76
71 77
77 78
77 79
71 80
71 81
71 82
71 83
83 84
84 85
85 86
85 87
87 88
87 89
87 90
90 91
90 92
84 93
93 94
93 95
93 96
83 97
71 98
69 99
99 100
99 101
69 102
102 103
69 104
69 105
105 106
106 107
106 108
106 109
106 110
105 111
105 112
68 113
113 114
113 115
115 116
113 117
117 118
113 119
68 120
68 121
121 122
68 123
66 124
66 125
66 126
20 127
90 128
91 129
91 130
94 131
94 132
92 133
92 134
89 135
89 136
96 137
96 138
98 139
98 140
24 141
24 142
21 143
21 144
21 145
90 146
90 147
90 148
90 149
90 150
90 151
90 152
21 153
22 154
22 155
22 156
87 157
95 158
87 159
88 160
80 161
82 162
84 163
97 164
83 165
97 166
85 167
77 168
78 169
85 170
23 171
23 172
23 173
71 174
17 175
18 176
79 177
75 178
81 179
17 180
15 181
14 182
16 183
16 184
74 185
12 186
12 187
14 188
10 189
10 190
4 191
3 192
11 193
9 194
5 195
8 196
8 197
7 198
118 199
6 200
6 201
6 202
108 203
109 204
110 205
110 206
106 207
112 208
112 209
112 210
116 211
116 212
117 213
117 214
34 215
115 216
119 217
123 218
111 219
70 220
70 221
70 222
70 223
68 224
114 225
68 226
101 227
67 228
25 229
35 230
104 231
68 232
120 233
120 234
113 235
65 236
30 237
125 238
125 239
66 240
66 241
66 242
29 243
102 244
36 245
32 246
37 247
124 248
30 249
30 250
30 251
44 252
44 253
46 254
62 255
62 256
42 257
40 258
45 259
45 260
43 261
43 262
43 263
42 264
42 265
39 266
39 267
43 268
40 269
40 270
40 271
33 272
56 273
56 274
63 275
58 276
57 277
57 278
57 279
57 280
57 281
58 282
58 283
64 284
64 285
64 286
60 287
60 288
58 289
58 290
51 291
50 292
122 293
53 294
48 295
49 296
121 297
52 298
31 299
26 300
36 301
103 302
73 303
38 304
55 305
