195
195
195
0 0
2 1
3 2
4 3
5 4
6 5
8 6
9 7
11 8
12 9
14 10
15 11
17 12
18 13
20 14
21 15
22 16
23 17
24 18
26 19
27 20
28 21
30 22
31 23
32 24
33 25
34 26
35 27
37 28
40 29
42 30
43 31
44 32
46 33
47 34
48 35
49 36
51 37
53 38
54 39
56 40
57 41
58 42
60 43
62 44
63 45
65 46
66 47
68 48
69 49
70 50
72 51
74 52
75 53
79 54
80 55
81 56
83 57
85 58
86 59
88 60
89 61
90 62
92 63
94 64
96 65
97 66
99 67
101 68
103 69
105 70
107 71
108 72
110 73
111 74
112 75
113 76
115 77
117 78
118 79
119 80
120 81
121 82
122 83
124 84
125 85
126 86
128 87
130 88
131 89
133 90
134 91
135 92
137 93
138 94
140 95
142 96
143 97
145 98
146 99
149 100
151 101
153 102
154 103
155 104
156 105
158 106
159 107
161 108
163 109
164 110
166 111
168 112
169 113
170 114
171 115
172 116
173 117
174 118
175 119
177 120
179 121
181 122
182 123
184 124
186 125
187 126
188 127
189 128
191 129
193 130
194 131
196 132
197 133
199 134
200 135
202 136
203 137
205 138
207 139
208 140
209 141
210 142
212 143
213 144
215 145
216 146
218 147
220 148
223 149
224 150
225 151
226 152
228 153
229 154
231 155
233 156
235 157
237 158
238 159
239 160
241 161
243 162
245 163
246 164
248 165
250 166
251 167
252 168
253 169
254 170
255 171
257 172
258 173
260 174
261 175
263 176
265 177
266 178
268 179
269 180
271 181
272 182
274 183
275 184
276 185
278 186
280 187
283 188
284 189
285 190
286 191
288 192
289 193
291 194
195 168
168 166
168 167
168 171
168 170
168 164
168 169
168 179
171 172
168 162
162 161
168 178
166 165
168 163
168 176
176 177
168 160
195 191
191 193
191 122
122 124
124 125
124 126
126 128
122 121
124 113
113 117
113 106
113 115
113 118
113 105
113 116
113 123
124 129
128 131
128 136
136 137
113 114
128 120
131 132
113 97
113 98
113 107
113 111
128 188
128 190
129 130
131 133
136 135
113 88
88 87
88 84
84 85
84 90
90 91
91 89
113 99
99 92
92 93
113 101
101 103
101 102
101 104
113 110
132 134
84 83
84 96
113 95
95 94
113 100
95 74
74 75
74 72
72 73
74 77
74 81
81 80
74 82
77 76
74 68
68 67
80 79
74 71
74 69
74 70
71 61
61 60
61 63
61 64
61 66
60 59
61 65
63 62
74 78
113 109
125 108
128 189
74 49
49 15
15 17
15 16
15 47
15 48
15 20
20 18
20 19
20 28
15 30
15 31
15 29
113 127
74 58
58 57
84 86
49 54
54 53
53 43
43 44
43 55
53 56
53 50
43 27
27 3
3 2
3 4
3 24
27 32
32 34
3 23
3 25
3 26
23 8
32 35
3 22
8 7
27 1
32 6
6 5
32 45
1 0
3 21
27 10
10 9
32 33
32 38
38 11
11 12
32 41
41 39
41 40
41 42
32 46
43 36
36 37
37 13
13 14
111 112
57 51
128 119
57 52
193 192
124 187
187 185
185 184
184 182
184 183
185 180
180 181
181 186
193 194
176 143
143 142
143 148
143 150
150 151
151 153
151 145
153 152
151 144
151 149
153 155
145 138
138 139
150 146
146 147
151 156
145 157
145 158
145 159
146 140
140 141
156 154
163 175
175 173
173 174
