195
295
295
216 250
215 120
212 266
213 260
210 233
265 101
218 257
133 69
131 17
130 108
137 215
135 164
134 96
138 5
225 111
24 24
26 168
27 53
20 14
21 49
22 121
23 126
223 196
28 245
161 188
289 265
0 15
4 81
8 218
283 42
163 241
285 31
284 243
286 171
119 146
120 90
121 134
122 255
260 118
124 186
125 228
126 189
128 122
269 225
268 48
224 119
58 156
54 170
57 74
56 191
51 0
258 125
53 208
291 213
199 181
179 251
194 23
197 117
196 103
191 202
193 155
115 224
177 271
117 263
89 21
111 212
110 92
113 58
112 284
278 33
83 85
80 79
81 254
86 200
118 143
85 20
251 280
207 252
226 68
257 62
3 197
254 151
255 286
245 145
108 169
246 128
241 124
243 72
103 37
101 32
107 149
105 56
33 46
32 88
31 130
30 246
37 193
35 231
34 166
252 220
60 159
62 47
63 60
65 223
66 289
68 187
69 173
175 28
174 131
173 158
172 54
171 216
170 26
272 261
288 283
181 40
253 179
248 278
182 235
2 163
186 30
187 209
184 138
6 65
188 97
189 269
202 75
99 253
168 194
169 112
229 291
228 175
164 11
90 154
166 113
92 9
205 34
94 248
97 12
96 135
11 237
220 83
12 115
15 239
14 86
17 66
271 275
18 238
88 94
250 137
274 57
275 70
151 105
153 44
155 272
154 63
156 6
159 177
158 288
238 43
239 182
235 184
237 276
231 229
276 226
233 140
280 80
48 133
49 203
46 210
47 35
44 18
42 110
43 268
40 2
5 258
9 199
146 89
200 27
203 153
145 142
142 99
143 51
140 274
209 22
208 172
149 174
75 285
74 8
72 161
70 207
79 3
263 4
261 107
266 205
217 216
221 217
222 214
214 215
211 212
214 213
211 210
219 211
169 165
293 264
264 265
217 218
236 219
132 133
148 132
132 131
129 130
136 137
147 136
136 135
132 134
150 139
139 138
167 166
25 24
38 25
25 26
25 27
19 20
41 21
21 22
21 23
169 160
29 28
36 29
162 161
287 289
1 0
29 4
290 281
7 8
282 283
162 163
282 285
282 284
290 287
287 286
116 119
270 271
259 258
116 120
116 121
123 122
141 123
123 124
123 125
127 126
129 127
127 128
141 129
270 269
267 268
219 220
116 118
64 59
59 58
59 55
55 54
55 57
55 56
50 51
78 50
52 53
64 52
262 259
295 294
294 292
294 293
292 290
292 291
165 164
204 201
198 199
180 179
201 200
204 195
195 194
198 197
183 178
192 191
201 203
192 193
282 192
114 115
116 114
87 88
87 89
116 111
109 110
114 113
111 112
84 82
82 83
78 80
78 81
87 86
93 87
98 84
84 85
252 251
204 198
267 256
222 206
227 226
256 257
4 3
176 177
252 254
64 7
267 247
277 273
256 255
222 225
244 245
247 244
109 108
111 109
242 241
244 240
242 243
252 242
106 102
104 103
102 100
100 101
111 106
106 107
106 104
104 105
45 39
41 38
29 33
29 32
29 31
29 30
38 37
39 36
36 35
29 34
247 246
178 162
287 282
267 252
206 205
222 223
201 176
61 60
76 61
61 62
64 63
71 64
64 65
67 66
98 67
67 68
67 69
176 175
169 174
169 173
169 172
169 171
169 170
227 222
287 288
180 181
252 253
249 248
183 182
185 183
185 180
1 2
169 167
185 187
185 184
7 6
185 186
185 188
190 189
201 202
195 196
230 221
190 185
282 190
100 99
106 98
167 168
178 169
230 229
227 228
93 91
91 90
95 93
91 92
106 95
95 94
95 97
95 96
10 11
29 10
39 13
13 12
16 15
13 14
16 17
52 16
50 19
19 18
116 117
249 250
150 116
273 274
282 204
273 275
152 151
180 150
152 153
169 152
152 155
152 154
169 157
157 156
160 159
157 158
279 277
236 234
236 238
240 239
281 279
206 207
236 235
240 236
236 237
234 230
232 231
234 232
234 233
222 224
281 280
45 48
50 49
45 46
45 47
45 44
64 45
41 42
41 43
41 40
67 41
36 1
4 5
10 9
273 272
147 146
165 147
169 144
144 145
141 142
144 143
139 140
148 141
208 209
221 208
160 148
148 149
78 77
77 76
76 75
73 74
82 73
73 72
77 71
71 70
279 278
78 79
102 78
264 263
252 249
294 262
232 227
262 261
279 270
259 260
277 276
293 267
267 266
