195
295
295
216 17
215 35
212 135
213 233
210 113
265 203
218 96
133 14
131 5
130 184
137 158
135 137
134 107
138 228
225 186
24 69
26 169
27 101
20 85
21 43
22 261
23 21
223 79
28 218
161 193
289 156
0 51
4 278
8 286
283 272
163 142
285 205
284 268
286 173
119 289
120 171
121 153
122 37
260 159
124 54
125 126
126 246
128 31
269 202
268 177
224 199
58 255
54 47
57 280
56 28
51 121
258 74
53 251
291 131
199 266
179 170
194 112
197 11
196 122
191 33
193 191
115 224
177 30
117 145
89 81
111 253
110 143
113 2
112 72
278 62
83 40
80 188
81 161
86 194
118 89
85 223
251 260
207 181
226 42
257 60
3 97
254 225
255 108
245 92
108 23
246 275
241 254
243 118
103 34
101 243
107 110
105 130
33 128
32 265
31 18
30 103
37 189
35 125
34 245
252 120
60 248
62 133
63 235
65 68
66 134
68 168
69 182
175 215
174 8
173 274
172 12
171 229
170 257
272 200
288 115
181 22
253 138
248 124
182 15
2 94
186 216
187 57
184 237
6 65
188 63
189 174
202 105
99 258
168 284
169 208
229 285
228 238
164 119
90 172
166 226
92 179
205 46
94 196
97 49
96 117
11 164
220 32
12 154
15 149
14 0
17 53
271 187
18 151
88 86
250 9
274 231
275 24
151 20
153 99
155 83
154 70
156 210
159 166
158 3
238 26
239 90
235 66
237 212
231 44
276 140
233 213
280 4
48 288
49 155
46 88
47 197
44 263
42 111
43 48
40 239
5 250
9 276
146 163
200 207
203 220
145 146
142 80
143 241
140 283
209 252
208 271
149 269
75 58
74 175
72 209
70 6
79 75
263 27
261 56
266 291
217 216
221 217
222 214
214 215
211 212
214 213
211 210
219 211
169 165
293 264
264 265
217 218
236 219
132 133
148 132
132 131
129 130
136 137
147 136
136 135
132 134
150 139
139 138
167 166
25 24
38 25
25 26
25 27
19 20
41 21
21 22
21 23
169 160
29 28
36 29
162 161
287 289
1 0
29 4
290 281
7 8
282 283
162 163
282 285
282 284
290 287
287 286
116 119
270 271
259 258
116 120
116 121
123 122
141 123
123 124
123 125
127 126
129 127
127 128
141 129
270 269
267 268
219 220
116 118
64 59
59 58
59 55
55 54
55 57
55 56
50 51
78 50
52 53
64 52
262 259
295 294
294 292
294 293
292 290
292 291
165 164
204 201
198 199
180 179
201 200
204 195
195 194
198 197
183 178
192 191
201 203
192 193
282 192
114 115
116 114
87 88
87 89
116 111
109 110
114 113
111 112
84 82
82 83
78 80
78 81
87 86
93 87
98 84
84 85
252 251
204 198
267 256
222 206
227 226
256 257
4 3
176 177
252 254
64 7
267 247
277 273
256 255
222 225
244 245
247 244
109 108
111 109
242 241
244 240
242 243
252 242
106 102
104 103
102 100
100 101
111 106
106 107
106 104
104 105
45 39
41 38
29 33
29 32
29 31
29 30
38 37
39 36
36 35
29 34
247 246
178 162
287 282
267 252
206 205
222 223
201 176
61 60
76 61
61 62
64 63
71 64
64 65
67 66
98 67
67 68
67 69
176 175
169 174
169 173
169 172
169 171
169 170
227 222
287 288
180 181
252 253
249 248
183 182
185 183
185 180
1 2
169 167
185 187
185 184
7 6
185 186
185 188
190 189
201 202
195 196
230 221
190 185
282 190
100 99
106 98
167 168
178 169
230 229
227 228
93 91
91 90
95 93
91 92
106 95
95 94
95 97
95 96
10 11
29 10
39 13
13 12
16 15
13 14
16 17
52 16
50 19
19 18
116 117
249 250
150 116
273 274
282 204
273 275
152 151
180 150
152 153
169 152
152 155
152 154
169 157
157 156
160 159
157 158
279 277
236 234
236 238
240 239
281 279
206 207
236 235
240 236
236 237
234 230
232 231
234 232
234 233
222 224
281 280
45 48
50 49
45 46
45 47
45 44
64 45
41 42
41 43
41 40
67 41
36 1
4 5
10 9
273 272
147 146
165 147
169 144
144 145
141 142
144 143
139 140
148 141
208 209
221 208
160 148
148 149
78 77
77 76
76 75
73 74
82 73
73 72
77 71
71 70
279 278
78 79
102 78
264 263
252 249
294 262
232 227
262 261
279 270
259 260
277 276
293 267
267 266
