195
295
295
216 101
215 125
212 51
213 57
210 75
265 12
218 257
133 212
131 145
130 89
137 260
135 268
134 261
138 47
225 289
24 54
26 274
27 233
20 27
21 31
22 238
23 231
223 153
28 21
161 171
289 164
0 65
4 286
8 126
283 149
163 288
285 131
284 209
286 62
119 24
120 43
121 80
122 181
260 189
124 253
125 108
126 213
128 83
269 182
268 26
224 37
58 255
54 143
57 90
56 271
51 275
258 8
53 224
291 245
199 122
179 154
194 128
197 6
196 22
191 258
193 229
115 130
177 266
117 63
89 263
111 53
110 135
113 32
112 119
278 172
83 252
80 58
81 97
86 191
118 18
85 30
251 34
207 2
226 161
257 33
3 158
254 228
255 146
245 210
108 46
246 248
241 86
243 99
103 121
101 163
107 200
105 187
33 60
32 254
31 225
30 193
37 113
35 196
34 20
252 226
60 197
62 186
63 208
65 42
66 68
68 203
69 175
175 35
174 151
173 23
172 5
171 284
170 70
272 134
288 81
181 49
253 133
248 118
182 17
2 112
186 177
187 215
184 107
6 3
188 66
189 216
202 115
99 92
168 40
169 117
229 74
228 174
164 96
90 140
166 278
92 184
205 159
94 9
97 218
96 237
11 48
220 205
12 88
15 280
14 235
17 105
271 283
18 166
88 276
250 265
274 142
275 169
151 168
153 44
155 110
154 199
156 85
159 239
158 269
238 56
239 79
235 156
237 188
231 15
276 272
233 250
280 251
48 246
49 124
46 285
47 220
44 69
42 137
43 138
40 291
5 120
9 28
146 0
200 241
203 207
145 11
142 14
143 243
140 170
209 4
208 223
149 194
75 155
74 173
72 111
70 179
79 202
263 72
261 94
266 103
217 216
221 217
222 214
214 215
211 212
214 213
211 210
219 211
169 165
293 264
264 265
217 218
236 219
132 133
148 132
132 131
129 130
136 137
147 136
136 135
132 134
150 139
139 138
167 166
25 24
38 25
25 26
25 27
19 20
41 21
21 22
21 23
169 160
29 28
36 29
162 161
287 289
1 0
29 4
290 281
7 8
282 283
162 163
282 285
282 284
290 287
287 286
116 119
270 271
259 258
116 120
116 121
123 122
141 123
123 124
123 125
127 126
129 127
127 128
141 129
270 269
267 268
219 220
116 118
64 59
59 58
59 55
55 54
55 57
55 56
50 51
78 50
52 53
64 52
262 259
295 294
294 292
294 293
292 290
292 291
165 164
204 201
198 199
180 179
201 200
204 195
195 194
198 197
183 178
192 191
201 203
192 193
282 192
114 115
116 114
87 88
87 89
116 111
109 110
114 113
111 112
84 82
82 83
78 80
78 81
87 86
93 87
98 84
84 85
252 251
204 198
267 256
222 206
227 226
256 257
4 3
176 177
252 254
64 7
267 247
277 273
256 255
222 225
244 245
247 244
109 108
111 109
242 241
244 240
242 243
252 242
106 102
104 103
102 100
100 101
111 106
106 107
106 104
104 105
45 39
41 38
29 33
29 32
29 31
29 30
38 37
39 36
36 35
29 34
247 246
178 162
287 282
267 252
206 205
222 223
201 176
61 60
76 61
61 62
64 63
71 64
64 65
67 66
98 67
67 68
67 69
176 175
169 174
169 173
169 172
169 171
169 170
227 222
287 288
180 181
252 253
249 248
183 182
185 183
185 180
1 2
169 167
185 187
185 184
7 6
185 186
185 188
190 189
201 202
195 196
230 221
190 185
282 190
100 99
106 98
167 168
178 169
230 229
227 228
93 91
91 90
95 93
91 92
106 95
95 94
95 97
95 96
10 11
29 10
39 13
13 12
16 15
13 14
16 17
52 16
50 19
19 18
116 117
249 250
150 116
273 274
282 204
273 275
152 151
180 150
152 153
169 152
152 155
152 154
169 157
157 156
160 159
157 158
279 277
236 234
236 238
240 239
281 279
206 207
236 235
240 236
236 237
234 230
232 231
234 232
234 233
222 224
281 280
45 48
50 49
45 46
45 47
45 44
64 45
41 42
41 43
41 40
67 41
36 1
4 5
10 9
273 272
147 146
165 147
169 144
144 145
141 142
144 143
139 140
148 141
208 209
221 208
160 148
148 149
78 77
77 76
76 75
73 74
82 73
73 72
77 71
71 70
279 278
78 79
102 78
264 263
252 249
294 262
232 227
262 261
279 270
259 260
277 276
293 267
267 266
