195
389
0
263 5
265 6
246 8
255 11
245 14
268 15
266 17
254 21
251 22
252 23
250 24
241 28
243 29
248 30
253 32
257 33
258 37
260 38
261 39
239 41
220 43
237 45
235 47
238 49
233 52
224 55
225 57
228 59
223 62
213 63
226 65
205 67
207 68
215 69
216 74
218 75
208 77
209 78
229 79
231 81
210 83
212 84
291 86
280 92
276 96
275 98
274 100
272 101
269 103
271 104
278 105
288 106
289 107
286 108
285 112
193 113
284 114
199 117
196 118
175 120
197 123
194 124
177 127
203 129
202 131
200 132
283 135
189 136
187 138
186 142
179 144
181 145
184 147
191 148
188 151
161 152
182 154
169 158
172 161
173 162
156 164
164 166
166 168
168 169
171 172
170 173
149 176
133 179
131 181
134 182
122 184
142 187
124 188
125 190
126 192
128 194
130 195
159 196
174 199
163 203
154 206
155 208
153 209
151 210
146 212
135 214
137 215
145 216
158 218
143 220
138 222
140 224
117 228
113 230
115 231
121 233
118 235
120 237
119 238
111 241
112 242
110 245
108 246
99 249
101 250
105 253
103 254
107 257
96 259
92 263
90 264
94 265
88 268
89 269
97 271
86 272
83 275
74 278
72 279
85 280
42 285
66 288
69 290
68 291
23 295
21 296
22 297
40 298
43 299
26 301
27 303
24 305
37 306
49 309
51 311
18 313
20 314
81 317
80 319
79 320
75 323
62 325
60 326
70 328
58 332
56 334
54 336
57 337
63 339
53 341
65 342
46 345
6 348
8 349
15 351
17 352
48 354
47 356
44 358
12 361
14 362
9 368
11 369
28 371
30 372
34 376
33 377
32 378
4 381
5 383
3 384
31 385
35 386
2 388
0 389
0 1
1 2
2 3
3 4
4 5
4 6
3 7
7 8
7 9
9 10
10 11
10 12
12 13
13 14
13 15
12 16
16 17
16 18
18 19
19 20
20 21
20 22
19 23
18 24
9 25
25 26
26 27
27 28
27 29
26 30
25 31
31 32
31 33
2 34
34 35
35 36
36 37
36 38
35 39
34 40
40 41
40 42
42 43
42 44
44 45
44 46
46 47
46 48
48 49
48 50
50 51
51 52
51 53
53 54
54 55
54 56
56 57
56 58
58 59
58 60
60 61
61 62
61 63
60 64
64 65
64 66
66 67
66 68
53 69
50 70
70 71
71 72
72 73
73 74
73 75
72 76
76 77
76 78
71 79
70 80
80 81
80 82
82 83
82 84
1 85
85 86
85 87
87 88
88 89
89 90
90 91
91 92
91 93
93 94
94 95
95 96
95 97
97 98
97 99
99 100
99 101
94 102
102 103
102 104
93 105
90 106
89 107
88 108
87 109
109 110
110 111
111 112
111 113
110 114
109 115
115 116
116 117
116 118
115 119
119 120
119 121
121 122
122 123
122 124
121 125
125 126
126 127
126 128
128 129
128 130
130 131
130 132
125 133
133 134
134 135
134 136
133 137
137 138
137 139
139 140
140 141
141 142
141 143
143 144
143 145
140 146
146 147
146 148
139 149
149 150
150 151
150 152
149 153
153 154
153 155
155 156
156 157
157 158
157 159
159 160
160 161
160 162
159 163
163 164
163 165
165 166
165 167
167 168
167 169
156 170
170 171
171 172
171 173
170 174
174 175
175 176
175 177
177 178
178 179
178 180
180 181
180 182
177 183
183 184
183 185
185 186
186 187
186 188
185 189
189 190
189 191
191 192
191 193
193 194
193 195
174 196
155 197
197 198
198 199
198 200
200 201
201 202
202 203
202 204
204 205
205 206
205 207
207 208
207 209
204 210
201 211
211 212
211 213
213 214
213 215
200 216
197 217
217 218
217 219
219 220
219 221
221 222
221 223
223 224
223 225
225 226
226 227
227 228
227 229
229 230
229 231
226 232
232 233
232 234
234 235
234 236
236 237
236 238
225 239
239 240
240 241
240 242
239 243
243 244
244 245
244 246
243 247
247 248
248 249
248 250
247 251
251 252
252 253
252 254
251 255
255 256
256 257
256 258
258 259
258 260
260 261
261 262
262 263
262 264
261 265
260 266
266 267
267 268
267 269
266 270
270 271
270 272
255 273
273 274
274 275
274 276
276 277
277 278
277 279
276 280
273 281
281 282
282 283
283 284
284 285
284 286
286 287
287 288
287 289
289 290
289 291
286 292
292 293
293 294
294 295
294 296
293 297
292 298
283 299
282 300
300 301
300 302
302 303
302 304
304 305
304 306
281 307
307 308
308 309
308 310
310 311
310 312
312 313
312 314
307 315
315 316
316 317
316 318
318 319
318 320
315 321
321 322
322 323
322 324
324 325
324 326
321 327
327 328
327 329
329 330
330 331
331 332
331 333
333 334
333 335
335 336
335 337
330 338
338 339
338 340
340 341
340 342
329 343
343 344
344 345
344 346
346 347
347 348
347 349
346 350
350 351
350 352
343 353
353 354
353 355
355 356
355 357
357 358
357 359
359 360
360 361
360 362
359 363
363 364
364 365
365 366
366 367
367 368
367 369
366 370
370 371
370 372
365 373
373 374
374 375
375 376
375 377
374 378
373 379
379 380
380 381
380 382
382 383
382 384
379 385
364 386
363 387
387 388
387 389
