196
272
271
216 216
217 217
215 215
212 212
213 213
210 210
211 211
265 265
218 218
219 219
133 133
164 164
131 131
137 137
135 135
134 134
139 139
138 138
225 225
24 24
26 26
27 27
20 20
21 21
23 23
28 28
161 161
0 0
221 221
8 8
163 163
120 120
121 121
261 261
123 123
124 124
126 126
127 127
129 129
220 220
118 118
59 59
55 55
57 57
51 51
258 258
53 53
52 52
201 201
199 199
179 179
195 195
194 194
197 197
196 196
191 191
192 192
227 227
114 114
88 88
116 116
110 110
113 113
112 112
82 82
83 83
86 86
87 87
165 165
204 204
251 251
198 198
256 256
257 257
3 3
7 7
255 255
245 245
244 244
108 108
246 246
241 241
240 240
243 243
242 242
102 102
103 103
101 101
106 106
248 248
105 105
39 39
33 33
32 32
31 31
37 37
247 247
35 35
34 34
205 205
176 176
60 60
62 62
63 63
64 64
66 66
67 67
177 177
69 69
175 175
174 174
253 253
172 172
170 170
222 222
181 181
182 182
183 183
180 180
2 2
186 186
184 184
6 6
188 188
189 189
202 202
185 185
99 99
98 98
168 168
228 228
91 91
90 90
166 166
92 92
160 160
94 94
162 162
96 96
11 11
10 10
13 13
15 15
17 17
16 16
18 18
272 272
89 89
151 151
150 150
153 153
152 152
155 155
154 154
156 156
159 159
158 158
238 238
239 239
207 207
235 235
236 236
230 230
231 231
233 233
224 224
48 48
49 49
46 46
44 44
42 42
43 43
41 41
5 5
146 146
144 144
145 145
142 142
143 143
140 140
141 141
209 209
208 208
148 148
76 76
74 74
73 73
71 71
70 70
79 79
78 78
263 263
249 249
270 270
260 260
267 267
219 216
216 217
264 214
214 215
206 212
206 213
206 210
206 211
160 165
266 264
266 265
219 218
239 219
132 133
149 132
132 131
142 130
136 137
157 136
136 135
132 134
136 139
136 138
160 166
25 24
30 25
25 26
25 27
19 20
22 21
36 22
22 23
167 160
29 28
38 29
160 161
1 0
30 4
9 8
160 163
142 119
259 258
119 120
119 121
128 122
122 123
122 124
130 125
125 126
128 127
142 128
130 129
271 269
269 268
183 167
119 118
58 59
61 58
54 55
61 54
56 57
61 56
50 51
56 50
54 53
50 52
266 259
160 164
200 201
200 199
178 179
214 200
196 195
193 194
196 197
190 178
190 191
206 203
206 193
193 192
125 115
115 114
85 88
85 89
115 111
111 110
111 113
111 112
81 82
84 83
125 80
97 81
85 86
85 87
125 84
119 85
252 251
196 198
257 256
264 206
232 226
271 257
4 3
178 177
257 254
14 7
239 247
254 255
226 225
239 245
239 244
109 108
132 109
239 241
239 240
239 243
239 242
100 102
104 103
122 100
100 101
107 106
136 107
142 104
104 105
40 39
40 38
30 33
30 32
30 31
36 30
38 37
40 36
30 35
30 34
239 246
254 252
206 205
232 223
175 176
61 60
77 61
61 62
61 63
61 64
81 65
65 66
68 67
80 68
68 69
206 175
175 174
206 173
173 172
173 171
169 170
223 222
180 181
252 253
239 248
183 182
196 183
214 180
1 2
160 162
206 187
183 184
7 6
219 220
187 186
187 188
190 189
203 202
206 196
219 221
183 185
206 190
100 99
97 98
169 168
171 169
232 229
229 228
90 91
95 90
117 93
93 92
109 95
95 94
107 97
97 96
12 11
9 10
12 13
40 12
14 15
36 14
14 17
14 16
30 19
19 18
132 117
257 250
117 116
203 204
149 151
149 150
171 153
153 152
153 155
153 154
167 157
157 156
160 159
157 158
237 234
239 238
250 239
206 207
234 235
234 236
250 237
229 230
232 231
237 232
234 233
223 224
47 48
50 49
47 46
58 47
45 44
65 45
40 42
40 43
45 40
40 41
29 1
4 5
12 9
271 272
147 146
153 147
142 144
142 145
159 142
142 143
136 140
142 141
206 209
206 208
147 148
160 149
93 77
75 76
84 75
75 74
72 73
85 72
72 71
68 70
80 79
77 78
262 263
239 249
264 262
226 227
262 261
269 270
259 260
268 267
268 266
