189
334
0
248 4
247 5
245 6
270 10
229 12
226 14
228 15
227 15
262 19
92 23
90 24
109 27
106 28
107 30
108 31
105 34
104 35
225 37
121 41
120 42
119 44
117 45
122 47
124 48
265 51
267 52
256 55
255 58
254 59
252 61
250 62
220 65
215 69
212 72
209 73
207 76
210 77
213 78
204 80
206 81
217 83
222 84
195 89
201 92
200 93
199 95
261 99
260 100
259 101
203 102
197 103
193 105
174 109
153 115
151 116
154 117
165 118
161 120
163 121
169 124
166 125
168 126
157 130
155 131
160 133
158 134
183 137
180 139
184 141
181 142
182 143
175 148
177 149
191 150
188 151
187 154
185 155
172 158
170 159
178 160
61 171
58 172
43 175
44 176
41 178
38 180
40 181
62 185
2 186
0 186
54 189
15 192
18 194
14 196
16 197
17 199
12 200
60 201
24 210
25 211
22 212
9 215
11 216
46 217
31 219
33 220
51 222
57 224
53 226
28 227
30 229
35 231
37 232
26 235
27 236
6 238
5 239
19 243
21 245
20 246
7 247
4 249
3 250
67 252
47 254
49 255
70 257
72 258
69 259
239 262
113 266
101 268
100 269
103 271
102 272
131 278
130 280
129 281
148 282
144 286
143 291
145 292
147 293
149 294
150 295
146 296
132 298
133 298
114 302
116 303
139 306
138 307
134 309
135 311
137 313
136 314
110 319
111 320
236 321
242 322
233 326
237 327
238 330
235 331
140 334
142 335
141 336
128 338
127 340
125 341
84 346
86 347
88 349
89 351
77 354
74 356
76 357
81 359
80 361
79 361
82 364
96 367
95 368
93 369
97 371
99 372
241 374
232 376
230 377
0 1
1 2
2 3
3 4
3 5
2 6
1 7
7 8
8 9
9 10
9 11
11 12
11 13
13 14
13 15
8 18
18 19
18 20
20 21
21 22
22 23
22 24
21 25
25 26
26 27
26 28
25 29
29 30
29 31
20 32
32 33
33 34
33 35
32 36
36 37
36 38
38 39
39 41
39 42
39 44
39 45
38 46
46 47
46 48
7 49
49 50
50 51
50 52
49 53
53 54
54 55
54 56
56 58
56 59
56 60
60 61
60 62
53 63
63 64
64 65
64 66
66 67
67 68
68 69
68 70
70 71
71 72
71 73
70 74
74 75
75 76
75 77
74 78
67 79
79 80
79 81
66 82
82 83
82 84
63 85
85 86
86 87
87 88
88 89
88 90
90 91
91 92
91 93
90 95
90 96
96 97
97 98
98 99
98 100
97 101
96 102
87 103
86 104
104 105
104 106
106 107
107 108
108 109
108 111
111 113
113 115
113 116
113 117
111 118
111 119
119 120
119 121
108 122
122 124
122 125
122 126
107 128
128 129
129 130
129 131
128 132
132 133
132 134
107 135
135 136
136 137
136 138
138 139
138 141
138 142
135 143
106 145
145 147
147 148
147 149
145 150
145 151
106 152
152 153
153 154
153 155
152 156
156 157
157 158
157 159
156 160
85 161
161 162
162 163
163 164
164 165
165 166
166 167
167 168
168 169
169 170
170 171
170 172
169 174
174 175
174 176
169 177
177 178
177 180
177 181
168 183
183 185
183 186
183 189
168 190
190 192
190 193
193 194
193 195
195 196
195 197
190 199
190 200
167 201
166 202
202 204
204 206
206 207
207 208
208 209
209 210
209 211
208 212
207 213
213 214
214 215
214 216
213 217
206 218
218 219
218 220
204 221
221 222
221 224
221 225
225 226
225 227
204 228
228 229
228 230
230 231
230 232
202 233
233 234
234 235
234 236
233 237
237 238
237 239
202 240
240 241
241 242
242 243
242 244
244 245
244 246
241 247
240 248
248 249
248 250
165 251
251 252
251 253
253 254
253 255
164 256
256 257
256 258
163 259
162 260
260 261
261 262
261 263
263 264
264 265
265 266
265 267
267 268
267 269
264 270
270 271
270 272
263 273
273 274
274 275
275 276
276 277
277 278
277 279
279 280
279 281
276 282
275 284
284 286
284 289
289 291
289 292
289 293
284 294
284 295
284 296
275 297
297 298
297 301
301 302
301 303
274 304
304 305
305 306
305 307
304 308
308 309
308 311
308 312
312 313
312 314
273 315
315 316
316 317
317 318
318 319
318 320
317 321
316 322
315 323
323 325
325 326
325 327
323 328
328 330
328 331
328 332
332 334
332 335
332 336
323 337
337 338
337 340
337 341
260 342
342 343
343 344
344 346
344 347
344 349
344 351
344 352
352 353
353 354
353 355
355 356
355 357
352 358
358 359
358 361
358 364
343 365
365 366
366 367
366 368
365 369
342 370
370 371
370 372
161 373
373 374
373 375
375 376
375 377
