196
269
268
216 216
217 217
214 214
215 215
212 212
213 213
210 210
264 264
218 218
219 219
164 164
131 131
130 130
137 137
136 136
135 135
134 134
139 139
138 138
25 25
26 26
27 27
20 20
21 21
22 22
23 23
160 160
28 28
161 161
0 0
221 221
8 8
163 163
120 120
121 121
122 122
260 260
124 124
125 125
265 265
127 127
128 128
269 269
220 220
118 118
59 59
58 58
55 55
54 54
57 57
56 56
50 50
52 52
201 201
199 199
179 179
200 200
195 195
194 194
197 197
178 178
190 190
192 192
115 115
114 114
88 88
116 116
111 111
110 110
112 112
82 82
83 83
80 80
86 86
87 87
85 85
251 251
207 207
256 256
226 226
257 257
3 3
254 254
255 255
244 244
181 181
109 109
241 241
240 240
242 242
103 103
101 101
106 106
107 107
104 104
39 39
38 38
33 33
31 31
30 30
36 36
35 35
34 34
246 246
223 223
176 176
61 61
258 258
63 63
66 66
67 67
252 252
69 69
175 175
174 174
173 173
172 172
171 171
170 170
203 203
222 222
248 248
182 182
2 2
187 187
184 184
6 6
188 188
202 202
185 185
99 99
98 98
168 168
229 229
91 91
165 165
93 93
167 167
95 95
94 94
162 162
96 96
10 10
13 13
12 12
15 15
14 14
17 17
16 16
18 18
250 250
89 89
151 151
150 150
153 153
154 154
157 157
156 156
159 159
238 238
234 234
235 235
236 236
231 231
232 232
224 224
49 49
46 46
47 47
44 44
42 42
43 43
40 40
41 41
5 5
9 9
146 146
147 147
144 144
145 145
142 142
143 143
140 140
141 141
208 208
148 148
149 149
77 77
76 76
74 74
72 72
71 71
79 79
205 205
262 262
267 267
212 216
212 217
212 214
212 215
225 224
212 213
209 210
227 211
263 264
266 265
212 218
212 219
136 133
133 132
132 131
129 130
136 137
230 136
136 135
133 134
253 212
136 139
136 138
186 166
40 24
24 25
24 26
24 27
19 20
19 21
19 22
24 23
161 160
29 28
48 29
177 161
1 0
32 4
7 8
161 163
212 119
259 258
212 120
120 121
123 122
212 123
123 124
126 125
212 126
126 127
129 128
136 129
268 269
212 220
117 118
60 59
53 58
53 55
53 54
53 57
53 56
62 51
51 50
65 53
53 52
261 259
212 90
161 164
198 201
198 199
180 179
198 200
196 195
193 194
198 197
177 178
204 191
189 190
204 193
193 192
113 115
113 114
86 88
90 89
212 111
111 110
212 113
113 112
81 82
84 83
81 80
100 81
92 86
86 87
212 84
86 85
249 251
204 198
253 256
211 206
225 226
253 257
4 3
198 177
253 254
24 7
263 247
253 255
237 225
268 245
245 244
119 108
108 109
239 241
239 240
245 243
243 242
132 102
102 103
166 167
102 101
105 106
108 107
105 104
212 105
40 39
37 38
32 33
64 32
32 31
29 30
51 37
37 36
32 35
32 34
247 246
253 252
206 205
212 223
177 176
62 60
60 61
65 62
64 63
65 64
68 65
65 66
65 67
70 68
68 69
172 175
172 174
172 173
177 172
172 171
169 170
204 203
212 222
180 181
261 253
247 248
183 182
191 183
191 180
1 2
198 186
186 187
183 184
7 6
189 188
204 189
198 202
204 196
212 221
212 97
212 100
186 185
100 99
97 98
169 168
172 169
228 229
237 228
90 91
166 165
92 93
102 92
92 95
92 94
161 162
97 96
40 11
11 10
32 13
11 12
13 15
13 14
13 17
13 16
40 19
19 18
119 117
249 250
117 116
227 204
152 151
149 150
152 153
204 152
196 155
155 154
158 157
155 156
158 159
172 158
233 234
239 238
243 239
206 207
233 235
237 236
249 237
253 230
230 231
233 232
253 233
62 48
48 49
45 46
48 47
45 44
65 45
40 42
40 43
62 40
40 41
13 1
4 5
7 9
136 146
136 147
136 144
136 145
136 142
136 143
136 140
136 141
211 209
209 208
136 148
172 149
78 77
75 76
81 75
73 74
81 73
73 72
70 71
75 70
78 79
84 78
268 263
261 249
263 262
228 227
268 261
259 260
266 267
268 266
