49
97
0
76 2
74 4
63 8
66 11
67 12
69 14
65 15
61 17
60 19
58 20
71 23
72 25
56 28
54 30
55 31
57 32
53 36
50 37
42 39
32 44
33 45
46 46
35 50
36 51
38 52
49 54
47 55
45 58
41 59
44 61
43 62
27 65
31 67
29 68
23 71
21 73
16 78
5 81
3 82
8 84
6 85
2 88
0 89
9 91
11 92
12 94
13 95
19 96
25 97
0 1
1 2
1 3
3 4
3 5
5 6
6 7
7 8
7 9
9 10
10 11
10 12
9 13
13 14
13 15
6 16
16 17
16 18
18 19
18 20
5 21
21 22
22 23
22 24
24 25
24 26
26 27
27 28
27 29
29 30
29 31
26 32
21 33
33 34
34 35
35 36
35 37
34 38
38 39
38 40
40 41
41 42
42 43
43 44
43 45
42 46
41 47
47 48
48 49
49 50
49 51
48 52
47 53
53 54
53 55
40 56
56 57
57 58
57 59
56 60
60 61
60 62
33 63
63 64
64 65
64 66
66 67
66 68
63 69
69 70
70 71
70 72
72 73
72 74
74 75
75 76
76 77
77 78
77 79
79 80
80 81
80 82
79 83
83 84
83 85
76 86
86 87
87 88
87 89
86 90
90 91
90 92
75 93
93 94
93 95
74 96
69 97
