49
77
77
56 74
43 56
60 0
61 29
63 23
53 8
66 58
67 72
69 55
25 27
27 69
21 50
23 35
46 53
47 38
44 16
45 13
42 19
29 33
41 65
0 44
3 46
2 54
5 61
6 71
9 45
8 66
76 43
38 63
72 57
71 3
11 6
13 76
12 21
65 5
58 60
16 42
19 31
32 12
31 41
49 49
36 67
35 11
33 9
55 32
74 25
54 36
57 47
50 2
55 56
55 54
43 42
52 48
51 43
59 60
62 61
64 62
64 63
68 64
48 49
64 66
64 67
73 68
68 69
70 52
52 53
26 24
24 25
30 26
28 27
22 20
22 21
26 22
24 23
43 46
48 47
43 44
43 45
34 28
28 29
43 40
40 41
14 1
1 0
4 3
1 2
4 5
7 4
15 7
7 6
10 9
7 8
52 51
40 39
64 65
75 76
77 75
37 38
75 73
70 72
70 71
73 70
62 59
59 58
10 11
14 10
17 13
13 12
20 15
17 14
18 17
15 16
18 19
20 18
30 31
34 30
43 37
37 36
36 35
39 34
32 33
70 55
75 74
39 32
55 57
51 50
