49
82
0
76 2
74 4
61 7
58 10
60 11
69 15
65 16
67 18
66 19
63 20
71 22
72 25
54 28
55 26
56 31
57 32
53 34
42 37
45 39
41 43
44 44
33 48
32 47
46 50
38 53
35 55
36 54
47 58
49 59
43 38
50 62
29 64
27 66
31 68
25 70
23 72
21 74
19 76
12 79
13 78
6 85
8 86
3 88
5 89
16 90
9 92
11 94
2 96
0 97
0 1
1 2
1 3
3 4
3 5
5 6
6 7
6 8
8 9
9 10
9 11
8 12
12 13
13 14
14 15
14 16
13 17
17 18
17 19
12 20
5 21
21 22
21 24
24 25
24 26
26 28
26 31
26 32
21 33
33 34
33 35
35 37
35 38
38 39
38 43
38 44
38 45
45 46
46 47
47 48
46 50
45 52
52 53
52 54
54 55
45 57
57 58
57 59
35 61
61 62
61 63
63 64
63 66
63 67
67 68
67 69
69 70
69 71
71 72
71 73
73 74
73 75
75 76
75 77
77 78
78 79
77 81
81 82
82 83
83 85
83 86
83 87
87 88
87 89
82 90
81 91
91 92
91 93
93 94
93 95
95 96
95 97
