197
356
0
275 3
273 4
270 6
276 8
265 12
267 13
268 14
239 20
233 27
231 28
234 29
238 31
236 32
245 34
244 35
241 36
243 37
247 38
249 39
259 44
251 45
214 49
257 50
255 54
260 55
225 58
230 61
228 62
254 63
219 66
218 66
250 70
256 71
261 72
252 73
264 74
227 76
224 79
222 80
258 81
204 87
207 91
201 92
203 93
205 95
208 96
191 100
190 101
192 103
184 105
169 108
166 111
167 112
164 113
181 114
206 115
217 117
209 118
212 120
211 122
210 122
221 125
253 126
150 130
112 136
122 139
120 140
117 143
115 144
119 146
118 147
95 150
97 151
101 153
103 154
114 155
146 156
139 160
137 163
140 164
138 166
133 167
142 168
151 171
148 173
149 174
155 176
154 178
152 179
158 182
136 185
132 187
130 188
160 190
161 191
199 193
193 197
189 198
175 202
178 205
176 206
173 207
177 209
172 211
170 212
183 214
163 216
162 217
187 221
197 224
200 225
196 227
198 228
179 229
145 232
143 233
156 234
45 244
33 246
34 248
31 249
30 251
29 252
35 255
21 258
19 259
25 265
20 266
27 267
28 268
22 270
24 271
2 273
4 274
49 276
46 277
48 278
53 280
1 287
0 288
17 289
18 292
14 293
11 296
16 297
8 300
10 301
12 303
13 304
7 307
5 308
15 309
37 310
39 313
41 315
40 316
42 317
57 320
51 321
56 323
55 324
60 326
58 328
61 329
79 334
62 336
64 337
71 340
73 341
74 342
76 345
77 346
68 348
67 350
65 351
70 352
88 356
90 357
107 363
94 366
92 367
100 368
98 369
123 372
109 373
128 375
127 376
125 377
129 380
111 381
86 384
106 385
105 386
85 388
83 390
81 392
84 393
0 1
1 2
2 3
2 4
1 5
5 6
5 7
7 8
7 9
9 10
10 11
11 12
11 13
10 14
9 15
15 16
16 17
17 18
18 19
19 20
19 21
21 22
22 25
25 26
26 27
26 28
25 29
22 30
30 31
30 32
22 34
22 35
22 36
21 37
18 38
17 39
16 40
40 41
41 42
42 43
43 44
43 45
42 46
46 47
47 48
48 49
48 50
47 51
51 52
52 53
53 54
53 55
52 56
56 57
57 58
57 60
60 61
60 62
57 63
56 65
65 66
65 70
65 71
56 72
51 73
46 74
41 75
75 76
75 77
77 79
77 80
77 81
40 83
83 84
84 85
85 86
86 87
86 91
86 92
86 93
86 94
94 95
94 96
85 97
97 98
98 99
99 100
99 101
98 103
98 104
104 105
104 108
104 109
109 110
110 111
110 112
109 113
104 114
97 115
84 116
116 117
116 118
83 119
119 120
119 121
121 122
121 125
40 126
15 127
127 128
128 129
129 130
129 131
131 132
132 133
133 136
133 137
137 138
138 139
138 140
137 141
141 142
142 143
142 144
141 145
145 146
145 147
133 148
148 149
149 150
149 151
148 152
152 153
152 154
133 155
132 156
131 157
157 158
158 160
158 161
161 162
162 163
162 164
161 166
161 167
158 168
157 169
169 170
170 171
170 172
172 173
172 174
169 175
175 176
175 177
177 178
177 179
128 180
180 181
181 182
181 184
184 185
184 186
186 187
186 188
181 189
189 190
189 191
180 192
192 193
192 195
195 196
196 197
196 198
195 199
199 200
200 201
201 202
201 203
203 204
204 205
204 206
203 207
200 208
208 209
208 210
210 211
210 212
199 213
213 214
213 215
215 216
215 217
192 218
218 219
219 220
220 221
220 222
222 224
222 225
222 226
226 227
226 228
219 229
218 230
230 231
231 232
231 233
230 234
127 235
235 236
236 237
237 238
238 239
239 240
240 242
242 244
242 245
245 246
245 247
247 248
247 249
242 250
250 251
250 252
240 253
253 254
254 255
254 256
256 257
257 258
257 259
256 261
261 262
262 265
262 266
262 267
262 268
261 269
269 270
269 271
256 272
272 273
272 274
253 275
275 276
275 277
240 278
239 279
279 280
279 281
281 282
282 283
283 284
284 286
286 287
286 288
284 289
284 290
290 291
291 292
291 293
290 295
295 296
295 297
290 300
290 301
290 302
302 303
302 304
283 305
305 306
306 307
306 308
305 309
282 310
281 311
311 312
312 313
312 314
314 315
314 316
311 317
238 318
318 319
319 320
319 321
318 322
322 323
322 324
237 325
325 326
325 327
327 328
327 329
236 330
330 331
331 332
332 333
333 334
333 335
335 336
335 337
332 338
338 339
339 340
339 341
338 342
331 343
343 345
343 346
343 347
347 348
347 349
349 350
349 351
330 352
235 353
353 354
354 355
355 356
355 357
354 358
358 359
359 360
360 361
361 363
361 364
364 365
365 366
365 367
364 368
361 369
360 370
370 371
371 372
371 373
370 374
374 375
374 376
359 377
358 378
378 379
379 380
379 381
378 382
382 383
383 384
383 385
382 386
353 387
387 388
387 389
389 390
389 392
389 393
