197
393
0
142 25
137 30
138 31
133 33
129 39
106 42
86 43
105 44
111 45
128 48
127 49
125 51
123 53
109 54
90 57
88 58
85 60
84 62
83 64
81 65
107 68
100 70
94 72
92 73
98 75
79 77
67 83
65 84
68 85
77 86
76 87
74 91
73 92
71 93
70 96
61 99
60 101
53 107
51 108
57 109
56 110
49 118
46 119
35 120
24 129
22 130
21 131
28 134
20 136
19 137
27 138
4 140
2 141
25 142
33 143
34 144
31 145
45 146
30 148
29 149
48 150
42 153
13 157
12 158
16 159
18 165
17 167
14 170
8 171
1 173
0 174
15 175
11 176
7 178
5 179
10 180
41 184
39 185
37 186
40 187
55 188
58 189
64 191
62 192
140 193
139 194
122 199
120 200
112 201
119 204
118 205
117 207
115 208
114 210
103 212
101 214
97 216
95 217
151 219
149 221
148 223
146 224
150 225
155 228
154 229
152 230
158 232
132 235
130 236
136 237
160 238
161 239
179 240
156 242
145 244
143 245
187 246
199 248
193 250
183 253
178 258
177 260
173 261
175 263
172 265
170 266
176 267
163 269
162 270
189 271
200 274
198 276
196 277
197 278
214 279
212 282
221 284
211 286
210 287
208 296
206 297
204 298
205 300
203 301
201 302
207 303
192 306
184 308
181 310
169 314
164 315
166 316
167 317
191 319
190 320
209 321
217 322
227 323
260 327
250 335
255 336
256 338
249 340
247 342
241 347
244 349
245 350
243 351
238 354
236 355
234 357
233 359
231 360
239 361
259 363
225 364
219 366
218 367
230 369
228 370
254 371
251 372
257 374
252 375
261 376
224 378
258 380
222 381
253 382
264 383
268 385
267 387
265 388
270 389
276 390
275 392
273 393
0 1
1 2
2 3
3 4
4 5
5 6
6 7
7 8
8 9
9 10
10 11
11 12
12 13
13 14
14 15
15 16
16 17
17 18
18 19
19 20
20 21
21 22
22 23
23 24
24 25
24 26
26 27
27 28
28 29
29 30
29 31
28 32
32 33
32 34
34 35
35 36
36 37
37 38
38 39
38 40
40 41
41 42
41 43
40 44
37 45
36 46
46 47
47 48
47 49
46 50
50 51
50 52
52 53
52 54
35 55
55 56
56 57
56 58
55 59
59 60
59 61
61 62
61 63
63 64
63 65
34 66
66 67
67 68
67 69
69 70
69 71
71 72
71 73
66 74
74 75
74 76
76 77
76 78
78 79
79 80
80 81
81 82
82 83
82 84
81 85
80 86
79 87
78 88
88 89
89 90
90 91
90 92
89 93
88 94
94 95
95 96
95 97
97 98
98 99
98 100
100 101
100 102
102 103
103 104
104 105
105 106
106 107
106 108
105 109
104 110
103 111
111 112
112 113
113 114
114 115
115 116
116 117
117 118
117 119
116 120
115 121
121 122
122 123
123 124
124 125
125 126
126 127
127 128
128 129
128 130
127 131
126 132
132 133
133 134
133 135
135 136
135 137
132 138
125 139
139 140
139 141
124 142
123 143
122 144
121 145
114 146
113 147
147 148
147 149
112 150
111 151
151 152
152 153
152 154
154 155
155 156
156 157
156 158
155 159
154 160
160 161
161 162
162 163
163 164
164 165
164 166
166 167
166 168
168 169
169 170
169 171
168 172
172 173
172 174
163 175
162 176
161 177
177 178
177 179
160 180
151 181
181 182
182 183
183 184
183 185
182 186
181 187
102 188
97 189
94 190
190 191
190 192
27 193
26 194
23 195
195 196
196 197
197 198
198 199
198 200
197 201
196 202
202 203
203 204
203 205
202 206
206 207
206 208
195 209
209 210
209 211
211 212
211 213
213 214
213 215
215 216
215 217
22 218
218 219
218 220
220 221
220 222
222 223
222 224
21 225
20 226
226 227
227 228
227 229
226 230
19 231
231 232
231 233
233 234
234 235
234 236
233 237
18 238
17 239
16 240
15 241
241 242
241 243
243 244
243 245
14 246
13 247
247 248
247 249
249 250
249 251
251 252
252 253
252 254
254 255
255 256
256 257
257 258
257 259
259 260
259 261
256 262
262 263
262 264
264 265
264 266
255 267
254 268
268 269
268 270
251 271
12 272
272 273
273 274
273 275
275 276
275 277
272 278
11 279
10 280
280 281
281 282
281 283
283 284
283 285
285 286
285 287
280 288
288 289
289 290
290 291
291 292
292 293
293 294
294 295
295 296
295 297
294 298
293 299
299 300
299 301
292 302
291 303
290 304
304 305
305 306
305 307
307 308
307 309
309 310
309 311
311 312
312 313
313 314
313 315
312 316
311 317
304 318
318 319
318 320
289 321
288 322
9 323
8 324
324 325
325 326
326 327
326 328
328 329
329 330
330 331
331 332
332 333
333 334
334 335
334 336
333 337
337 338
337 339
339 340
339 341
341 342
341 343
343 344
344 345
345 346
346 347
346 348
348 349
348 350
345 351
344 352
352 353
353 354
353 355
352 356
356 357
356 358
358 359
358 360
343 361
332 362
362 363
362 364
331 365
365 366
365 367
330 368
368 369
368 370
329 371
328 372
325 373
373 374
373 375
324 376
7 377
377 378
377 379
379 380
379 381
6 382
5 383
4 384
384 385
384 386
386 387
386 388
3 389
2 390
1 391
391 392
391 393
