197
278
278
217 41
214 28
212 219
210 257
211 152
264 214
218 162
219 92
133 169
132 48
130 177
137 85
136 224
139 12
138 16
225 109
24 100
25 112
27 14
20 210
21 255
22 33
160 19
28 239
29 154
161 273
0 196
4 192
8 125
227 139
120 45
122 122
123 206
267 155
125 191
265 84
127 40
128 65
129 265
268 166
167 22
58 79
55 90
57 227
56 209
51 158
258 253
53 146
201 114
199 49
198 151
197 247
178 88
191 238
190 251
193 76
192 58
115 264
114 123
117 142
270 217
111 0
275 145
276 42
112 167
83 175
81 258
86 197
118 127
84 241
85 83
207 57
256 230
206 225
257 228
7 27
255 184
245 10
244 136
181 211
109 17
241 98
243 2
103 172
100 199
101 94
106 13
107 183
105 56
39 276
33 8
31 105
30 178
37 164
247 207
35 117
34 101
252 234
60 107
61 51
62 208
259 222
64 133
65 267
179 4
67 221
68 86
176 161
175 201
251 11
173 77
172 24
254 95
170 173
222 198
249 25
253 275
183 53
2 143
162 37
187 31
184 73
250 18
189 68
196 62
221 243
98 97
169 60
228 260
164 64
90 140
166 261
92 233
95 231
94 190
97 115
163 218
11 200
10 7
13 34
12 189
15 74
14 39
17 150
16 129
19 187
18 212
88 270
273 204
204 106
151 160
150 245
152 181
155 119
154 103
156 118
158 148
238 35
239 29
234 5
236 67
230 70
231 30
233 203
224 15
48 156
49 249
46 111
119 205
45 170
42 250
40 1
41 71
1 254
5 256
146 236
200 193
203 130
145 81
142 259
143 55
140 268
177 46
209 61
208 163
148 149
149 252
77 21
76 128
74 137
73 176
71 132
70 179
79 20
205 138
261 244
260 120
220 216
216 217
215 214
250 215
213 212
220 213
211 210
213 211
168 165
263 264
266 265
250 218
218 219
134 133
131 132
135 131
131 130
141 137
135 136
159 135
137 134
137 139
137 138
165 166
23 24
26 25
36 26
26 27
26 20
20 21
23 22
26 23
159 160
26 28
44 29
159 161
1 0
3 4
9 8
162 163
121 119
272 271
250 258
121 120
147 121
121 122
124 123
126 124
124 125
134 126
126 127
126 128
126 129
272 269
269 268
168 167
119 118
63 59
59 58
54 55
59 54
54 57
54 56
52 51
54 50
52 53
54 52
250 259
165 164
202 201
195 199
180 179
195 200
215 195
195 194
195 197
174 178
202 191
191 190
194 193
191 192
116 115
113 114
89 88
91 89
110 111
126 110
121 113
113 112
87 82
82 83
108 80
82 81
87 86
91 87
82 84
82 85
250 251
195 198
250 256
202 206
250 226
250 257
26 3
174 177
250 254
6 7
246 247
274 273
250 255
226 225
242 245
242 244
126 108
110 109
242 241
242 240
242 243
246 242
113 102
102 103
99 100
102 101
104 106
108 107
126 104
104 105
38 39
43 38
32 33
44 32
32 31
29 30
38 37
47 36
36 35
32 34
248 246
250 252
202 205
250 223
174 176
59 60
59 61
63 62
78 63
63 64
66 65
69 66
66 67
69 68
75 69
174 175
182 174
174 173
171 172
174 171
171 170
202 203
223 222
185 181
250 253
262 248
188 182
182 183
186 180
3 2
182 162
186 187
185 184
11 6
250 220
195 186
194 188
188 189
209 202
195 196
220 221
191 185
108 99
99 98
181 168
168 169
250 229
229 228
104 91
89 90
99 93
93 92
96 95
93 94
96 97
113 96
43 11
9 10
11 13
11 12
11 15
11 14
11 17
11 16
20 19
11 18
116 117
262 250
119 116
277 274
202 204
274 275
147 151
147 150
159 153
153 152
153 155
153 154
186 157
157 156
180 159
159 158
278 277
235 234
237 238
240 239
202 207
242 235
237 236
240 237
229 230
232 231
235 232
232 233
223 224
47 48
47 49
47 46
50 47
50 44
44 45
43 42
54 43
38 40
38 41
11 1
6 5
11 9
277 272
147 146
153 147
157 144
144 145
141 142
144 143
137 140
147 141
216 209
202 208
147 148
147 149
75 77
75 76
78 75
72 74
72 73
78 72
72 71
69 70
80 79
80 78
271 263
248 249
263 262
226 227
250 261
271 270
250 260
277 276
266 267
269 266
