197
278
278
217 208
214 60
212 109
210 21
211 172
264 253
218 273
219 71
133 70
132 115
130 88
137 127
136 31
139 267
138 48
225 53
24 138
25 119
27 33
20 265
21 40
22 212
160 65
28 261
29 173
161 155
0 255
4 250
8 73
227 68
120 275
122 18
123 139
267 145
125 92
265 105
127 264
128 34
129 4
268 256
167 177
58 150
55 62
57 8
56 245
51 83
258 270
53 64
201 132
199 198
198 151
197 162
178 217
191 57
190 203
193 84
192 25
115 86
114 76
117 197
270 236
111 163
275 179
276 234
112 254
83 146
81 37
86 49
118 222
84 90
85 133
207 178
256 28
206 184
257 205
7 241
255 219
245 140
244 13
181 231
109 199
241 120
243 170
103 85
100 74
101 61
106 20
107 41
105 228
39 122
33 259
31 2
30 249
37 136
247 243
35 252
34 7
252 112
60 129
61 190
62 201
259 81
64 276
65 244
179 200
67 0
68 209
176 164
175 19
251 30
173 42
172 257
254 192
170 51
222 142
249 27
253 14
183 117
2 56
162 94
187 118
184 128
250 107
189 161
196 154
221 207
98 187
169 227
228 46
164 98
90 224
166 206
92 100
95 111
94 176
97 1
163 175
11 17
10 156
13 260
12 125
15 181
14 268
17 130
16 218
19 39
18 211
88 123
273 11
204 158
151 152
150 160
152 230
155 221
154 101
156 12
158 5
238 210
239 97
234 95
236 149
230 106
231 79
233 10
224 45
48 251
49 193
46 196
119 183
45 24
42 239
40 143
41 15
1 67
5 169
146 166
200 214
203 137
145 55
142 233
143 114
140 191
177 35
209 58
208 204
148 16
149 103
77 258
76 167
74 77
73 189
71 29
70 22
79 225
205 247
261 148
260 238
220 216
216 217
215 214
250 215
213 212
220 213
211 210
213 211
168 165
263 264
266 265
250 218
218 219
134 133
131 132
135 131
131 130
141 137
135 136
159 135
137 134
137 139
137 138
165 166
23 24
26 25
36 26
26 27
26 20
20 21
23 22
26 23
159 160
26 28
44 29
159 161
1 0
3 4
9 8
162 163
121 119
272 271
250 258
121 120
147 121
121 122
124 123
126 124
124 125
134 126
126 127
126 128
126 129
272 269
269 268
168 167
119 118
63 59
59 58
54 55
59 54
54 57
54 56
52 51
54 50
52 53
54 52
250 259
165 164
202 201
195 199
180 179
195 200
215 195
195 194
195 197
174 178
202 191
191 190
194 193
191 192
116 115
113 114
89 88
91 89
110 111
126 110
121 113
113 112
87 82
82 83
108 80
82 81
87 86
91 87
82 84
82 85
250 251
195 198
250 256
202 206
250 226
250 257
26 3
174 177
250 254
6 7
246 247
274 273
250 255
226 225
242 245
242 244
126 108
110 109
242 241
242 240
242 243
246 242
113 102
102 103
99 100
102 101
104 106
108 107
126 104
104 105
38 39
43 38
32 33
44 32
32 31
29 30
38 37
47 36
36 35
32 34
248 246
250 252
202 205
250 223
174 176
59 60
59 61
63 62
78 63
63 64
66 65
69 66
66 67
69 68
75 69
174 175
182 174
174 173
171 172
174 171
171 170
202 203
223 222
185 181
250 253
262 248
188 182
182 183
186 180
3 2
182 162
186 187
185 184
11 6
250 220
195 186
194 188
188 189
209 202
195 196
220 221
191 185
108 99
99 98
181 168
168 169
250 229
229 228
104 91
89 90
99 93
93 92
96 95
93 94
96 97
113 96
43 11
9 10
11 13
11 12
11 15
11 14
11 17
11 16
20 19
11 18
116 117
262 250
119 116
277 274
202 204
274 275
147 151
147 150
159 153
153 152
153 155
153 154
186 157
157 156
180 159
159 158
278 277
235 234
237 238
240 239
202 207
242 235
237 236
240 237
229 230
232 231
235 232
232 233
223 224
47 48
47 49
47 46
50 47
50 44
44 45
43 42
54 43
38 40
38 41
11 1
6 5
11 9
277 272
147 146
153 147
157 144
144 145
141 142
144 143
137 140
147 141
216 209
202 208
147 148
147 149
75 77
75 76
78 75
72 74
72 73
78 72
72 71
69 70
80 79
80 78
271 263
248 249
263 262
226 227
250 261
271 270
250 260
277 276
266 267
269 266
