197
278
278
217 247
214 101
212 162
210 100
211 61
264 39
218 198
219 20
133 167
132 138
130 199
137 48
136 196
139 103
138 14
225 175
24 137
25 231
27 119
20 71
21 155
22 207
160 239
28 253
29 86
161 259
0 250
4 2
8 238
227 189
120 22
122 118
123 142
267 29
125 4
265 55
127 243
128 219
129 261
268 234
167 125
58 260
55 8
57 84
56 49
51 16
258 233
53 251
201 33
199 133
198 95
197 273
178 160
191 77
190 152
193 64
192 208
115 169
114 146
117 46
270 94
111 258
275 11
276 206
112 88
83 81
81 212
86 264
118 228
84 224
85 97
207 225
256 163
206 173
257 18
7 183
255 154
245 120
244 70
181 252
109 276
241 139
243 40
103 249
100 79
101 227
106 204
107 15
105 31
39 140
33 217
31 164
30 214
37 230
247 166
35 205
34 172
252 68
60 265
61 254
62 257
259 57
64 51
65 158
179 53
67 105
68 65
176 45
175 132
251 256
173 161
172 192
254 74
170 145
222 222
249 190
253 0
183 90
2 12
162 92
187 187
184 117
250 42
189 28
196 24
221 111
98 148
169 76
228 5
164 115
90 218
166 197
92 268
95 30
94 178
97 58
163 7
11 37
10 151
13 35
12 149
15 41
14 267
17 114
16 241
19 177
18 181
88 221
273 129
204 1
151 143
150 170
152 83
155 245
154 201
156 109
158 255
238 62
239 176
234 184
236 73
230 127
231 17
233 67
224 123
48 13
49 25
46 128
119 191
45 107
42 150
40 98
41 85
1 112
5 211
146 19
200 130
203 56
145 136
142 275
143 34
140 10
177 156
209 179
208 236
148 27
149 200
77 210
76 106
74 122
73 244
71 203
70 270
79 60
205 21
261 209
260 193
220 216
216 217
215 214
250 215
213 212
220 213
211 210
213 211
168 165
263 264
266 265
250 218
218 219
134 133
131 132
135 131
131 130
141 137
135 136
159 135
137 134
137 139
137 138
165 166
23 24
26 25
36 26
26 27
26 20
20 21
23 22
26 23
159 160
26 28
44 29
159 161
1 0
3 4
9 8
162 163
121 119
272 271
250 258
121 120
147 121
121 122
124 123
126 124
124 125
134 126
126 127
126 128
126 129
272 269
269 268
168 167
119 118
63 59
59 58
54 55
59 54
54 57
54 56
52 51
54 50
52 53
54 52
250 259
165 164
202 201
195 199
180 179
195 200
215 195
195 194
195 197
174 178
202 191
191 190
194 193
191 192
116 115
113 114
89 88
91 89
110 111
126 110
121 113
113 112
87 82
82 83
108 80
82 81
87 86
91 87
82 84
82 85
250 251
195 198
250 256
202 206
250 226
250 257
26 3
174 177
250 254
6 7
246 247
274 273
250 255
226 225
242 245
242 244
126 108
110 109
242 241
242 240
242 243
246 242
113 102
102 103
99 100
102 101
104 106
108 107
126 104
104 105
38 39
43 38
32 33
44 32
32 31
29 30
38 37
47 36
36 35
32 34
248 246
250 252
202 205
250 223
174 176
59 60
59 61
63 62
78 63
63 64
66 65
69 66
66 67
69 68
75 69
174 175
182 174
174 173
171 172
174 171
171 170
202 203
223 222
185 181
250 253
262 248
188 182
182 183
186 180
3 2
182 162
186 187
185 184
11 6
250 220
195 186
194 188
188 189
209 202
195 196
220 221
191 185
108 99
99 98
181 168
168 169
250 229
229 228
104 91
89 90
99 93
93 92
96 95
93 94
96 97
113 96
43 11
9 10
11 13
11 12
11 15
11 14
11 17
11 16
20 19
11 18
116 117
262 250
119 116
277 274
202 204
274 275
147 151
147 150
159 153
153 152
153 155
153 154
186 157
157 156
180 159
159 158
278 277
235 234
237 238
240 239
202 207
242 235
237 236
240 237
229 230
232 231
235 232
232 233
223 224
47 48
47 49
47 46
50 47
50 44
44 45
43 42
54 43
38 40
38 41
11 1
6 5
11 9
277 272
147 146
153 147
157 144
144 145
141 142
144 143
137 140
147 141
216 209
202 208
147 148
147 149
75 77
75 76
78 75
72 74
72 73
78 72
72 71
69 70
80 79
80 78
271 263
248 249
263 262
226 227
250 261
271 270
250 260
277 276
266 267
269 266
