197
393
0
273 3
275 4
276 6
270 8
268 11
265 13
267 14
264 16
224 18
212 23
221 25
210 27
211 28
217 30
209 32
190 38
191 40
192 42
184 44
181 46
167 48
164 51
166 52
169 53
207 54
201 56
204 57
205 59
206 61
208 62
203 63
251 64
227 67
254 69
222 71
258 72
261 74
255 76
230 79
228 80
256 84
249 86
247 88
234 94
231 96
233 97
236 99
238 100
241 101
245 102
239 104
244 106
243 107
219 109
218 110
250 112
259 115
225 117
260 118
253 120
252 122
257 124
214 126
200 128
196 131
198 132
199 136
193 138
189 140
172 148
170 149
175 150
173 151
178 153
177 154
176 155
163 157
162 158
183 159
197 160
156 163
145 165
143 166
187 168
179 170
161 172
158 175
132 178
130 179
136 180
160 182
152 184
154 187
155 188
148 190
149 193
150 194
151 196
114 201
103 203
101 205
97 207
95 208
112 209
122 212
120 213
118 215
117 218
115 219
119 220
146 223
142 224
139 226
137 228
138 230
140 232
133 234
127 237
128 238
105 243
86 245
106 246
111 248
129 249
125 251
90 254
88 255
83 259
84 260
81 261
85 262
109 265
123 266
100 269
94 271
92 272
107 274
98 276
79 278
74 281
71 283
73 284
76 287
77 289
68 291
65 293
67 294
70 297
64 298
62 300
61 302
58 304
60 306
55 308
51 311
57 312
56 314
34 323
31 324
27 330
21 333
2 336
4 337
19 338
20 339
28 340
22 342
24 343
25 344
33 345
45 346
30 348
29 349
35 351
46 353
49 354
48 355
53 356
42 358
39 361
41 363
40 364
37 366
14 368
15 370
11 373
8 376
10 377
16 379
13 381
12 382
17 385
18 386
5 389
7 390
1 392
0 393
0 1
1 2
2 3
2 4
1 5
5 6
5 7
7 8
7 9
9 10
10 11
10 12
12 13
12 14
9 15
15 16
15 17
17 18
17 19
19 20
20 21
21 22
22 23
22 24
24 25
24 26
26 27
26 28
21 29
29 30
29 31
31 32
31 33
33 34
34 35
35 36
36 37
37 38
37 39
39 40
39 41
41 42
41 43
43 44
43 45
45 46
45 47
47 48
47 49
49 50
50 51
50 52
49 53
36 54
35 55
55 56
55 57
34 58
58 59
58 60
60 61
60 62
33 63
20 64
19 65
65 66
66 67
66 68
68 69
68 70
70 71
70 72
65 73
73 74
73 75
75 76
75 77
77 78
78 79
78 80
77 81
81 82
82 83
83 84
83 85
85 86
85 87
87 88
87 89
89 90
90 91
91 92
92 93
93 94
93 95
95 96
95 97
92 98
98 99
98 100
91 101
90 102
89 103
103 104
103 105
105 106
105 107
82 108
108 109
108 110
81 111
111 112
111 113
113 114
114 115
114 116
116 117
116 118
113 119
119 120
119 121
121 122
121 123
123 124
123 125
125 126
125 127
127 128
127 129
129 130
130 131
130 132
129 133
133 134
134 135
135 136
135 137
137 138
137 139
139 140
139 141
141 142
142 143
143 144
144 145
145 146
146 147
147 148
147 149
146 150
145 151
144 152
152 153
152 154
143 155
142 156
156 157
156 158
141 159
134 160
133 161
161 162
162 163
162 164
164 165
164 166
161 167
167 168
167 169
169 170
169 171
171 172
171 173
173 174
174 175
174 176
176 177
177 178
177 179
176 180
173 181
181 182
181 183
183 184
183 185
185 186
186 187
186 188
185 189
189 190
189 191
191 192
192 193
192 194
191 195
195 196
195 197
197 198
198 199
199 200
200 201
200 202
202 203
202 204
204 205
204 206
206 207
206 208
199 209
198 210
210 211
211 212
211 213
210 214
214 215
214 216
216 217
217 218
217 219
216 220
197 221
221 222
222 223
222 224
221 225
225 226
225 227
227 228
227 229
229 230
229 231
231 232
231 233
233 234
233 235
235 236
236 237
236 238
235 239
239 240
240 241
241 242
242 243
242 244
244 245
244 246
241 247
247 248
247 249
240 250
250 251
250 252
252 253
253 254
253 255
252 256
256 257
257 258
258 259
258 260
257 261
256 262
239 263
263 264
264 265
264 266
263 267
267 268
268 269
268 270
270 271
270 272
267 273
273 274
273 275
275 276
275 277
277 278
277 279
279 280
280 281
280 282
282 283
282 284
279 285
285 286
286 287
286 288
288 289
288 290
290 291
290 292
292 293
292 294
285 295
295 296
296 297
296 298
295 299
299 300
299 301
301 302
301 303
303 304
303 305
305 306
305 307
307 308
307 309
309 310
310 311
310 312
309 313
313 314
313 315
315 316
316 317
317 318
318 319
319 320
320 321
321 322
322 323
322 324
321 325
325 326
326 327
327 328
328 329
329 330
329 331
331 332
332 333
332 334
334 335
335 336
335 337
334 338
331 339
328 340
327 341
341 342
341 343
326 344
325 345
320 346
319 347
347 348
347 349
318 350
350 351
350 352
352 353
352 354
317 355
316 356
315 357
357 358
357 359
359 360
360 361
360 362
362 363
362 364
359 365
365 366
365 367
367 368
367 369
369 370
369 371
371 372
372 373
372 374
374 375
375 376
375 377
374 378
378 379
378 380
380 381
380 382
371 383
383 384
384 385
384 386
383 387
387 388
388 389
388 390
387 391
391 392
391 393
