50
96
0
79 2
77 5
72 8
70 10
52 12
50 13
45 16
23 20
20 22
17 24
19 26
4 30
8 32
3 35
0 37
6 39
5 40
2 42
9 43
12 45
10 46
15 48
13 49
22 51
27 53
29 55
26 57
25 58
33 60
32 62
30 63
48 65
46 67
35 69
37 71
42 73
39 74
41 76
38 77
68 79
66 81
64 83
62 84
60 87
55 89
53 90
58 92
56 93
75 95
73 96
0 1
1 2
1 3
3 4
4 5
4 6
6 7
7 8
7 9
9 10
9 11
11 12
11 13
11 14
14 15
15 16
15 17
17 18
18 19
19 20
19 21
21 22
21 23
23 24
23 25
25 26
25 27
27 28
28 29
29 30
29 31
31 32
31 33
33 34
34 35
34 36
36 37
36 38
38 39
38 40
33 41
41 42
41 43
28 44
44 45
44 46
27 47
47 48
47 49
18 50
50 51
50 52
52 53
52 54
54 55
54 56
56 57
56 58
17 59
59 60
59 61
61 62
61 63
14 64
64 65
64 66
66 67
66 68
68 69
68 70
70 71
70 72
72 73
72 74
68 75
75 76
75 77
6 78
78 79
78 80
80 81
80 82
82 83
82 84
82 85
85 86
86 87
86 88
88 89
88 90
85 91
91 92
91 93
3 94
94 95
94 96
