50
88
0
79 2
77 4
72 7
70 9
52 11
50 12
45 15
27 18
29 19
22 20
23 22
20 24
17 25
19 27
12 30
10 31
4 33
8 35
2 36
9 37
3 39
0 41
6 43
5 44
15 46
13 47
26 49
25 50
33 52
32 54
30 55
48 57
46 59
35 61
37 63
42 65
39 66
41 68
38 69
68 71
66 73
64 75
62 76
60 79
55 81
53 82
58 84
56 85
75 87
73 88
0 1
1 2
1 3
3 4
3 5
5 6
6 7
6 8
8 9
8 10
10 11
10 12
10 13
13 14
14 15
14 16
16 17
17 18
17 19
17 20
17 21
21 22
21 23
23 24
23 25
23 26
26 27
26 28
28 29
29 30
29 31
29 32
32 33
32 34
34 35
34 36
34 37
34 38
38 39
38 40
40 41
40 42
42 43
42 44
28 45
45 46
45 47
17 48
48 49
48 50
16 51
51 52
51 53
53 54
53 55
13 56
56 57
56 58
58 59
58 60
60 61
60 62
62 63
62 64
64 65
64 66
60 67
67 68
67 69
5 70
70 71
70 72
72 73
72 74
74 75
74 76
74 77
77 78
78 79
78 80
80 81
80 82
77 83
83 84
83 85
3 86
86 87
86 88
