50
88
0
8 18
0 23
5 25
6 26
3 27
2 28
9 29
4 30
12 32
10 33
15 34
13 35
19 36
20 38
17 39
23 40
29 44
26 46
25 47
27 48
22 49
33 51
32 53
30 54
45 55
48 57
42 62
39 63
41 64
37 66
38 68
35 69
46 70
52 72
50 73
70 74
72 75
64 80
62 81
60 84
55 86
53 87
58 89
56 90
66 77
68 92
77 94
79 96
75 98
73 99
0 1
1 2
2 3
3 4
4 5
5 6
6 7
7 8
8 9
9 10
10 11
11 12
12 13
13 14
14 15
15 16
16 17
17 18
17 20
20 23
20 24
24 25
24 26
20 27
20 28
17 29
16 30
15 32
15 33
14 34
13 35
12 36
11 38
11 39
10 40
9 42
42 44
42 45
45 46
45 47
42 48
9 49
8 50
50 51
50 52
52 53
52 54
7 55
6 56
56 57
56 58
58 59
59 60
60 61
61 62
61 63
60 64
59 65
65 66
65 68
65 69
58 70
5 72
5 73
4 74
3 75
2 76
76 77
77 78
78 80
78 81
78 82
82 83
83 84
83 85
85 86
85 87
82 88
88 89
88 90
76 92
1 93
93 94
93 95
95 96
95 97
97 98
97 99
