50
99
0
77 3
73 6
75 7
79 8
68 11
64 14
62 16
56 19
58 20
55 23
53 24
60 25
66 26
72 28
70 30
50 32
52 34
48 37
35 42
38 43
37 44
41 46
42 48
39 49
46 50
45 52
33 55
32 57
30 58
22 60
29 64
26 66
25 67
27 68
23 70
20 72
17 74
19 76
13 78
15 80
12 83
10 84
4 86
9 89
8 90
3 92
2 94
5 97
6 98
0 99
0 1
1 2
2 3
2 4
4 5
5 6
5 7
4 8
1 9
9 10
10 11
10 12
12 13
13 14
13 15
15 16
15 17
17 18
18 19
18 20
17 21
21 22
22 23
22 24
21 25
12 26
9 27
27 28
27 29
29 30
29 31
31 32
31 33
33 34
33 35
35 36
36 37
36 38
38 39
39 40
40 41
41 42
41 43
40 44
39 45
45 46
45 47
47 48
47 49
38 50
35 51
51 52
51 53
53 54
54 55
54 56
56 57
56 58
53 59
59 60
59 61
61 62
62 63
63 64
63 65
65 66
65 67
62 68
61 69
69 70
69 71
71 72
71 73
73 74
73 75
75 76
75 77
77 78
77 79
79 80
79 81
81 82
82 83
82 84
81 85
85 86
85 87
87 88
88 89
88 90
87 91
91 92
91 93
93 94
93 95
95 96
96 97
96 98
95 99
