479
479
479
0 0
1 1
2 2
3 3
4 4
6 5
7 6
9 7
10 8
12 9
11 10
13 11
15 12
16 13
18 14
20 15
21 16
23 17
24 18
25 19
27 20
28 21
30 22
31 23
32 24
34 25
35 26
36 27
37 28
39 29
40 30
42 31
43 32
45 33
46 34
47 35
48 36
50 37
51 38
53 39
52 40
54 41
55 42
56 43
57 44
58 45
59 46
60 47
61 48
62 49
63 50
65 51
66 52
67 53
69 54
70 55
72 56
73 57
74 58
76 59
77 60
79 61
80 62
81 63
78 64
82 65
83 66
84 67
85 68
86 69
87 70
88 71
90 72
91 73
92 74
94 75
95 76
96 77
97 78
98 79
99 80
101 81
102 82
100 83
104 84
105 85
106 86
107 87
108 88
109 89
111 90
113 91
114 92
116 93
117 94
118 95
119 96
120 97
122 98
123 99
125 100
126 101
127 102
128 103
129 104
130 105
131 106
132 107
134 108
135 109
136 110
137 111
138 112
141 113
142 114
144 115
145 116
147 117
148 118
150 119
151 120
152 121
154 122
155 123
157 124
159 125
161 126
162 127
164 128
165 129
166 130
168 131
170 132
171 133
172 134
173 135
174 136
175 137
176 138
178 139
179 140
180 141
182 142
183 143
185 144
186 145
187 146
188 147
189 148
191 149
192 150
194 151
195 152
198 153
200 154
202 155
203 156
204 157
205 158
206 159
207 160
208 161
209 162
210 163
211 164
213 165
214 166
216 167
217 168
219 169
220 170
222 171
223 172
225 173
226 174
227 175
228 176
229 177
230 178
232 179
233 180
235 181
236 182
238 183
239 184
241 185
242 186
243 187
245 188
246 189
248 190
251 191
253 192
254 193
257 194
258 195
259 196
260 197
262 198
263 199
264 200
265 201
267 202
268 203
270 204
272 205
273 206
274 207
276 208
277 209
278 210
279 211
280 212
281 213
282 214
284 215
285 216
286 217
287 218
288 219
289 220
290 221
292 222
293 223
295 224
296 225
298 226
299 227
300 228
301 229
302 230
297 231
303 232
304 233
306 234
308 235
309 236
310 237
311 238
312 239
313 240
314 241
316 242
315 243
317 244
318 245
319 246
321 247
322 248
324 249
323 250
325 251
326 252
328 253
329 254
330 255
331 256
333 257
334 258
335 259
337 260
338 261
339 262
341 263
342 264
343 265
345 266
347 267
348 268
349 269
350 270
351 271
352 272
353 273
354 274
356 275
358 276
359 277
361 278
362 279
363 280
364 281
365 282
366 283
367 284
369 285
371 286
372 287
374 288
375 289
376 290
377 291
378 292
380 293
381 294
382 295
383 296
384 297
386 298
387 299
388 300
390 301
391 302
392 303
393 304
394 305
395 306
396 307
398 308
399 309
401 310
402 311
404 312
405 313
406 314
407 315
408 316
409 317
410 318
411 319
412 320
414 321
415 322
417 323
419 324
420 325
421 326
423 327
425 328
427 329
428 330
429 331
430 332
431 333
433 334
434 335
436 336
437 337
438 338
440 339
441 340
443 341
445 342
446 343
447 344
449 345
450 346
452 347
453 348
455 349
456 350
457 351
458 352
460 353
459 354
461 355
462 356
464 357
465 358
467 359
468 360
469 361
471 362
472 363
473 364
475 365
476 366
479 367
482 368
483 369
485 370
486 371
487 372
488 373
489 374
490 375
492 376
495 377
497 378
498 379
500 380
502 381
504 382
506 383
507 384
508 385
509 386
510 387
511 388
512 389
513 390
505 391
514 392
515 393
516 394
517 395
518 396
519 397
520 398
521 399
523 400
524 401
526 402
527 403
529 404
530 405
531 406
532 407
533 408
534 409
535 410
537 411
538 412
539 413
540 414
542 415
543 416
545 417
547 418
549 419
550 420
552 421
553 422
555 423
556 424
557 425
558 426
560 427
561 428
562 429
564 430
565 431
567 432
570 433
571 434
572 435
574 436
575 437
577 438
578 439
580 440
581 441
582 442
583 443
585 444
586 445
588 446
589 447
591 448
593 449
595 450
597 451
598 452
600 453
601 454
603 455
604 456
606 457
607 458
608 459
609 460
611 461
612 462
613 463
614 464
615 465
617 466
620 467
622 468
624 469
625 470
626 471
627 472
629 473
630 474
632 475
633 476
635 477
636 478
479 473
473 468
468 470
473 472
473 478
479 477
477 452
452 453
468 469
479 455
455 471
455 454
455 449
471 476
449 448
473 475
473 450
450 451
448 437
437 438
437 444
444 445
445 443
444 447
437 446
437 442
442 424
424 425
424 429
429 430
429 433
430 427
442 441
430 426
433 422
422 423
442 440
424 432
429 431
433 434
429 435
430 428
433 436
442 439
475 474
468 331
331 306
331 327
331 391
391 324
391 394
391 396
306 264
264 263
306 307
306 330
327 326
331 281
281 461
281 463
331 383
391 382
391 386
391 389
391 392
391 395
463 418
418 419
263 267
267 270
267 271
264 238
238 239
238 240
267 236
236 219
219 220
236 237
267 268
271 302
302 303
302 290
290 289
302 304
281 284
302 266
306 300
306 315
315 311
311 316
311 317
324 325
391 333
391 336
336 337
336 342
391 340
340 341
391 387
396 384
463 462
263 234
267 272
267 273
271 291
271 323
273 243
243 231
231 229
243 245
231 226
231 230
243 242
243 244
226 227
231 228
281 403
403 406
403 404
281 409
409 408
281 417
291 222
222 221
291 276
276 277
291 308
300 301
302 288
304 265
306 252
252 253
306 285
306 329
315 312
331 332
391 321
391 393
391 397
403 405
403 420
461 416
226 199
229 189
189 190
229 202
202 201
231 198
234 235
238 223
238 224
264 269
271 233
233 213
213 208
213 185
185 184
213 209
209 211
281 282
306 293
306 385
311 313
383 407
383 421
391 334
185 167
167 166
190 145
145 146
145 147
145 163
145 148
148 149
145 150
145 162
145 156
145 160
146 158
145 157
145 161
145 154
145 168
168 187
168 169
168 186
145 192
150 151
160 193
202 203
209 212
226 197
231 225
231 232
236 318
318 328
263 388
276 216
216 218
216 254
216 256
216 257
216 246
216 247
216 258
254 255
216 217
293 292
302 278
302 305
306 286
306 294
306 295
295 283
283 279
295 296
324 343
383 335
391 338
416 411
411 410
411 413
202 204
213 214
236 195
195 188
188 164
188 181
195 194
195 196
188 136
136 137
136 173
136 174
136 178
178 177
136 172
136 175
136 176
136 180
164 165
188 191
181 182
243 215
271 398
279 280
281 399
399 400
281 464
302 274
302 275
306 250
250 207
207 206
250 248
250 262
207 261
250 251
250 249
306 390
321 322
184 140
140 139
140 138
140 152
213 210
216 259
243 241
250 260
264 287
302 310
310 309
306 320
315 314
338 339
145 159
185 179
179 153
179 144
179 135
135 125
135 134
125 126
135 133
135 132
125 131
179 143
411 412
145 128
128 129
145 155
236 205
327 415
129 127
135 141
141 142
264 171
171 170
281 401
281 414
145 200
165 183
318 319
401 402
281 458
458 459
458 456
458 297
297 299
297 298
298 457
298 460
141 123
123 110
110 111
110 101
101 105
101 100
101 103
101 106
105 102
101 104
110 120
110 121
120 116
116 117
102 91
105 99
110 113
91 90
110 107
107 108
107 84
84 26
26 27
26 75
26 83
75 44
44 45
44 46
44 50
83 19
19 64
64 18
18 10
10 8
64 60
64 61
64 69
64 12
12 68
64 34
64 93
64 94
69 70
83 80
83 82
84 97
10 9
26 24
26 42
26 85
26 86
26 89
44 48
64 6
64 21
21 23
64 63
64 95
69 98
84 57
84 74
74 71
6 7
12 33
21 22
42 41
44 40
40 38
40 39
40 51
40 52
44 49
57 29
29 28
29 55
57 56
61 62
64 1
1 0
64 13
64 66
64 67
69 81
74 73
86 88
12 11
12 92
13 14
34 32
44 36
36 37
44 43
44 79
45 15
15 3
3 2
57 53
53 54
64 4
4 5
64 65
64 96
107 109
34 35
44 17
17 16
44 47
44 77
64 59
74 30
12 20
24 25
26 72
26 87
44 78
97 76
57 58
15 31
110 119
110 124
110 112
110 114
114 115
110 118
110 122
110 130
281 466
466 465
281 467
406 381
381 378
378 354
354 353
354 352
354 355
354 377
354 360
360 359
360 366
366 346
346 347
360 358
377 376
376 375
375 344
344 345
345 369
345 372
344 350
350 351
344 370
345 365
344 348
344 371
344 373
344 349
344 361
344 364
345 363
345 379
344 357
346 356
348 362
354 367
344 374
354 368
381 380
