479
639
639
0 227
347 537
341 396
342 468
343 248
348 297
349 462
298 600
299 175
296 172
297 384
295 0
292 189
293 449
290 597
591 213
593 476
595 178
198 353
597 1
195 361
194 265
191 598
192 523
270 308
272 57
273 398
274 118
276 329
277 609
278 217
279 180
524 509
526 506
527 547
520 415
521 550
523 42
529 538
449 593
443 614
441 311
440 438
447 617
446 341
445 50
108 27
109 293
102 535
100 130
101 23
106 562
107 339
104 137
105 629
39 195
32 539
31 111
30 97
37 235
36 507
35 382
34 104
438 123
436 411
437 622
434 2
433 113
430 228
431 136
339 437
338 464
335 56
334 54
337 580
331 260
330 205
333 452
345 419
6 497
99 125
98 126
91 487
90 288
92 376
95 292
94 436
97 458
96 414
558 552
555 433
557 571
556 543
550 595
553 567
552 392
238 301
239 325
235 214
236 200
230 59
232 337
233 192
1 404
147 323
144 425
145 577
142 144
141 207
612 542
613 504
611 95
617 492
148 531
615 257
622 120
132 527
131 105
130 106
137 620
136 372
135 80
134 482
495 173
138 72
490 457
492 450
24 608
25 461
27 142
20 405
21 471
23 295
28 636
407 170
406 401
405 519
404 475
402 81
401 204
629 378
409 208
408 343
378 262
371 66
372 155
375 7
374 166
377 570
376 612
393 611
392 300
88 220
390 147
396 317
395 55
394 483
82 624
83 387
80 356
81 524
86 575
87 549
84 374
85 627
7 632
601 455
586 259
585 615
582 251
583 347
580 633
581 349
588 188
589 540
245 229
246 326
241 585
614 513
243 430
242 555
606 485
248 502
519 28
518 47
511 58
510 61
513 574
512 20
515 521
514 122
517 440
516 65
458 226
459 335
620 296
627 152
626 363
625 116
624 77
450 176
452 131
453 428
455 25
456 362
457 445
179 273
178 179
176 187
175 565
174 603
173 168
172 318
171 90
170 182
182 406
183 157
180 154
2 12
186 473
187 322
185 210
188 108
189 588
11 564
10 375
13 32
12 561
15 109
16 254
18 402
62 429
322 9
323 589
321 15
326 630
324 626
325 78
328 314
329 127
200 52
203 498
202 371
205 467
204 310
207 517
206 281
209 150
208 299
77 358
76 304
74 21
73 456
72 92
70 84
79 581
78 40
542 98
543 410
540 423
547 216
545 303
549 132
598 321
120 279
122 79
123 76
125 94
126 583
127 239
128 148
129 13
414 31
415 351
417 330
410 460
411 348
412 138
498 319
419 114
319 53
318 73
313 399
312 582
311 37
310 230
317 558
316 246
315 465
314 243
497 364
3 625
369 100
366 447
367 338
364 6
365 324
362 511
363 515
361 253
380 209
381 395
382 386
383 267
384 393
386 601
387 342
388 352
578 186
604 202
572 306
571 446
570 232
577 16
575 164
574 222
60 369
61 24
258 185
259 10
65 556
66 287
67 345
69 286
251 194
257 453
254 223
600 276
603 298
508 328
509 39
506 302
507 51
504 366
505 354
502 35
500 99
630 268
632 421
633 377
469 434
468 270
636 4
465 107
464 159
467 278
461 607
460 489
462 258
168 285
164 245
165 469
166 69
161 211
162 510
9 119
356 162
354 263
353 34
352 333
351 553
350 520
359 383
358 486
216 443
217 518
214 459
213 431
210 86
211 331
219 572
289 30
288 219
4 479
281 367
280 591
282 315
285 88
284 533
287 102
286 427
263 96
262 203
260 206
267 316
265 74
264 134
268 560
59 264
58 87
55 191
54 514
57 557
56 129
51 128
50 441
53 45
52 391
537 238
535 394
63 171
533 334
532 495
531 309
530 606
539 46
538 272
114 174
117 141
116 83
111 409
113 516
253 280
119 407
118 613
429 101
428 67
534 36
421 529
420 578
423 490
425 417
427 233
308 313
309 183
300 312
301 472
302 43
303 117
304 70
306 284
560 18
561 635
562 282
564 82
565 242
567 545
229 390
228 165
227 225
226 388
225 532
223 420
222 359
220 151
391 277
151 512
150 274
607 380
152 604
155 3
154 135
157 381
159 505
609 145
608 586
399 530
635 236
398 198
48 289
46 48
47 63
45 60
42 500
43 91
40 85
489 534
488 365
487 290
486 62
485 161
483 488
482 508
472 350
473 241
471 526
476 408
475 412
479 11
391 344
1 0
426 346
346 347
346 340
340 341
340 342
344 343
346 348
346 349
596 595
605 606
602 594
621 619
297 298
297 299
297 296
315 297
311 294
294 295
291 292
294 293
291 290
377 291
592 591
592 590
594 593
594 592
231 199
199 198
596 597
628 596
196 195
193 194
199 197
249 196
190 191
201 190
201 193
193 192
269 270
309 271
271 272
274 273
323 274
305 275
275 276
275 277
275 278
275 279
525 524
610 525
525 526
528 527
505 520
522 521
610 522
522 523
635 599
551 528
528 529
448 449
484 448
442 443
444 442
442 441
439 440
448 447
444 446
444 445
505 444
103 108
103 109
100 102
121 103
115 100
100 101
103 106
103 107
103 104
103 105
38 39
71 38
103 33
33 32
29 31
29 30
38 37
35 36
103 35
33 34
439 438
444 439
435 436
435 437
435 434
444 435
505 432
432 433
429 430
432 431
336 339
336 338
332 335
332 334
336 337
429 336
332 331
329 330
332 333
357 332
344 345
5 6
100 99
93 98
89 91
89 90
121 93
89 92
93 95
93 94
93 97
93 96
569 559
559 558
554 555
566 554
556 557
568 556
610 551
551 550
554 553
551 552
237 238
240 239
244 234
234 235
237 236
256 237
224 230
249 231
231 232
234 233
78 1
610 614
156 146
146 147
143 144
146 145
143 142
153 143
156 140
140 141
610 612
610 613
619 610
610 611
618 616
616 617
149 148
156 149
629 623
623 622
139 133
133 132
124 131
124 130
136 137
140 136
133 135
133 134
499 494
494 495
149 139
139 138
491 490
496 491
491 492
496 493
115 24
26 25
78 26
26 27
19 20
22 21
93 22
22 23
29 28
115 29
403 407
403 406
403 405
403 404
610 403
403 402
400 401
444 400
637 629
403 409
403 408
629 628
505 379
379 378
370 371
426 370
391 373
373 372
376 375
373 374
397 377
418 376
619 618
391 393
391 392
89 88
121 89
444 397
395 396
426 395
391 394
78 82
78 83
78 80
78 81
78 86
78 87
78 84
78 85
8 7
602 601
605 607
584 586
590 587
587 584
584 585
579 582
584 583
579 580
579 581
587 588
590 589
244 245
256 244
255 247
247 246
240 241
275 240
283 243
243 242
616 615
275 249
247 248
505 519
505 518
505 511
505 510
505 513
505 512
505 515
505 514
505 517
505 516
459 458
478 459
634 621
621 620
628 627
634 626
623 625
623 624
451 450
477 451
451 452
454 453
484 454
454 455
484 456
456 457
177 179
177 178
196 177
177 176
174 175
224 174
169 173
169 172
169 171
169 170
252 253
181 182
184 183
181 180
197 181
201 186
186 187
231 184
184 185
186 188
190 189
24 11
11 10
14 13
11 12
14 15
78 14
78 17
17 16
93 19
17 18
57 62
323 322
336 323
332 320
320 321
327 326
368 327
323 324
323 325
327 328
332 329
252 201
201 200
201 203
201 202
201 205
201 204
201 207
201 206
201 209
201 208
78 77
75 76
115 75
75 74
110 73
73 72
110 71
71 70
78 79
115 78
3 2
541 542
544 543
541 540
546 541
610 546
548 547
610 544
546 545
78 8
610 548
548 549
121 68
599 598
121 120
133 121
121 122
124 123
136 124
124 125
124 126
124 127
124 128
124 129
413 414
416 415
505 416
416 417
424 410
410 411
413 412
416 413
496 498
444 418
505 419
503 499
320 319
315 318
311 313
311 312
610 311
309 310
315 317
315 316
353 315
315 314
499 496
496 497
19 3
395 368
370 369
382 366
368 367
610 364
364 365
366 362
362 363
373 360
360 361
379 380
379 381
505 382
382 383
385 384
605 385
385 386
385 387
389 388
426 389
618 605
590 579
579 578
605 604
579 573
569 572
569 571
569 570
576 577
587 576
576 575
573 574
57 60
57 61
256 258
256 259
93 64
64 65
64 66
68 67
255 252
68 69
256 250
250 251
271 256
256 257
252 254
261 255
602 603
626 602
505 508
505 509
505 506
505 507
505 504
610 505
501 502
610 503
501 500
503 501
631 630
638 631
631 632
634 633
470 469
466 468
637 636
638 637
466 465
463 464
466 467
481 466
459 461
459 460
480 463
463 462
169 168
231 169
163 164
163 165
167 166
197 167
169 160
160 161
163 162
201 163
599 600
8 9
377 357
355 356
391 355
355 354
444 353
346 352
346 351
346 350
357 359
357 358
215 216
218 217
215 214
275 215
244 212
212 213
201 210
212 211
243 218
218 219
288 289
309 288
5 4
275 281
275 280
315 283
275 282
332 285
283 284
285 287
285 286
261 263
261 262
297 261
261 260
266 267
269 266
266 265
261 264
297 269
269 268
57 59
57 58
103 55
55 54
93 57
57 56
52 51
49 50
52 53
64 52
536 537
544 536
536 535
57 63
534 533
528 532
528 531
528 530
536 539
536 538
121 115
115 114
115 117
115 116
112 111
121 110
112 113
124 112
115 119
115 118
505 429
426 428
610 534
422 421
419 420
422 423
505 422
424 425
444 424
426 427
505 426
307 308
346 309
297 300
297 301
297 302
297 303
305 304
360 305
307 306
340 307
579 568
573 569
559 560
559 561
563 562
569 563
563 564
566 565
569 566
568 567
224 229
224 228
224 227
224 226
224 225
250 224
224 223
221 222
307 221
221 220
418 391
389 390
149 151
149 150
158 153
149 152
156 155
153 154
156 157
158 156
160 159
167 158
605 609
605 608
638 634
400 399
638 635
397 398
49 48
93 49
44 46
44 47
78 44
44 45
41 42
44 43
41 40
93 41
639 638
78 5
484 489
484 488
484 487
484 486
484 485
493 484
484 483
481 482
494 481
494 480
470 472
474 473
493 470
470 471
477 476
480 477
484 474
474 475
499 478
478 479
