479
677
0
635 2
598 5
600 6
636 9
595 13
597 14
627 15
629 10
625 19
624 21
622 22
630 25
632 26
603 28
601 31
633 34
626 33
593 37
591 39
583 44
586 45
585 46
589 47
577 50
575 51
588 53
567 60
562 62
555 68
553 69
565 70
570 71
574 73
561 76
558 77
564 78
572 81
560 82
571 83
556 84
557 86
580 87
582 88
581 89
578 90
620 92
615 95
617 96
607 100
604 102
608 103
609 105
606 107
387 110
384 109
386 112
614 117
552 118
506 119
527 122
531 125
530 126
529 128
550 129
532 130
364 132
526 138
524 139
502 141
492 146
495 147
479 149
461 151
460 154
459 150
458 156
497 161
498 162
490 163
471 167
469 168
472 169
488 174
457 177
456 176
447 179
449 182
475 185
483 186
487 187
455 189
453 190
486 192
473 194
489 195
485 196
468 200
467 201
465 202
462 205
464 206
482 209
476 210
450 212
452 213
500 214
543 217
538 221
539 222
537 223
535 224
611 135
540 228
542 229
545 230
533 234
534 233
612 237
549 240
547 241
613 236
523 245
521 246
430 248
429 247
421 253
423 252
515 256
414 260
415 261
517 262
519 267
516 268
509 270
510 271
505 255
518 276
507 278
512 279
504 281
425 284
410 285
437 289
436 291
445 292
438 294
440 295
443 297
441 298
433 302
431 303
419 304
420 307
446 308
514 310
383 315
382 314
366 318
363 321
362 320
401 324
399 325
388 329
390 330
508 333
513 334
511 335
380 341
378 343
381 344
371 345
396 349
428 350
412 353
337 355
324 358
273 362
274 360
338 364
322 367
325 368
323 357
339 370
328 373
326 374
367 376
404 379
407 378
406 382
408 385
409 387
402 388
405 389
395 337
427 391
369 392
310 396
272 398
230 405
229 406
225 407
226 410
228 411
233 413
175 415
174 414
213 421
211 422
245 424
235 425
258 428
257 429
251 432
236 433
238 434
223 435
227 436
259 437
309 394
289 441
288 440
352 446
222 449
220 451
308 453
306 454
341 456
411 461
349 463
365 464
372 465
342 457
295 469
293 470
313 472
312 474
311 467
350 478
353 479
317 482
318 485
316 488
301 491
267 495
265 496
268 498
270 499
303 500
299 505
296 507
263 509
260 512
262 513
264 515
253 518
254 520
246 522
248 523
209 531
205 533
219 536
217 535
242 539
243 540
206 541
200 543
207 544
191 547
189 548
187 550
188 552
186 549
210 555
194 559
162 561
164 563
165 564
202 565
192 566
204 568
208 569
203 570
300 571
298 573
302 574
297 489
315 481
314 578
284 579
347 580
348 582
358 586
359 589
398 591
377 592
290 595
292 596
329 600
330 602
321 606
319 607
335 608
333 609
334 611
286 613
285 612
287 616
331 617
351 583
417 620
520 622
345 626
394 629
434 631
343 633
393 632
376 637
375 639
392 640
391 625
374 643
356 645
354 646
361 648
304 650
276 653
281 655
282 656
278 658
279 661
277 662
280 664
239 667
241 668
216 671
214 672
176 676
195 677
178 679
179 678
232 683
198 684
183 687
185 688
173 692
171 694
168 697
172 698
159 700
161 701
170 702
180 705
182 706
166 708
155 710
145 714
147 715
157 716
151 719
152 720
150 723
141 725
137 728
136 727
131 732
125 736
126 737
123 740
130 742
113 745
111 746
127 747
128 748
129 749
154 751
144 753
142 754
138 756
148 758
135 761
132 760
134 764
98 770
66 773
51 775
53 777
52 772
65 779
97 782
23 784
21 785
48 788
50 789
96 790
60 793
59 797
56 799
62 800
57 792
61 804
63 805
58 806
94 807
42 809
20 811
3 812
2 814
122 817
90 819
92 821
40 824
91 825
88 826
73 830
72 832
67 835
69 836
70 838
37 840
39 841
95 843
120 842
105 850
35 849
36 853
107 854
108 858
106 859
34 861
32 862
109 864
54 866
55 865
104 868
31 871
28 873
30 874
99 878
102 880
100 877
116 882
118 886
101 888
114 889
76 892
74 893
119 894
117 896
77 898
81 902
43 906
47 907
46 908
45 910
85 911
7 913
9 914
78 897
83 921
13 923
15 924
79 926
80 928
84 929
24 931
11 933
10 936
12 937
82 939
27 941
25 942
4 946
6 947
87 949
86 948
18 953
16 954
1 955
0 957
0 1
1 2
2 4
4 5
4 6
1 7
7 8
8 9
8 10
10 11
11 12
12 13
12 14
11 15
10 18
18 19
18 21
18 22
7 24
24 25
24 26
7 27
27 28
28 30
30 31
30 33
33 34
30 36
36 37
36 38
38 39
38 40
40 41
41 42
42 43
43 44
43 45
42 46
41 47
40 49
49 50
49 51
40 52
52 53
52 54
54 58
58 59
59 60
59 61
61 62
61 63
63 66
66 67
67 68
67 69
66 70
63 71
63 73
63 74
74 76
74 77
74 78
78 80
80 81
80 82
63 83
58 84
84 86
54 87
54 88
54 89
54 90
27 91
91 92
91 93
93 94
94 95
94 96
93 97
97 98
98 99
99 100
99 102
99 103
98 104
104 105
104 106
106 107
106 108
108 109
109 110
108 112
97 113
113 114
114 116
116 117
116 118
114 119
114 120
120 122
120 125
120 126
120 128
120 129
120 130
113 132
113 135
135 136
136 137
137 138
137 139
136 140
140 141
140 142
142 143
143 145
145 146
145 147
143 148
148 149
148 150
150 151
150 154
150 156
143 157
157 158
158 160
160 161
160 162
158 163
158 164
164 165
165 167
165 168
165 169
164 170
170 174
170 175
175 176
176 177
175 179
170 181
181 182
181 185
181 186
181 187
170 188
188 189
188 190
170 192
170 193
193 194
193 195
170 196
157 197
197 198
198 199
199 200
199 201
198 202
197 204
204 205
204 206
197 207
207 208
208 209
208 210
207 211
211 212
211 213
142 214
135 216
216 217
216 218
218 221
218 222
218 223
218 224
113 226
226 227
227 228
227 229
226 230
113 233
233 234
113 236
236 237
236 239
239 240
239 241
113 244
244 245
244 246
113 247
247 248
247 252
252 253
247 255
255 256
255 259
259 260
259 261
255 262
255 267
255 268
255 270
255 271
255 276
276 278
255 279
255 281
255 282
282 283
283 284
283 285
282 288
288 289
288 291
288 292
282 293
293 294
293 295
282 296
296 297
296 298
255 301
301 302
301 303
255 304
304 306
306 307
306 308
255 310
255 311
311 314
314 315
314 318
318 320
320 321
311 323
323 324
323 325
311 328
328 329
328 330
311 332
332 333
332 334
311 335
311 337
337 340
340 341
340 343
340 344
337 345
337 349
337 350
337 352
352 353
352 354
354 355
354 357
357 358
357 360
360 362
360 364
357 367
357 368
354 370
337 371
371 372
372 373
372 374
371 376
371 377
377 378
378 379
377 382
377 383
383 385
383 387
383 388
383 389
337 391
311 392
311 393
393 394
394 395
395 396
395 397
397 398
397 399
399 400
400 404
404 405
404 406
400 407
400 409
409 410
409 411
400 412
412 413
412 414
414 415
400 418
418 419
419 420
420 421
420 422
419 424
419 425
418 427
427 428
427 429
418 430
430 432
430 433
430 434
400 435
400 436
399 437
394 440
440 441
393 446
393 447
447 448
448 449
449 451
448 453
448 454
447 456
447 457
457 459
459 460
460 461
460 463
460 464
459 465
457 467
467 468
468 469
468 470
467 472
467 474
393 478
393 479
479 481
481 482
481 485
481 488
481 489
489 491
491 493
493 494
494 495
494 496
493 497
497 498
497 499
489 500
489 504
504 505
504 507
504 508
508 509
508 512
508 513
508 514
514 515
514 517
517 518
517 520
517 521
521 522
521 523
514 524
524 531
524 532
532 533
532 534
534 535
535 536
534 539
534 540
524 541
524 543
524 544
524 546
546 547
546 548
524 549
549 550
549 552
524 555
524 557
557 559
557 560
560 561
560 562
562 563
562 564
557 565
524 566
524 568
524 569
524 570
489 571
489 573
489 574
481 577
577 578
577 579
393 580
393 582
393 583
583 585
585 586
585 588
588 589
588 591
588 592
592 594
594 595
594 596
585 597
597 600
600 602
597 604
604 605
605 606
605 607
604 608
597 609
597 611
597 612
612 613
612 616
597 617
583 619
619 620
619 622
619 623
623 625
625 626
625 629
625 630
630 631
630 632
632 633
625 637
637 639
625 640
623 643
623 644
644 645
644 646
623 647
647 648
647 649
649 650
649 651
651 653
651 655
651 656
651 658
651 659
659 660
660 661
660 662
659 664
659 665
665 666
666 667
666 668
665 669
669 670
670 671
670 672
669 673
673 674
674 675
675 676
675 677
674 678
678 679
673 681
681 682
682 683
682 684
681 685
685 686
686 687
686 688
685 690
690 692
690 694
690 696
696 697
696 698
690 699
699 700
699 701
690 702
685 703
703 704
704 705
704 706
703 707
707 708
707 709
709 710
709 711
711 713
713 714
713 715
711 716
711 717
717 719
717 720
717 722
722 723
722 725
722 727
727 728
727 731
731 732
731 733
733 736
733 737
733 739
739 740
739 742
739 743
743 744
744 745
744 746
743 747
733 748
733 749
722 750
750 751
750 752
752 753
752 754
717 756
717 757
757 758
757 759
759 760
760 761
759 764
759 765
765 766
766 770
766 771
771 772
772 773
772 775
772 777
771 779
766 781
781 782
781 783
783 784
783 785
766 787
787 788
787 789
766 790
766 792
792 793
792 797
792 798
798 799
798 800
792 804
792 805
792 806
766 807
766 808
808 809
808 810
810 811
810 812
812 814
765 817
765 818
818 819
818 821
818 824
818 825
818 826
765 829
829 830
830 832
829 834
834 835
834 836
829 837
837 838
837 839
839 840
839 841
765 842
842 843
765 846
846 847
847 849
849 850
849 853
847 854
847 857
857 858
857 859
847 860
860 861
860 862
847 864
847 865
865 866
846 868
765 869
869 870
870 871
870 873
870 874
869 877
877 878
877 880
869 882
869 886
869 887
887 888
887 889
869 891
891 892
891 893
869 894
869 896
869 897
897 898
897 901
901 902
901 905
905 906
905 907
901 908
901 910
901 911
897 912
912 913
912 914
897 921
897 922
922 923
922 924
897 926
926 928
897 929
897 931
931 933
933 936
933 937
897 938
938 939
938 941
938 942
897 945
945 946
945 947
897 948
948 949
897 952
952 953
952 954
897 955
955 957
