479
957
0
635 3
598 5
600 6
636 9
595 13
597 14
627 15
629 17
625 19
624 21
622 22
630 25
632 26
603 29
601 31
633 34
626 35
593 37
591 39
583 44
586 45
585 46
589 47
577 50
575 51
588 53
567 60
562 62
555 68
553 69
565 70
570 71
574 73
561 76
558 77
564 79
572 81
560 82
571 83
556 85
557 86
580 87
582 88
581 89
578 90
620 92
615 95
617 96
607 100
604 102
608 103
609 105
606 107
387 110
384 111
386 112
614 117
552 118
506 119
527 122
531 125
530 126
529 128
550 129
532 130
364 132
526 138
524 139
502 141
492 146
495 147
479 149
461 151
460 154
459 155
458 156
497 161
498 162
490 163
471 167
469 168
472 169
488 174
457 177
456 178
447 179
449 182
475 185
483 186
487 187
455 189
453 190
486 192
473 194
489 195
485 196
468 200
467 201
465 202
462 205
464 206
482 209
476 210
450 212
452 213
500 214
543 217
538 221
539 222
537 223
535 224
611 225
540 228
542 229
545 230
533 234
534 235
612 237
549 240
547 241
613 242
523 245
521 246
430 248
429 250
421 253
423 254
515 256
414 260
415 261
517 262
519 267
516 268
509 270
510 271
505 272
518 277
507 278
512 279
504 281
425 284
410 285
437 289
436 291
445 292
438 294
440 295
443 297
441 298
433 302
431 303
419 305
420 307
446 308
514 310
383 315
382 317
366 319
363 321
362 322
401 324
399 325
388 329
390 330
508 333
513 334
511 335
380 341
378 343
381 344
371 345
396 349
428 350
412 353
337 355
324 358
273 362
274 363
338 364
322 367
325 368
323 369
339 370
328 373
326 374
367 376
404 379
407 380
406 382
408 385
409 387
402 388
405 389
395 390
427 391
369 392
310 396
272 398
230 405
229 406
225 407
226 410
228 411
233 413
175 415
174 416
213 421
211 422
245 424
235 425
258 428
257 429
251 432
236 433
238 434
223 435
227 436
259 437
309 439
289 441
288 442
352 446
222 450
220 451
308 453
306 454
341 456
411 461
349 463
365 464
372 465
342 466
295 469
293 470
313 472
312 474
311 475
350 478
353 480
317 482
318 485
316 488
301 492
267 495
265 496
268 498
270 499
303 500
299 505
296 507
263 509
260 512
262 513
264 515
253 518
254 520
246 522
248 523
209 531
205 533
219 536
217 537
242 539
243 540
206 541
200 543
207 544
191 547
189 548
187 550
188 552
186 553
210 555
194 559
162 561
164 563
165 564
202 565
192 566
204 568
208 569
203 570
300 571
298 573
302 574
297 575
315 576
314 578
284 579
347 580
348 582
358 586
359 589
398 591
377 593
290 595
292 596
329 601
330 602
321 606
319 607
335 608
333 609
334 611
286 613
285 615
287 616
331 617
351 618
417 620
520 622
345 626
394 629
434 631
343 633
393 634
376 638
375 639
392 640
391 641
374 643
356 645
354 646
361 648
304 650
276 653
281 655
282 656
278 658
279 661
277 662
280 664
239 667
241 668
216 671
214 672
176 676
195 677
178 679
179 680
232 683
198 684
183 687
185 688
173 692
171 694
168 697
172 698
159 700
161 701
170 702
180 705
182 706
166 708
155 710
145 714
147 715
157 716
151 719
152 720
150 723
141 725
137 728
136 730
131 732
125 736
126 737
123 740
130 742
113 745
111 746
127 747
128 748
129 749
154 751
144 753
142 754
138 756
148 758
135 761
132 762
134 764
98 770
66 773
51 775
53 777
52 778
65 779
97 782
23 784
21 785
48 788
50 789
96 790
60 793
59 797
56 799
62 800
57 801
61 804
63 805
58 806
94 807
42 809
20 811
3 813
2 814
122 817
90 819
92 821
40 824
91 825
88 826
73 831
72 832
67 835
69 836
70 838
37 840
39 841
95 843
120 844
105 850
35 852
36 853
107 854
108 858
106 859
34 861
32 862
109 864
54 866
55 867
104 868
31 871
28 873
30 874
99 878
102 880
100 881
116 882
118 886
101 888
114 889
76 892
74 893
119 894
117 896
77 898
81 902
43 906
47 907
46 908
45 910
85 911
7 913
9 914
78 916
83 921
13 923
15 924
79 927
80 928
84 929
24 932
11 934
10 936
12 937
82 939
27 941
25 942
4 946
6 947
87 949
86 950
18 953
16 954
1 956
0 957
0 1
1 2
2 3
2 4
4 5
4 6
1 7
7 8
8 9
8 10
10 11
11 12
12 13
12 14
11 15
10 16
16 17
16 18
18 19
18 20
20 21
20 22
7 23
23 24
24 25
24 26
23 27
27 28
28 29
28 30
30 31
30 32
32 33
33 34
33 35
32 36
36 37
36 38
38 39
38 40
40 41
41 42
42 43
43 44
43 45
42 46
41 47
40 48
48 49
49 50
49 51
48 52
52 53
52 54
54 55
55 56
56 57
57 58
58 59
59 60
59 61
61 62
61 63
63 64
64 65
65 66
66 67
67 68
67 69
66 70
65 71
64 72
72 73
72 74
74 75
75 76
75 77
74 78
78 79
78 80
80 81
80 82
63 83
58 84
84 85
84 86
57 87
56 88
55 89
54 90
27 91
91 92
91 93
93 94
94 95
94 96
93 97
97 98
98 99
99 100
99 101
101 102
101 103
98 104
104 105
104 106
106 107
106 108
108 109
109 110
109 111
108 112
97 113
113 114
114 115
115 116
116 117
116 118
115 119
114 120
120 121
121 122
121 123
123 124
124 125
124 126
123 127
127 128
127 129
120 130
113 131
131 132
131 133
133 134
134 135
135 136
136 137
137 138
137 139
136 140
140 141
140 142
142 143
143 144
144 145
145 146
145 147
144 148
148 149
148 150
150 151
150 152
152 153
153 154
153 155
152 156
143 157
157 158
158 159
159 160
160 161
160 162
159 163
158 164
164 165
165 166
166 167
166 168
165 169
164 170
170 171
171 172
172 173
173 174
173 175
175 176
176 177
176 178
175 179
172 180
180 181
181 182
181 183
183 184
184 185
184 186
183 187
180 188
188 189
188 190
171 191
191 192
191 193
193 194
193 195
170 196
157 197
197 198
198 199
199 200
199 201
198 202
197 203
203 204
204 205
204 206
203 207
207 208
208 209
208 210
207 211
211 212
211 213
142 214
135 215
215 216
216 217
216 218
218 219
219 220
220 221
220 222
219 223
218 224
215 225
134 226
226 227
227 228
227 229
226 230
133 231
231 232
232 233
233 234
233 235
232 236
236 237
236 238
238 239
239 240
239 241
238 242
231 243
243 244
244 245
244 246
243 247
247 248
247 249
249 250
249 251
251 252
252 253
252 254
251 255
255 256
255 257
257 258
258 259
259 260
259 261
258 262
257 263
263 264
264 265
265 266
266 267
266 268
265 269
269 270
269 271
264 272
263 273
273 274
274 275
275 276
276 277
276 278
275 279
274 280
280 281
280 282
282 283
283 284
283 285
282 286
286 287
287 288
288 289
288 290
290 291
290 292
287 293
293 294
293 295
286 296
296 297
296 298
273 299
299 300
300 301
301 302
301 303
300 304
304 305
304 306
306 307
306 308
299 309
309 310
309 311
311 312
312 313
313 314
314 315
314 316
316 317
316 318
318 319
318 320
320 321
320 322
313 323
323 324
323 325
312 326
326 327
327 328
328 329
328 330
327 331
331 332
332 333
332 334
331 335
326 336
336 337
337 338
338 339
339 340
340 341
340 342
342 343
342 344
339 345
338 346
346 347
347 348
348 349
348 350
347 351
351 352
352 353
352 354
354 355
354 356
356 357
357 358
357 359
359 360
360 361
361 362
361 363
360 364
359 365
365 366
366 367
366 368
365 369
356 370
351 371
371 372
372 373
372 374
371 375
375 376
375 377
377 378
378 379
378 380
377 381
381 382
381 383
383 384
384 385
384 386
386 387
386 388
383 389
346 390
337 391
336 392
311 393
393 394
394 395
395 396
395 397
397 398
397 399
399 400
400 401
401 402
402 403
403 404
404 405
404 406
403 407
402 408
408 409
409 410
409 411
408 412
412 413
412 414
414 415
414 416
401 417
417 418
418 419
419 420
420 421
420 422
419 423
423 424
423 425
418 426
426 427
427 428
427 429
426 430
430 431
431 432
431 433
430 434
417 435
400 436
399 437
394 438
438 439
438 440
440 441
440 442
393 443
443 444
444 445
445 446
445 447
447 448
448 449
449 450
449 451
448 452
452 453
452 454
447 455
455 456
455 457
457 458
458 459
459 460
460 461
460 462
462 463
462 464
459 465
458 466
457 467
467 468
468 469
468 470
467 471
471 472
471 473
473 474
473 475
444 476
476 477
477 478
477 479
479 480
479 481
481 482
481 483
483 484
484 485
484 486
486 487
487 488
487 489
489 490
490 491
491 492
491 493
493 494
494 495
494 496
493 497
497 498
497 499
490 500
489 501
501 502
502 503
503 504
504 505
504 506
506 507
506 508
508 509
508 510
510 511
511 512
511 513
510 514
514 515
514 516
516 517
517 518
517 519
519 520
519 521
521 522
521 523
516 524
524 525
525 526
526 527
527 528
528 529
529 530
530 531
530 532
532 533
532 534
534 535
535 536
535 537
534 538
538 539
538 540
529 541
528 542
542 543
542 544
527 545
545 546
546 547
546 548
545 549
549 550
549 551
551 552
551 553
526 554
554 555
554 556
556 557
557 558
558 559
558 560
560 561
560 562
562 563
562 564
557 565
556 566
525 567
567 568
567 569
524 570
503 571
502 572
572 573
572 574
501 575
486 576
483 577
577 578
577 579
476 580
443 581
581 582
581 583
583 584
584 585
585 586
585 587
587 588
588 589
588 590
590 591
590 592
592 593
592 594
594 595
594 596
587 597
597 598
598 599
599 600
600 601
600 602
599 603
603 604
604 605
605 606
605 607
604 608
603 609
598 610
610 611
610 612
612 613
612 614
614 615
614 616
597 617
584 618
583 619
619 620
619 621
621 622
621 623
623 624
624 625
625 626
625 627
627 628
628 629
628 630
630 631
630 632
632 633
632 634
627 635
635 636
636 637
637 638
637 639
636 640
635 641
624 642
642 643
642 644
644 645
644 646
623 647
647 648
647 649
649 650
649 651
651 652
652 653
652 654
654 655
654 656
651 657
657 658
657 659
659 660
660 661
660 662
659 663
663 664
663 665
665 666
666 667
666 668
665 669
669 670
670 671
670 672
669 673
673 674
674 675
675 676
675 677
674 678
678 679
678 680
673 681
681 682
682 683
682 684
681 685
685 686
686 687
686 688
685 689
689 690
690 691
691 692
691 693
693 694
693 695
695 696
696 697
696 698
695 699
699 700
699 701
690 702
689 703
703 704
704 705
704 706
703 707
707 708
707 709
709 710
709 711
711 712
712 713
713 714
713 715
712 716
711 717
717 718
718 719
718 720
717 721
721 722
722 723
722 724
724 725
724 726
726 727
727 728
727 729
729 730
729 731
731 732
731 733
733 734
734 735
735 736
735 737
734 738
738 739
739 740
739 741
741 742
741 743
743 744
744 745
744 746
743 747
738 748
733 749
726 750
750 751
750 752
752 753
752 754
721 755
755 756
755 757
757 758
757 759
759 760
760 761
760 762
759 763
763 764
763 765
765 766
766 767
767 768
768 769
769 770
769 771
771 772
772 773
772 774
774 775
774 776
776 777
776 778
771 779
768 780
780 781
781 782
781 783
783 784
783 785
780 786
786 787
787 788
787 789
786 790
767 791
791 792
792 793
792 794
794 795
795 796
796 797
796 798
798 799
798 800
795 801
794 802
802 803
803 804
803 805
802 806
791 807
766 808
808 809
808 810
810 811
810 812
812 813
812 814
765 815
815 816
816 817
816 818
818 819
818 820
820 821
820 822
822 823
823 824
823 825
822 826
815 827
827 828
828 829
829 830
830 831
830 832
829 833
833 834
834 835
834 836
833 837
837 838
837 839
839 840
839 841
828 842
842 843
842 844
827 845
845 846
846 847
847 848
848 849
849 850
849 851
851 852
851 853
848 854
847 855
855 856
856 857
857 858
857 859
856 860
860 861
860 862
855 863
863 864
863 865
865 866
865 867
846 868
845 869
869 870
870 871
870 872
872 873
872 874
869 875
875 876
876 877
877 878
877 879
879 880
879 881
876 882
875 883
883 884
884 885
885 886
885 887
887 888
887 889
884 890
890 891
891 892
891 893
890 894
883 895
895 896
895 897
897 898
897 899
899 900
900 901
901 902
901 903
903 904
904 905
905 906
905 907
904 908
903 909
909 910
909 911
900 912
912 913
912 914
899 915
915 916
915 917
917 918
918 919
919 920
920 921
920 922
922 923
922 924
919 925
925 926
926 927
926 928
925 929
918 930
930 931
931 932
931 933
933 934
933 935
935 936
935 937
930 938
938 939
938 940
940 941
940 942
917 943
943 944
944 945
945 946
945 947
944 948
948 949
948 950
943 951
951 952
952 953
952 954
951 955
955 956
955 957
