479
639
639
0 0
347 347
341 341
342 342
343 343
348 348
349 349
298 298
299 299
296 296
297 297
295 295
292 292
293 293
290 290
591 591
593 593
595 595
198 198
597 597
195 195
194 194
191 191
192 192
270 270
272 272
273 273
274 274
276 276
277 277
278 278
279 279
524 524
526 526
527 527
520 520
521 521
523 523
529 529
449 449
443 443
441 441
440 440
447 447
446 446
445 445
108 108
109 109
102 102
100 100
101 101
106 106
107 107
104 104
105 105
39 39
32 32
31 31
30 30
37 37
36 36
35 35
34 34
438 438
436 436
437 437
434 434
433 433
430 430
431 431
339 339
338 338
335 335
334 334
337 337
331 331
330 330
333 333
345 345
6 6
99 99
98 98
91 91
90 90
92 92
95 95
94 94
97 97
96 96
558 558
555 555
557 557
556 556
550 550
553 553
552 552
238 238
239 239
235 235
236 236
230 230
232 232
233 233
1 1
147 147
144 144
145 145
142 142
141 141
612 612
613 613
611 611
617 617
148 148
615 615
622 622
132 132
131 131
130 130
137 137
136 136
135 135
134 134
495 495
138 138
490 490
492 492
24 24
25 25
27 27
20 20
21 21
23 23
28 28
407 407
406 406
405 405
404 404
402 402
401 401
629 629
409 409
408 408
378 378
371 371
372 372
375 375
374 374
377 377
376 376
393 393
392 392
88 88
390 390
396 396
395 395
394 394
82 82
83 83
80 80
81 81
86 86
87 87
84 84
85 85
7 7
601 601
586 586
585 585
582 582
583 583
580 580
581 581
588 588
589 589
245 245
246 246
241 241
614 614
243 243
242 242
606 606
248 248
519 519
518 518
511 511
510 510
513 513
512 512
515 515
514 514
517 517
516 516
458 458
459 459
620 620
627 627
626 626
625 625
624 624
450 450
452 452
453 453
455 455
456 456
457 457
179 179
178 178
176 176
175 175
174 174
173 173
172 172
171 171
170 170
182 182
183 183
180 180
2 2
186 186
187 187
185 185
188 188
189 189
11 11
10 10
13 13
12 12
15 15
16 16
18 18
62 62
322 322
323 323
321 321
326 326
324 324
325 325
328 328
329 329
200 200
203 203
202 202
205 205
204 204
207 207
206 206
209 209
208 208
77 77
76 76
74 74
73 73
72 72
70 70
79 79
78 78
542 542
543 543
540 540
547 547
545 545
549 549
598 598
120 120
122 122
123 123
125 125
126 126
127 127
128 128
129 129
414 414
415 415
417 417
410 410
411 411
412 412
498 498
419 419
319 319
318 318
313 313
312 312
311 311
310 310
317 317
316 316
315 315
314 314
497 497
3 3
369 369
366 366
367 367
364 364
365 365
362 362
363 363
361 361
380 380
381 381
382 382
383 383
384 384
386 386
387 387
388 388
578 578
604 604
572 572
571 571
570 570
577 577
575 575
574 574
60 60
61 61
258 258
259 259
65 65
66 66
67 67
69 69
251 251
257 257
254 254
600 600
603 603
508 508
509 509
506 506
507 507
504 504
505 505
502 502
500 500
630 630
632 632
633 633
469 469
468 468
636 636
465 465
464 464
467 467
461 461
460 460
462 462
168 168
164 164
165 165
166 166
161 161
162 162
9 9
356 356
354 354
353 353
352 352
351 351
350 350
359 359
358 358
216 216
217 217
214 214
213 213
210 210
211 211
219 219
289 289
288 288
4 4
281 281
280 280
282 282
285 285
284 284
287 287
286 286
263 263
262 262
260 260
267 267
265 265
264 264
268 268
59 59
58 58
55 55
54 54
57 57
56 56
51 51
50 50
53 53
52 52
537 537
535 535
63 63
533 533
532 532
531 531
530 530
539 539
538 538
114 114
117 117
116 116
111 111
113 113
253 253
119 119
118 118
429 429
428 428
534 534
421 421
420 420
423 423
425 425
427 427
308 308
309 309
300 300
301 301
302 302
303 303
304 304
306 306
560 560
561 561
562 562
564 564
565 565
567 567
229 229
228 228
227 227
226 226
225 225
223 223
222 222
220 220
391 391
151 151
150 150
607 607
152 152
155 155
154 154
157 157
159 159
609 609
608 608
399 399
635 635
398 398
48 48
46 46
47 47
45 45
42 42
43 43
40 40
489 489
488 488
487 487
486 486
485 485
483 483
482 482
472 472
473 473
471 471
476 476
475 475
479 479
391 344
1 0
426 346
346 347
346 340
340 341
340 342
344 343
346 348
346 349
596 595
605 606
602 594
621 619
297 298
297 299
297 296
315 297
311 294
294 295
291 292
294 293
291 290
377 291
592 591
592 590
594 593
594 592
231 199
199 198
596 597
628 596
196 195
193 194
199 197
249 196
190 191
201 190
201 193
193 192
269 270
309 271
271 272
274 273
323 274
305 275
275 276
275 277
275 278
275 279
525 524
610 525
525 526
528 527
505 520
522 521
610 522
522 523
635 599
551 528
528 529
448 449
484 448
442 443
444 442
442 441
439 440
448 447
444 446
444 445
505 444
103 108
103 109
100 102
121 103
115 100
100 101
103 106
103 107
103 104
103 105
38 39
71 38
103 33
33 32
29 31
29 30
38 37
35 36
103 35
33 34
439 438
444 439
435 436
435 437
435 434
444 435
505 432
432 433
429 430
432 431
336 339
336 338
332 335
332 334
336 337
429 336
332 331
329 330
332 333
357 332
344 345
5 6
100 99
93 98
89 91
89 90
121 93
89 92
93 95
93 94
93 97
93 96
569 559
559 558
554 555
566 554
556 557
568 556
610 551
551 550
554 553
551 552
237 238
240 239
244 234
234 235
237 236
256 237
224 230
249 231
231 232
234 233
78 1
610 614
156 146
146 147
143 144
146 145
143 142
153 143
156 140
140 141
610 612
610 613
619 610
610 611
618 616
616 617
149 148
156 149
629 623
623 622
139 133
133 132
124 131
124 130
136 137
140 136
133 135
133 134
499 494
494 495
149 139
139 138
491 490
496 491
491 492
496 493
115 24
26 25
78 26
26 27
19 20
22 21
93 22
22 23
29 28
115 29
403 407
403 406
403 405
403 404
610 403
403 402
400 401
444 400
637 629
403 409
403 408
629 628
505 379
379 378
370 371
426 370
391 373
373 372
376 375
373 374
397 377
418 376
619 618
391 393
391 392
89 88
121 89
444 397
395 396
426 395
391 394
78 82
78 83
78 80
78 81
78 86
78 87
78 84
78 85
8 7
602 601
605 607
584 586
590 587
587 584
584 585
579 582
584 583
579 580
579 581
587 588
590 589
244 245
256 244
255 247
247 246
240 241
275 240
283 243
243 242
616 615
275 249
247 248
505 519
505 518
505 511
505 510
505 513
505 512
505 515
505 514
505 517
505 516
459 458
478 459
634 621
621 620
628 627
634 626
623 625
623 624
451 450
477 451
451 452
454 453
484 454
454 455
484 456
456 457
177 179
177 178
196 177
177 176
174 175
224 174
169 173
169 172
169 171
169 170
252 253
181 182
184 183
181 180
197 181
201 186
186 187
231 184
184 185
186 188
190 189
24 11
11 10
14 13
11 12
14 15
78 14
78 17
17 16
93 19
17 18
57 62
323 322
336 323
332 320
320 321
327 326
368 327
323 324
323 325
327 328
332 329
252 201
201 200
201 203
201 202
201 205
201 204
201 207
201 206
201 209
201 208
78 77
75 76
115 75
75 74
110 73
73 72
110 71
71 70
78 79
115 78
3 2
541 542
544 543
541 540
546 541
610 546
548 547
610 544
546 545
78 8
610 548
548 549
121 68
599 598
121 120
133 121
121 122
124 123
136 124
124 125
124 126
124 127
124 128
124 129
413 414
416 415
505 416
416 417
424 410
410 411
413 412
416 413
496 498
444 418
505 419
503 499
320 319
315 318
311 313
311 312
610 311
309 310
315 317
315 316
353 315
315 314
499 496
496 497
19 3
395 368
370 369
382 366
368 367
610 364
364 365
366 362
362 363
373 360
360 361
379 380
379 381
505 382
382 383
385 384
605 385
385 386
385 387
389 388
426 389
618 605
590 579
579 578
605 604
579 573
569 572
569 571
569 570
576 577
587 576
576 575
573 574
57 60
57 61
256 258
256 259
93 64
64 65
64 66
68 67
255 252
68 69
256 250
250 251
271 256
256 257
252 254
261 255
602 603
626 602
505 508
505 509
505 506
505 507
505 504
610 505
501 502
610 503
501 500
503 501
631 630
638 631
631 632
634 633
470 469
466 468
637 636
638 637
466 465
463 464
466 467
481 466
459 461
459 460
480 463
463 462
169 168
231 169
163 164
163 165
167 166
197 167
169 160
160 161
163 162
201 163
599 600
8 9
377 357
355 356
391 355
355 354
444 353
346 352
346 351
346 350
357 359
357 358
215 216
218 217
215 214
275 215
244 212
212 213
201 210
212 211
243 218
218 219
288 289
309 288
5 4
275 281
275 280
315 283
275 282
332 285
283 284
285 287
285 286
261 263
261 262
297 261
261 260
266 267
269 266
266 265
261 264
297 269
269 268
57 59
57 58
103 55
55 54
93 57
57 56
52 51
49 50
52 53
64 52
536 537
544 536
536 535
57 63
534 533
528 532
528 531
528 530
536 539
536 538
121 115
115 114
115 117
115 116
112 111
121 110
112 113
124 112
115 119
115 118
505 429
426 428
610 534
422 421
419 420
422 423
505 422
424 425
444 424
426 427
505 426
307 308
346 309
297 300
297 301
297 302
297 303
305 304
360 305
307 306
340 307
579 568
573 569
559 560
559 561
563 562
569 563
563 564
566 565
569 566
568 567
224 229
224 228
224 227
224 226
224 225
250 224
224 223
221 222
307 221
221 220
418 391
389 390
149 151
149 150
158 153
149 152
156 155
153 154
156 157
158 156
160 159
167 158
605 609
605 608
638 634
400 399
638 635
397 398
49 48
93 49
44 46
44 47
78 44
44 45
41 42
44 43
41 40
93 41
639 638
78 5
484 489
484 488
484 487
484 486
484 485
493 484
484 483
481 482
494 481
494 480
470 472
474 473
493 470
470 471
477 476
480 477
484 474
474 475
499 478
478 479
