463
604
604
344 344
0 0
346 346
347 347
340 340
342 342
343 343
348 348
349 349
298 298
299 299
296 296
295 295
292 292
293 293
290 290
291 291
591 591
590 590
593 593
199 199
198 198
597 597
596 596
195 195
194 194
197 197
190 190
192 192
270 270
271 271
272 272
273 273
275 275
276 276
277 277
279 279
524 524
525 525
526 526
527 527
520 520
521 521
522 522
523 523
528 528
449 449
442 442
441 441
447 447
445 445
109 109
102 102
103 103
100 100
101 101
106 106
107 107
105 105
39 39
38 38
33 33
32 32
31 31
37 37
35 35
438 438
439 439
436 436
435 435
432 432
433 433
431 431
339 339
338 338
335 335
334 334
337 337
331 331
330 330
333 333
332 332
345 345
99 99
98 98
91 91
90 90
93 93
92 92
95 95
94 94
96 96
600 600
555 555
554 554
557 557
550 550
552 552
238 238
239 239
234 234
235 235
236 236
237 237
230 230
231 231
232 232
233 233
146 146
147 147
145 145
142 142
143 143
141 141
149 149
133 133
132 132
131 131
130 130
137 137
499 499
135 135
494 494
495 495
496 496
138 138
490 490
491 491
492 492
24 24
26 26
20 20
21 21
23 23
28 28
29 29
407 407
406 406
405 405
404 404
403 403
402 402
401 401
400 400
408 408
378 378
371 371
370 370
372 372
374 374
377 377
376 376
393 393
88 88
89 89
397 397
396 396
395 395
82 82
83 83
399 399
81 81
86 86
87 87
84 84
85 85
7 7
585 585
583 583
580 580
581 581
588 588
245 245
246 246
240 240
243 243
242 242
249 249
248 248
519 519
510 510
512 512
514 514
517 517
516 516
458 458
450 450
451 451
452 452
453 453
454 454
455 455
456 456
457 457
179 179
178 178
177 177
176 176
174 174
172 172
171 171
594 594
183 183
181 181
186 186
187 187
184 184
598 598
189 189
10 10
13 13
12 12
15 15
14 14
16 16
19 19
18 18
62 62
322 322
323 323
320 320
321 321
327 327
324 324
325 325
328 328
329 329
200 200
203 203
202 202
205 205
204 204
207 207
206 206
209 209
76 76
74 74
73 73
71 71
70 70
79 79
78 78
2 2
543 543
541 541
546 546
547 547
544 544
8 8
549 549
68 68
121 121
122 122
124 124
125 125
127 127
128 128
129 129
414 414
415 415
417 417
410 410
411 411
412 412
413 413
498 498
418 418
419 419
319 319
318 318
313 313
312 312
311 311
316 316
315 315
314 314
3 3
368 368
366 366
367 367
364 364
365 365
362 362
363 363
360 360
361 361
380 380
381 381
382 382
383 383
384 384
386 386
387 387
388 388
389 389
579 579
578 578
573 573
572 572
571 571
570 570
577 577
576 576
575 575
574 574
60 60
258 258
259 259
65 65
66 66
67 67
252 252
253 253
250 250
251 251
256 256
255 255
603 603
602 602
508 508
506 506
507 507
504 504
505 505
502 502
503 503
500 500
501 501
469 469
465 465
464 464
467 467
466 466
461 461
460 460
463 463
168 168
169 169
164 164
165 165
166 166
167 167
161 161
162 162
163 163
9 9
357 357
356 356
355 355
354 354
353 353
352 352
350 350
359 359
216 216
215 215
213 213
210 210
211 211
218 218
219 219
288 288
4 4
280 280
283 283
282 282
284 284
286 286
263 263
261 261
260 260
267 267
265 265
264 264
269 269
268 268
59 59
58 58
55 55
57 57
51 51
50 50
53 53
536 536
535 535
63 63
533 533
531 531
530 530
539 539
538 538
114 114
117 117
116 116
110 110
113 113
112 112
119 119
118 118
429 429
428 428
534 534
420 420
423 423
422 422
425 425
424 424
426 426
308 308
309 309
300 300
301 301
302 302
304 304
305 305
307 307
568 568
569 569
560 560
561 561
562 562
563 563
564 564
565 565
566 566
229 229
227 227
226 226
225 225
224 224
222 222
221 221
391 391
390 390
151 151
153 153
601 601
154 154
157 157
156 156
159 159
80 80
48 48
47 47
44 44
45 45
42 42
40 40
41 41
5 5
489 489
488 488
487 487
486 486
483 483
481 481
480 480
472 472
473 473
470 470
476 476
475 475
478 478
365 344
1 0
345 346
345 347
369 340
360 341
341 342
341 343
375 348
348 349
604 595
595 594
297 298
297 299
294 296
326 297
313 294
294 295
348 292
294 293
289 290
292 291
592 591
589 590
592 593
595 592
201 199
199 198
595 597
595 596
196 195
193 194
196 197
223 196
200 191
188 190
208 193
193 192
268 270
268 271
268 272
274 273
313 274
313 275
275 276
278 277
344 278
278 279
520 524
520 525
531 526
526 527
578 520
520 521
520 522
520 523
604 599
529 528
578 529
450 449
462 448
462 443
443 442
440 441
448 440
448 447
462 446
446 445
468 444
126 108
108 109
99 102
104 103
99 100
99 101
104 106
108 107
111 104
104 105
58 39
36 38
34 33
30 32
30 31
58 30
36 37
77 36
34 35
46 34
437 438
440 439
437 436
444 437
444 434
434 435
430 432
434 433
452 430
430 431
340 339
336 338
336 335
326 334
336 337
369 336
326 331
326 330
326 333
326 332
599 559
398 345
52 6
104 99
99 98
77 91
77 90
77 93
77 92
77 95
77 94
111 97
77 96
599 600
559 558
556 555
553 554
556 557
559 556
559 551
551 550
558 553
551 552
228 238
228 239
228 234
228 235
228 236
228 237
228 230
228 231
228 232
228 233
77 1
144 146
148 147
152 144
144 145
141 142
144 143
152 140
144 141
152 148
150 149
134 133
126 132
126 131
126 130
136 137
152 136
136 135
139 134
493 494
493 495
140 139
139 138
488 490
488 491
488 492
513 493
25 24
54 25
25 26
36 27
77 20
20 21
39 22
22 23
27 28
30 29
398 407
398 406
398 405
398 404
398 403
398 402
398 401
398 400
520 409
409 408
488 379
379 378
369 371
369 370
497 373
369 372
379 375
373 374
376 377
398 376
392 393
571 392
77 88
77 89
398 397
394 396
394 395
571 394
77 82
77 83
77 80
77 81
77 86
77 87
77 84
77 85
6 7
599 601
587 586
599 587
587 584
584 585
586 582
584 583
578 580
578 581
589 588
604 589
244 245
281 244
285 247
247 246
297 241
241 240
244 243
241 242
250 249
247 248
518 519
578 518
578 511
509 510
578 513
513 512
518 515
515 514
518 517
515 516
459 458
479 459
462 450
452 451
462 452
452 453
452 454
452 455
452 456
452 457
180 179
175 178
175 177
175 176
180 175
175 174
180 173
170 172
170 171
191 170
254 253
191 182
182 183
191 180
182 181
185 186
188 187
185 184
191 185
191 188
188 189
77 11
11 10
14 13
11 12
14 15
22 14
34 17
17 16
20 19
17 18
61 62
321 322
324 323
319 320
488 321
488 326
326 327
358 324
324 325
326 328
326 329
214 201
228 200
201 203
201 202
228 205
205 204
208 207
205 206
208 209
228 208
111 77
75 76
99 75
75 74
72 73
97 72
72 71
69 70
77 79
77 78
1 2
559 542
542 543
542 540
540 541
545 546
548 547
545 544
553 545
77 8
553 548
548 549
69 68
599 598
140 120
120 121
123 122
134 123
123 124
126 125
148 126
126 127
126 128
126 129
413 414
416 415
578 416
416 417
409 410
409 411
409 412
497 413
497 498
421 418
418 419
497 499
326 319
317 318
366 313
313 312
310 311
326 310
326 317
313 316
313 315
313 314
497 496
515 497
4 3
369 368
379 369
392 366
366 367
360 364
488 365
360 362
360 363
373 360
360 361
379 380
379 381
379 382
379 383
385 384
488 385
385 386
388 387
394 388
388 389
578 579
582 578
571 573
571 572
582 571
571 570
571 577
571 576
571 575
571 574
61 60
111 61
257 258
257 259
77 64
64 65
64 66
64 67
250 252
120 69
254 250
250 251
257 256
266 257
257 254
254 255
599 603
599 602
509 508
511 509
497 506
497 507
497 504
497 505
497 502
497 503
497 500
497 501
468 469
479 468
462 465
462 464
462 467
462 466
462 461
459 460
462 463
479 462
173 168
170 169
160 164
160 165
167 166
173 167
168 160
160 161
160 162
160 163
8 9
356 357
376 356
356 355
351 354
351 353
351 352
375 351
351 350
358 359
488 358
217 216
313 217
250 214
214 215
262 212
212 213
208 210
212 211
217 218
220 219
313 289
287 288
27 4
294 281
278 280
281 283
281 282
319 285
285 284
317 287
287 286
262 263
294 262
257 261
257 260
268 267
268 266
266 265
262 264
268 269
289 268
58 59
97 58
56 55
77 54
56 57
64 56
52 51
49 50
54 53
77 52
558 537
537 536
532 535
64 63
532 533
578 532
532 531
529 530
540 539
537 538
126 115
115 114
115 117
115 116
140 111
111 110
111 113
111 112
120 119
115 118
430 429
427 428
532 534
443 421
418 420
421 423
421 422
479 425
425 424
446 427
427 426
306 308
310 309
301 300
326 301
303 302
341 303
303 304
303 305
326 306
306 307
567 568
567 569
559 560
559 561
559 562
559 563
559 564
559 565
567 566
586 567
228 229
306 228
228 227
225 226
274 225
223 224
228 223
223 222
220 221
228 220
520 391
391 390
150 151
155 150
152 153
170 152
158 155
155 154
158 157
155 156
160 159
173 158
398 399
520 398
49 48
58 49
64 46
46 47
43 44
43 45
43 42
77 43
39 40
39 41
6 5
488 489
511 488
488 487
485 486
493 485
485 484
484 483
484 482
482 481
479 480
471 472
474 473
471 470
474 471
479 476
479 477
477 474
476 475
477 478
482 479
