194
387
0
282 2
284 5
278 7
280 8
276 13
259 14
261 15
257 16
245 23
242 24
244 26
246 27
237 30
235 31
238 32
252 33
241 37
239 38
248 40
250 41
254 42
147 48
149 49
262 51
263 52
274 53
270 55
269 57
267 58
204 64
191 66
184 68
186 69
210 71
208 72
192 77
183 79
181 80
187 83
189 84
200 85
206 87
202 88
197 92
194 93
196 94
198 95
228 99
214 101
213 103
211 104
224 107
226 108
234 110
266 111
232 114
231 116
229 117
265 118
118 123
112 125
93 127
114 128
77 131
78 132
65 137
66 138
54 140
56 141
95 144
75 145
76 146
87 149
85 150
74 151
98 156
97 157
89 160
90 161
80 163
79 164
67 166
69 167
91 172
104 175
101 176
103 177
82 179
84 180
72 182
70 183
0 191
2 192
34 193
32 197
29 199
31 200
35 203
37 205
38 207
39 208
19 214
18 215
21 217
3 219
17 220
5 223
15 224
12 225
20 227
16 229
22 230
14 231
42 233
25 235
11 239
9 240
27 241
23 244
28 245
26 246
41 247
49 250
51 252
53 253
6 258
8 259
45 260
43 261
46 262
57 265
60 266
59 267
64 270
61 271
63 272
105 276
107 277
111 279
110 281
108 282
132 288
119 290
121 291
167 295
168 296
150 299
165 300
216 301
169 303
134 307
130 309
129 310
145 312
146 313
143 314
178 320
177 321
180 323
175 325
173 326
172 329
176 331
218 332
158 336
160 337
217 338
137 342
139 343
152 344
221 346
219 348
155 350
154 351
161 353
162 354
222 358
166 359
163 362
136 363
220 365
142 367
140 369
157 370
223 371
99 373
100 374
171 376
125 379
126 381
116 382
124 385
127 386
123 387
0 1
1 2
1 3
3 4
4 5
4 6
6 7
6 8
3 9
9 10
10 11
11 12
12 13
12 14
11 15
10 16
9 17
17 18
18 19
19 20
20 21
21 22
22 23
22 24
21 25
25 26
25 27
20 28
28 29
29 30
29 31
28 32
19 33
18 34
34 35
35 36
36 37
36 38
35 39
39 40
39 41
34 42
17 43
43 44
44 45
45 46
46 47
47 48
47 49
46 50
50 51
50 52
45 53
44 54
54 55
54 56
56 57
56 58
43 59
59 60
60 61
61 62
62 63
63 64
63 65
65 66
65 67
67 68
67 69
62 70
70 71
70 72
61 73
73 74
74 75
75 76
76 77
76 78
78 79
78 80
75 81
81 82
82 83
82 84
81 85
74 86
86 87
86 88
73 89
89 90
90 91
91 92
91 93
90 94
89 95
60 96
96 97
97 98
98 99
98 100
100 101
100 102
102 103
102 104
97 105
105 106
106 107
106 108
105 109
109 110
109 111
96 112
112 113
113 114
113 115
115 116
115 117
112 118
59 119
119 120
120 121
121 122
122 123
122 124
124 125
124 126
126 127
126 128
121 129
129 130
130 131
130 132
129 133
133 134
134 135
135 136
136 137
136 138
135 139
139 140
139 141
134 142
142 143
143 144
143 145
142 146
133 147
147 148
148 149
148 150
147 151
120 152
152 153
153 154
154 155
155 156
155 157
154 158
158 159
159 160
159 161
158 162
162 163
162 164
153 165
165 166
165 167
152 168
168 169
169 170
170 171
171 172
171 173
173 174
174 175
174 176
173 177
170 178
178 179
178 180
169 181
181 182
181 183
168 184
184 185
185 186
186 187
187 188
188 189
189 190
190 191
190 192
189 193
188 194
194 195
195 196
196 197
196 198
198 199
198 200
195 201
201 202
202 203
202 204
204 205
204 206
206 207
206 208
201 209
209 210
210 211
211 212
212 213
213 214
213 215
212 216
216 217
216 218
218 219
218 220
211 221
221 222
222 223
222 224
221 225
210 226
226 227
226 228
228 229
228 230
209 231
194 232
232 233
232 234
234 235
234 236
236 237
237 238
238 239
238 240
237 241
236 242
242 243
243 244
243 245
242 246
187 247
186 248
248 249
249 250
249 251
251 252
251 253
248 254
254 255
255 256
256 257
257 258
257 259
256 260
255 261
254 262
185 263
263 264
264 265
264 266
263 267
184 268
268 269
269 270
269 271
268 272
119 273
273 274
274 275
275 276
275 277
274 278
278 279
278 280
280 281
280 282
273 283
283 284
284 285
285 286
286 287
287 288
287 289
289 290
289 291
286 292
292 293
293 294
294 295
294 296
293 297
297 298
298 299
298 300
297 301
292 302
302 303
302 304
304 305
305 306
306 307
306 308
308 309
308 310
305 311
311 312
311 313
304 314
285 315
315 316
316 317
317 318
318 319
319 320
319 321
318 322
322 323
322 324
324 325
324 326
317 327
327 328
328 329
328 330
330 331
330 332
327 333
333 334
334 335
335 336
335 337
334 338
333 339
339 340
340 341
341 342
341 343
340 344
339 345
345 346
345 347
347 348
347 349
349 350
349 351
316 352
352 353
352 354
315 355
355 356
356 357
357 358
357 359
356 360
360 361
361 362
361 363
360 364
364 365
364 366
366 367
366 368
368 369
368 370
355 371
284 372
372 373
372 374
283 375
375 376
375 377
377 378
378 379
378 380
380 381
380 382
377 383
383 384
384 385
384 386
383 387
