194
359
0
282 2
280 5
278 6
284 8
276 13
259 14
261 15
257 16
254 20
241 23
239 24
248 26
250 27
246 30
245 32
235 36
237 37
238 38
244 40
242 41
252 42
118 48
93 51
114 52
112 53
95 55
54 59
56 60
77 61
78 66
74 67
75 68
85 71
87 72
76 73
66 75
65 76
165 85
218 86
216 88
168 90
167 91
169 93
229 98
231 99
232 100
224 106
226 107
234 108
228 110
211 113
213 114
214 115
266 116
265 117
145 121
143 122
146 123
129 126
130 127
134 128
223 130
161 134
162 135
173 142
175 143
180 145
178 146
177 146
152 152
221 153
219 155
217 156
155 158
154 159
137 161
139 162
172 163
158 165
160 166
136 170
140 174
142 175
157 176
220 177
166 178
222 181
176 182
163 183
150 185
132 187
119 189
121 190
124 196
126 200
125 201
127 202
123 203
116 204
107 208
105 209
111 211
110 212
108 213
171 214
100 216
99 217
98 220
89 223
90 225
80 227
79 228
97 229
69 231
67 232
34 243
2 245
0 246
11 250
9 251
28 252
25 255
27 257
23 258
26 259
42 260
29 266
32 267
31 268
37 269
21 274
16 276
5 278
3 279
12 281
18 283
17 284
20 286
22 287
15 289
14 291
19 292
38 295
39 296
35 297
41 298
46 301
43 303
8 306
6 307
45 308
49 310
51 312
53 313
57 315
59 316
60 317
61 319
64 321
63 322
103 328
104 329
101 330
84 332
82 333
91 334
70 336
72 337
204 341
206 342
202 345
194 349
196 350
197 351
198 352
186 357
184 358
191 359
208 360
192 363
187 366
189 367
200 368
183 370
181 371
210 372
274 374
147 378
149 379
263 381
262 382
270 384
269 386
267 387
0 1
1 2
1 3
3 4
4 5
4 6
3 7
7 8
7 9
9 10
10 11
11 12
12 13
12 14
11 15
10 16
9 17
17 18
18 19
19 20
19 21
21 22
22 23
22 24
21 25
25 26
25 27
18 28
28 30
28 32
28 33
33 34
34 35
35 36
35 37
34 38
33 39
39 40
39 41
28 42
17 43
43 44
44 45
45 46
46 47
47 48
47 49
49 50
50 51
50 52
49 53
46 54
54 55
54 56
56 57
57 58
58 59
58 60
57 61
56 62
62 63
63 64
64 65
65 66
65 67
64 68
63 69
69 70
70 71
70 72
69 73
62 74
74 75
74 76
45 77
77 78
78 79
79 80
80 81
81 82
82 83
83 84
84 85
84 86
83 87
87 88
87 89
89 90
89 91
82 92
92 93
92 95
95 96
96 97
97 98
97 99
96 100
95 101
101 102
102 103
103 104
104 105
105 106
105 107
104 108
103 109
109 110
109 111
111 113
111 114
111 115
102 116
101 117
92 118
118 120
120 121
120 122
118 123
118 124
124 125
125 126
125 127
124 128
81 129
129 130
129 131
131 132
132 133
133 134
133 135
132 136
136 138
138 139
139 140
140 141
141 142
141 143
140 145
140 146
139 149
149 151
151 152
151 153
149 155
149 156
149 157
157 158
157 159
138 160
160 161
160 162
136 163
136 164
164 165
164 166
131 167
167 168
168 169
169 170
169 171
171 172
172 174
172 175
172 176
171 177
168 178
167 179
179 180
180 181
180 182
179 183
80 184
184 185
184 186
186 187
186 188
188 189
188 190
79 191
191 192
192 193
193 194
194 195
195 196
195 197
197 198
198 199
199 200
199 201
198 202
197 203
194 204
193 205
205 206
206 207
207 208
207 209
206 210
210 211
210 212
205 213
192 214
191 215
215 216
215 217
78 218
218 219
219 220
219 222
222 223
222 224
224 225
224 227
224 228
219 229
218 230
230 231
230 232
77 233
233 234
234 235
235 236
236 237
237 238
238 240
240 242
242 243
242 244
244 245
244 246
240 247
247 248
248 249
249 250
249 251
248 252
247 253
253 255
253 257
253 258
253 259
240 260
238 261
261 262
262 263
263 266
263 267
263 268
263 269
262 270
270 271
271 273
273 274
273 275
275 276
275 278
275 279
271 280
280 281
280 282
282 283
282 284
271 285
285 286
285 287
270 288
288 289
288 290
290 291
290 292
261 294
294 295
294 296
261 297
238 298
237 299
299 300
300 301
300 302
302 303
302 305
305 306
305 307
302 308
299 309
309 310
309 311
311 312
311 313
236 314
314 315
314 316
235 317
234 318
318 319
318 321
318 322
233 323
323 324
324 325
325 326
326 327
327 328
327 329
326 330
325 331
331 332
331 333
324 334
323 335
335 336
335 337
44 338
338 339
339 340
340 341
340 342
339 343
343 344
344 345
344 346
346 347
347 349
347 350
347 351
346 352
343 353
353 355
355 356
356 357
356 358
355 359
353 360
353 361
361 363
361 364
364 365
365 366
365 367
364 368
361 369
369 370
369 371
338 372
43 373
373 374
373 375
375 376
376 377
377 378
377 379
376 380
380 381
380 382
375 383
383 384
383 385
385 386
385 387
