194
387
0
217 20
155 22
154 23
219 24
221 27
180 29
175 31
173 32
177 35
178 36
176 37
152 39
139 41
137 42
160 44
158 45
223 51
220 53
157 56
142 58
140 59
104 62
103 64
101 65
91 68
72 71
70 72
64 75
63 77
61 78
57 81
59 83
53 88
51 89
49 90
11 94
9 95
25 97
27 99
26 100
41 103
29 105
28 106
42 110
23 111
2 113
0 114
31 119
20 120
16 121
39 131
35 132
38 133
37 135
32 136
34 137
18 140
15 141
12 142
22 143
19 145
14 146
21 147
17 149
3 150
5 151
46 153
43 155
45 157
8 159
6 160
60 161
84 163
82 164
136 168
100 170
99 171
163 172
166 173
222 174
218 176
165 177
162 180
161 181
116 186
98 189
97 191
90 194
80 196
79 197
89 198
69 200
67 201
118 204
93 208
95 210
87 213
85 214
66 221
65 222
56 224
54 225
77 226
78 228
74 229
75 230
76 231
114 232
112 233
127 234
125 237
124 239
123 240
126 241
111 245
110 246
108 247
107 249
105 250
172 251
216 254
150 256
132 258
121 260
119 261
168 263
167 264
169 266
143 270
145 271
146 272
134 274
130 276
129 277
266 281
234 284
226 286
224 287
228 289
214 291
213 293
211 294
232 297
231 299
229 300
210 302
208 306
200 310
189 312
187 313
191 315
186 317
184 318
192 320
183 322
181 323
206 325
202 327
198 329
197 332
196 333
194 334
204 335
265 336
171 337
270 339
269 341
267 342
149 345
147 346
263 348
262 349
274 350
254 353
250 356
248 357
241 359
239 360
252 362
245 366
242 367
244 368
237 372
235 373
238 374
246 375
276 378
261 380
259 381
257 382
280 384
278 385
284 386
282 387
0 1
1 2
2 3
3 4
4 5
5 6
6 7
7 8
8 9
9 10
10 11
11 12
12 13
13 14
14 15
15 16
16 17
17 18
18 19
19 20
19 21
21 22
21 23
18 24
17 25
25 26
26 27
26 28
28 29
28 30
30 31
30 32
25 33
33 34
34 35
34 36
33 37
16 38
38 39
38 40
40 41
40 42
15 43
43 44
43 45
14 46
46 47
47 48
48 49
49 50
50 51
50 52
52 53
52 54
54 55
55 56
55 57
57 58
57 59
54 60
60 61
61 62
61 63
63 64
63 65
60 66
66 67
67 68
67 69
69 70
70 71
70 72
69 73
73 74
74 75
74 76
76 77
76 78
73 79
79 80
80 81
80 82
82 83
82 84
84 85
85 86
86 87
87 88
87 89
86 90
85 91
91 92
92 93
93 94
93 95
92 96
96 97
96 98
98 99
98 100
91 101
101 102
102 103
102 104
104 105
104 106
101 107
107 108
108 109
109 110
109 111
108 112
112 113
112 114
107 115
115 116
116 117
117 118
118 119
118 120
117 121
116 122
122 123
123 124
124 125
125 126
126 127
127 128
128 129
129 130
130 131
130 132
129 133
128 134
134 135
134 136
127 137
126 138
138 139
139 140
139 141
138 142
125 143
124 144
144 145
144 146
123 147
122 148
148 149
148 150
115 151
84 152
152 153
152 154
154 155
154 156
156 157
156 158
158 159
158 160
79 161
66 162
162 163
162 164
49 165
165 166
166 167
167 168
167 169
169 170
169 171
166 172
165 173
48 174
47 175
175 176
175 177
46 178
178 179
179 180
179 181
178 182
182 183
183 184
184 185
185 186
185 187
187 188
188 189
188 190
190 191
190 192
192 193
193 194
193 195
195 196
195 197
192 198
187 199
199 200
199 201
184 202
202 203
203 204
203 205
205 206
206 207
207 208
207 209
209 210
209 211
211 212
212 213
212 214
211 215
215 216
216 217
217 218
218 219
219 220
220 221
220 222
219 223
223 224
223 225
218 226
217 227
227 228
227 229
216 230
215 231
206 232
205 233
202 234
183 235
235 236
236 237
236 238
238 239
238 240
235 241
182 242
242 243
243 244
244 245
244 246
243 247
242 248
248 249
248 250
13 251
12 252
252 253
253 254
253 255
255 256
255 257
257 258
257 259
259 260
259 261
252 262
262 263
262 264
11 265
265 266
265 267
267 268
268 269
269 270
269 271
268 272
267 273
273 274
273 275
275 276
275 277
10 278
278 279
279 280
280 281
280 282
282 283
283 284
283 285
285 286
285 287
282 288
288 289
288 290
290 291
290 292
292 293
292 294
279 295
295 296
296 297
296 298
298 299
298 300
295 301
301 302
301 303
303 304
304 305
305 306
305 307
307 308
308 309
309 310
309 311
311 312
311 313
308 314
314 315
314 316
316 317
316 318
307 319
319 320
319 321
321 322
321 323
304 324
324 325
324 326
326 327
326 328
328 329
328 330
330 331
331 332
331 333
330 334
303 335
278 336
9 337
8 338
338 339
338 340
340 341
340 342
7 343
343 344
344 345
344 346
343 347
347 348
347 349
6 350
5 351
351 352
352 353
352 354
354 355
355 356
355 357
354 358
358 359
358 360
351 361
361 362
361 363
363 364
364 365
365 366
365 367
364 368
363 369
369 370
370 371
371 372
371 373
370 374
369 375
4 376
376 377
377 378
377 379
379 380
379 381
376 382
3 383
383 384
383 385
2 386
1 387
