194
286
286
216 77
217 210
214 67
224 169
213 85
210 202
211 12
165 27
265 238
218 15
219 9
132 75
130 22
137 265
136 126
134 200
139 191
166 112
25 63
26 69
27 46
20 104
21 266
22 2
23 252
160 66
28 64
29 3
222 237
0 32
162 43
8 20
220 18
284 161
263 95
121 160
261 220
123 257
124 168
125 80
126 19
127 196
129 177
269 118
118 180
59 97
54 23
57 198
56 229
51 178
53 8
259 25
198 37
200 143
194 152
197 99
178 31
191 129
192 124
270 39
114 165
116 263
111 221
110 72
276 235
112 17
82 246
181 60
80 91
119 34
87 146
84 59
85 228
226 267
257 261
3 125
254 189
245 162
244 121
108 262
246 139
241 105
242 98
103 145
100 51
101 56
107 232
104 224
105 57
39 142
38 89
32 42
31 226
37 110
35 250
34 127
252 49
223 137
176 204
60 171
61 208
63 6
64 108
65 176
66 222
67 100
177 70
69 245
175 219
173 248
172 187
171 278
248 172
183 158
180 21
2 26
186 213
187 76
184 0
6 259
250 35
189 111
202 186
196 101
221 140
99 54
98 280
168 107
169 284
229 114
228 74
91 184
90 157
93 163
167 41
95 29
161 130
97 38
163 192
11 119
12 45
15 116
14 167
17 123
16 90
19 218
18 244
89 93
274 241
204 65
150 79
152 282
155 231
154 223
157 183
158 242
278 53
238 147
239 16
234 269
235 194
237 136
231 103
232 84
280 173
49 87
46 28
45 217
42 154
43 274
41 234
5 5
9 270
146 78
147 214
145 254
142 149
143 14
140 181
206 166
208 61
149 82
77 211
76 132
75 155
74 206
72 11
70 134
79 239
78 197
282 276
262 216
267 150
266 175
215 216
215 217
212 214
264 215
225 224
212 213
209 210
212 211
164 165
273 264
264 265
215 218
215 219
144 133
131 132
170 131
129 130
138 137
135 136
179 135
133 134
227 212
138 139
153 138
164 166
40 24
24 25
24 26
24 27
13 20
13 21
13 22
24 23
159 160
24 28
30 29
164 161
1 0
13 4
285 281
7 8
285 283
164 163
286 285
285 284
120 119
272 271
260 258
131 120
120 121
125 122
122 123
122 124
164 125
125 126
128 127
179 128
133 129
268 269
271 268
164 167
117 118
58 59
81 58
73 55
55 54
58 57
55 56
52 51
52 50
52 53
58 52
260 259
264 106
215 164
205 201
205 199
195 198
199 200
201 195
195 194
195 197
177 178
190 191
193 190
203 193
193 192
125 115
113 114
96 88
88 89
109 111
109 110
117 113
113 112
83 82
102 83
88 80
92 81
117 86
86 87
83 84
86 85
256 251
209 207
258 256
205 206
225 226
258 257
4 3
179 177
255 254
44 7
251 247
275 273
256 255
264 225
243 245
243 244
109 108
122 109
240 241
253 240
247 243
243 242
141 102
102 103
99 100
102 101
253 249
106 107
102 104
106 105
36 39
36 38
40 33
30 32
30 31
36 30
36 37
40 36
36 35
33 34
247 246
283 282
251 252
207 205
215 223
177 176
58 60
62 61
81 62
62 63
62 64
73 65
65 66
68 67
96 68
68 69
174 175
179 174
174 173
170 172
170 171
215 170
215 222
182 181
255 253
249 248
205 182
182 183
179 180
1 2
161 162
188 187
185 184
7 6
215 220
185 186
199 188
188 189
201 202
215 179
195 196
215 221
190 185
135 99
96 98
164 168
164 169
230 229
227 228
92 91
88 90
94 93
102 92
94 95
113 94
96 97
115 96
10 11
24 10
36 13
13 12
13 15
13 14
13 17
13 16
13 19
13 18
128 117
249 250
115 116
275 274
203 204
281 275
153 151
151 150
215 153
151 152
215 155
155 154
156 157
179 156
215 159
159 158
281 277
279 278
243 238
240 239
283 279
233 234
236 235
238 236
236 237
264 230
230 231
233 232
264 233
279 280
50 48
48 49
47 46
50 47
47 44
44 45
40 42
44 43
48 40
40 41
33 1
4 5
10 9
273 272
144 146
148 147
207 203
144 145
141 142
144 143
141 140
156 141
264 209
207 208
263 148
148 149
73 77
73 76
73 75
73 74
94 73
71 72
92 71
71 70
80 79
73 78
272 263
264 144
263 262
264 227
260 261
271 270
277 260
277 276
268 267
264 266
