194
286
286
216 282
217 78
214 257
224 97
213 280
210 241
211 219
165 254
265 284
218 49
219 278
132 149
130 204
137 242
136 77
134 98
139 184
166 126
25 118
26 69
27 198
20 65
21 200
22 57
23 191
160 270
28 125
29 17
222 158
0 99
162 93
8 8
220 84
284 266
263 116
121 123
261 224
123 56
124 263
125 226
126 100
127 41
129 107
269 22
118 112
59 142
54 237
57 103
56 105
51 18
53 210
259 124
198 167
200 104
194 183
197 3
178 178
191 82
192 121
270 172
114 238
116 16
111 134
110 136
276 265
112 228
82 250
181 180
80 89
119 110
87 169
84 2
85 194
226 137
257 32
3 262
254 143
245 196
244 127
108 274
246 140
241 67
242 61
103 175
100 276
101 208
107 29
104 152
105 27
39 147
38 189
32 91
31 176
37 246
35 139
34 222
252 259
223 218
176 34
60 72
61 90
63 26
64 269
65 64
66 114
67 213
177 146
69 15
175 101
173 6
172 95
171 80
248 248
183 46
180 244
2 43
186 155
187 229
184 181
6 45
250 9
189 165
202 19
196 79
221 51
99 70
98 74
168 173
169 53
229 39
228 31
91 20
90 21
93 245
167 66
95 150
161 239
97 154
163 206
11 166
12 202
15 60
14 235
17 177
16 163
19 11
18 162
89 252
274 145
204 192
150 75
152 161
155 221
154 0
157 220
158 187
278 223
238 37
239 54
234 130
235 14
237 171
231 108
232 38
280 35
49 216
46 186
45 76
42 42
43 5
41 132
5 160
9 87
146 234
147 157
145 211
142 232
143 28
140 25
206 214
208 217
149 63
77 261
76 85
75 231
74 267
72 23
70 111
79 168
78 197
282 59
262 129
267 119
266 12
215 216
215 217
212 214
264 215
225 224
212 213
209 210
212 211
164 165
273 264
264 265
215 218
215 219
144 133
131 132
170 131
129 130
138 137
135 136
179 135
133 134
227 212
138 139
153 138
164 166
40 24
24 25
24 26
24 27
13 20
13 21
13 22
24 23
159 160
24 28
30 29
164 161
1 0
13 4
285 281
7 8
285 283
164 163
286 285
285 284
120 119
272 271
260 258
131 120
120 121
125 122
122 123
122 124
164 125
125 126
128 127
179 128
133 129
268 269
271 268
164 167
117 118
58 59
81 58
73 55
55 54
58 57
55 56
52 51
52 50
52 53
58 52
260 259
264 106
215 164
205 201
205 199
195 198
199 200
201 195
195 194
195 197
177 178
190 191
193 190
203 193
193 192
125 115
113 114
96 88
88 89
109 111
109 110
117 113
113 112
83 82
102 83
88 80
92 81
117 86
86 87
83 84
86 85
256 251
209 207
258 256
205 206
225 226
258 257
4 3
179 177
255 254
44 7
251 247
275 273
256 255
264 225
243 245
243 244
109 108
122 109
240 241
253 240
247 243
243 242
141 102
102 103
99 100
102 101
253 249
106 107
102 104
106 105
36 39
36 38
40 33
30 32
30 31
36 30
36 37
40 36
36 35
33 34
247 246
283 282
251 252
207 205
215 223
177 176
58 60
62 61
81 62
62 63
62 64
73 65
65 66
68 67
96 68
68 69
174 175
179 174
174 173
170 172
170 171
215 170
215 222
182 181
255 253
249 248
205 182
182 183
179 180
1 2
161 162
188 187
185 184
7 6
215 220
185 186
199 188
188 189
201 202
215 179
195 196
215 221
190 185
135 99
96 98
164 168
164 169
230 229
227 228
92 91
88 90
94 93
102 92
94 95
113 94
96 97
115 96
10 11
24 10
36 13
13 12
13 15
13 14
13 17
13 16
13 19
13 18
128 117
249 250
115 116
275 274
203 204
281 275
153 151
151 150
215 153
151 152
215 155
155 154
156 157
179 156
215 159
159 158
281 277
279 278
243 238
240 239
283 279
233 234
236 235
238 236
236 237
264 230
230 231
233 232
264 233
279 280
50 48
48 49
47 46
50 47
47 44
44 45
40 42
44 43
48 40
40 41
33 1
4 5
10 9
273 272
144 146
148 147
207 203
144 145
141 142
144 143
141 140
156 141
264 209
207 208
263 148
148 149
73 77
73 76
73 75
73 74
94 73
71 72
92 71
71 70
80 79
73 78
272 263
264 144
263 262
264 227
260 261
271 270
277 260
277 276
268 267
264 266
