194
286
286
216 216
217 217
214 214
224 224
213 213
210 210
211 211
165 165
265 265
218 218
219 219
132 132
130 130
137 137
136 136
134 134
139 139
166 166
25 25
26 26
27 27
20 20
21 21
22 22
23 23
160 160
28 28
29 29
222 222
0 0
162 162
8 8
220 220
284 284
263 263
121 121
261 261
123 123
124 124
125 125
126 126
127 127
129 129
269 269
118 118
59 59
54 54
57 57
56 56
51 51
53 53
259 259
198 198
200 200
194 194
197 197
178 178
191 191
192 192
270 270
114 114
116 116
111 111
110 110
276 276
112 112
82 82
181 181
80 80
119 119
87 87
84 84
85 85
226 226
257 257
3 3
254 254
245 245
244 244
108 108
246 246
241 241
242 242
103 103
100 100
101 101
107 107
104 104
105 105
39 39
38 38
32 32
31 31
37 37
35 35
34 34
252 252
223 223
176 176
60 60
61 61
63 63
64 64
65 65
66 66
67 67
177 177
69 69
175 175
173 173
172 172
171 171
248 248
183 183
180 180
2 2
186 186
187 187
184 184
6 6
250 250
189 189
202 202
196 196
221 221
99 99
98 98
168 168
169 169
229 229
228 228
91 91
90 90
93 93
167 167
95 95
161 161
97 97
163 163
11 11
12 12
15 15
14 14
17 17
16 16
19 19
18 18
89 89
274 274
204 204
150 150
152 152
155 155
154 154
157 157
158 158
278 278
238 238
239 239
234 234
235 235
237 237
231 231
232 232
280 280
49 49
46 46
45 45
42 42
43 43
41 41
5 5
9 9
146 146
147 147
145 145
142 142
143 143
140 140
206 206
208 208
149 149
77 77
76 76
75 75
74 74
72 72
70 70
79 79
78 78
282 282
262 262
267 267
266 266
215 216
215 217
212 214
264 215
225 224
212 213
209 210
212 211
164 165
273 264
264 265
215 218
215 219
144 133
131 132
170 131
129 130
138 137
135 136
179 135
133 134
227 212
138 139
153 138
164 166
40 24
24 25
24 26
24 27
13 20
13 21
13 22
24 23
159 160
24 28
30 29
164 161
1 0
13 4
285 281
7 8
285 283
164 163
286 285
285 284
120 119
272 271
260 258
131 120
120 121
125 122
122 123
122 124
164 125
125 126
128 127
179 128
133 129
268 269
271 268
164 167
117 118
58 59
81 58
73 55
55 54
58 57
55 56
52 51
52 50
52 53
58 52
260 259
264 106
215 164
205 201
205 199
195 198
199 200
201 195
195 194
195 197
177 178
190 191
193 190
203 193
193 192
125 115
113 114
96 88
88 89
109 111
109 110
117 113
113 112
83 82
102 83
88 80
92 81
117 86
86 87
83 84
86 85
256 251
209 207
258 256
205 206
225 226
258 257
4 3
179 177
255 254
44 7
251 247
275 273
256 255
264 225
243 245
243 244
109 108
122 109
240 241
253 240
247 243
243 242
141 102
102 103
99 100
102 101
253 249
106 107
102 104
106 105
36 39
36 38
40 33
30 32
30 31
36 30
36 37
40 36
36 35
33 34
247 246
283 282
251 252
207 205
215 223
177 176
58 60
62 61
81 62
62 63
62 64
73 65
65 66
68 67
96 68
68 69
174 175
179 174
174 173
170 172
170 171
215 170
215 222
182 181
255 253
249 248
205 182
182 183
179 180
1 2
161 162
188 187
185 184
7 6
215 220
185 186
199 188
188 189
201 202
215 179
195 196
215 221
190 185
135 99
96 98
164 168
164 169
230 229
227 228
92 91
88 90
94 93
102 92
94 95
113 94
96 97
115 96
10 11
24 10
36 13
13 12
13 15
13 14
13 17
13 16
13 19
13 18
128 117
249 250
115 116
275 274
203 204
281 275
153 151
151 150
215 153
151 152
215 155
155 154
156 157
179 156
215 159
159 158
281 277
279 278
243 238
240 239
283 279
233 234
236 235
238 236
236 237
264 230
230 231
233 232
264 233
279 280
50 48
48 49
47 46
50 47
47 44
44 45
40 42
44 43
48 40
40 41
33 1
4 5
10 9
273 272
144 146
148 147
207 203
144 145
141 142
144 143
141 140
156 141
264 209
207 208
263 148
148 149
73 77
73 76
73 75
73 74
94 73
71 72
92 71
71 70
80 79
73 78
272 263
264 144
263 262
264 227
260 261
271 270
277 260
277 276
268 267
264 266
