50
92
0
80 3
77 4
72 6
75 10
73 11
69 13
67 14
66 16
71 18
64 20
59 22
56 24
49 27
55 29
47 31
45 32
52 35
50 36
44 38
42 39
33 42
32 43
30 44
60 46
36 47
40 49
34 51
27 53
25 54
21 56
20 58
19 59
62 62
37 63
63 65
39 67
29 69
24 71
17 73
15 76
13 77
12 80
10 81
8 83
6 84
5 87
4 88
3 90
2 91
0 92
0 1
1 2
2 3
2 4
1 5
5 6
5 7
7 8
8 9
9 10
9 11
8 12
12 13
12 14
7 15
15 16
15 17
17 18
17 19
19 20
19 21
21 22
21 23
23 24
23 25
25 26
26 27
26 28
28 29
28 30
30 31
30 32
25 33
33 34
34 35
34 36
33 37
37 38
37 39
15 40
40 41
41 42
41 43
41 44
40 45
45 46
45 47
45 48
48 49
48 50
50 51
50 52
52 53
52 54
52 55
55 56
55 57
57 58
57 59
45 60
60 61
61 62
61 63
60 64
64 65
64 66
66 67
66 68
68 69
68 70
70 71
70 72
72 73
72 74
74 75
75 76
75 77
74 78
78 79
79 80
79 81
78 82
82 83
82 84
78 85
85 86
86 87
86 88
85 89
89 90
89 91
89 92
