50
87
0
33 9
30 10
32 11
63 15
39 17
29 19
24 21
17 23
15 26
13 27
10 31
8 32
12 33
6 36
5 35
4 39
2 41
3 43
0 44
40 46
34 48
27 51
25 52
21 54
20 56
19 57
60 59
36 60
62 62
37 63
71 64
66 66
64 68
59 70
56 75
55 74
47 78
45 79
49 80
52 83
50 84
44 86
42 87
75 90
73 91
69 93
67 94
80 97
77 98
72 99
0 2
2 3
3 5
5 6
6 7
7 9
7 10
7 11
6 13
13 14
14 15
14 16
16 17
16 18
18 19
18 20
20 21
20 22
22 23
22 24
24 25
25 26
25 27
24 28
28 30
30 31
30 32
28 33
28 34
34 35
35 36
35 39
34 40
40 41
40 43
40 44
13 46
13 47
47 48
47 49
49 51
49 52
49 53
53 54
53 55
55 56
55 57
6 59
6 60
5 61
61 62
61 63
3 64
3 65
65 66
65 67
67 68
67 69
69 70
69 71
71 72
72 73
73 74
74 75
73 77
77 78
77 79
72 80
71 81
81 82
82 83
82 84
81 85
85 86
85 87
2 88
88 89
89 90
89 91
88 92
92 93
92 94
0 95
95 96
96 97
96 98
95 99
