50
50
50
0 0
2 1
3 2
4 3
5 4
6 5
8 6
10 7
12 8
13 9
15 10
17 11
19 12
20 13
21 14
24 15
25 16
27 17
29 18
30 19
32 20
33 21
34 22
36 23
37 24
39 25
40 26
42 27
44 28
45 29
47 30
49 31
50 32
52 33
55 34
56 35
59 36
60 37
62 38
63 39
64 40
66 41
67 42
69 43
71 44
72 45
73 46
75 47
77 48
80 49
50 48
50 45
50 49
50 42
42 43
48 47
47 46
50 41
41 20
20 21
20 23
23 37
20 19
20 24
37 38
23 26
24 25
23 13
13 14
13 12
13 16
13 17
23 22
41 40
20 15
15 18
20 39
15 11
20 44
11 9
9 10
9 4
4 3
4 5
4 0
4 1
4 2
4 8
4 6
4 7
41 30
30 29
29 34
29 33
33 32
30 28
28 27
34 35
34 31
32 36
