50
99
0
76 2
56 6
57 8
54 9
53 12
52 13
72 16
74 17
73 18
39 23
41 24
44 25
36 29
43 31
38 32
46 33
48 34
69 37
67 38
19 42
3 49
2 51
0 52
6 54
5 55
7 58
9 59
13 61
10 62
12 63
16 64
14 65
23 68
21 69
24 75
28 76
27 77
26 78
31 80
29 81
63 84
64 87
61 88
58 90
60 92
62 93
35 95
34 97
32 98
65 99
0 1
1 2
1 3
3 4
4 5
5 6
5 7
7 8
7 9
4 10
10 11
11 12
11 13
10 14
14 15
15 16
15 17
14 18
3 19
19 20
20 21
21 22
22 23
22 24
21 25
20 26
26 27
27 28
28 29
28 30
30 31
30 32
27 33
26 34
19 35
35 36
36 37
36 38
35 39
39 40
40 41
41 42
41 43
43 44
44 45
45 46
46 47
47 48
48 49
48 50
50 51
50 52
47 53
53 54
53 55
46 56
56 57
57 58
57 59
56 60
60 61
60 62
45 63
44 64
43 65
40 66
66 67
67 68
67 69
66 70
70 71
71 72
72 73
73 74
74 75
74 76
73 77
72 78
71 79
79 80
79 81
70 82
82 83
83 84
83 85
85 86
86 87
86 88
85 89
89 90
89 91
91 92
91 93
82 94
94 95
94 96
96 97
96 98
39 99
