50
86
0
65 5
58 7
62 9
61 10
63 12
35 14
19 18
14 20
16 22
12 24
13 26
10 27
6 29
5 30
3 32
2 33
0 34
9 36
7 37
23 39
21 40
28 43
27 44
26 45
24 46
31 48
29 49
34 51
32 52
64 54
60 55
69 57
67 58
48 60
46 62
36 64
43 66
38 67
44 69
41 71
39 72
76 74
74 76
73 77
72 78
56 80
57 82
54 83
53 85
52 86
0 1
1 2
2 3
3 4
4 5
4 6
6 7
6 8
8 9
8 10
8 11
11 12
11 13
13 14
13 15
15 16
16 17
17 18
17 19
19 20
19 21
21 22
21 23
23 24
23 25
25 26
25 27
25 28
28 29
28 30
28 31
31 32
31 33
31 34
25 35
35 36
35 37
16 38
38 39
38 40
15 41
41 42
42 43
42 44
42 45
42 46
41 47
47 48
47 49
13 50
50 51
50 52
8 53
53 54
53 55
3 56
56 57
56 58
2 59
59 60
59 61
61 62
61 63
63 64
63 65
65 66
65 67
59 68
68 69
68 70
70 71
70 72
1 73
73 74
73 75
75 76
75 77
75 78
75 79
79 80
79 81
81 82
81 83
75 84
84 85
84 86
