50
90
0
65 5
58 7
63 10
35 13
19 17
14 19
16 21
12 23
13 25
10 26
6 28
5 29
3 31
2 32
0 33
9 35
7 36
23 38
21 39
28 42
27 43
26 44
24 45
31 47
29 48
34 50
32 51
61 53
62 55
64 57
60 58
69 60
67 61
48 64
44 66
41 68
39 69
46 71
36 73
43 75
38 76
76 78
74 80
73 81
72 82
56 84
57 86
54 87
53 89
52 90
0 1
1 2
2 3
3 4
4 5
4 6
6 7
6 8
8 9
9 10
9 11
11 12
12 13
12 14
14 15
15 16
16 17
16 18
18 19
18 20
20 21
20 22
22 23
22 24
24 25
24 26
24 27
27 28
27 29
27 30
30 31
30 32
30 33
24 34
34 35
34 36
15 37
37 38
37 39
14 40
40 41
41 42
41 43
41 44
41 45
40 46
46 47
46 48
11 49
49 50
49 51
8 52
52 53
52 54
54 55
54 56
56 57
56 58
3 59
59 60
59 61
2 62
62 63
63 64
63 65
65 66
65 67
67 68
67 69
62 70
70 71
70 72
72 73
72 74
74 75
74 76
1 77
77 78
77 79
79 80
79 81
79 82
79 83
83 84
83 85
85 86
85 87
79 88
88 89
88 90
