50
78
78
43 43
60 69
61 23
62 36
63 3
64 13
53 35
67 56
69 0
52 72
24 2
26 67
27 74
21 10
48 60
23 61
46 63
44 19
28 48
29 44
41 32
0 46
3 53
2 5
5 31
7 38
6 9
9 24
39 65
76 34
38 14
73 58
72 26
58 16
10 41
13 28
12 29
14 39
16 52
19 73
32 62
31 6
56 57
36 64
35 7
34 27
74 12
54 76
57 21
65 54
49 45
78 77
55 54
50 42
42 43
59 60
59 61
59 62
59 63
59 64
50 49
70 66
68 67
70 68
68 69
51 52
51 53
25 24
30 25
25 26
25 27
33 20
22 21
33 22
22 23
47 46
49 47
45 44
47 48
25 28
30 29
45 40
40 41
4 1
1 0
1 3
1 2
4 5
11 4
8 7
4 6
8 9
17 8
71 51
55 56
40 39
66 65
75 76
77 75
37 38
71 73
71 72
75 71
77 70
66 59
59 58
17 11
11 10
11 13
11 12
18 15
15 14
18 17
15 16
20 19
20 18
33 31
31 30
42 37
37 36
33 35
33 34
59 33
71 55
71 74
33 32
55 57
51 50
