50
78
78
43 43
60 60
61 61
62 62
63 63
64 64
53 53
67 67
69 69
52 52
24 24
26 26
27 27
21 21
48 48
23 23
46 46
44 44
28 28
29 29
41 41
0 0
3 3
2 2
5 5
7 7
6 6
9 9
39 39
76 76
38 38
73 73
72 72
58 58
10 10
13 13
12 12
14 14
16 16
19 19
32 32
31 31
56 56
36 36
35 35
34 34
74 74
54 54
57 57
65 65
49 45
78 77
55 54
50 42
42 43
59 60
59 61
59 62
59 63
59 64
50 49
70 66
68 67
70 68
68 69
51 52
51 53
25 24
30 25
25 26
25 27
33 20
22 21
33 22
22 23
47 46
49 47
45 44
47 48
25 28
30 29
45 40
40 41
4 1
1 0
1 3
1 2
4 5
11 4
8 7
4 6
8 9
17 8
71 51
55 56
40 39
66 65
75 76
77 75
37 38
71 73
71 72
75 71
77 70
66 59
59 58
17 11
11 10
11 13
11 12
18 15
15 14
18 17
15 16
20 19
20 18
33 31
31 30
42 37
37 36
33 35
33 34
59 33
71 55
71 74
33 32
55 57
51 50
