440
598
598
0 0
347 347
340 340
342 342
343 343
348 348
595 595
299 299
296 296
297 297
294 294
292 292
293 293
291 291
591 591
593 593
199 199
198 198
195 195
194 194
197 197
196 196
190 190
192 192
271 271
272 272
274 274
275 275
276 276
278 278
279 279
525 525
526 526
527 527
520 520
522 522
523 523
528 528
529 529
449 449
448 448
443 443
442 442
441 441
440 440
446 446
445 445
108 108
102 102
103 103
100 100
106 106
104 104
38 38
33 33
32 32
31 31
36 36
35 35
438 438
439 439
436 436
437 437
434 434
435 435
432 432
433 433
430 430
431 431
338 338
335 335
334 334
337 337
336 336
331 331
333 333
332 332
345 345
6 6
99 99
98 98
90 90
93 93
92 92
95 95
97 97
96 96
559 559
554 554
556 556
551 551
552 552
238 238
239 239
235 235
236 236
230 230
232 232
233 233
147 147
144 144
145 145
142 142
140 140
148 148
133 133
132 132
131 131
130 130
136 136
135 135
134 134
494 494
495 495
138 138
490 490
492 492
493 493
24 24
25 25
26 26
27 27
21 21
22 22
28 28
29 29
406 406
405 405
404 404
402 402
401 401
400 400
409 409
408 408
379 379
378 378
370 370
373 373
372 372
375 375
374 374
376 376
393 393
392 392
88 88
89 89
397 397
396 396
395 395
394 394
82 82
83 83
80 80
81 81
86 86
87 87
84 84
85 85
7 7
587 587
584 584
585 585
582 582
583 583
580 580
581 581
588 588
245 245
244 244
247 247
246 246
240 240
243 243
242 242
249 249
248 248
519 519
518 518
510 510
513 513
512 512
515 515
516 516
458 458
451 451
452 452
454 454
455 455
457 457
179 179
177 177
176 176
174 174
173 173
172 172
170 170
182 182
181 181
187 187
184 184
185 185
188 188
11 11
10 10
13 13
12 12
14 14
17 17
16 16
19 19
18 18
62 62
322 322
323 323
320 320
327 327
324 324
328 328
329 329
201 201
200 200
202 202
205 205
204 204
207 207
209 209
208 208
77 77
76 76
75 75
73 73
72 72
71 71
79 79
78 78
2 2
542 542
540 540
547 547
545 545
549 549
68 68
120 120
122 122
123 123
124 124
125 125
126 126
129 129
415 415
416 416
417 417
410 410
411 411
412 412
413 413
418 418
419 419
319 319
313 313
312 312
311 311
310 310
317 317
316 316
315 315
314 314
497 497
3 3
368 368
366 366
364 364
365 365
362 362
363 363
360 360
361 361
380 380
381 381
382 382
383 383
384 384
385 385
386 386
387 387
388 388
389 389
579 579
578 578
572 572
571 571
577 577
576 576
61 61
258 258
259 259
64 64
66 66
67 67
252 252
69 69
251 251
256 256
257 257
254 254
255 255
509 509
506 506
507 507
504 504
505 505
502 502
503 503
500 500
469 469
468 468
465 465
467 467
461 461
460 460
463 463
169 169
166 166
167 167
160 160
162 162
163 163
9 9
357 357
355 355
354 354
353 353
351 351
350 350
358 358
216 216
217 217
214 214
212 212
213 213
210 210
218 218
219 219
289 289
4 4
281 281
280 280
283 283
284 284
287 287
286 286
263 263
262 262
261 261
267 267
266 266
265 265
269 269
268 268
59 59
58 58
55 55
56 56
50 50
53 53
52 52
536 536
535 535
63 63
533 533
532 532
531 531
538 538
114 114
117 117
116 116
111 111
110 110
113 113
253 253
119 119
429 429
428 428
421 421
420 420
423 423
422 422
425 425
424 424
426 426
308 308
309 309
300 300
302 302
303 303
304 304
305 305
306 306
307 307
569 569
560 560
562 562
563 563
564 564
565 565
566 566
567 567
229 229
227 227
226 226
224 224
222 222
221 221
220 220
391 391
150 150
155 155
156 156
159 159
158 158
399 399
398 398
49 49
46 46
47 47
44 44
43 43
40 40
41 41
5 5
488 488
487 487
485 485
483 483
480 480
473 473
471 471
476 476
475 475
479 479
575 344
1 0
568 346
346 347
341 340
349 341
341 342
344 343
349 348
434 349
596 595
596 594
326 298
298 299
295 296
298 297
295 294
403 295
359 292
292 293
575 290
290 291
590 591
592 590
594 593
594 592
194 199
194 198
598 597
597 596
194 195
215 194
194 197
194 196
193 191
191 190
215 193
191 192
305 270
270 271
273 272
575 273
273 274
273 275
277 276
321 277
277 278
280 279
541 524
524 525
524 526
524 527
521 520
557 521
521 522
524 523
524 528
530 529
450 449
447 448
444 443
434 442
434 441
434 440
478 447
447 446
444 445
466 444
109 108
189 109
101 102
101 103
101 100
194 101
105 106
127 107
105 104
193 105
151 39
39 38
34 33
30 32
30 31
134 30
153 37
37 36
34 35
180 34
434 438
434 439
434 436
434 437
564 434
434 435
433 432
564 433
427 430
427 431
375 339
337 338
336 335
330 334
379 337
349 336
330 331
356 330
330 333
330 332
346 345
5 6
97 99
97 98
151 91
91 90
94 93
91 92
94 95
165 94
180 97
97 96
558 559
589 558
557 555
555 554
558 557
555 556
550 551
557 550
557 553
553 552
237 238
250 239
241 234
234 235
237 236
239 237
231 230
234 231
231 232
234 233
94 1
194 146
146 147
143 144
146 145
143 142
180 143
141 140
154 141
149 148
215 149
132 133
186 132
132 131
206 130
206 137
137 136
134 135
183 134
491 494
496 495
171 139
137 138
489 490
498 491
491 492
491 493
23 24
26 25
194 26
97 27
65 20
20 21
23 22
153 23
27 28
30 29
417 407
407 406
403 405
403 404
414 403
395 402
395 401
395 400
410 409
407 408
564 379
377 378
564 371
369 370
374 373
371 372
594 375
427 374
427 377
377 376
390 393
390 392
87 88
87 89
395 397
395 396
434 395
390 394
81 82
81 83
77 80
139 81
87 86
139 87
81 84
81 85
8 7
590 586
586 587
575 584
575 585
575 582
575 583
575 580
575 581
589 588
590 589
242 245
242 244
242 247
242 246
242 241
241 240
242 243
312 242
250 249
242 248
517 519
517 518
543 511
511 510
514 513
511 512
514 515
537 514
537 517
514 516
459 458
481 459
477 450
450 451
453 452
472 453
453 454
456 455
470 456
456 457
180 179
215 178
178 177
175 176
215 175
171 174
171 173
171 172
215 171
171 170
250 253
180 182
215 183
215 180
180 181
215 186
186 187
183 184
186 185
189 188
215 189
194 11
11 10
12 13
164 12
189 15
15 14
18 17
15 16
20 19
132 18
215 62
321 322
321 323
321 320
339 321
575 326
326 327
325 324
564 325
326 328
330 329
194 201
194 200
215 203
203 202
206 205
203 204
206 207
215 206
206 209
206 208
211 77
77 76
74 75
107 74
74 73
70 72
70 71
107 70
77 79
77 78
1 2
541 542
544 543
539 540
546 541
553 546
548 547
550 544
546 545
81 8
550 548
548 549
65 68
121 120
153 121
121 122
121 123
121 124
121 125
127 126
152 127
171 128
130 129
564 414
414 415
417 416
564 417
434 410
410 411
410 412
414 413
499 498
417 418
417 419
597 499
318 319
375 318
312 313
356 312
312 311
325 310
312 317
312 316
312 315
312 314
498 496
498 497
4 3
367 368
568 369
367 366
395 367
564 364
364 365
359 362
359 363
359 360
359 361
434 380
380 381
380 382
380 383
380 384
380 385
564 386
386 387
386 388
390 389
575 579
575 578
594 573
573 572
570 571
574 570
575 577
575 576
592 575
590 574
128 60
60 61
257 258
260 259
62 64
81 65
65 66
65 67
250 252
70 69
264 250
250 251
250 256
288 257
250 254
250 255
517 508
508 509
504 506
508 507
541 504
504 505
501 502
504 503
501 500
541 501
470 469
466 468
464 465
482 464
466 467
491 466
462 461
459 460
462 463
464 462
178 168
168 169
215 164
189 165
165 166
168 167
161 160
215 161
161 162
164 163
8 9
356 357
375 356
354 355
369 354
352 353
371 352
352 351
349 350
395 359
359 358
215 216
215 217
211 214
223 215
211 212
211 213
206 210
215 211
215 218
215 219
290 289
356 288
134 4
282 281
330 280
282 283
356 282
344 285
285 284
288 287
285 286
264 263
260 262
260 261
273 260
264 267
264 266
264 265
277 264
270 269
264 268
60 59
57 58
54 55
94 54
180 57
57 56
141 51
51 50
54 53
51 52
541 537
537 536
534 535
62 63
534 533
530 532
530 531
541 530
543 539
539 538
128 115
115 114
118 117
115 116
112 111
109 110
112 113
153 112
118 119
215 118
427 429
427 428
544 534
417 421
417 420
417 423
417 422
417 425
417 424
564 427
427 426
305 308
310 309
301 300
312 301
301 302
304 303
339 304
318 305
305 306
305 307
586 568
570 569
561 560
574 561
561 562
564 563
573 564
564 565
564 566
568 567
228 229
250 228
228 227
225 226
228 225
225 224
242 223
223 222
215 221
215 220
390 391
564 390
215 151
149 150
194 153
165 152
154 155
215 154
215 157
157 156
157 159
157 158
395 399
395 398
211 48
48 49
45 46
48 47
45 44
175 45
152 42
42 43
39 40
42 41
37 5
498 489
486 488
486 487
498 486
486 485
499 484
484 483
491 482
484 481
481 480
489 472
474 473
472 470
470 471
477 476
491 477
496 474
474 475
482 478
478 479
