423
565
565
0 0
347 347
340 340
341 341
343 343
348 348
349 349
298 298
296 296
297 297
294 294
295 295
292 292
293 293
291 291
199 199
198 198
194 194
196 196
191 191
190 190
193 193
192 192
270 270
271 271
272 272
273 273
274 274
275 275
277 277
278 278
279 279
524 524
525 525
526 526
527 527
520 520
521 521
522 522
523 523
528 528
529 529
449 449
448 448
442 442
446 446
444 444
109 109
102 102
103 103
100 100
101 101
106 106
107 107
104 104
105 105
39 39
38 38
33 33
32 32
31 31
30 30
36 36
35 35
439 439
437 437
435 435
433 433
430 430
431 431
339 339
338 338
334 334
337 337
336 336
330 330
333 333
332 332
345 345
6 6
99 99
90 90
93 93
92 92
95 95
94 94
97 97
559 559
555 555
554 554
557 557
550 550
553 553
552 552
238 238
239 239
235 235
236 236
230 230
232 232
233 233
1 1
146 146
145 145
142 142
143 143
140 140
141 141
148 148
149 149
133 133
131 131
130 130
137 137
136 136
135 135
494 494
495 495
139 139
138 138
492 492
493 493
25 25
26 26
27 27
20 20
22 22
23 23
28 28
406 406
405 405
403 403
402 402
400 400
408 408
379 379
378 378
371 371
370 370
373 373
372 372
375 375
374 374
376 376
393 393
392 392
89 89
396 396
395 395
82 82
399 399
398 398
87 87
84 84
85 85
7 7
244 244
247 247
246 246
241 241
243 243
242 242
249 249
519 519
518 518
511 511
510 510
513 513
512 512
515 515
514 514
517 517
516 516
458 458
459 459
451 451
452 452
454 454
455 455
179 179
177 177
176 176
175 175
173 173
172 172
171 171
170 170
182 182
183 183
180 180
2 2
187 187
185 185
188 188
189 189
10 10
13 13
12 12
15 15
14 14
17 17
19 19
18 18
62 62
322 322
323 323
321 321
327 327
325 325
328 328
200 200
203 203
202 202
205 205
204 204
207 207
206 206
209 209
77 77
76 76
75 75
74 74
73 73
72 72
70 70
79 79
542 542
543 543
540 540
541 541
546 546
547 547
544 544
545 545
8 8
548 548
549 549
68 68
120 120
121 121
122 122
123 123
124 124
125 125
126 126
127 127
128 128
415 415
416 416
410 410
413 413
498 498
418 418
499 499
319 319
312 312
311 311
317 317
315 315
314 314
496 496
497 497
3 3
368 368
369 369
366 366
367 367
364 364
365 365
362 362
363 363
360 360
361 361
380 380
382 382
383 383
384 384
385 385
386 386
387 387
389 389
60 60
258 258
259 259
65 65
66 66
67 67
252 252
253 253
250 250
251 251
257 257
254 254
255 255
508 508
509 509
506 506
507 507
504 504
505 505
502 502
503 503
500 500
501 501
469 469
468 468
464 464
466 466
461 461
463 463
168 168
164 164
165 165
166 166
167 167
160 160
162 162
163 163
9 9
357 357
355 355
354 354
353 353
352 352
350 350
358 358
217 217
214 214
215 215
212 212
210 210
219 219
289 289
288 288
4 4
281 281
282 282
285 285
284 284
287 287
263 263
262 262
261 261
260 260
267 267
266 266
265 265
264 264
269 269
268 268
59 59
58 58
55 55
54 54
56 56
51 51
50 50
52 52
537 537
536 536
535 535
63 63
533 533
532 532
531 531
530 530
539 539
538 538
114 114
117 117
116 116
111 111
112 112
118 118
428 428
534 534
420 420
423 423
422 422
425 425
308 308
309 309
300 300
301 301
303 303
304 304
306 306
307 307
560 560
561 561
562 562
228 228
227 227
224 224
221 221
220 220
390 390
151 151
152 152
155 155
154 154
159 159
158 158
81 81
49 49
46 46
47 47
44 44
42 42
43 43
41 41
489 489
487 487
486 486
485 485
484 484
482 482
481 481
473 473
471 471
476 476
474 474
479 479
521 344
121 0
362 346
346 347
338 340
338 341
521 342
342 343
346 348
346 349
299 298
302 299
297 296
521 297
305 294
294 295
344 292
292 293
496 290
290 291
197 199
197 198
208 195
186 194
203 197
195 196
186 191
186 190
186 193
186 192
271 270
283 271
496 272
272 273
272 274
276 275
496 276
276 277
276 278
280 279
521 524
521 525
521 526
521 527
521 520
563 521
521 522
521 523
521 528
521 529
450 449
447 448
445 443
441 442
445 441
443 440
462 447
447 446
565 445
443 444
213 108
108 109
98 102
104 103
98 100
98 101
104 106
108 107
186 104
104 105
40 39
37 38
34 33
30 32
30 31
165 30
165 37
37 36
34 35
110 34
441 438
438 439
438 436
438 437
440 434
436 435
441 432
434 433
429 430
432 431
338 339
370 338
375 335
335 334
335 337
335 336
484 331
331 330
331 333
331 332
344 345
5 6
98 99
132 98
169 91
91 90
91 93
91 92
96 95
91 94
96 97
157 96
558 559
564 558
556 555
551 554
556 557
564 556
558 551
551 550
551 553
551 552
237 238
237 239
237 234
234 235
234 236
240 237
231 230
248 231
231 232
234 233
0 1
147 146
181 147
161 144
144 145
139 142
144 143
139 140
139 141
147 148
150 149
134 133
157 132
129 131
129 130
136 137
184 136
134 135
136 134
491 494
496 495
186 139
136 138
551 490
558 491
491 492
491 493
98 24
24 25
27 26
150 27
21 20
57 21
21 22
24 23
29 28
73 29
421 407
407 406
404 405
419 404
404 403
401 402
409 401
401 400
441 409
407 408
377 379
377 378
370 371
521 370
374 373
370 372
521 375
521 374
484 377
377 376
394 393
391 392
150 88
88 89
409 397
397 396
394 395
432 394
83 82
123 83
98 80
80 81
186 86
88 87
83 84
83 85
8 7
251 245
245 244
248 247
245 246
240 241
248 240
240 243
240 242
248 249
251 248
496 519
496 518
496 511
496 510
496 513
496 512
496 515
496 514
496 517
496 516
457 458
460 459
456 450
450 451
453 452
457 453
453 454
456 455
460 456
465 457
178 179
208 178
178 177
174 176
174 175
180 174
174 173
169 172
169 171
169 170
251 253
181 182
184 183
195 180
186 181
218 186
186 187
186 184
184 185
186 188
186 189
165 11
11 10
14 13
11 12
16 15
132 14
16 17
115 16
18 19
71 18
61 62
320 322
324 323
521 320
320 321
521 326
326 327
346 324
324 325
329 328
342 329
203 201
201 200
222 203
201 202
203 205
203 204
203 207
203 206
208 209
211 208
78 77
73 76
73 75
73 74
203 73
71 72
86 71
69 70
78 79
161 78
16 2
521 542
521 543
521 540
521 541
521 546
521 547
521 544
521 545
161 8
521 548
521 549
69 68
121 120
161 121
121 122
150 123
123 124
123 125
123 126
123 127
129 128
181 129
427 414
414 415
417 416
440 417
411 410
426 411
441 412
412 413
496 498
417 418
441 419
496 499
320 319
326 318
521 313
313 312
310 311
329 310
316 317
318 316
316 315
313 314
558 496
496 497
2 3
370 368
368 369
362 366
521 367
362 364
362 365
521 362
362 363
359 360
359 361
381 380
412 381
381 382
384 383
441 384
386 385
426 386
388 387
414 388
388 389
61 60
123 61
256 258
256 259
86 64
64 65
64 66
64 67
251 252
80 69
248 250
256 251
272 256
256 257
251 254
256 255
496 508
496 509
496 506
496 507
496 504
496 505
496 502
496 503
496 500
496 501
470 469
467 468
472 465
462 464
470 467
467 466
462 461
472 460
462 463
465 462
165 168
186 169
161 164
181 165
165 166
165 167
157 160
186 161
161 162
161 163
8 9
356 357
367 356
356 355
351 354
351 353
351 352
521 351
351 350
521 359
359 358
218 216
216 217
213 214
216 215
213 212
216 213
211 210
218 211
223 218
218 219
290 289
286 288
5 4
280 281
496 280
491 283
280 282
286 285
283 284
286 287
496 286
262 263
272 262
260 261
272 260
268 267
265 266
280 265
265 264
268 269
496 268
58 59
161 58
53 55
53 54
111 57
57 56
50 51
157 50
108 53
53 52
521 537
521 536
521 535
64 63
521 533
521 532
521 531
521 530
521 539
521 538
181 115
113 114
115 117
115 116
156 111
161 110
156 113
113 112
181 119
119 118
434 429
429 428
521 534
427 421
419 420
424 423
421 422
424 425
438 424
438 427
436 426
491 308
310 309
299 300
302 301
521 302
302 303
305 304
318 305
305 306
308 307
558 560
558 561
563 562
564 563
565 564
237 229
229 228
226 227
229 226
226 225
225 224
225 223
223 222
222 221
218 220
411 391
391 390
150 151
184 150
157 153
153 152
153 155
153 154
186 157
197 156
157 159
157 158
397 399
397 398
119 48
48 49
45 46
48 47
45 44
110 45
43 42
139 43
115 40
40 41
29 5
490 489
564 488
484 487
484 486
484 485
490 484
488 483
483 482
480 481
483 480
477 472
472 473
478 470
472 471
475 476
478 477
475 474
477 475
488 478
480 479
