100
152
152
133 88
131 110
137 116
136 123
135 129
134 60
139 94
138 66
24 0
25 74
27 31
21 136
22 56
28 24
0 39
4 126
120 98
121 36
123 30
125 100
126 131
127 52
128 2
129 22
59 148
55 57
54 28
57 9
56 120
51 82
50 113
52 140
115 37
88 42
116 63
110 121
113 33
112 90
82 12
83 146
80 118
118 19
85 79
3 139
7 15
109 13
102 76
103 55
100 44
106 21
107 78
104 107
39 17
33 10
31 92
30 34
37 1
36 68
34 112
60 4
61 137
63 128
65 106
66 83
68 50
69 5
2 127
98 59
90 141
92 27
95 77
94 97
97 85
10 125
13 80
12 144
15 71
17 103
19 95
151 45
48 135
44 51
45 69
42 65
41 48
1 151
5 134
9 115
146 54
144 41
140 61
141 102
148 73
77 104
76 133
74 25
73 109
71 138
79 7
78 3
132 133
142 132
132 131
143 130
132 137
132 136
132 135
132 134
132 139
132 138
25 24
26 25
27 26
47 27
23 20
20 21
23 22
26 23
29 28
32 29
1 0
1 4
11 8
122 119
119 120
122 121
124 122
124 123
130 124
124 125
124 126
124 127
124 128
130 129
119 118
58 59
64 58
53 55
53 54
58 57
53 56
49 51
49 50
72 53
53 52
114 115
117 114
89 88
93 89
132 111
111 110
114 113
111 112
81 82
84 83
81 80
86 81
89 86
93 87
86 84
84 85
1 3
6 7
132 108
108 109
101 102
101 103
99 100
132 101
105 106
105 107
105 104
132 105
40 39
46 38
32 33
46 32
32 31
29 30
38 37
35 36
38 35
35 34
58 60
62 61
72 62
62 63
72 64
64 65
67 66
87 67
67 68
70 69
1 2
16 6
101 99
99 98
93 91
91 90
108 93
91 92
96 95
93 94
96 97
101 96
20 11
11 10
14 13
11 12
14 15
16 14
18 17
20 16
18 19
26 18
124 117
117 116
150 151
152 150
47 48
53 49
58 46
58 47
43 44
46 45
43 42
47 43
49 40
40 41
8 1
6 5
8 9
145 146
149 147
145 144
149 145
143 142
147 143
132 140
142 141
147 148
150 149
87 77
77 76
77 75
72 74
72 73
75 72
70 71
75 70
77 79
77 78
