99
177
0
144 2
140 5
137 7
127 10
125 12
132 15
117 17
107 20
99 23
97 24
96 25
95 26
78 28
77 31
75 33
67 35
66 37
60 39
65 42
39 44
38 46
35 48
34 50
31 53
21 57
2 59
14 61
12 62
0 63
8 65
6 66
23 68
20 69
17 72
16 73
5 75
3 76
22 78
18 79
11 81
9 82
29 84
24 85
27 87
26 88
62 90
47 92
45 93
52 95
50 96
44 98
43 99
42 101
40 102
55 105
53 106
49 108
48 109
58 111
56 112
69 114
68 115
98 117
100 119
93 120
88 122
86 123
84 125
83 127
82 129
81 130
80 131
113 133
112 136
109 137
91 139
111 142
92 143
89 144
110 146
105 147
118 149
116 151
115 152
103 154
101 155
73 157
72 159
70 160
121 162
119 163
138 166
124 168
122 169
135 171
130 173
128 174
143 176
141 177
0 1
1 2
1 3
3 4
4 5
4 6
6 7
6 8
8 9
9 10
9 11
11 12
11 13
13 14
14 15
14 16
16 17
16 18
18 19
19 20
19 21
21 22
22 23
22 24
22 25
22 26
22 27
27 28
27 29
29 30
30 31
30 32
32 33
32 34
34 35
34 36
36 37
36 38
38 39
38 40
40 41
41 42
41 43
43 44
43 45
45 46
45 47
47 48
47 49
49 50
49 51
51 52
52 53
52 54
54 55
55 56
56 57
56 58
58 59
58 60
60 61
60 62
60 63
60 64
64 65
64 66
56 67
67 68
67 69
55 70
70 71
71 72
71 73
70 74
74 75
74 76
54 77
77 78
77 79
77 80
80 81
80 82
51 83
83 84
83 85
83 86
86 87
86 88
40 89
89 90
89 91
91 92
91 93
89 94
94 95
94 96
38 97
97 98
97 99
97 100
100 101
100 102
38 103
103 104
104 105
104 106
103 107
107 108
107 109
36 110
110 111
110 112
29 113
113 114
113 115
22 116
116 117
116 118
118 119
118 120
22 121
121 122
121 123
21 124
124 125
124 126
126 127
126 128
128 129
128 130
128 131
19 132
132 133
132 134
134 135
135 136
135 137
135 138
138 139
138 140
140 141
141 142
141 143
141 144
140 145
145 146
145 147
134 148
148 149
148 150
150 151
150 152
132 153
153 154
153 155
18 156
156 157
156 158
158 159
158 160
13 161
161 162
161 163
8 164
164 165
165 166
165 167
167 168
167 169
164 170
170 171
170 172
172 173
172 174
3 175
175 176
175 177
