99
162
1
62 9
49 11
43 17
39 18
20 27
21 29
121 54
83 62
84 63
80 64
105 69
69 74
0 77
2 78
3 79
5 80
6 81
8 82
9 83
11 84
12 85
14 86
16 87
17 88
18 89
22 90
23 91
24 92
26 93
27 94
29 95
31 96
34 97
35 98
38 99
40 100
42 101
44 102
45 103
47 104
48 105
50 106
52 107
53 108
55 109
56 110
58 111
60 112
65 113
66 114
67 115
68 116
70 117
72 118
73 119
75 120
77 121
78 122
81 123
82 124
86 125
88 126
89 127
91 128
92 129
93 130
95 131
96 132
97 133
98 134
99 135
100 136
101 137
103 138
107 139
109 140
110 141
111 142
112 143
113 144
115 145
116 146
117 147
118 148
119 149
122 150
124 151
125 152
127 153
128 154
130 155
132 156
135 157
137 158
138 159
140 160
141 161
143 162
144 163
1 2
2 3
3 4
4 5
3 6
6 7
6 8
8 9
8 10
6 11
6 12
12 13
6 14
3 15
15 16
15 17
3 18
18 19
18 20
20 21
21 22
21 23
20 24
24 25
25 26
26 27
26 28
26 29
26 30
30 31
26 32
25 33
33 34
24 35
24 36
36 37
36 38
2 39
2 40
40 41
41 42
40 43
43 44
44 45
44 46
44 47
47 48
47 49
49 50
47 51
43 52
52 53
53 54
53 55
52 56
43 57
57 58
58 59
57 60
57 61
40 62
62 63
62 64
40 65
40 66
40 67
67 68
68 69
68 70
70 71
67 72
2 73
73 74
2 75
75 76
30 77
32 78
26 79
25 80
31 81
31 82
34 83
34 84
30 85
30 86
25 87
25 88
33 89
33 90
33 91
36 92
37 93
22 94
38 95
28 96
35 97
23 98
19 99
15 100
15 101
16 102
10 103
10 104
11 105
8 106
8 107
14 108
14 109
13 110
13 111
6 112
7 113
12 114
12 115
74 116
41 117
41 118
42 119
5 120
4 121
73 122
64 123
64 124
76 125
76 126
70 127
67 128
70 129
39 130
75 131
75 132
75 133
75 134
75 135
75 136
72 137
67 138
40 139
68 140
71 141
70 142
68 143
67 144
65 145
65 146
66 147
40 148
55 149
56 150
56 151
60 152
45 153
50 154
50 155
61 156
49 157
48 158
46 159
47 160
51 161
59 162
58 163
