99
147
147
132 109
130 83
137 86
135 2
138 38
24 140
26 0
27 111
20 67
21 100
22 144
23 43
29 81
0 42
8 130
119 11
121 91
122 117
124 53
125 121
127 14
128 58
58 62
55 3
56 135
50 97
53 92
52 24
115 82
117 141
89 35
111 127
110 40
113 23
112 115
82 80
83 60
80 17
81 118
86 132
118 66
84 112
3 26
109 89
103 50
100 69
101 125
107 107
105 128
39 27
38 72
31 105
35 119
34 103
60 113
62 49
65 65
66 75
67 110
68 55
69 56
2 18
6 138
99 99
98 44
91 31
93 101
92 77
95 9
97 39
96 45
11 34
12 137
14 47
17 48
16 52
18 29
88 73
116 96
48 84
49 8
47 122
44 22
45 88
42 16
43 6
40 70
5 95
9 143
144 68
143 5
140 21
141 20
77 78
75 93
73 124
72 12
70 116
78 98
136 133
131 132
133 131
129 130
136 137
139 136
136 135
136 134
146 139
136 138
25 24
28 25
25 26
25 27
19 20
19 21
19 22
19 23
32 28
28 29
1 0
19 4
7 8
120 119
136 120
120 121
123 122
134 123
123 124
126 125
133 126
126 127
129 128
134 129
114 118
64 59
57 58
54 55
64 54
64 57
57 56
61 51
51 50
54 53
51 52
114 115
131 114
87 88
90 89
108 111
108 110
108 113
108 112
80 82
85 83
83 80
80 81
87 86
94 87
85 84
104 85
4 3
13 7
114 108
108 109
108 102
102 103
94 100
102 101
114 106
106 107
114 104
106 105
63 39
37 38
36 33
33 32
30 31
32 30
39 37
37 36
36 35
33 34
59 60
63 61
61 62
64 63
76 64
64 65
64 66
64 67
69 68
79 69
1 2
7 6
94 99
94 98
90 91
108 90
94 93
90 92
94 95
104 94
94 97
94 96
10 11
19 10
15 13
13 12
19 15
13 14
15 17
15 16
30 19
19 18
114 117
114 116
49 48
59 49
61 46
46 47
41 44
46 45
41 42
41 43
41 40
59 41
13 1
4 5
10 9
147 146
145 144
146 145
145 142
142 143
139 140
142 141
76 77
79 76
76 75
114 74
74 73
71 72
74 71
71 70
94 79
79 78
