99
197
0
144 2
143 5
141 6
140 8
138 12
122 14
124 15
135 17
128 19
130 20
132 25
119 27
121 28
137 29
125 31
127 32
116 34
103 41
101 42
113 43
105 44
112 46
111 48
92 51
110 53
91 54
89 55
109 56
118 58
107 60
117 63
115 64
73 68
72 70
70 71
84 73
83 75
80 77
82 79
81 80
96 82
100 85
88 87
86 88
95 91
97 92
93 95
98 96
99 98
78 100
68 103
69 104
77 106
75 108
67 110
66 112
58 115
56 116
43 120
44 122
42 124
40 125
49 128
48 129
53 131
55 132
60 134
62 138
52 140
50 141
45 143
47 144
65 146
39 148
38 150
35 152
34 154
29 157
27 160
26 161
24 162
31 164
22 167
18 169
9 171
11 172
16 175
5 178
3 179
17 180
21 183
20 185
23 186
2 188
8 191
6 192
12 194
14 196
0 197
0 1
1 2
1 3
3 4
4 5
4 6
3 7
7 8
7 9
9 10
10 11
11 12
11 13
13 14
13 15
10 16
16 17
16 18
18 19
18 20
9 21
21 22
22 23
23 24
24 25
24 26
26 27
26 28
23 29
22 30
30 31
30 32
21 33
33 34
33 35
35 36
36 37
37 38
38 39
39 40
40 41
40 42
39 43
38 44
37 45
45 46
45 47
47 48
47 49
49 50
50 51
50 52
52 53
52 54
49 55
36 56
35 57
57 58
57 59
59 60
59 61
61 62
62 63
62 64
61 65
65 66
66 67
67 68
67 69
69 70
69 71
66 72
72 73
72 74
74 75
74 76
76 77
76 78
78 79
78 80
65 81
81 82
81 83
83 84
84 85
84 86
86 87
86 88
83 89
89 90
90 91
90 92
89 93
93 94
94 95
94 96
93 97
97 98
97 99
99 100
99 101
101 102
102 103
102 104
101 105
105 106
105 107
107 108
107 109
109 110
109 111
111 112
111 113
113 114
114 115
114 116
113 117
117 118
118 119
119 120
119 121
121 122
121 123
123 124
123 125
118 126
126 127
127 128
127 129
126 130
130 131
130 132
117 133
133 134
133 135
135 136
136 137
137 138
137 139
139 140
139 141
136 142
142 143
142 144
135 145
145 146
145 147
147 148
147 149
149 150
149 151
151 152
151 153
153 154
153 155
155 156
156 157
156 158
158 159
159 160
159 161
158 162
155 163
163 164
163 165
165 166
166 167
166 168
168 169
168 170
170 171
170 172
165 173
173 174
174 175
174 176
176 177
177 178
177 179
176 180
173 181
181 182
182 183
182 184
184 185
184 186
181 187
187 188
187 189
189 190
190 191
190 192
189 193
193 194
193 195
195 196
195 197
