99
197
0
159 2
105 4
156 8
154 10
152 11
107 13
150 14
147 17
145 18
144 21
142 22
141 24
135 28
131 30
133 31
136 34
129 35
139 36
45 44
47 45
59 47
61 48
42 53
40 54
50 56
57 57
44 59
37 61
36 64
39 65
34 66
23 72
21 73
18 77
16 78
14 79
13 81
7 83
2 86
0 87
6 90
5 91
3 92
25 93
19 95
9 97
11 98
29 100
30 101
32 104
33 105
51 108
53 109
56 110
63 113
65 114
73 115
79 117
77 118
76 122
74 123
70 128
69 130
68 132
71 134
66 135
81 136
83 137
84 138
104 141
115 147
108 149
127 151
110 152
126 154
113 155
122 157
120 159
124 160
123 164
119 165
125 167
116 168
118 170
121 171
112 174
99 175
95 178
94 179
93 181
91 182
88 185
89 187
90 188
103 190
85 193
98 194
97 196
87 197
0 1
1 2
1 3
3 4
3 5
5 6
6 7
7 8
7 9
9 10
9 11
6 12
12 13
12 14
5 15
15 16
16 17
16 18
15 19
19 20
20 21
20 22
19 23
23 24
23 25
25 26
26 27
27 28
27 29
29 30
29 31
26 32
32 33
33 34
33 35
32 36
25 37
37 38
38 39
39 40
40 41
41 42
42 43
43 44
43 45
42 46
46 47
46 48
41 49
49 50
50 51
51 52
52 53
52 54
51 55
55 56
55 57
50 58
58 59
58 60
60 61
60 62
62 63
63 64
63 65
62 66
49 67
67 68
68 69
69 70
70 71
71 72
71 73
70 74
74 75
75 76
76 77
76 78
75 79
74 80
80 81
80 82
82 83
82 84
84 85
85 86
85 87
84 88
88 89
89 90
89 91
88 92
69 93
68 94
94 95
94 96
96 97
96 98
67 99
99 100
99 101
40 102
102 103
103 104
103 105
102 106
106 107
107 108
107 109
106 110
39 111
111 112
112 113
112 114
111 115
38 116
116 117
116 118
37 119
119 120
120 121
121 122
121 123
120 124
124 125
125 126
126 127
127 128
127 129
129 130
129 131
131 132
131 133
133 134
133 135
126 136
125 137
124 138
119 139
139 140
140 141
140 142
142 143
143 144
144 145
145 146
146 147
146 148
148 149
148 150
150 151
150 152
145 153
153 154
153 155
144 156
156 157
156 158
158 159
158 160
143 161
161 162
162 163
163 164
163 165
162 166
166 167
166 168
161 169
169 170
169 171
142 172
172 173
173 174
173 175
172 176
176 177
177 178
177 179
176 180
180 181
180 182
139 183
183 184
184 185
184 186
186 187
186 188
183 189
189 190
189 191
191 192
192 193
192 194
191 195
195 196
195 197
