99
185
0
159 2
105 4
141 9
139 12
136 14
129 16
119 18
122 21
125 23
123 25
99 29
112 31
103 33
87 35
97 38
104 40
79 42
77 43
73 45
61 47
59 51
57 53
50 55
44 58
34 61
37 63
30 65
29 67
25 70
23 72
21 73
13 76
7 78
6 80
5 81
3 82
2 84
0 85
14 87
18 89
16 90
19 92
11 94
9 95
39 97
36 98
42 100
40 101
33 103
32 104
56 106
53 108
51 109
47 111
45 112
65 114
63 115
88 118
90 120
89 122
83 125
84 127
81 129
70 131
71 133
69 134
68 135
66 136
76 138
74 139
98 141
85 142
93 144
91 145
95 147
94 148
115 150
116 152
127 154
110 155
108 156
121 158
118 159
124 161
120 162
126 164
113 165
135 167
133 169
131 170
144 172
142 173
147 175
145 176
156 179
154 181
152 182
150 184
107 185
0 1
1 2
1 3
3 4
3 5
5 6
6 7
7 8
8 9
8 10
10 11
11 12
11 13
13 14
13 15
15 16
15 17
17 18
17 19
19 20
20 21
20 22
22 23
22 24
24 25
24 26
26 27
27 28
28 29
28 30
30 31
30 32
32 33
32 34
34 35
34 36
36 37
37 38
37 39
39 40
39 41
41 42
41 43
41 44
44 45
44 46
46 47
46 48
48 49
49 50
50 51
50 52
52 53
52 54
54 55
54 56
56 57
57 58
57 59
59 60
60 61
60 62
62 63
62 64
64 65
64 66
66 67
66 68
68 69
69 70
69 71
71 72
71 73
71 74
74 75
75 76
75 77
77 78
77 79
79 80
79 81
79 82
79 83
83 84
83 85
74 86
86 87
86 88
88 89
88 90
68 91
91 92
91 93
93 94
93 95
59 96
96 97
96 98
56 99
99 100
99 101
49 102
102 103
102 104
48 105
105 106
105 107
107 108
107 109
48 110
110 111
110 112
44 113
113 114
113 115
36 116
116 117
117 118
117 119
119 120
119 121
121 122
121 123
123 124
124 125
124 126
126 127
126 128
128 129
128 130
130 131
130 132
132 133
132 134
132 135
132 136
123 137
137 138
137 139
116 140
140 141
140 142
27 143
143 144
143 145
26 146
146 147
146 148
22 149
149 150
149 151
151 152
151 153
153 154
153 155
153 156
22 157
157 158
157 159
22 160
160 161
160 162
19 163
163 164
163 165
10 166
166 167
166 168
168 169
168 170
7 171
171 172
171 173
6 174
174 175
174 176
5 177
177 178
178 179
178 180
180 181
180 182
177 183
183 184
183 185
