96
180
0
159 3
150 7
107 8
156 10
152 12
154 13
105 15
147 18
145 19
144 22
142 23
141 25
135 28
133 30
131 31
139 33
136 35
129 37
119 39
126 42
113 43
122 45
125 47
121 49
118 50
124 52
120 53
116 55
115 57
110 59
127 60
108 61
123 63
95 66
93 69
91 70
112 72
99 73
103 75
89 80
90 81
76 84
74 85
83 87
84 89
81 91
70 93
69 95
71 96
68 97
66 98
87 102
85 104
98 105
104 107
79 109
77 110
73 112
65 114
63 115
61 117
56 119
59 121
53 123
51 124
33 126
32 127
57 129
50 131
40 134
42 135
44 137
36 139
39 140
34 142
37 144
47 147
45 148
30 150
29 152
19 155
9 157
11 158
25 160
23 162
21 163
14 166
16 168
18 169
13 171
7 173
3 175
5 176
6 177
0 179
2 180
0 1
1 2
2 3
2 4
4 5
5 6
6 7
6 8
5 9
9 10
9 11
11 12
11 13
4 14
14 15
14 16
16 17
17 18
17 19
16 20
20 21
21 22
21 23
20 24
24 25
24 26
26 27
27 28
27 29
29 30
29 31
26 32
32 33
32 34
34 35
34 36
36 37
36 38
38 39
38 40
40 41
41 42
41 43
40 44
44 45
44 46
46 47
46 48
48 49
48 50
46 51
51 52
51 53
46 54
54 55
54 56
56 57
56 58
58 59
58 60
58 61
46 62
62 63
62 64
64 65
65 66
64 67
67 68
68 69
68 70
67 71
71 72
71 73
71 74
74 75
74 76
76 77
77 78
78 79
79 80
79 81
78 82
82 83
83 84
83 85
82 86
86 87
86 88
88 89
88 90
90 91
90 92
92 93
92 94
94 95
94 96
94 97
94 98
76 99
99 100
100 101
101 102
101 103
103 104
103 105
99 106
106 107
106 108
108 109
108 110
108 111
111 112
111 113
113 114
113 115
111 116
116 117
116 118
118 119
118 120
120 121
120 122
122 123
122 124
120 125
125 126
125 127
120 128
128 129
128 130
130 131
130 132
132 133
133 134
133 135
132 136
136 137
136 138
138 139
138 140
138 141
141 142
141 143
143 144
143 145
145 146
146 147
146 148
145 149
149 150
149 151
151 152
151 153
153 154
154 155
154 156
156 157
156 158
153 159
159 160
159 161
161 162
161 163
161 164
164 165
165 166
165 167
167 168
167 169
164 170
170 171
170 172
172 173
172 174
174 175
174 176
174 177
174 178
178 179
178 180
