99
169
1
81 10
3 32
94 49
141 66
124 70
113 75
0 78
2 79
5 80
6 81
7 82
9 83
11 84
13 85
14 86
16 87
18 88
19 89
21 90
23 91
25 92
29 93
30 94
32 95
33 96
34 97
36 98
37 99
39 100
40 101
42 102
44 103
45 104
47 105
50 106
51 107
53 108
56 109
57 110
59 111
61 112
63 113
65 114
66 115
68 116
69 117
70 118
71 119
73 120
74 121
76 122
77 123
79 124
83 125
84 126
85 127
87 128
89 129
88 130
90 131
91 132
93 133
95 134
97 135
98 136
99 137
103 138
104 139
105 140
107 141
108 142
110 143
112 144
115 145
116 146
118 147
119 148
120 149
121 150
122 151
123 152
125 153
126 154
127 155
129 156
131 157
133 158
135 159
136 160
139 161
142 162
144 163
145 164
147 165
150 166
152 167
154 168
156 169
159 170
1 2
2 3
3 4
4 5
4 6
6 7
6 8
4 9
4 10
3 11
3 12
12 13
2 14
14 15
14 16
16 17
17 18
16 19
19 20
19 21
19 22
22 23
22 24
24 25
25 26
25 27
27 28
27 29
29 30
30 31
30 32
30 33
33 34
33 35
29 36
19 37
37 38
19 39
39 40
40 41
41 42
41 43
40 44
39 45
2 46
46 47
47 48
46 49
49 50
50 51
50 52
50 53
46 54
54 55
46 56
56 57
56 58
58 59
59 60
59 61
61 62
61 63
63 64
63 65
61 66
61 67
56 68
56 69
69 70
69 71
69 72
69 73
69 74
56 75
2 76
76 77
31 78
31 79
30 80
30 81
34 82
44 83
44 84
33 85
41 86
42 87
43 88
36 89
35 90
35 91
35 92
28 93
26 94
45 95
39 96
24 97
24 98
23 99
24 100
22 101
22 102
22 103
77 104
77 105
22 106
38 107
37 108
20 109
19 110
21 111
21 112
16 113
16 114
6 115
6 116
7 117
6 118
8 119
16 120
13 121
12 122
17 123
18 124
9 125
5 126
76 127
76 128
3 129
2 130
11 131
55 132
54 133
49 134
14 135
14 136
46 137
14 138
15 139
65 140
63 141
74 142
74 143
47 144
73 145
69 146
71 147
57 148
69 149
69 150
56 151
72 152
69 153
68 154
48 155
58 156
60 157
60 158
60 159
59 160
59 161
61 162
62 163
53 164
67 165
51 166
52 167
52 168
52 169
64 170
