99
99
99
0 0
2 1
3 2
5 3
6 4
7 5
9 6
11 7
13 8
14 9
16 10
18 11
19 12
21 13
23 14
25 15
29 16
30 17
32 18
33 19
34 20
36 21
37 22
39 23
40 24
42 25
44 26
45 27
47 28
50 29
51 30
53 31
56 32
57 33
59 34
61 35
63 36
65 37
66 38
68 39
69 40
70 41
71 42
73 43
74 44
76 45
77 46
79 47
81 48
83 49
84 50
85 51
87 52
89 53
88 54
90 55
91 56
93 57
94 58
95 59
97 60
98 61
99 62
103 63
104 64
105 65
107 66
108 67
110 68
112 69
113 70
115 71
116 72
118 73
119 74
120 75
121 76
122 77
123 78
124 79
125 80
126 81
127 82
129 83
131 84
133 85
135 86
136 87
139 88
141 89
142 90
144 91
145 92
147 93
150 94
152 95
154 96
156 97
159 98
99 98
99 95
95 97
95 96
95 66
95 94
95 93
93 89
89 86
86 84
84 85
86 88
86 87
87 83
89 90
90 91
93 92
83 75
75 71
75 72
71 67
75 76
75 80
71 70
75 77
75 79
67 68
71 73
70 81
75 54
54 53
54 60
60 52
60 61
54 55
54 58
58 59
54 62
60 63
53 51
54 69
60 64
54 45
45 44
54 57
57 56
60 47
47 46
46 43
43 36
36 37
36 35
35 33
33 24
24 21
21 23
21 20
20 26
33 29
24 25
33 31
31 30
33 32
33 34
23 27
27 28
32 19
19 18
54 50
71 78
20 22
53 48
48 38
38 39
38 41
38 42
38 40
75 74
54 49
67 82
19 17
17 16
17 12
12 6
6 7
12 15
15 9
9 8
8 3
3 4
3 0
0 1
3 2
9 10
9 13
9 14
3 5
9 11
66 65
