99
167
0
159 2
107 5
105 6
150 8
156 10
152 12
154 14
145 17
147 18
144 21
142 22
141 24
135 26
131 29
133 30
139 32
136 34
129 35
118 38
121 40
127 46
108 47
110 48
116 49
115 50
125 53
124 55
120 56
122 59
113 62
126 63
119 64
123 66
93 69
91 70
99 72
112 74
104 77
95 79
94 78
89 84
90 85
88 82
103 88
97 90
87 92
85 96
98 97
81 102
70 104
71 106
68 108
66 110
69 111
83 112
84 113
76 115
74 116
77 118
79 120
63 123
65 124
73 126
61 128
56 131
51 133
53 134
33 136
32 138
47 141
45 142
59 144
50 146
57 148
40 151
42 152
39 155
36 156
44 159
34 160
37 162
30 164
29 166
19 169
9 171
11 172
25 174
21 176
23 178
14 181
18 183
16 184
13 186
7 188
3 190
6 192
5 194
2 196
0 197
0 1
1 2
1 3
3 4
4 5
4 6
3 7
7 8
7 9
9 10
9 11
11 12
11 14
11 15
15 16
16 17
16 18
15 19
19 20
20 21
20 22
19 23
23 24
23 25
25 26
26 28
28 29
28 30
25 31
31 32
31 33
33 34
33 35
35 37
37 38
37 39
39 40
39 41
41 43
43 44
44 46
44 47
44 48
43 49
41 50
41 53
41 54
54 55
54 56
41 59
41 60
60 61
61 62
61 63
60 64
41 65
65 66
65 67
67 68
68 69
68 70
67 72
67 74
67 75
75 77
75 78
78 79
75 81
81 82
82 83
83 84
83 85
81 87
87 88
87 90
90 92
87 93
93 95
95 96
95 97
93 98
98 99
99 100
100 101
101 102
101 103
103 104
103 105
105 106
105 108
105 110
105 111
100 112
99 113
98 114
114 115
114 116
93 117
117 118
117 120
117 121
121 122
122 123
122 124
121 126
121 127
127 128
127 129
129 130
130 131
130 132
132 133
132 134
129 136
136 138
129 139
139 140
140 141
140 142
139 143
143 144
143 145
145 146
145 148
145 149
149 150
150 151
150 152
149 153
153 155
153 156
153 157
157 159
157 160
157 162
157 163
163 164
163 165
165 166
165 167
167 168
168 169
168 170
170 171
170 172
167 173
173 174
173 175
175 176
175 178
175 179
179 180
180 181
180 182
182 183
182 184
179 185
185 186
185 187
187 188
187 189
189 190
189 192
189 194
189 195
195 196
195 197
