100
147
147
133 133
131 131
130 130
137 137
135 135
134 134
139 139
24 24
25 25
26 26
27 27
20 20
22 22
28 28
29 29
0 0
4 4
8 8
119 119
122 122
124 124
125 125
126 126
128 128
59 59
55 55
57 57
51 51
50 50
53 53
115 115
88 88
110 110
113 113
112 112
82 82
83 83
80 80
86 86
118 118
85 85
7 7
109 109
102 102
103 103
100 100
106 106
107 107
105 105
39 39
33 33
32 32
31 31
30 30
37 37
36 36
35 35
60 60
62 62
64 64
66 66
68 68
69 69
2 2
6 6
98 98
90 90
93 93
92 92
95 95
96 96
11 11
10 10
12 12
15 15
14 14
17 17
18 18
48 48
49 49
46 46
47 47
45 45
42 42
43 43
40 40
41 41
1 1
5 5
9 9
145 145
143 143
141 141
76 76
75 75
74 74
72 72
71 71
79 79
78 78
132 133
138 132
132 131
129 130
136 137
140 136
136 135
132 134
140 139
140 138
23 24
23 25
27 26
46 27
21 20
27 21
23 22
27 23
27 28
27 29
1 0
3 4
7 8
120 119
121 120
123 121
121 122
129 123
123 124
123 125
127 126
129 127
127 128
138 129
117 118
58 59
65 58
54 55
56 54
56 57
67 56
46 51
46 50
54 53
58 52
114 115
116 114
89 88
91 89
116 111
111 110
114 113
111 112
81 82
84 83
81 80
84 81
87 86
94 87
87 84
84 85
16 3
19 7
146 108
108 109
101 102
104 103
99 100
104 101
104 106
108 107
146 104
104 105
38 39
41 38
27 33
27 32
27 31
27 30
38 37
34 36
34 35
38 34
61 60
63 61
61 62
73 63
63 64
67 65
65 66
81 67
67 68
70 69
3 2
3 6
101 99
99 98
99 91
89 90
94 93
91 92
94 95
97 94
99 97
97 96
7 11
7 10
16 13
13 12
16 15
13 14
16 17
21 16
34 19
19 18
120 117
117 116
46 48
46 49
52 46
46 47
52 44
46 45
41 42
44 43
38 40
44 41
3 1
3 5
7 9
147 146
147 144
144 145
144 142
142 143
144 140
142 141
84 77
77 76
73 75
73 74
84 73
73 72
70 71
73 70
77 79
77 78
