450
820
0
599 2
593 4
595 6
600 8
597 11
598 12
591 14
586 18
314 25
306 27
276 29
278 30
554 31
384 36
385 37
315 41
317 42
351 46
348 47
350 48
293 50
295 51
308 55
310 56
380 58
379 60
381 61
371 62
552 67
415 69
413 70
549 71
412 73
411 74
342 79
335 81
334 83
333 84
338 87
305 90
303 92
340 94
359 95
341 96
321 103
325 106
320 107
323 108
319 110
322 111
324 113
318 114
339 116
337 117
311 119
313 120
336 121
360 122
327 125
328 126
363 129
364 130
326 132
329 133
355 140
550 141
551 143
556 144
553 146
547 147
555 148
386 150
387 151
370 153
357 155
369 156
367 159
365 160
566 161
205 168
203 169
224 170
217 176
218 179
214 180
216 181
227 183
225 185
222 186
228 187
202 191
213 193
200 194
186 196
164 198
166 199
229 203
210 205
209 206
207 207
196 210
194 211
211 213
226 214
138 220
137 221
39 223
37 224
167 225
181 227
147 230
149 231
189 234
179 236
182 237
180 239
177 240
198 243
150 248
14 250
13 251
154 253
110 256
155 259
152 260
109 262
108 264
106 266
107 267
22 272
20 273
112 276
2 278
3 279
113 280
153 282
7 284
8 285
135 287
134 288
114 291
132 293
162 294
105 296
103 297
191 301
156 303
158 304
190 306
193 309
192 310
170 312
169 313
199 314
174 319
171 322
176 324
173 325
175 326
185 329
184 331
183 332
161 334
159 335
79 340
81 342
82 343
60 345
66 348
62 350
65 351
64 353
63 354
75 359
73 361
74 362
124 365
94 366
122 370
0 372
1 373
119 376
123 377
19 379
89 381
121 383
56 384
96 386
54 387
125 387
117 393
127 395
48 396
118 397
126 398
95 403
91 405
50 407
92 408
93 411
90 412
42 416
40 417
57 419
26 422
25 423
58 425
59 426
4 428
6 429
23 431
24 432
120 435
116 437
18 438
35 440
33 442
36 443
10 446
9 447
11 451
12 452
99 453
98 457
100 458
101 460
83 463
115 464
97 466
27 467
85 471
67 473
70 474
71 476
72 478
69 479
29 480
51 483
53 484
146 490
131 492
144 493
102 495
15 497
17 498
128 500
145 502
32 504
30 505
130 506
87 510
47 512
46 513
76 515
78 516
139 519
142 521
45 523
43 524
141 525
234 529
232 530
237 532
235 533
231 535
219 537
221 538
238 542
240 543
248 546
246 547
243 548
241 549
269 551
254 556
255 557
264 559
262 560
265 561
249 565
252 566
253 568
251 569
291 575
292 579
266 580
290 581
267 584
270 585
275 588
284 589
283 590
296 593
297 594
302 596
285 598
287 599
273 601
271 602
256 604
258 605
289 609
261 610
263 611
259 612
577 616
575 617
579 618
347 624
344 627
345 629
343 630
346 631
373 633
375 634
558 637
409 639
404 639
403 643
402 644
390 647
392 648
332 651
330 652
352 655
354 656
383 657
401 660
399 661
406 665
407 667
405 669
408 671
559 672
378 675
376 677
396 678
397 680
398 681
557 682
560 683
581 686
583 688
570 690
572 691
588 692
536 698
361 700
279 703
281 704
394 705
529 710
531 712
532 713
530 714
533 715
534 717
300 720
298 721
535 722
569 724
540 726
542 728
543 729
574 733
563 734
565 736
537 738
539 739
561 741
562 744
546 745
564 746
472 756
470 758
471 759
461 763
459 764
469 767
425 768
427 769
441 771
424 773
422 774
506 776
457 782
455 783
505 784
504 786
503 787
428 790
416 792
418 793
500 794
502 795
514 798
515 799
479 802
477 803
516 805
511 806
432 809
434 810
485 812
483 813
440 817
438 818
518 819
480 824
482 825
521 826
519 827
525 828
486 834
488 835
465 837
453 839
451 841
454 842
489 843
492 846
435 849
448 850
437 851
444 857
443 858
419 860
421 861
464 863
494 867
491 868
495 869
490 870
462 873
445 876
446 877
496 878
499 880
498 881
497 883
493 884
467 886
476 890
475 891
450 893
429 895
431 896
473 897
522 898
527 899
0 1
1 2
1 4
1 5
5 6
5 8
5 9
9 10
10 11
10 12
9 13
13 14
13 15
15 16
16 17
17 18
17 19
19 20
20 21
21 22
22 23
23 24
24 25
24 26
26 27
26 28
28 29
28 30
23 31
22 32
32 34
34 35
35 36
35 37
34 38
38 39
39 40
40 41
40 42
39 43
43 45
45 46
45 47
43 48
43 49
49 50
49 51
38 52
52 53
53 55
53 56
53 58
53 60
53 61
52 62
32 63
63 64
64 66
66 67
66 69
66 70
64 71
64 72
72 73
72 74
63 75
75 76
76 77
77 78
78 79
78 80
80 81
80 82
82 83
82 84
77 85
85 87
85 88
88 89
89 90
89 91
91 92
91 93
93 94
93 95
88 96
85 97
97 98
98 99
99 100
100 102
102 103
102 104
104 106
104 107
104 108
100 109
109 110
109 111
100 113
100 114
99 115
115 116
115 117
98 118
118 119
118 120
97 121
76 122
75 123
123 124
124 125
124 126
123 128
128 129
128 130
123 131
131 132
131 133
32 134
134 135
135 136
136 138
138 139
139 140
139 141
138 142
142 143
142 144
136 145
145 146
145 147
136 148
135 149
149 150
149 151
134 152
152 153
152 154
154 155
154 156
21 157
157 158
158 159
158 160
157 161
20 162
162 163
163 164
164 165
165 166
166 167
167 168
167 169
166 170
165 172
172 173
173 174
174 175
175 176
175 177
177 179
177 180
177 181
174 183
174 184
184 185
184 186
173 187
172 188
188 189
189 190
190 191
190 192
192 193
192 194
189 195
195 196
195 197
197 198
197 199
188 200
200 201
201 202
202 203
202 205
202 206
201 207
200 208
208 209
209 210
209 211
208 212
212 213
212 214
165 215
215 216
216 217
217 218
218 220
218 221
218 222
222 223
222 224
217 225
216 226
226 227
226 229
229 230
229 231
226 232
232 233
233 234
233 235
235 236
235 237
232 238
238 239
238 240
215 242
242 243
242 244
244 245
245 246
246 247
247 248
247 249
249 250
249 251
246 252
252 253
252 255
255 256
255 257
257 258
258 259
258 260
257 261
261 262
261 263
263 264
263 265
265 266
265 267
252 268
268 271
271 272
271 273
268 274
274 275
275 276
275 277
277 278
277 279
274 280
268 281
281 282
281 283
283 284
283 285
268 286
286 287
286 288
245 289
289 291
289 292
292 293
292 294
289 295
295 296
295 297
244 298
298 299
299 301
299 302
302 303
302 304
299 305
305 306
305 308
308 309
308 310
305 311
311 312
311 313
298 314
215 315
315 316
316 317
317 318
318 319
318 320
320 322
320 323
323 324
323 325
320 326
317 327
327 328
328 329
328 330
330 331
330 332
327 333
333 334
333 335
316 336
336 337
337 338
338 339
339 340
339 341
341 342
341 343
338 344
344 345
344 348
344 349
349 350
349 351
344 353
344 354
337 356
356 358
358 359
358 360
360 361
360 362
356 363
363 364
364 365
364 366
363 367
367 368
368 370
368 371
371 372
371 373
368 374
374 375
375 376
375 377
374 379
374 381
374 382
382 383
382 384
367 385
385 386
385 387
356 391
391 392
392 393
392 394
394 395
394 396
391 397
356 398
337 399
399 400
400 401
401 402
402 403
402 404
404 405
404 407
404 408
401 411
401 412
401 413
413 414
414 415
415 416
415 417
414 418
418 419
418 421
421 422
421 423
418 424
424 425
424 426
413 427
427 428
427 429
400 430
430 431
430 432
399 433
433 434
434 435
434 436
436 437
436 438
433 439
439 440
439 441
441 442
441 443
336 444
444 445
445 446
445 447
444 448
448 449
449 450
450 451
450 452
449 453
448 456
456 457
456 458
448 459
459 460
459 462
462 463
462 464
459 465
465 466
465 467
448 468
468 470
470 471
470 473
470 474
468 475
475 476
475 478
475 479
468 480
315 481
481 482
482 483
482 484
481 485
485 487
487 489
489 490
489 491
491 492
491 493
487 494
494 495
494 496
496 497
496 498
487 499
499 500
499 501
501 502
501 503
503 504
503 505
485 506
485 507
507 508
508 509
509 510
509 511
511 512
511 513
508 514
514 515
514 516
507 517
517 519
517 520
520 521
520 522
522 523
522 524
517 525
164 526
526 527
527 528
528 529
528 530
527 532
527 533
526 534
534 535
534 536
536 537
536 538
163 539
539 540
540 541
541 542
541 543
540 544
544 545
545 546
545 547
544 548
539 549
162 550
550 551
550 552
552 553
553 554
554 555
555 556
555 557
554 558
558 559
558 560
553 561
552 562
562 563
563 564
564 565
564 566
563 567
567 568
567 569
562 570
570 571
571 572
572 573
573 575
573 576
576 577
577 578
578 579
578 580
577 581
576 582
582 583
583 584
583 585
582 586
586 587
587 588
587 589
586 590
573 591
591 592
592 593
592 594
591 596
591 597
597 598
597 599
572 600
600 601
600 602
571 603
603 604
603 605
570 606
606 608
608 609
608 610
606 611
606 612
19 613
613 614
614 615
615 616
615 617
614 618
613 619
619 620
620 621
621 622
622 624
622 626
626 627
626 628
628 629
628 630
622 631
622 632
632 633
632 634
621 635
635 636
636 637
636 638
638 639
638 642
642 643
642 644
635 645
645 646
646 647
646 648
645 649
649 651
649 652
649 655
649 656
649 657
620 658
658 659
659 660
659 661
658 662
662 663
663 664
664 665
664 666
666 667
666 668
668 669
668 670
670 671
670 672
663 673
673 674
674 675
674 677
674 678
673 680
673 681
662 682
619 683
16 684
684 685
685 686
685 687
687 688
687 689
689 690
689 691
684 692
15 693
693 694
694 695
695 696
696 697
697 698
697 699
699 700
699 701
701 702
702 703
702 704
701 705
696 706
706 707
707 708
708 710
708 711
711 712
711 713
708 714
707 715
706 717
706 718
718 719
719 720
719 721
718 722
695 723
723 724
723 725
725 726
725 727
727 728
727 729
694 730
730 731
731 732
732 733
732 734
731 735
735 736
735 737
737 738
737 739
730 740
740 741
740 744
740 745
740 746
693 747
747 748
748 749
749 750
750 751
751 752
752 753
753 754
754 756
754 757
757 758
757 759
754 761
761 762
762 763
762 764
761 766
766 767
766 768
761 769
754 770
770 771
770 772
772 773
772 774
753 775
775 776
775 777
777 778
778 781
781 782
781 783
778 784
778 785
785 786
785 787
778 789
789 790
789 791
791 792
791 793
778 794
777 795
752 796
796 797
797 798
797 799
796 800
800 801
801 802
801 803
800 804
804 805
804 806
751 807
807 808
808 809
808 810
807 811
811 812
811 813
750 814
814 815
815 816
816 817
816 818
815 819
814 820
820 821
821 822
822 823
823 824
823 825
822 826
821 827
820 828
749 829
829 831
831 832
832 833
833 834
833 835
832 836
836 837
836 838
838 839
838 840
840 841
840 842
831 843
829 844
844 845
845 846
845 847
847 848
848 849
848 850
847 851
844 852
852 853
853 854
854 855
855 856
856 857
856 858
855 859
859 860
859 861
854 862
862 863
862 864
864 866
866 867
866 868
864 869
864 870
853 871
871 872
872 873
872 874
874 875
875 876
875 877
874 878
871 879
879 880
879 881
852 883
852 884
829 885
885 886
885 887
887 888
888 889
889 890
889 891
888 892
892 893
892 894
894 895
894 896
887 897
748 898
747 899
