450
601
601
344 490
0 343
346 591
347 150
340 119
341 519
342 345
343 562
348 572
595 62
298 156
296 324
297 344
295 228
292 416
293 479
290 161
291 495
591 154
593 216
199 359
198 454
597 599
599 370
194 337
196 32
191 489
190 411
193 14
192 53
270 550
271 328
273 321
275 386
276 127
278 281
279 565
525 297
527 588
521 422
522 237
529 305
448 27
443 164
441 533
440 522
446 142
445 23
444 139
108 83
109 22
102 457
103 218
100 144
101 267
106 477
107 200
105 488
39 559
33 482
32 45
30 66
37 59
36 496
35 505
438 112
437 120
434 231
435 40
432 30
431 183
339 283
338 303
335 54
334 101
337 418
336 158
330 264
333 504
332 186
345 424
6 560
99 569
98 116
91 97
90 336
93 373
92 527
95 202
94 9
97 412
96 448
559 50
558 375
555 124
554 103
557 87
556 296
551 74
550 11
553 310
552 235
238 8
234 396
235 102
237 256
231 278
232 71
1 564
146 269
147 82
144 72
145 189
142 469
141 494
149 96
132 486
131 92
130 385
137 3
499 440
135 586
134 492
494 566
495 73
139 194
138 106
490 89
491 421
492 177
493 123
24 397
25 313
26 518
27 159
20 387
22 251
23 551
29 117
407 403
406 408
405 192
404 224
403 434
402 128
401 199
409 290
408 240
379 473
378 498
371 390
370 167
373 2
375 431
376 319
392 33
89 6
397 232
396 413
394 525
82 378
83 43
399 263
81 348
87 13
85 214
7 241
586 289
583 346
581 105
588 292
246 169
241 515
240 273
243 213
249 18
248 329
519 506
518 298
511 93
515 42
514 314
516 113
459 514
450 445
451 209
453 69
454 181
455 217
457 405
179 556
177 51
176 419
175 85
174 94
173 581
171 334
170 335
253 425
182 315
183 17
180 347
181 110
186 471
184 36
185 531
189 1
11 483
10 432
13 472
12 600
15 134
14 0
17 451
19 95
18 79
62 429
322 476
323 115
320 185
321 537
326 354
327 491
324 207
325 542
328 470
329 175
200 284
203 180
202 12
205 325
207 330
209 409
76 563
75 455
74 60
73 238
72 539
71 340
70 371
79 534
78 234
542 577
543 270
540 376
546 221
547 253
8 4
549 20
598 266
120 438
121 131
122 497
123 75
124 249
125 535
126 300
127 500
128 365
2 91
415 126
416 276
411 443
412 380
413 461
498 351
418 48
419 285
319 516
318 552
313 261
311 595
310 135
317 222
315 275
314 15
496 81
497 462
3 295
369 415
367 360
364 532
365 64
363 530
360 147
361 402
380 196
381 46
383 293
384 35
385 184
386 109
387 428
579 255
572 262
570 369
577 10
575 450
574 24
60 182
258 155
259 265
64 29
65 543
66 25
67 132
252 404
69 521
251 190
256 338
254 138
255 480
506 383
504 502
505 137
502 323
503 311
500 243
469 379
465 339
464 191
467 141
461 398
462 125
169 26
164 350
166 536
167 162
161 394
162 145
600 248
9 58
357 355
355 56
354 529
352 287
351 78
350 114
359 467
216 226
217 485
214 65
213 465
210 401
211 146
218 7
219 441
289 547
4 225
281 246
283 557
285 363
284 333
287 108
263 258
262 121
261 306
267 327
266 583
265 553
264 210
269 549
59 499
58 227
54 399
57 173
56 459
51 193
50 558
53 153
537 593
536 598
535 19
63 437
533 100
532 435
531 546
530 493
539 341
115 475
114 57
117 361
116 259
110 170
113 99
112 37
119 511
118 554
429 406
428 579
534 555
421 76
422 219
425 367
424 39
427 166
308 176
300 63
302 98
303 107
305 318
306 381
569 70
560 122
561 47
562 540
563 575
564 149
565 118
566 203
229 446
228 427
227 171
226 570
225 392
224 317
222 67
221 198
390 326
150 205
153 453
152 271
155 364
154 597
156 407
159 444
158 342
398 308
48 561
46 90
47 503
45 229
42 174
43 291
40 322
489 302
488 279
486 179
485 252
483 152
482 464
480 211
472 332
473 130
470 320
471 357
476 574
477 384
475 352
479 254
388 344
1 0
344 346
344 347
334 340
334 341
334 342
344 343
349 348
368 349
596 595
596 594
299 298
393 299
301 296
296 297
349 294
294 295
288 292
294 293
288 290
288 291
592 591
592 590
594 593
594 592
197 199
197 198
596 597
601 596
223 195
195 194
206 197
195 196
190 191
197 190
190 193
190 192
268 270
272 271
274 272
272 273
282 274
274 275
277 276
307 277
277 278
280 279
526 524
526 525
528 526
528 527
524 520
520 521
523 522
528 523
596 599
545 528
530 529
474 449
447 448
491 443
460 442
442 441
439 440
463 447
445 446
491 445
443 444
106 108
106 109
143 102
104 103
98 100
98 101
151 106
106 107
162 104
104 105
38 39
136 38
34 33
31 32
143 31
31 30
38 37
34 36
34 35
116 34
439 438
517 439
447 436
436 437
433 434
436 435
433 432
510 433
449 430
430 431
334 339
334 338
334 335
358 334
334 337
334 336
382 331
331 330
334 333
331 332
344 345
5 6
98 99
116 98
116 91
91 90
91 93
91 92
91 95
91 94
98 97
91 96
558 559
578 558
548 555
548 554
558 557
548 556
548 551
548 550
548 553
548 552
239 238
245 239
233 234
236 235
244 236
236 237
236 230
230 231
233 232
236 233
116 1
143 146
148 147
143 144
143 145
140 142
163 143
163 140
140 141
178 148
148 149
151 133
133 132
129 131
129 130
136 137
168 136
133 135
133 134
491 494
491 495
140 139
136 138
491 490
508 491
491 492
491 493
88 24
58 25
25 26
28 27
21 20
111 21
21 22
24 23
98 28
28 29
405 407
405 406
558 405
402 404
402 403
558 402
400 401
410 400
405 409
405 408
389 379
377 378
372 371
369 370
374 373
389 372
374 375
388 374
395 377
377 376
530 393
391 392
116 88
88 89
395 397
395 396
558 395
393 394
80 82
84 83
116 80
80 81
163 86
86 87
98 84
98 85
151 7
585 586
589 587
590 584
589 585
587 582
582 583
582 580
580 581
587 588
590 589
247 245
245 244
282 247
247 246
242 241
239 240
244 243
244 242
250 249
247 248
520 519
517 518
512 511
513 510
526 513
513 512
513 515
513 514
524 517
513 516
501 458
460 459
449 450
452 451
487 452
452 453
452 454
456 455
458 456
456 457
178 179
188 178
178 177
172 176
172 175
172 174
172 173
206 172
172 171
190 170
250 253
178 182
184 183
178 180
178 181
187 186
201 187
223 184
184 185
223 188
188 189
91 11
9 10
14 13
11 12
16 15
151 14
16 17
102 16
116 19
19 18
61 62
319 322
319 323
319 320
319 321
327 326
548 327
319 324
319 325
327 328
327 329
212 201
201 200
204 203
201 202
204 205
223 204
208 207
215 206
208 209
223 208
163 77
77 76
74 75
116 74
74 73
68 72
68 71
68 70
80 79
77 78
111 2
541 542
541 543
541 540
544 541
545 546
548 547
568 544
562 545
7 8
567 548
548 549
85 68
596 598
116 120
116 121
116 122
116 123
116 124
116 125
116 126
116 127
129 128
143 129
415 414
548 415
417 416
428 417
558 410
412 411
548 412
414 413
491 498
417 418
420 419
491 499
334 319
319 318
312 313
334 312
312 311
309 310
316 317
368 316
316 315
548 314
491 496
491 497
2 3
372 368
548 369
548 366
366 367
415 364
366 365
393 362
364 363
358 360
362 361
379 380
379 381
410 382
382 383
385 384
389 385
387 386
548 387
558 388
548 389
578 579
585 578
584 573
571 572
580 571
571 570
576 577
578 576
576 575
573 574
61 60
80 61
257 258
260 259
61 64
61 65
61 66
68 67
250 252
68 69
288 250
250 251
257 256
288 257
255 254
260 255
523 508
512 509
507 506
509 507
501 504
501 505
501 502
501 503
501 500
509 501
468 469
507 468
466 465
463 464
466 467
508 466
460 461
468 460
491 463
463 462
178 168
170 169
165 164
187 165
165 166
168 167
206 160
160 161
197 162
206 163
596 600
84 9
356 357
548 356
356 355
353 354
382 353
353 352
349 351
349 350
358 359
414 358
215 216
215 217
215 214
223 215
223 212
212 213
208 210
208 211
215 218
220 219
288 289
296 288
5 4
280 281
362 280
282 283
288 282
286 285
282 284
286 287
296 286
260 263
260 262
260 261
288 260
268 267
260 266
260 265
260 264
268 269
282 268
58 59
91 58
116 55
55 54
58 57
55 56
52 51
49 50
52 53
86 52
538 537
530 536
530 535
61 63
530 533
530 532
530 531
544 530
538 539
562 538
116 115
111 114
116 117
206 116
151 111
111 110
111 113
111 112
116 119
116 118
430 429
458 428
530 534
420 421
443 420
442 423
423 422
426 425
423 424
426 427
460 426
309 308
379 309
299 300
316 301
301 302
304 303
334 304
304 305
307 306
314 307
584 568
568 569
558 560
562 561
573 562
562 563
562 564
562 565
567 566
578 567
223 229
223 228
223 227
223 226
223 225
223 224
242 223
223 222
220 221
230 220
558 391
391 390
162 151
151 150
151 153
151 152
151 155
151 154
190 157
157 156
160 159
157 158
400 399
395 398
49 48
91 49
47 46
163 47
140 44
44 45
41 42
44 43
41 40
58 41
91 5
487 489
487 488
508 487
487 486
484 485
513 484
484 483
481 482
520 481
481 480
468 472
474 473
468 470
468 471
474 476
478 477
508 474
474 475
510 478
478 479
