450
632
0
600 2
599 5
598 7
597 8
593 10
595 12
591 14
574 18
537 25
539 26
565 27
563 28
561 30
564 31
546 32
465 38
475 42
450 44
429 46
431 47
473 49
476 50
488 55
486 56
453 58
454 60
451 61
489 62
494 68
496 70
446 72
445 69
495 75
492 77
497 78
491 63
421 83
419 84
443 81
444 87
467 91
498 93
499 94
490 95
493 96
464 98
462 100
448 102
437 104
435 105
522 106
527 107
525 110
519 112
521 114
482 116
480 117
432 122
434 123
485 125
483 126
514 130
515 131
511 134
516 135
477 137
479 138
506 141
502 143
455 149
457 150
428 152
418 153
416 155
503 156
500 158
504 159
505 160
472 162
471 164
427 168
425 169
469 171
461 173
441 176
424 178
422 179
459 180
470 181
518 183
440 185
438 186
562 19
569 189
540 192
542 194
543 195
536 202
394 205
279 207
281 208
361 209
298 212
300 213
534 215
535 216
531 218
532 219
530 196
533 221
529 222
588 224
583 227
581 229
570 231
572 232
586 234
577 239
575 240
579 241
558 242
390 248
392 249
401 252
399 253
383 255
354 258
352 259
330 261
332 262
403 266
409 269
404 268
402 265
560 272
375 275
373 276
346 278
345 280
343 283
347 284
344 277
398 291
397 293
396 295
376 297
378 298
406 299
407 302
557 303
408 304
405 286
559 306
566 308
365 311
367 312
386 313
387 315
556 318
555 321
550 322
355 326
370 329
369 328
357 331
553 332
549 337
554 339
314 340
306 343
278 345
276 346
552 348
415 347
360 355
336 357
313 360
311 361
322 366
321 369
323 370
318 374
324 375
320 377
325 378
319 365
342 380
335 382
339 383
334 356
333 388
337 389
305 395
359 394
341 397
303 398
340 399
338 400
413 401
363 404
364 403
329 408
326 409
327 410
328 412
412 413
411 415
551 416
547 418
384 421
385 420
380 426
310 428
308 429
379 423
381 432
371 434
293 438
295 439
348 442
350 443
351 444
317 446
315 448
302 450
297 452
296 451
287 457
285 458
292 460
266 465
290 466
256 469
258 470
252 472
249 474
251 476
253 477
291 479
264 482
254 486
255 485
261 489
259 491
289 493
263 494
262 495
265 496
273 499
271 500
284 503
275 504
283 506
267 509
270 510
269 512
246 515
248 516
238 519
240 520
243 522
241 524
237 528
234 531
232 532
235 533
231 535
219 537
221 538
203 542
205 543
224 544
226 548
222 550
225 551
228 555
210 557
207 559
209 561
229 562
213 566
164 569
166 570
186 571
200 573
202 574
227 575
216 578
214 580
218 582
217 583
211 585
194 587
196 588
167 596
137 598
138 600
37 602
39 603
180 604
181 607
149 609
147 610
182 612
179 613
177 614
189 615
185 616
184 589
183 620
102 625
17 628
15 629
131 633
130 634
128 635
146 638
144 639
30 642
32 643
145 644
87 648
51 650
53 651
47 652
46 654
76 657
78 658
141 660
45 664
139 665
43 666
142 667
199 669
198 671
190 674
169 679
170 678
192 682
193 683
156 685
158 686
191 687
105 690
103 691
162 688
114 696
132 697
107 700
108 703
109 704
106 699
152 710
153 711
154 713
155 714
8 717
7 716
22 723
20 724
110 725
112 727
3 729
2 728
113 731
13 734
150 736
14 733
134 739
135 740
175 743
174 745
173 747
176 749
171 750
161 753
159 754
124 758
117 763
127 765
118 766
126 767
54 770
125 772
121 774
56 775
23 777
24 776
18 783
19 782
95 786
25 794
26 796
57 797
58 791
59 800
42 802
40 803
96 805
4 807
6 808
91 785
90 812
50 814
48 815
92 817
94 818
12 821
11 820
93 823
82 829
64 832
66 835
63 836
62 839
65 840
60 841
81 842
79 843
89 845
120 844
73 849
74 848
75 852
122 853
119 856
123 857
33 861
35 863
36 864
83 866
9 867
10 869
99 873
115 874
98 858
101 878
85 879
29 884
70 885
67 887
71 889
72 890
69 891
27 894
97 893
100 896
116 757
1 756
0 899
0 1
1 2
1 5
1 6
6 7
6 8
1 10
1 11
11 12
11 13
13 14
13 15
15 16
16 17
17 18
17 19
19 22
22 23
23 24
24 25
24 26
23 27
22 28
19 29
29 30
29 31
19 32
32 34
34 36
36 37
37 38
37 39
39 40
40 42
40 43
43 44
43 45
45 46
45 47
40 49
40 50
39 52
52 55
52 56
52 57
57 58
57 60
57 61
52 62
39 63
63 68
63 69
69 70
69 72
63 75
63 77
63 78
63 81
81 82
82 83
82 84
81 87
63 88
88 91
88 92
92 93
92 94
88 95
88 96
63 97
97 98
97 100
97 101
101 102
101 103
103 104
103 105
36 106
34 107
34 108
108 109
109 110
109 111
111 112
111 113
113 114
113 115
115 116
115 117
108 118
118 119
119 120
120 121
121 122
121 123
120 124
124 125
124 126
119 128
128 129
129 130
129 131
128 132
132 133
133 134
133 135
132 136
136 137
136 138
119 139
139 140
140 141
140 142
142 143
142 147
147 148
148 149
148 150
147 151
151 152
151 153
153 155
142 156
142 158
142 159
142 160
139 161
161 162
161 164
161 166
166 167
167 168
167 169
169 171
166 173
166 175
175 176
175 177
177 178
177 179
166 180
161 181
118 183
118 184
184 185
184 186
16 188
188 189
188 190
190 191
191 192
191 193
193 194
193 195
190 196
196 201
201 202
201 203
203 204
204 205
204 206
206 207
206 208
203 209
196 210
210 211
211 212
211 213
210 215
210 216
196 218
196 219
196 221
196 222
15 223
223 224
223 225
225 226
226 227
226 229
226 230
230 231
230 232
225 233
233 234
233 235
235 236
236 238
238 239
238 240
236 241
236 242
242 247
247 248
247 249
242 250
250 251
251 252
251 253
250 254
254 255
254 257
257 258
257 259
254 260
260 261
260 262
242 265
265 266
265 268
268 269
242 272
242 273
273 274
274 275
274 276
273 277
277 278
277 280
277 283
277 284
242 286
286 290
290 291
290 293
290 294
294 295
294 297
294 298
286 299
286 302
286 303
286 304
286 306
235 307
307 308
307 309
309 310
310 311
310 312
309 313
313 315
315 317
317 318
317 321
317 322
317 325
325 326
325 327
327 328
328 329
327 331
317 332
317 336
336 337
336 339
336 340
340 342
342 343
342 344
344 345
344 346
317 347
347 348
347 353
353 354
354 355
354 356
356 357
356 359
359 360
359 361
356 365
365 366
365 369
365 370
365 373
373 374
373 375
365 377
365 378
356 380
356 382
356 383
356 388
356 389
356 391
391 394
394 395
391 397
391 398
391 399
356 400
353 401
347 402
402 403
403 404
402 408
402 409
402 410
410 412
347 413
413 415
317 416
317 418
317 419
419 420
420 421
419 423
423 426
423 427
427 428
427 429
423 432
423 433
433 434
433 435
435 436
436 437
437 438
437 439
436 442
436 443
436 444
435 445
445 446
445 448
445 449
449 450
449 451
451 452
451 456
456 457
456 458
451 459
459 460
459 465
459 466
459 468
468 469
468 470
459 471
471 472
471 474
471 475
475 476
475 477
459 479
459 480
480 482
480 485
485 486
480 488
488 489
488 491
488 492
492 493
492 494
480 495
480 496
459 498
498 499
498 500
459 501
501 502
502 503
502 504
501 506
501 508
508 509
508 510
501 511
511 512
511 513
513 514
514 515
514 516
513 517
517 518
518 519
518 520
517 521
521 522
521 524
521 525
525 526
526 528
526 530
530 531
530 532
526 533
526 534
534 535
534 536
536 537
536 538
525 539
539 540
540 541
541 542
541 543
540 544
539 545
545 548
545 549
549 550
549 551
545 555
545 556
556 557
556 559
556 561
556 562
545 564
564 566
564 567
567 568
568 569
568 570
567 571
564 573
564 574
545 575
545 577
577 578
577 580
577 582
577 583
545 584
584 585
584 586
586 587
586 588
545 589
589 591
591 592
592 595
595 596
595 597
597 598
597 600
597 601
601 602
601 603
592 604
592 607
592 608
608 609
608 610
592 612
592 613
592 614
591 615
589 616
589 620
589 621
621 623
623 624
624 625
625 627
627 628
627 629
624 631
631 633
631 634
631 635
624 638
624 639
624 641
641 642
641 643
624 644
623 647
647 648
647 649
649 650
649 651
623 652
652 654
623 656
656 657
656 658
623 659
659 660
659 663
663 664
663 665
659 666
659 667
621 668
668 669
668 670
670 671
670 673
673 674
674 678
678 679
674 681
681 682
681 683
674 684
684 685
684 686
673 687
670 688
688 689
689 690
689 691
688 696
688 697
688 698
698 699
699 700
699 703
699 704
698 710
698 711
698 713
698 714
698 716
716 717
698 719
719 722
722 723
722 724
719 725
719 727
719 728
728 729
719 731
698 733
733 734
733 736
698 738
738 739
738 740
621 742
742 743
742 745
742 746
746 747
746 749
746 750
621 752
752 753
752 754
621 755
755 756
756 757
757 758
757 762
762 763
762 765
762 766
757 767
757 769
769 770
770 772
769 774
769 775
757 776
776 777
757 782
782 783
757 785
785 786
785 791
791 794
794 796
791 797
791 800
791 801
801 802
801 803
785 804
804 805
804 807
804 808
785 812
785 813
813 814
813 815
785 817
785 818
785 820
820 821
785 823
757 827
827 829
827 831
831 832
831 835
831 836
831 838
838 839
838 840
831 841
827 842
827 843
757 844
844 845
757 848
848 849
848 852
757 853
757 855
855 856
855 857
757 858
858 859
859 860
860 861
860 863
860 864
859 866
859 867
867 869
858 873
858 874
858 878
858 879
879 881
881 884
881 885
881 887
881 889
881 890
881 891
858 893
893 894
858 896
755 899
