450
601
601
344 344
0 0
346 346
347 347
340 340
341 341
342 342
343 343
348 348
595 595
298 298
296 296
297 297
295 295
292 292
293 293
290 290
291 291
591 591
593 593
199 199
198 198
597 597
599 599
194 194
196 196
191 191
190 190
193 193
192 192
270 270
271 271
273 273
275 275
276 276
278 278
279 279
525 525
527 527
521 521
522 522
529 529
448 448
443 443
441 441
440 440
446 446
445 445
444 444
108 108
109 109
102 102
103 103
100 100
101 101
106 106
107 107
105 105
39 39
33 33
32 32
30 30
37 37
36 36
35 35
438 438
437 437
434 434
435 435
432 432
431 431
339 339
338 338
335 335
334 334
337 337
336 336
330 330
333 333
332 332
345 345
6 6
99 99
98 98
91 91
90 90
93 93
92 92
95 95
94 94
97 97
96 96
559 559
558 558
555 555
554 554
557 557
556 556
551 551
550 550
553 553
552 552
238 238
234 234
235 235
237 237
231 231
232 232
1 1
146 146
147 147
144 144
145 145
142 142
141 141
149 149
132 132
131 131
130 130
137 137
499 499
135 135
134 134
494 494
495 495
139 139
138 138
490 490
491 491
492 492
493 493
24 24
25 25
26 26
27 27
20 20
22 22
23 23
29 29
407 407
406 406
405 405
404 404
403 403
402 402
401 401
409 409
408 408
379 379
378 378
371 371
370 370
373 373
375 375
376 376
392 392
89 89
397 397
396 396
394 394
82 82
83 83
399 399
81 81
87 87
85 85
7 7
586 586
583 583
581 581
588 588
246 246
241 241
240 240
243 243
249 249
248 248
519 519
518 518
511 511
515 515
514 514
516 516
459 459
450 450
451 451
453 453
454 454
455 455
457 457
179 179
177 177
176 176
175 175
174 174
173 173
171 171
170 170
253 253
182 182
183 183
180 180
181 181
186 186
184 184
185 185
189 189
11 11
10 10
13 13
12 12
15 15
14 14
17 17
19 19
18 18
62 62
322 322
323 323
320 320
321 321
326 326
327 327
324 324
325 325
328 328
329 329
200 200
203 203
202 202
205 205
207 207
209 209
76 76
75 75
74 74
73 73
72 72
71 71
70 70
79 79
78 78
542 542
543 543
540 540
546 546
547 547
8 8
549 549
598 598
120 120
121 121
122 122
123 123
124 124
125 125
126 126
127 127
128 128
2 2
415 415
416 416
411 411
412 412
413 413
498 498
418 418
419 419
319 319
318 318
313 313
311 311
310 310
317 317
315 315
314 314
496 496
497 497
3 3
369 369
367 367
364 364
365 365
363 363
360 360
361 361
380 380
381 381
383 383
384 384
385 385
386 386
387 387
579 579
572 572
570 570
577 577
575 575
574 574
60 60
258 258
259 259
64 64
65 65
66 66
67 67
252 252
69 69
251 251
256 256
254 254
255 255
506 506
504 504
505 505
502 502
503 503
500 500
469 469
465 465
464 464
467 467
461 461
462 462
169 169
164 164
166 166
167 167
161 161
162 162
600 600
9 9
357 357
355 355
354 354
352 352
351 351
350 350
359 359
216 216
217 217
214 214
213 213
210 210
211 211
218 218
219 219
289 289
4 4
281 281
283 283
285 285
284 284
287 287
263 263
262 262
261 261
267 267
266 266
265 265
264 264
269 269
59 59
58 58
54 54
57 57
56 56
51 51
50 50
53 53
537 537
536 536
535 535
63 63
533 533
532 532
531 531
530 530
539 539
115 115
114 114
117 117
116 116
110 110
113 113
112 112
119 119
118 118
429 429
428 428
534 534
421 421
422 422
425 425
424 424
427 427
308 308
300 300
302 302
303 303
305 305
306 306
569 569
560 560
561 561
562 562
563 563
564 564
565 565
566 566
229 229
228 228
227 227
226 226
225 225
224 224
222 222
221 221
390 390
150 150
153 153
152 152
155 155
154 154
156 156
159 159
158 158
398 398
48 48
46 46
47 47
45 45
42 42
43 43
40 40
489 489
488 488
486 486
485 485
483 483
482 482
480 480
472 472
473 473
470 470
471 471
476 476
477 477
475 475
479 479
388 344
1 0
344 346
344 347
334 340
334 341
334 342
344 343
349 348
368 349
596 595
596 594
299 298
393 299
301 296
296 297
349 294
294 295
288 292
294 293
288 290
288 291
592 591
592 590
594 593
594 592
197 199
197 198
596 597
601 596
223 195
195 194
206 197
195 196
190 191
197 190
190 193
190 192
268 270
272 271
274 272
272 273
282 274
274 275
277 276
307 277
277 278
280 279
526 524
526 525
528 526
528 527
524 520
520 521
523 522
528 523
596 599
545 528
530 529
474 449
447 448
491 443
460 442
442 441
439 440
463 447
445 446
491 445
443 444
106 108
106 109
143 102
104 103
98 100
98 101
151 106
106 107
162 104
104 105
38 39
136 38
34 33
31 32
143 31
31 30
38 37
34 36
34 35
116 34
439 438
517 439
447 436
436 437
433 434
436 435
433 432
510 433
449 430
430 431
334 339
334 338
334 335
358 334
334 337
334 336
382 331
331 330
334 333
331 332
344 345
5 6
98 99
116 98
116 91
91 90
91 93
91 92
91 95
91 94
98 97
91 96
558 559
578 558
548 555
548 554
558 557
548 556
548 551
548 550
548 553
548 552
239 238
245 239
233 234
236 235
244 236
236 237
236 230
230 231
233 232
236 233
116 1
143 146
148 147
143 144
143 145
140 142
163 143
163 140
140 141
178 148
148 149
151 133
133 132
129 131
129 130
136 137
168 136
133 135
133 134
491 494
491 495
140 139
136 138
491 490
508 491
491 492
491 493
88 24
58 25
25 26
28 27
21 20
111 21
21 22
24 23
98 28
28 29
405 407
405 406
558 405
402 404
402 403
558 402
400 401
410 400
405 409
405 408
389 379
377 378
372 371
369 370
374 373
389 372
374 375
388 374
395 377
377 376
530 393
391 392
116 88
88 89
395 397
395 396
558 395
393 394
80 82
84 83
116 80
80 81
163 86
86 87
98 84
98 85
151 7
585 586
589 587
590 584
589 585
587 582
582 583
582 580
580 581
587 588
590 589
247 245
245 244
282 247
247 246
242 241
239 240
244 243
244 242
250 249
247 248
520 519
517 518
512 511
513 510
526 513
513 512
513 515
513 514
524 517
513 516
501 458
460 459
449 450
452 451
487 452
452 453
452 454
456 455
458 456
456 457
178 179
188 178
178 177
172 176
172 175
172 174
172 173
206 172
172 171
190 170
250 253
178 182
184 183
178 180
178 181
187 186
201 187
223 184
184 185
223 188
188 189
91 11
9 10
14 13
11 12
16 15
151 14
16 17
102 16
116 19
19 18
61 62
319 322
319 323
319 320
319 321
327 326
548 327
319 324
319 325
327 328
327 329
212 201
201 200
204 203
201 202
204 205
223 204
208 207
215 206
208 209
223 208
163 77
77 76
74 75
116 74
74 73
68 72
68 71
68 70
80 79
77 78
111 2
541 542
541 543
541 540
544 541
545 546
548 547
568 544
562 545
7 8
567 548
548 549
85 68
596 598
116 120
116 121
116 122
116 123
116 124
116 125
116 126
116 127
129 128
143 129
415 414
548 415
417 416
428 417
558 410
412 411
548 412
414 413
491 498
417 418
420 419
491 499
334 319
319 318
312 313
334 312
312 311
309 310
316 317
368 316
316 315
548 314
491 496
491 497
2 3
372 368
548 369
548 366
366 367
415 364
366 365
393 362
364 363
358 360
362 361
379 380
379 381
410 382
382 383
385 384
389 385
387 386
548 387
558 388
548 389
578 579
585 578
584 573
571 572
580 571
571 570
576 577
578 576
576 575
573 574
61 60
80 61
257 258
260 259
61 64
61 65
61 66
68 67
250 252
68 69
288 250
250 251
257 256
288 257
255 254
260 255
523 508
512 509
507 506
509 507
501 504
501 505
501 502
501 503
501 500
509 501
468 469
507 468
466 465
463 464
466 467
508 466
460 461
468 460
491 463
463 462
178 168
170 169
165 164
187 165
165 166
168 167
206 160
160 161
197 162
206 163
596 600
84 9
356 357
548 356
356 355
353 354
382 353
353 352
349 351
349 350
358 359
414 358
215 216
215 217
215 214
223 215
223 212
212 213
208 210
208 211
215 218
220 219
288 289
296 288
5 4
280 281
362 280
282 283
288 282
286 285
282 284
286 287
296 286
260 263
260 262
260 261
288 260
268 267
260 266
260 265
260 264
268 269
282 268
58 59
91 58
116 55
55 54
58 57
55 56
52 51
49 50
52 53
86 52
538 537
530 536
530 535
61 63
530 533
530 532
530 531
544 530
538 539
562 538
116 115
111 114
116 117
206 116
151 111
111 110
111 113
111 112
116 119
116 118
430 429
458 428
530 534
420 421
443 420
442 423
423 422
426 425
423 424
426 427
460 426
309 308
379 309
299 300
316 301
301 302
304 303
334 304
304 305
307 306
314 307
584 568
568 569
558 560
562 561
573 562
562 563
562 564
562 565
567 566
578 567
223 229
223 228
223 227
223 226
223 225
223 224
242 223
223 222
220 221
230 220
558 391
391 390
162 151
151 150
151 153
151 152
151 155
151 154
190 157
157 156
160 159
157 158
400 399
395 398
49 48
91 49
47 46
163 47
140 44
44 45
41 42
44 43
41 40
58 41
91 5
487 489
487 488
508 487
487 486
484 485
513 484
484 483
481 482
520 481
481 480
468 472
474 473
468 470
468 471
474 476
478 477
508 474
474 475
510 478
478 479
