197
393
0
44 33
13 34
43 35
46 37
10 38
41 39
52 42
21 45
19 46
14 48
11 49
50 53
48 54
2 56
0 57
8 59
18 61
16 64
17 65
15 66
53 71
38 73
36 75
7 77
5 79
3 80
49 82
39 84
34 85
37 89
25 90
27 91
24 93
22 94
51 96
47 98
40 100
30 102
28 103
42 104
45 105
33 109
31 110
58 112
56 113
76 114
61 116
55 118
54 119
71 121
69 122
70 125
62 126
68 128
64 131
63 132
66 133
67 134
75 136
73 137
79 138
78 139
80 140
86 142
84 144
83 145
100 146
110 147
122 149
106 153
113 156
105 157
103 158
124 159
112 160
210 168
147 170
145 172
143 173
141 174
142 175
136 176
138 177
139 178
125 183
117 184
120 186
119 188
118 189
109 191
107 192
115 193
135 199
128 201
127 202
132 203
134 204
99 207
97 208
96 210
90 213
92 215
89 217
87 218
93 219
131 221
129 222
152 225
149 226
151 227
162 229
160 230
267 242
172 243
171 244
215 248
207 249
203 250
208 251
206 252
205 253
155 255
153 256
166 258
159 263
158 265
157 266
164 267
165 268
204 269
214 270
213 272
212 273
211 276
173 277
170 278
202 279
169 281
216 283
209 284
273 286
270 289
199 292
196 296
189 301
187 304
186 306
184 307
181 310
179 311
182 314
178 316
176 318
174 319
183 320
190 321
193 322
191 323
220 324
223 327
198 328
222 330
221 332
217 333
201 335
219 336
244 341
257 343
254 345
252 347
248 350
247 351
245 352
263 353
237 360
229 362
227 363
240 365
242 366
235 367
239 368
233 370
232 372
230 373
238 374
256 376
251 379
226 381
224 382
249 383
275 384
277 385
279 386
266 388
264 390
261 392
259 393
0 1
1 2
2 3
3 4
4 5
5 6
6 7
7 8
8 9
9 10
10 11
11 12
12 13
13 14
14 15
15 16
16 17
17 18
18 19
19 20
20 21
21 22
22 23
23 24
24 25
25 26
26 27
27 28
28 29
29 30
30 31
31 32
32 33
32 34
31 35
30 36
36 37
36 38
29 39
28 40
40 41
41 42
41 43
43 44
44 45
44 46
43 47
47 48
47 49
40 50
50 51
51 52
52 53
52 54
51 55
55 56
55 57
50 58
58 59
58 60
60 61
60 62
62 63
63 64
63 65
62 66
27 67
67 68
68 69
69 70
70 71
70 72
72 73
72 74
74 75
74 76
76 77
76 78
78 79
78 80
69 81
81 82
81 83
83 84
83 85
68 86
86 87
87 88
88 89
88 90
87 91
86 92
92 93
92 94
67 95
95 96
95 97
97 98
97 99
99 100
99 101
101 102
101 103
26 104
25 105
24 106
106 107
107 108
108 109
108 110
107 111
111 112
111 113
106 114
23 115
115 116
115 117
117 118
117 119
22 120
120 121
120 122
21 123
123 124
124 125
124 126
123 127
127 128
127 129
129 130
130 131
130 132
129 133
20 134
19 135
135 136
135 137
18 138
17 139
16 140
15 141
141 142
141 143
143 144
143 145
14 146
13 147
12 148
148 149
148 150
150 151
151 152
152 153
152 154
154 155
155 156
155 157
154 158
151 159
150 160
11 161
161 162
162 163
163 164
164 165
165 166
166 167
167 168
167 169
169 170
169 171
171 172
171 173
166 174
165 175
164 176
163 177
162 178
161 179
179 180
180 181
181 182
182 183
182 184
181 185
185 186
185 187
187 188
187 189
180 190
190 191
190 192
179 193
10 194
194 195
195 196
196 197
197 198
198 199
198 200
200 201
200 202
197 203
196 204
195 205
205 206
206 207
206 208
205 209
209 210
209 211
211 212
212 213
212 214
214 215
214 216
216 217
216 218
211 219
194 220
220 221
220 222
9 223
223 224
224 225
224 226
223 227
8 228
228 229
228 230
7 231
231 232
232 233
233 234
234 235
235 236
236 237
237 238
238 239
239 240
240 241
241 242
241 243
240 244
239 245
245 246
246 247
247 248
247 249
246 250
245 251
238 252
237 253
236 254
254 255
254 256
235 257
257 258
257 259
259 260
260 261
261 262
262 263
262 264
264 265
264 266
261 267
260 268
259 269
234 270
233 271
271 272
271 273
232 274
274 275
275 276
275 277
274 278
231 279
6 280
280 281
280 282
282 283
282 284
5 285
285 286
285 287
287 288
288 289
288 290
290 291
291 292
291 293
293 294
294 295
295 296
295 297
297 298
298 299
299 300
300 301
300 302
302 303
303 304
303 305
305 306
305 307
302 308
308 309
309 310
309 311
308 312
312 313
313 314
313 315
315 316
315 317
317 318
317 319
312 320
299 321
298 322
297 323
294 324
293 325
325 326
326 327
326 328
325 329
329 330
329 331
331 332
331 333
290 334
334 335
334 336
287 337
337 338
338 339
339 340
340 341
340 342
342 343
342 344
344 345
344 346
346 347
346 348
348 349
349 350
349 351
348 352
339 353
338 354
354 355
355 356
356 357
357 358
358 359
359 360
359 361
361 362
361 363
358 364
364 365
364 366
357 367
356 368
355 369
369 370
369 371
371 372
371 373
354 374
337 375
375 376
375 377
377 378
378 379
378 380
380 381
380 382
377 383
4 384
3 385
2 386
1 387
387 388
387 389
389 390
389 391
391 392
391 393
