197
283
1
96 5
127 11
232 14
211 18
173 19
204 23
158 26
238 44
270 45
189 54
182 55
115 63
160 70
139 72
41 78
40 82
16 84
36 87
54 94
73 95
125 97
84 103
203 108
206 109
216 110
172 112
162 113
0 115
2 116
3 117
5 118
7 119
8 120
10 121
11 122
13 123
14 124
15 125
17 126
18 127
19 128
21 129
22 130
24 131
25 132
27 133
28 134
30 135
31 136
33 137
34 138
37 139
38 140
39 141
42 142
43 143
44 144
45 145
46 146
47 147
48 148
49 149
50 150
51 151
52 152
53 153
55 154
56 155
58 156
61 157
62 158
63 159
64 160
66 161
67 162
68 163
69 164
70 165
71 166
75 167
76 168
78 169
79 170
80 171
83 172
86 173
87 174
89 175
90 176
92 177
93 178
97 179
99 180
100 181
103 182
105 183
106 184
107 185
109 186
110 187
112 188
113 189
117 190
118 191
119 192
120 193
122 194
124 195
128 196
129 197
131 198
132 199
134 200
135 201
136 202
138 203
141 204
142 205
143 206
145 207
147 208
149 209
151 210
152 211
153 212
155 213
157 214
159 215
164 216
165 217
166 218
169 219
170 220
171 221
174 222
176 223
178 224
179 225
181 226
183 227
184 228
186 229
187 230
190 231
191 232
193 233
196 234
198 235
199 236
201 237
202 238
205 239
207 240
208 241
209 242
210 243
212 244
213 245
214 246
215 247
217 248
219 249
220 250
221 251
222 252
223 253
224 254
226 255
227 256
229 257
230 258
233 259
235 260
237 261
239 262
240 263
242 264
244 265
245 266
247 267
248 268
249 269
251 270
252 271
254 272
256 273
257 274
259 275
261 276
263 277
264 278
266 279
267 280
273 281
275 282
277 283
279 284
1 2
2 3
3 4
4 5
4 6
6 7
6 8
4 9
4 10
3 11
2 12
2 13
13 14
2 15
2 16
16 17
2 18
18 19
18 20
18 21
18 22
22 23
22 24
22 25
25 26
25 27
27 28
18 29
2 30
30 31
30 32
32 33
33 34
33 35
30 36
36 37
37 38
37 39
39 40
40 41
40 42
39 43
43 44
36 45
30 46
46 47
47 48
47 49
49 50
46 51
51 52
52 53
52 54
51 55
55 56
55 57
55 58
51 59
2 60
2 61
61 62
62 63
62 64
62 65
65 66
66 67
66 68
68 69
65 70
65 71
65 72
62 73
73 74
73 75
61 76
76 77
77 78
78 79
78 80
78 81
78 82
78 83
78 84
84 85
78 86
86 87
86 88
78 89
77 90
77 91
91 92
91 93
77 94
77 95
61 96
96 97
96 98
98 99
98 100
98 101
101 102
101 103
61 104
104 105
104 106
106 107
2 108
108 109
108 110
108 111
108 112
112 113
112 114
85 115
85 116
88 117
88 118
88 119
78 120
78 121
86 122
78 123
78 124
84 125
84 126
84 127
78 128
78 129
81 130
78 131
80 132
80 133
89 134
89 135
93 136
93 137
86 138
80 139
86 140
86 141
78 142
78 143
78 144
79 145
78 146
78 147
83 148
78 149
78 150
78 151
78 152
86 153
94 154
91 155
91 156
94 157
77 158
77 159
77 160
77 161
77 162
77 163
90 164
77 165
90 166
77 167
92 168
76 169
102 170
67 171
101 172
101 173
6 174
99 175
8 176
7 177
10 178
9 179
9 180
105 181
100 182
74 183
98 184
75 185
73 186
106 187
107 188
100 189
62 190
64 191
62 192
62 193
96 194
96 195
11 196
28 197
28 198
3 199
3 200
3 201
71 202
65 203
66 204
66 205
68 206
69 207
68 208
60 209
60 210
60 211
17 212
16 213
26 214
26 215
25 216
27 217
22 218
29 219
21 220
114 221
58 222
58 223
57 224
56 225
55 226
55 227
53 228
53 229
53 230
59 231
52 232
59 233
34 234
33 235
32 236
34 237
112 238
22 239
108 240
108 241
15 242
12 243
20 244
24 245
22 246
108 247
33 248
32 249
35 250
34 251
33 252
33 253
38 254
38 255
43 256
43 257
13 258
43 259
43 260
43 261
43 262
43 263
43 264
39 265
40 266
40 267
42 268
37 269
37 270
40 271
40 272
39 273
41 274
50 275
50 276
39 277
50 278
50 279
111 280
31 281
48 282
49 283
49 284
