197
281
281
216 159
217 21
214 78
215 257
212 127
213 275
210 143
211 151
165 46
264 182
219 18
132 14
131 173
136 76
135 270
134 152
139 158
138 10
166 79
24 207
25 53
27 247
21 219
22 15
223 107
28 99
0 2
162 277
8 41
220 69
119 17
120 187
122 267
124 86
125 24
127 235
128 68
129 92
224 149
118 96
58 251
55 7
54 37
227 193
56 229
51 93
50 36
53 28
52 56
259 13
199 89
179 273
178 47
191 109
190 221
193 51
115 181
252 201
117 162
89 237
110 115
113 100
112 129
83 49
80 73
86 190
87 239
84 110
204 67
251 31
198 205
256 136
206 134
226 106
257 141
3 203
254 266
7 5
247 172
245 206
244 196
181 155
109 214
240 170
242 232
103 199
100 90
106 44
107 83
105 245
39 71
38 120
33 217
31 19
30 224
37 124
36 52
34 256
205 211
176 178
61 0
62 33
63 40
64 8
66 22
67 174
68 183
69 249
174 80
173 259
172 230
171 3
170 191
249 216
248 16
182 39
183 198
2 189
186 38
187 248
184 233
189 153
202 118
196 27
221 11
99 160
169 145
229 48
164 138
90 147
93 113
92 43
160 63
222 62
97 186
96 142
11 132
10 105
13 84
15 176
14 55
17 58
16 157
19 240
18 139
273 125
275 242
151 226
153 64
152 238
155 25
157 215
159 223
158 169
277 254
238 227
239 179
279 264
235 30
237 70
230 222
232 204
233 75
48 66
49 54
46 131
47 61
44 122
45 34
42 45
43 164
40 252
41 213
5 165
201 135
147 97
203 209
145 117
142 171
143 261
207 103
141 112
209 202
208 166
149 50
76 244
75 212
73 42
71 210
70 128
79 220
78 119
263 263
261 87
270 184
267 279
266 208
203 216
218 217
203 214
203 215
203 212
203 213
203 210
203 211
163 165
265 264
280 265
269 218
218 219
156 133
133 132
130 131
156 130
140 137
137 136
133 135
133 134
140 139
137 138
167 166
23 24
26 25
41 26
26 27
41 20
20 21
23 22
41 23
161 160
29 28
41 29
203 161
1 0
6 4
9 8
203 163
116 119
272 271
262 258
116 120
123 121
121 122
126 123
123 124
126 125
137 126
133 127
127 128
130 129
271 269
272 268
203 167
116 118
65 59
57 58
54 55
60 54
59 57
57 56
41 51
41 50
41 53
41 52
260 259
163 164
200 201
200 199
180 179
218 200
197 195
195 194
218 197
177 178
192 191
188 190
194 193
194 192
116 115
121 114
91 88
88 89
121 111
111 110
114 113
111 112
85 82
82 83
81 80
82 81
85 86
88 87
85 84
101 85
250 251
197 198
262 256
203 206
225 226
258 257
4 3
182 177
253 254
6 7
246 247
272 273
258 255
250 225
246 245
243 244
116 108
108 109
243 241
236 240
262 243
241 242
133 102
104 103
101 100
121 101
104 106
108 107
114 104
104 105
35 39
35 38
32 33
59 32
32 31
29 30
35 37
35 36
41 35
35 34
255 246
253 252
203 205
218 223
175 176
65 60
60 61
65 62
62 63
65 64
74 65
65 66
65 67
65 68
65 69
177 175
175 174
172 173
203 172
172 171
168 170
268 203
218 222
180 181
255 253
246 248
188 182
182 183
182 180
1 2
161 162
185 187
185 184
35 6
218 220
185 186
192 188
188 189
203 202
195 196
218 221
188 185
98 99
102 98
203 168
168 169
228 229
236 228
94 91
91 90
94 93
91 92
102 95
95 94
98 97
95 96
12 11
9 10
12 13
41 12
16 15
12 14
16 17
41 16
20 19
16 18
116 117
256 250
137 116
276 274
203 204
274 275
150 151
168 150
154 153
150 152
154 155
167 154
158 157
163 156
158 159
163 158
276 277
236 234
236 238
236 239
278 279
203 207
236 235
241 236
236 237
231 230
234 231
231 232
234 233
225 224
281 280
41 48
41 49
41 46
41 47
41 44
41 45
41 42
41 43
41 40
65 41
16 1
4 5
41 9
274 272
148 146
146 147
146 144
144 145
140 142
144 143
148 140
140 141
203 209
203 208
168 148
150 149
81 77
74 76
74 75
77 74
72 73
74 72
72 71
65 70
280 278
77 79
77 78
262 263
250 249
271 262
228 227
260 261
269 270
265 260
278 276
268 267
265 266
