197
281
281
216 221
217 61
214 232
215 160
212 201
213 216
210 27
211 170
165 90
264 178
219 107
132 270
131 0
136 166
135 223
134 30
139 205
138 124
166 240
24 69
25 251
27 261
21 202
22 127
223 3
28 71
0 279
162 169
8 50
220 70
119 132
120 31
122 19
124 56
125 189
127 184
128 117
129 11
224 110
118 7
58 196
55 8
54 190
227 58
56 207
51 87
50 219
53 173
52 15
259 37
199 186
179 229
178 183
191 17
190 128
193 22
115 73
252 24
117 5
89 244
110 224
113 220
112 79
83 151
80 259
86 273
87 41
84 42
204 109
251 97
198 242
256 247
206 45
226 267
257 14
3 203
254 99
7 141
247 2
245 164
244 51
181 139
109 112
240 135
242 83
103 263
100 275
106 214
107 66
105 100
39 238
38 49
33 179
31 78
30 172
37 252
36 115
34 54
205 48
176 105
61 152
62 84
63 208
64 199
66 158
67 125
68 182
69 204
174 257
173 193
172 256
171 129
170 212
249 63
248 33
182 245
183 52
2 162
186 176
187 153
184 198
189 264
202 174
196 233
221 44
99 136
169 222
229 18
164 43
90 103
93 93
92 25
160 230
222 149
97 157
96 159
11 76
10 21
13 206
15 67
14 134
17 147
16 120
19 86
18 10
273 155
275 118
151 249
153 217
152 215
155 39
157 211
159 55
158 28
277 75
238 227
239 142
279 89
235 62
237 235
230 64
232 210
233 145
48 106
49 13
46 213
47 165
44 122
45 46
42 36
43 248
40 187
41 38
5 266
201 239
147 143
203 92
145 254
142 226
143 40
207 113
141 138
209 16
208 277
149 191
76 96
75 53
73 119
71 209
70 34
79 171
78 47
263 131
261 68
270 237
267 181
266 80
203 216
218 217
203 214
203 215
203 212
203 213
203 210
203 211
163 165
265 264
280 265
269 218
218 219
156 133
133 132
130 131
156 130
140 137
137 136
133 135
133 134
140 139
137 138
167 166
23 24
26 25
41 26
26 27
41 20
20 21
23 22
41 23
161 160
29 28
41 29
203 161
1 0
6 4
9 8
203 163
116 119
272 271
262 258
116 120
123 121
121 122
126 123
123 124
126 125
137 126
133 127
127 128
130 129
271 269
272 268
203 167
116 118
65 59
57 58
54 55
60 54
59 57
57 56
41 51
41 50
41 53
41 52
260 259
163 164
200 201
200 199
180 179
218 200
197 195
195 194
218 197
177 178
192 191
188 190
194 193
194 192
116 115
121 114
91 88
88 89
121 111
111 110
114 113
111 112
85 82
82 83
81 80
82 81
85 86
88 87
85 84
101 85
250 251
197 198
262 256
203 206
225 226
258 257
4 3
182 177
253 254
6 7
246 247
272 273
258 255
250 225
246 245
243 244
116 108
108 109
243 241
236 240
262 243
241 242
133 102
104 103
101 100
121 101
104 106
108 107
114 104
104 105
35 39
35 38
32 33
59 32
32 31
29 30
35 37
35 36
41 35
35 34
255 246
253 252
203 205
218 223
175 176
65 60
60 61
65 62
62 63
65 64
74 65
65 66
65 67
65 68
65 69
177 175
175 174
172 173
203 172
172 171
168 170
268 203
218 222
180 181
255 253
246 248
188 182
182 183
182 180
1 2
161 162
185 187
185 184
35 6
218 220
185 186
192 188
188 189
203 202
195 196
218 221
188 185
98 99
102 98
203 168
168 169
228 229
236 228
94 91
91 90
94 93
91 92
102 95
95 94
98 97
95 96
12 11
9 10
12 13
41 12
16 15
12 14
16 17
41 16
20 19
16 18
116 117
256 250
137 116
276 274
203 204
274 275
150 151
168 150
154 153
150 152
154 155
167 154
158 157
163 156
158 159
163 158
276 277
236 234
236 238
236 239
278 279
203 207
236 235
241 236
236 237
231 230
234 231
231 232
234 233
225 224
281 280
41 48
41 49
41 46
41 47
41 44
41 45
41 42
41 43
41 40
65 41
16 1
4 5
41 9
274 272
148 146
146 147
146 144
144 145
140 142
144 143
148 140
140 141
203 209
203 208
168 148
150 149
81 77
74 76
74 75
77 74
72 73
74 72
72 71
65 70
280 278
77 79
77 78
262 263
250 249
271 262
228 227
260 261
269 270
265 260
278 276
268 267
265 266
