450
899
0
270 25
262 26
277 30
230 32
229 33
264 34
266 35
265 36
269 39
268 41
263 43
231 44
267 46
219 48
208 50
201 52
199 53
235 56
233 57
234 58
273 61
224 63
222 66
198 69
196 70
147 84
127 86
69 88
67 89
193 92
191 94
75 96
72 97
22 99
20 100
184 102
126 105
125 106
110 108
108 110
74 111
173 116
64 118
62 119
164 120
171 125
76 127
71 129
70 130
98 135
30 137
28 138
97 139
166 140
80 142
78 143
151 145
10 147
9 148
145 151
52 153
8 155
6 156
5 158
3 159
160 162
132 165
129 166
131 167
140 169
61 171
59 172
143 176
178 178
138 181
136 182
12 184
11 185
135 187
133 188
176 190
142 191
170 196
169 197
35 199
24 201
23 202
167 205
50 207
48 209
27 211
25 212
41 214
39 215
107 221
106 222
104 223
149 225
47 226
53 230
45 231
65 232
157 233
112 237
38 239
36 240
33 242
31 243
83 245
81 246
95 250
55 252
54 253
185 257
44 259
43 261
42 262
180 266
119 268
118 269
93 270
123 272
122 274
120 275
195 277
92 280
91 281
89 282
161 283
175 284
139 286
19 288
18 289
87 291
17 293
2 295
0 296
100 301
101 302
99 303
102 304
103 305
116 308
113 309
115 310
190 312
155 314
154 317
117 320
58 322
57 324
56 325
15 327
13 328
86 330
84 331
213 333
204 335
202 336
221 338
217 340
216 342
212 344
210 345
272 347
275 349
274 350
276 352
278 355
259 358
257 360
256 361
258 363
254 364
271 365
295 366
297 367
296 369
293 370
298 371
573 376
239 378
228 379
227 382
225 383
207 385
205 386
238 388
236 389
240 390
307 395
304 396
305 397
286 400
285 402
282 403
284 404
306 405
566 406
574 412
564 413
569 414
571 415
567 417
300 419
299 420
572 422
568 425
331 427
287 428
289 429
570 433
312 436
308 437
309 438
310 439
311 440
329 442
350 462
341 464
332 465
345 466
338 469
313 471
292 473
290 474
337 476
334 477
348 479
346 480
333 481
340 482
343 485
303 486
336 487
250 491
243 492
244 494
241 495
245 496
339 497
335 498
342 499
249 501
248 503
246 504
324 505
347 512
319 513
321 514
318 515
281 517
279 518
322 519
344 520
328 524
327 525
325 526
316 528
314 529
349 530
317 531
320 532
301 533
559 535
541 541
539 542
555 545
548 547
550 549
551 551
547 553
545 554
558 556
553 557
544 559
542 560
556 561
557 562
625 567
623 568
561 570
253 573
252 574
260 575
622 577
581 580
577 582
575 583
579 585
578 586
620 588
618 589
633 591
630 592
617 595
615 596
603 602
607 604
538 607
527 610
526 616
507 617
525 619
524 620
521 621
505 622
523 623
498 625
481 627
479 628
528 629
613 632
605 633
602 637
599 641
584 644
585 646
582 647
587 648
536 653
532 655
530 656
510 658
508 659
592 660
589 664
590 667
535 669
516 671
514 672
588 674
518 676
517 677
534 679
533 680
591 681
598 682
600 683
608 684
611 685
610 686
596 690
593 692
502 696
491 697
493 698
500 699
595 701
519 703
513 705
511 707
490 711
488 712
496 715
495 716
497 718
504 719
487 721
484 724
482 726
478 727
485 728
469 740
457 745
455 746
446 747
445 749
443 750
452 752
430 753
467 754
458 756
403 758
401 759
450 763
441 764
370 769
368 770
427 772
405 775
374 776
375 777
429 778
383 781
381 782
382 783
449 790
447 791
440 793
439 796
435 798
421 799
400 801
398 802
437 804
391 806
392 808
390 809
414 811
377 813
376 814
438 815
385 820
387 821
434 822
410 826
411 827
412 829
407 830
409 831
417 835
415 836
422 837
424 839
353 844
351 845
357 846
419 848
356 850
354 851
426 853
425 854
432 858
373 860
371 861
388 863
365 865
364 866
406 868
361 870
359 871
397 875
396 876
380 878
394 880
378 881
366 883
363 885
362 886
393 887
465 890
463 891
464 893
461 894
475 895
471 896
473 897
632 898
631 899
0 1
1 2
2 3
3 4
4 5
5 6
6 7
7 8
8 9
9 10
10 11
11 12
12 13
13 14
14 15
15 16
16 17
17 18
18 19
19 20
20 21
21 22
22 23
23 24
24 25
24 26
23 27
27 28
28 29
29 30
29 31
31 32
31 33
28 34
27 35
22 36
21 37
37 38
38 39
38 40
40 41
40 42
42 43
42 44
37 45
45 46
45 47
47 48
47 49
49 50
49 51
51 52
51 53
20 54
54 55
55 56
55 57
54 58
19 59
59 60
60 61
60 62
62 63
62 64
64 65
65 66
65 67
67 68
68 69
68 70
67 71
71 72
72 73
73 74
74 75
75 76
76 77
77 78
78 79
79 80
80 81
81 82
82 83
83 84
83 85
85 86
85 87
87 88
87 89
82 90
90 91
91 92
91 93
93 94
93 95
95 96
95 97
90 98
98 99
98 100
81 101
101 102
101 103
103 104
104 105
104 106
103 107
107 108
107 109
109 110
109 111
80 112
112 113
113 114
114 115
115 116
115 117
117 118
117 119
114 120
113 121
121 122
122 123
123 124
124 125
124 126
126 127
126 128
128 129
128 130
123 131
131 132
132 133
133 134
134 135
134 136
136 137
136 138
133 139
132 140
131 141
141 142
141 143
122 144
144 145
144 146
146 147
146 148
121 149
149 150
150 151
150 152
152 153
152 154
154 155
154 156
149 157
157 158
157 159
112 160
160 161
161 162
161 163
163 164
164 165
164 166
163 167
160 168
168 169
168 170
170 171
170 172
79 173
173 174
174 175
175 176
175 177
177 178
177 179
179 180
180 181
180 182
179 183
183 184
183 185
174 186
186 187
186 188
173 189
189 190
189 191
78 192
192 193
193 194
194 195
195 196
195 197
194 198
198 199
198 200
200 201
200 202
193 203
203 204
204 205
204 206
206 207
206 208
208 209
208 210
210 211
210 212
203 213
213 214
213 215
192 216
216 217
217 218
218 219
219 220
220 221
220 222
219 223
218 224
224 225
224 226
217 227
227 228
228 229
229 230
229 231
228 232
227 233
216 234
234 235
235 236
236 237
236 238
238 239
238 240
235 241
241 242
241 243
234 244
244 245
244 246
77 247
247 248
248 249
249 250
249 251
251 252
251 253
248 254
254 255
255 256
256 257
256 258
258 259
258 260
260 261
260 262
255 263
263 264
264 265
265 266
265 267
267 268
267 269
264 270
263 271
271 272
271 273
273 274
273 275
254 276
276 277
276 278
278 279
279 280
279 281
278 282
247 283
76 284
75 285
285 286
285 287
287 288
287 289
74 290
290 291
290 292
292 293
292 294
294 295
294 296
73 297
297 298
298 299
299 300
300 301
300 302
299 303
298 304
297 305
72 306
306 307
307 308
307 309
306 310
71 311
311 312
311 313
313 314
313 315
315 316
316 317
316 318
318 319
319 320
319 321
321 322
321 323
323 324
323 325
318 326
326 327
326 328
315 329
329 330
329 331
64 332
332 333
332 334
334 335
334 336
59 337
337 338
337 339
339 340
339 341
341 342
341 343
343 344
343 345
18 346
346 347
346 348
348 349
348 350
17 351
351 352
351 353
353 354
354 355
354 356
356 357
357 358
357 359
359 360
359 361
356 362
362 363
362 364
353 365
16 366
15 367
14 368
368 369
368 370
13 371
12 372
372 373
373 374
374 375
375 376
375 377
377 378
377 379
374 380
380 381
381 382
381 383
380 384
384 385
384 386
373 387
387 388
387 389
372 390
11 391
391 392
392 393
393 394
394 395
394 396
393 397
392 398
398 399
399 400
399 401
401 402
401 403
398 404
391 405
10 406
9 407
407 408
408 409
409 410
410 411
411 412
411 413
410 414
409 415
408 416
416 417
416 418
418 419
418 420
407 421
421 422
421 423
423 424
424 425
424 426
426 427
426 428
423 429
8 430
430 431
431 432
432 433
432 434
434 435
435 436
435 437
434 438
431 439
430 440
7 441
441 442
441 443
443 444
444 445
445 446
446 447
447 448
448 449
449 450
450 451
451 452
452 453
453 454
454 455
455 456
456 457
457 458
458 459
459 460
460 461
461 462
461 463
463 464
463 465
460 466
459 467
467 468
468 469
468 470
470 471
470 472
472 473
472 474
467 475
475 476
475 477
458 478
478 479
478 480
457 481
456 482
455 483
483 484
484 485
484 486
483 487
454 488
488 489
489 490
490 491
490 492
489 493
493 494
493 495
488 496
453 497
452 498
451 499
450 500
500 501
500 502
502 503
502 504
449 505
448 506
506 507
507 508
508 509
509 510
510 511
511 512
511 513
510 514
509 515
508 516
516 517
516 518
507 519
506 520
447 521
521 522
522 523
523 524
523 525
522 526
521 527
527 528
527 529
446 530
445 531
444 532
443 533
6 534
534 535
534 536
536 537
537 538
538 539
539 540
540 541
540 542
539 543
543 544
544 545
544 546
546 547
546 548
548 549
548 550
550 551
550 552
552 553
552 554
543 555
555 556
555 557
538 558
558 559
558 560
537 561
536 562
5 563
563 564
564 565
565 566
566 567
566 568
565 569
569 570
569 571
571 572
572 573
572 574
571 575
564 576
576 577
576 578
578 579
579 580
579 581
581 582
581 583
578 584
584 585
584 586
563 587
587 588
587 589
4 590
590 591
590 592
3 593
593 594
594 595
594 596
593 597
597 598
598 599
599 600
600 601
601 602
601 603
603 604
603 605
605 606
606 607
606 608
608 609
609 610
609 611
611 612
612 613
613 614
614 615
615 616
615 617
614 618
618 619
618 620
613 621
612 622
611 623
608 624
624 625
624 626
626 627
626 628
605 629
600 630
630 631
631 632
631 633
630 634
634 635
635 636
636 637
636 638
638 639
639 640
640 641
640 642
642 643
643 644
643 645
645 646
645 647
642 648
639 649
649 650
650 651
651 652
652 653
652 654
654 655
654 656
651 657
657 658
657 659
650 660
649 661
661 662
662 663
663 664
663 665
665 666
666 667
666 668
668 669
668 670
670 671
670 672
665 673
673 674
673 675
675 676
675 677
662 678
678 679
678 680
661 681
638 682
635 683
634 684
599 685
598 686
597 687
687 688
688 689
689 690
689 691
691 692
691 693
693 694
694 695
695 696
695 697
694 698
693 699
688 700
700 701
700 702
702 703
702 704
704 705
704 706
706 707
706 708
708 709
709 710
710 711
710 712
709 713
713 714
714 715
714 716
713 717
717 718
717 719
708 720
720 721
720 722
722 723
723 724
723 725
725 726
725 727
722 728
687 729
729 730
730 731
731 732
732 733
733 734
734 735
735 736
736 737
737 738
738 739
739 740
739 741
741 742
742 743
743 744
744 745
744 746
743 747
742 748
748 749
748 750
741 751
751 752
751 753
738 754
737 755
755 756
755 757
757 758
757 759
736 760
760 761
761 762
762 763
762 764
761 765
765 766
766 767
767 768
768 769
768 770
767 771
771 772
771 773
773 774
774 775
774 776
773 777
766 778
765 779
779 780
780 781
780 782
779 783
760 784
784 785
785 786
786 787
787 788
788 789
789 790
789 791
788 792
792 793
792 794
794 795
795 796
795 797
797 798
797 799
794 800
800 801
800 802
787 803
803 804
803 805
805 806
805 807
807 808
807 809
786 810
810 811
810 812
812 813
812 814
785 815
784 816
816 817
817 818
818 819
819 820
819 821
818 822
817 823
823 824
824 825
825 826
825 827
824 828
828 829
828 830
823 831
816 832
832 833
833 834
834 835
834 836
833 837
832 838
838 839
838 840
840 841
841 842
842 843
843 844
843 845
842 846
841 847
847 848
847 849
849 850
849 851
840 852
852 853
852 854
735 855
855 856
856 857
857 858
857 859
859 860
859 861
856 862
862 863
862 864
864 865
864 866
855 867
867 868
867 869
869 870
869 871
734 872
872 873
873 874
874 875
874 876
873 877
877 878
877 879
879 880
879 881
872 882
882 883
882 884
884 885
884 886
733 887
732 888
888 889
889 890
889 891
888 892
892 893
892 894
731 895
730 896
729 897
2 898
1 899
