450
634
634
344 254
0 365
346 544
347 364
340 548
341 325
342 236
343 463
348 479
349 347
595 64
298 573
299 521
296 80
297 10
295 450
292 275
293 398
290 178
591 498
590 429
593 19
592 378
199 345
198 532
596 313
195 375
598 155
196 193
191 264
190 195
193 596
270 84
271 588
272 343
273 504
274 126
275 427
276 465
277 362
278 143
279 536
524 58
525 370
526 258
527 166
521 230
523 99
528 138
449 267
443 401
441 610
440 282
447 151
446 74
445 295
108 91
102 25
103 78
100 400
101 87
106 421
107 240
104 201
39 394
38 3
33 339
31 390
30 426
36 131
35 528
438 373
439 432
437 145
434 579
435 371
432 439
430 557
339 319
338 292
335 33
334 278
337 516
336 461
331 20
333 123
332 359
345 196
6 297
99 56
98 18
91 328
93 306
92 569
95 354
97 633
559 93
558 102
555 500
557 411
556 331
551 471
550 620
553 44
238 269
239 238
234 270
235 525
236 30
230 517
231 70
233 434
147 171
618 590
145 553
142 632
143 117
140 440
613 380
610 47
611 507
617 482
149 157
623 582
133 623
132 136
131 147
498 392
136 526
135 558
495 299
139 561
138 31
490 533
491 598
493 154
24 303
25 350
27 541
20 361
22 11
23 495
28 478
407 396
406 618
405 231
403 551
401 260
400 107
409 447
378 414
371 53
370 9
373 115
375 600
374 224
377 458
376 225
393 523
392 116
391 216
390 491
397 24
396 227
394 377
83 132
80 296
81 334
86 22
87 62
84 212
587 266
584 205
585 353
582 250
581 591
588 571
589 547
245 333
244 76
246 391
241 262
240 304
243 311
615 42
249 381
248 272
519 301
518 452
511 246
510 348
513 329
514 320
517 243
516 98
458 513
622 564
620 71
625 449
450 524
452 430
455 257
457 284
178 27
176 518
175 129
173 510
171 559
170 592
253 104
599 316
180 86
2 5
184 249
185 357
11 327
10 36
13 437
12 534
15 455
17 198
19 305
18 263
62 8
322 585
320 310
321 409
327 587
324 617
325 385
328 122
329 75
201 55
202 615
205 407
204 119
207 368
208 443
76 308
75 285
74 234
72 314
71 613
70 100
78 435
542 241
541 277
547 438
544 464
545 611
8 139
548 271
120 245
122 545
123 321
125 217
126 415
127 39
129 54
414 457
415 388
417 48
410 405
411 142
412 235
419 607
319 425
318 176
313 140
312 467
311 50
310 556
317 570
316 351
314 169
496 286
497 344
3 207
368 95
366 118
364 599
365 213
362 17
363 221
361 13
380 57
381 542
382 539
383 6
385 602
387 167
388 366
605 103
579 149
578 307
573 376
572 208
571 120
570 199
577 568
575 374
574 185
61 72
258 631
259 422
64 67
65 222
67 184
252 274
69 584
250 514
256 312
257 175
254 298
600 578
603 204
508 622
507 338
504 490
505 341
502 160
500 519
630 0
631 574
632 106
633 190
469 356
465 605
464 527
467 259
461 575
463 406
169 572
164 125
166 424
167 293
160 253
161 603
9 23
357 485
356 497
354 335
353 273
351 38
350 625
359 113
216 508
217 81
212 233
213 488
210 496
219 417
289 279
281 164
282 322
285 481
284 35
287 112
286 550
263 566
262 382
260 61
267 555
266 89
265 276
264 290
269 446
268 108
59 161
58 45
55 337
54 493
57 127
56 473
50 412
53 69
52 228
536 101
535 83
534 43
533 505
532 342
530 28
539 502
538 484
115 397
117 268
116 15
110 256
113 41
112 65
119 349
118 441
429 608
421 469
422 530
425 12
424 173
427 324
426 475
308 577
309 511
300 403
301 317
303 346
304 59
305 239
306 219
307 593
568 170
569 383
561 135
564 289
566 538
567 210
229 191
228 110
227 318
225 229
224 363
222 393
221 92
89 581
151 300
607 487
155 244
154 287
157 535
602 133
608 202
398 2
48 630
47 340
44 589
45 281
42 97
43 332
41 52
5 336
488 419
487 567
485 445
484 387
482 265
481 309
473 410
471 248
475 595
478 252
479 180
333 344
1 0
333 346
333 347
333 340
333 341
333 342
333 343
333 348
333 349
594 595
609 606
606 594
628 619
294 298
565 299
294 296
294 297
304 294
294 295
291 292
294 293
291 290
313 291
589 591
589 590
594 593
589 592
200 199
197 198
601 597
594 596
194 195
197 194
223 197
197 196
189 191
189 190
192 193
194 192
262 270
272 271
294 272
272 273
272 274
272 275
272 276
272 277
272 278
280 279
522 524
522 525
522 526
522 527
594 520
522 521
529 522
522 523
597 599
529 528
537 529
448 449
454 448
444 443
454 442
442 441
436 440
448 447
444 446
444 445
466 444
109 108
124 109
100 102
100 103
187 100
100 101
105 106
105 107
105 104
139 105
40 39
37 38
32 33
146 32
32 31
29 30
111 37
37 36
34 35
168 34
436 438
436 439
448 436
436 437
433 434
436 435
431 432
460 433
431 430
453 431
333 339
333 338
333 335
333 334
333 337
333 336
330 331
563 330
563 333
333 332
333 345
7 6
100 99
96 98
90 91
189 90
94 93
90 92
94 95
141 94
96 97
163 96
560 559
554 558
554 555
560 554
554 557
554 556
552 551
549 550
554 553
554 552
237 238
237 239
232 234
232 235
237 236
304 237
262 230
232 231
262 232
232 233
16 1
629 614
159 146
148 147
192 144
144 145
174 142
142 143
139 140
182 141
626 612
612 613
609 610
612 611
626 616
616 617
192 148
150 149
624 623
621 622
134 133
130 132
130 131
181 130
182 137
137 136
134 135
179 134
503 494
494 495
150 139
137 138
489 490
492 491
501 492
492 493
23 24
26 25
49 26
26 27
21 20
148 21
21 22
34 23
29 28
96 29
408 407
404 406
404 405
418 404
402 403
459 402
402 401
399 400
634 629
408 409
433 408
629 628
395 379
379 378
372 371
369 370
372 373
466 372
374 375
418 374
413 377
377 376
619 618
391 393
391 392
156 88
90 89
395 397
395 396
468 395
395 394
146 82
82 83
79 80
82 81
85 86
88 87
85 84
153 85
51 7
604 601
606 607
597 586
586 587
583 584
583 585
583 582
586 583
621 580
580 581
589 588
597 589
242 245
242 244
333 247
247 246
242 241
237 240
242 243
251 242
616 615
247 249
247 248
520 519
517 518
512 511
509 510
512 513
520 512
535 515
515 514
589 517
515 516
459 458
468 459
627 621
619 620
628 627
629 626
624 625
627 624
451 450
454 451
453 452
466 453
468 454
456 455
466 456
456 457
186 179
177 178
192 177
177 176
174 175
192 174
172 173
187 172
172 171
168 170
252 253
192 182
192 183
179 180
192 181
188 186
192 187
183 184
186 185
192 188
192 189
137 11
152 10
14 13
11 12
14 15
117 14
16 17
88 16
192 19
19 18
63 62
323 322
333 323
318 320
318 321
563 326
326 327
323 324
326 325
326 328
330 329
200 201
209 200
214 203
203 202
206 205
203 204
206 207
237 206
218 209
209 208
174 77
77 76
73 75
73 74
189 73
73 72
77 71
71 70
183 79
79 78
1 2
543 542
554 543
554 540
540 541
552 546
546 547
543 544
546 545
7 8
549 548
552 549
128 68
597 598
121 120
141 121
121 122
121 123
183 124
124 125
124 126
128 127
165 128
130 129
413 414
416 415
423 416
416 417
408 410
408 411
408 412
420 413
499 498
428 418
423 419
522 499
318 319
333 318
333 313
309 312
309 311
309 310
318 317
315 316
563 315
315 314
494 496
494 497
4 3
369 368
404 369
367 366
442 367
389 364
364 365
367 362
362 363
420 360
360 361
379 380
384 381
381 382
384 383
428 384
386 385
433 386
386 387
389 388
466 389
606 605
578 579
621 578
609 604
565 573
565 572
565 571
565 570
576 577
580 576
576 575
565 574
150 60
60 61
255 258
255 259
63 64
66 65
192 66
68 67
261 252
68 69
251 250
333 251
255 256
255 257
255 254
272 255
604 603
601 602
509 508
589 509
522 506
506 507
503 504
506 505
501 502
512 503
501 500
594 501
629 630
629 631
629 632
629 633
468 469
470 468
462 465
462 464
468 467
470 466
462 461
468 460
462 463
474 462
181 168
168 169
163 164
188 165
165 166
165 167
159 160
162 161
192 162
192 163
601 600
10 9
358 357
355 356
419 355
355 354
352 353
358 352
352 351
333 350
360 359
419 358
215 216
215 217
223 214
220 215
211 212
214 213
211 210
215 211
262 218
218 219
288 289
565 288
156 4
280 281
313 280
304 283
283 282
283 285
283 284
288 287
283 286
262 263
272 262
562 261
261 260
262 267
262 266
262 265
262 264
262 269
262 268
60 59
56 58
94 55
55 54
56 57
117 56
144 51
49 50
66 53
51 52
609 537
535 536
589 535
187 63
534 533
531 532
589 531
531 530
540 539
537 538
114 115
162 114
153 117
114 116
146 111
109 110
114 113
111 112
141 119
119 118
428 429
451 428
589 534
420 421
436 420
460 423
423 422
423 425
423 424
428 427
423 426
309 308
565 309
299 300
302 301
333 302
302 303
565 304
304 305
304 306
304 307
565 568
565 569
614 560
562 561
624 562
614 563
565 564
614 565
565 566
565 567
230 229
226 228
226 227
237 226
226 225
223 224
262 223
223 222
220 221
294 220
448 391
391 390
152 151
192 150
188 153
187 152
153 155
153 154
158 157
192 156
187 159
177 158
612 609
609 608
436 399
399 398
49 48
165 49
53 46
46 47
42 44
46 45
141 42
42 43
158 40
40 41
4 5
494 489
489 488
486 487
494 486
486 485
483 484
486 483
483 482
480 481
499 480
474 472
472 473
476 470
472 471
477 476
483 477
476 474
474 475
477 478
480 479
