97
193
0
81 16
80 19
71 22
68 24
49 27
46 28
48 29
60 32
58 33
45 39
44 40
56 42
55 44
34 48
32 49
29 51
27 54
22 57
3 59
6 63
7 65
4 67
5 68
10 70
8 71
11 73
2 75
0 76
20 78
16 83
13 84
15 85
19 86
17 87
26 89
24 90
31 91
57 92
53 93
43 98
42 101
38 102
37 104
35 105
39 106
40 107
41 108
77 110
75 111
78 112
86 113
84 115
82 116
74 118
72 119
121 122
120 123
118 124
125 125
128 126
124 129
65 134
52 136
50 137
98 140
90 142
89 143
87 144
116 146
117 148
91 149
93 150
101 153
99 154
96 157
94 158
61 160
63 162
67 163
138 165
136 168
135 169
133 170
108 173
105 176
104 177
102 178
106 179
112 181
131 185
129 186
115 187
114 189
111 190
142 191
144 192
141 193
0 1
1 2
2 3
3 4
4 5
5 6
6 7
7 8
8 9
9 10
10 11
11 12
12 13
13 14
14 15
15 16
15 17
17 18
18 19
18 20
20 21
21 22
21 23
23 24
23 25
25 26
26 27
26 28
25 29
20 30
30 31
31 32
31 33
30 34
34 35
35 36
36 37
37 38
38 39
38 40
37 41
41 42
41 43
43 44
43 45
45 46
46 47
47 48
47 49
46 50
50 51
50 52
52 53
53 54
53 55
55 56
56 57
56 58
58 59
58 60
60 61
61 62
62 63
62 64
64 65
64 66
66 67
66 68
61 69
69 70
69 71
60 72
72 73
72 74
74 75
74 76
55 77
77 78
77 79
79 80
80 81
81 82
82 83
82 84
81 85
80 86
79 87
52 88
88 89
88 90
45 91
36 92
35 93
34 94
94 95
95 96
96 97
97 98
97 99
99 100
100 101
100 102
99 103
103 104
103 105
96 106
95 107
94 108
17 109
109 110
109 111
14 112
13 113
12 114
114 115
114 116
11 117
117 118
117 119
10 120
120 121
121 122
121 123
120 124
9 125
8 126
7 127
127 128
128 129
128 130
130 131
131 132
132 133
133 134
133 135
135 136
135 137
132 138
138 139
139 140
139 141
141 142
141 143
138 144
131 145
145 146
145 147
147 148
147 149
130 150
127 151
151 152
152 153
152 154
151 155
155 156
156 157
156 158
155 159
159 160
159 161
161 162
161 163
6 164
164 165
164 166
166 167
167 168
167 169
166 170
5 171
171 172
172 173
172 174
174 175
175 176
175 177
174 178
171 179
4 180
180 181
180 182
182 183
183 184
184 185
184 186
183 187
182 188
188 189
188 190
3 191
2 192
1 193
