97
157
0
81 16
80 19
71 22
68 24
49 27
46 28
48 29
60 32
58 33
45 39
44 37
56 42
55 44
34 48
32 47
29 51
27 54
22 57
3 59
6 63
7 65
4 62
5 68
10 70
8 71
11 73
2 75
0 76
20 78
16 83
13 84
15 85
19 86
17 87
26 89
24 90
31 91
57 92
53 93
43 98
42 101
38 102
37 104
35 105
39 95
40 107
41 108
77 110
75 111
78 112
86 113
84 115
82 116
74 118
72 119
121 122
120 123
118 124
125 125
128 126
124 129
65 134
52 136
50 137
98 140
90 139
89 143
87 144
116 130
117 148
91 149
93 150
101 153
99 154
96 157
94 158
61 160
63 162
67 163
138 165
136 168
135 169
133 170
108 173
105 176
104 177
102 178
106 179
112 181
131 185
129 186
115 187
114 189
111 190
142 191
144 192
141 193
0 1
1 2
2 3
3 4
4 5
5 6
6 7
7 9
9 10
10 11
11 13
13 16
13 18
18 19
18 21
21 22
21 23
23 24
23 25
25 27
25 28
25 29
18 30
30 31
31 32
31 33
30 35
35 37
37 39
37 41
41 42
41 43
43 44
43 45
45 47
47 48
45 50
50 51
50 52
52 53
53 54
53 55
55 56
56 57
56 58
58 59
58 60
60 62
62 63
62 65
62 68
60 70
60 71
60 73
60 74
74 75
74 76
55 77
77 78
77 81
81 83
81 84
81 85
77 86
77 87
52 88
88 89
88 90
45 91
35 92
35 93
30 94
94 95
95 98
95 100
100 101
100 102
95 103
103 104
103 105
95 107
94 108
13 109
109 110
109 111
13 112
13 113
11 114
114 115
114 116
11 117
117 118
117 119
10 122
10 123
10 124
9 125
7 126
7 127
127 128
128 129
128 130
130 132
132 133
133 134
133 135
135 136
135 137
132 139
139 140
139 143
132 144
130 147
147 148
147 149
130 150
127 151
151 152
152 153
152 154
151 155
155 157
155 158
155 159
159 160
159 161
161 162
161 163
6 164
164 165
164 166
166 167
167 168
167 169
166 170
5 171
171 172
172 173
172 174
174 175
175 176
175 177
174 178
171 179
4 180
180 181
180 182
182 184
184 185
184 186
182 187
182 188
188 189
188 190
3 191
2 192
1 193
