97
154
1
44 6
29 12
27 14
4 18
53 26
57 27
111 48
116 56
90 58
91 60
39 67
35 69
71 71
0 72
2 73
3 74
5 75
6 76
7 77
8 78
10 79
11 80
13 81
15 82
16 83
17 84
19 85
20 86
22 87
24 88
26 89
31 90
32 91
34 92
37 93
38 94
40 95
41 96
42 97
43 98
45 99
46 100
48 101
49 102
50 103
52 104
55 105
56 106
58 107
60 108
61 109
63 110
65 111
67 112
68 113
72 114
74 115
75 116
77 117
78 118
80 119
81 120
82 121
84 122
86 123
87 124
89 125
93 126
94 127
96 128
98 129
99 130
101 131
102 132
104 133
105 134
106 135
108 136
112 137
114 138
115 139
117 140
118 141
120 142
121 143
124 144
125 145
128 146
129 147
131 148
133 149
135 150
136 151
138 152
141 153
142 154
144 155
1 2
2 3
3 4
4 5
2 6
6 7
7 8
7 9
9 10
9 11
11 12
11 13
13 14
13 15
15 16
15 17
17 18
18 19
19 20
19 21
19 22
15 23
13 24
6 25
6 26
6 27
6 28
28 29
2 30
2 31
31 32
31 33
33 34
34 35
35 36
36 37
36 38
38 39
35 40
40 41
41 42
41 43
43 44
41 45
45 46
35 47
47 48
47 49
49 50
35 51
34 52
52 53
34 54
54 55
34 56
56 57
56 58
58 59
56 60
34 61
31 62
62 63
2 64
64 65
64 66
64 67
67 68
67 69
67 70
64 71
20 72
20 73
18 74
18 75
18 76
18 77
19 78
22 79
21 80
23 81
23 82
23 83
16 84
17 85
15 86
24 87
11 88
65 89
9 90
9 91
10 92
70 93
68 94
67 95
67 96
68 97
67 98
6 99
4 100
4 101
5 102
57 103
57 104
8 105
25 106
30 107
30 108
39 109
53 110
57 111
53 112
3 113
63 114
62 115
2 116
31 117
31 118
66 119
31 120
32 121
32 122
31 123
59 124
58 125
61 126
52 127
52 128
58 129
38 130
38 131
50 132
49 133
49 134
46 135
37 136
40 137
45 138
41 139
56 140
33 141
33 142
33 143
34 144
34 145
54 146
44 147
43 148
29 149
29 150
29 151
28 152
51 153
42 154
55 155
