97
146
146
133 16
131 52
136 48
135 8
138 135
24 93
26 125
27 96
20 77
22 5
29 124
0 6
4 141
8 44
120 17
121 63
124 98
125 38
128 55
129 106
118 75
58 111
55 74
57 115
56 20
50 72
53 7
52 136
115 39
114 49
117 19
116 116
111 105
112 32
82 13
80 58
81 78
86 68
87 2
84 138
3 118
7 43
108 61
102 114
101 42
106 102
104 0
105 27
39 71
38 94
32 104
31 60
37 91
35 101
34 53
60 22
61 86
63 24
65 144
67 84
68 108
2 40
6 80
99 37
98 46
91 50
90 10
93 56
94 15
96 133
11 120
10 81
13 90
15 29
17 11
16 26
19 65
89 112
48 131
49 82
46 99
44 3
45 142
42 129
43 89
40 45
41 128
5 31
144 41
142 87
141 117
77 35
75 121
74 34
72 67
71 4
78 57
134 133
143 132
130 131
132 130
139 137
137 136
134 135
137 134
140 139
139 138
25 24
30 25
25 26
28 27
18 20
23 21
23 22
28 23
30 28
30 29
1 0
9 4
9 8
126 119
119 120
119 121
127 122
127 123
123 124
126 125
127 126
132 127
127 128
130 129
119 118
79 59
59 58
54 55
59 54
54 57
54 56
64 51
51 50
54 53
51 52
113 115
113 114
97 88
88 89
110 111
130 110
130 113
113 112
83 82
119 83
79 80
79 81
85 86
88 87
83 84
119 85
4 3
4 7
107 108
110 109
103 102
109 103
122 100
100 101
107 106
109 107
103 104
103 105
59 39
39 38
54 33
33 32
32 31
33 30
36 37
39 36
36 35
33 34
59 60
62 61
66 62
62 63
97 64
64 65
95 66
66 67
69 68
70 69
1 2
4 6
100 99
97 98
92 91
88 90
92 93
116 92
122 95
95 94
116 97
95 96
12 11
9 10
14 13
21 12
14 15
18 14
18 17
14 16
18 19
21 18
116 117
123 116
47 48
47 49
47 46
69 47
54 44
44 45
39 42
39 43
39 40
39 41
9 1
4 5
12 9
145 144
146 145
143 142
145 143
145 140
140 141
76 77
79 76
76 75
73 74
119 73
73 72
70 71
85 70
85 79
79 78
