97
146
146
133 106
131 99
136 57
135 116
138 26
24 8
26 61
27 136
20 94
22 24
29 71
0 91
4 38
8 7
120 86
121 89
124 46
125 11
128 93
129 37
118 16
58 131
55 0
57 34
56 6
50 74
53 142
52 43
115 104
114 114
117 72
116 67
111 75
112 15
82 129
80 48
81 118
86 138
87 108
84 31
3 22
7 53
108 98
102 68
101 52
106 56
104 40
105 77
39 44
38 29
32 50
31 63
37 4
35 84
34 45
60 32
61 112
63 125
65 101
67 82
68 102
2 141
6 35
99 2
98 111
91 60
90 90
93 78
94 128
96 42
11 55
10 49
13 65
15 96
17 117
16 120
19 27
89 135
48 3
49 17
46 13
44 39
45 144
42 41
43 19
40 124
41 81
5 115
144 87
142 133
141 121
77 10
75 20
74 105
72 5
71 80
78 58
134 133
143 132
130 131
132 130
139 137
137 136
134 135
137 134
140 139
139 138
25 24
30 25
25 26
28 27
18 20
23 21
23 22
28 23
30 28
30 29
1 0
9 4
9 8
126 119
119 120
119 121
127 122
127 123
123 124
126 125
127 126
132 127
127 128
130 129
119 118
79 59
59 58
54 55
59 54
54 57
54 56
64 51
51 50
54 53
51 52
113 115
113 114
97 88
88 89
110 111
130 110
130 113
113 112
83 82
119 83
79 80
79 81
85 86
88 87
83 84
119 85
4 3
4 7
107 108
110 109
103 102
109 103
122 100
100 101
107 106
109 107
103 104
103 105
59 39
39 38
54 33
33 32
32 31
33 30
36 37
39 36
36 35
33 34
59 60
62 61
66 62
62 63
97 64
64 65
95 66
66 67
69 68
70 69
1 2
4 6
100 99
97 98
92 91
88 90
92 93
116 92
122 95
95 94
116 97
95 96
12 11
9 10
14 13
21 12
14 15
18 14
18 17
14 16
18 19
21 18
116 117
123 116
47 48
47 49
47 46
69 47
54 44
44 45
39 42
39 43
39 40
39 41
9 1
4 5
12 9
145 144
146 145
143 142
145 143
145 140
140 141
76 77
79 76
76 75
73 74
119 73
73 72
70 71
85 70
85 79
79 78
