479
957
0
673 4
671 5
674 6
652 8
670 12
640 14
642 15
645 19
643 20
658 22
660 23
666 25
664 26
650 28
654 32
618 35
628 38
619 39
626 41
621 45
442 46
445 48
440 49
622 53
624 54
617 57
625 58
620 59
623 61
441 64
627 65
443 66
648 67
639 69
637 70
669 72
662 75
668 76
656 78
555 84
558 86
556 87
559 88
587 91
584 94
578 97
579 99
576 101
575 102
577 103
583 106
581 107
582 109
580 110
611 115
609 116
647 118
605 119
590 121
592 123
603 124
597 126
629 127
594 130
593 131
595 136
615 138
589 140
588 141
631 147
630 150
602 151
632 152
614 154
612 155
633 157
636 159
635 160
634 161
606 163
608 165
607 166
598 168
600 169
616 170
562 173
560 174
565 177
554 181
553 182
567 184
571 187
572 189
573 190
569 191
564 192
539 196
521 198
516 201
508 203
510 204
519 205
547 209
537 211
550 212
534 214
532 215
523 220
525 222
526 223
541 224
551 226
549 228
552 229
529 232
535 234
545 235
543 238
527 239
538 240
530 245
517 246
514 247
511 249
513 250
506 252
498 257
502 259
500 260
497 262
495 263
504 264
493 270
483 271
491 273
482 275
469 277
480 278
478 284
458 289
456 291
461 293
459 294
453 295
455 296
465 298
466 299
450 301
452 302
488 304
473 307
474 308
472 311
467 312
470 313
487 315
462 316
485 320
464 322
486 323
492 324
477 327
489 328
475 329
490 330
163 338
169 339
164 340
166 343
168 344
174 349
176 350
177 351
178 352
184 355
187 357
185 358
183 363
182 364
186 365
180 366
172 368
173 370
170 371
128 373
7 381
5 382
17 383
18 384
43 385
45 389
47 391
46 392
14 395
11 397
13 398
15 399
48 400
73 404
75 405
108 406
106 407
98 415
100 416
10 421
8 422
40 423
37 425
39 426
53 430
23 433
19 436
21 437
22 438
32 439
65 442
66 444
62 445
64 447
76 448
91 449
105 450
83 454
67 457
81 458
57 463
60 464
61 466
58 467
59 468
29 471
1 473
0 474
44 475
51 478
52 479
49 480
93 482
87 485
88 486
112 488
110 489
126 493
131 495
133 496
142 498
141 499
149 500
117 503
118 507
116 508
114 510
2 513
4 514
55 515
36 517
34 518
130 520
125 521
97 524
96 526
94 527
26 531
27 532
24 534
30 536
31 537
123 540
121 541
151 542
154 545
161 549
158 550
160 551
144 554
146 555
153 556
72 561
70 562
80 564
78 565
102 570
86 572
84 573
103 574
120 575
137 577
138 578
135 580
139 581
218 585
219 589
210 591
212 592
220 594
223 597
198 598
190 602
192 603
200 604
215 605
202 608
201 609
209 611
207 612
203 614
217 615
314 621
317 622
316 623
262 626
250 628
252 629
300 633
301 634
298 635
302 636
244 638
259 642
260 643
228 645
230 646
237 650
239 652
240 653
247 654
249 655
195 660
193 661
197 662
226 664
214 666
213 667
188 670
189 671
221 672
429 677
436 680
434 682
437 683
432 686
433 688
430 689
439 690
428 692
448 693
367 699
369 700
413 702
373 704
371 705
414 707
403 710
408 714
417 715
410 719
409 720
411 721
401 722
376 724
378 725
412 726
382 731
379 733
381 734
419 736
421 737
425 739
415 742
427 744
424 746
423 748
426 749
447 750
375 752
422 755
390 757
393 758
392 761
366 763
364 764
388 765
407 767
387 769
406 773
384 775
349 777
347 778
404 782
386 784
385 785
338 787
337 788
394 789
396 790
265 800
263 801
306 802
304 804
305 805
295 807
297 809
296 811
293 812
399 817
398 818
400 819
327 821
328 823
329 825
330 826
350 828
359 830
361 835
346 836
356 839
363 840
286 843
287 844
357 847
352 848
360 851
344 852
355 853
362 855
354 856
342 858
339 861
341 862
285 864
336 865
257 870
255 871
269 873
268 874
274 876
353 878
266 879
275 881
206 883
204 884
282 890
280 891
246 892
242 894
241 895
231 897
232 901
233 902
235 903
234 904
254 906
284 908
311 910
313 911
320 916
319 917
321 919
323 920
318 923
270 924
272 925
322 926
358 928
333 931
279 936
334 937
277 940
326 941
324 942
292 944
291 945
332 946
290 950
288 951
308 954
309 955
310 956
307 957
0 1
1 2
2 3
3 4
3 5
2 6
1 7
7 8
7 9
9 10
10 11
11 12
11 13
13 14
13 15
10 16
16 17
17 18
18 19
18 20
17 21
21 22
21 23
16 24
24 25
24 26
9 27
27 28
27 29
29 30
30 31
31 32
31 33
33 34
34 35
34 36
36 37
37 38
37 39
36 40
40 41
40 42
42 43
43 44
44 45
44 46
43 47
47 48
47 49
42 50
50 51
51 52
52 53
52 54
51 55
55 56
56 57
56 58
55 59
50 60
60 61
60 62
62 63
63 64
63 65
62 66
33 67
30 68
68 69
68 70
29 71
71 72
71 73
73 74
74 75
74 76
73 77
77 78
77 79
79 80
80 81
81 82
82 83
83 84
83 85
85 86
85 87
82 88
81 89
89 90
90 91
90 92
92 93
93 94
93 95
95 96
96 97
96 98
98 99
98 100
100 101
100 102
95 103
92 104
104 105
105 106
105 107
104 108
108 109
108 110
89 111
111 112
112 113
113 114
114 115
114 116
113 117
117 118
117 119
112 120
120 121
120 122
122 123
122 124
111 125
125 126
125 127
80 128
128 129
129 130
129 131
128 132
132 133
133 134
134 135
135 136
135 137
137 138
137 139
139 140
139 141
134 142
142 143
143 144
144 145
145 146
146 147
146 148
148 149
149 150
149 151
148 152
145 153
153 154
153 155
144 156
156 157
156 158
158 159
158 160
143 161
142 162
162 163
162 164
164 165
164 166
133 167
167 168
167 169
132 170
79 171
171 172
172 173
172 174
171 175
175 176
176 177
176 178
178 179
179 180
180 181
180 182
179 183
183 184
183 185
185 186
186 187
186 188
188 189
188 190
185 191
178 192
175 193
193 194
194 195
195 196
195 197
197 198
197 199
199 200
200 201
200 202
202 203
202 204
199 205
194 206
206 207
207 208
208 209
208 210
210 211
210 212
207 213
213 214
213 215
206 216
216 217
217 218
218 219
219 220
219 221
221 222
221 223
218 224
217 225
225 226
225 227
227 228
227 229
216 230
230 231
231 232
231 233
233 234
233 235
230 236
236 237
237 238
237 239
236 240
193 241
241 242
242 243
243 244
244 245
244 246
243 247
242 248
248 249
248 250
241 251
251 252
251 253
253 254
254 255
255 256
256 257
256 258
258 259
258 260
255 261
261 262
261 263
254 264
253 265
265 266
266 267
267 268
268 269
269 270
269 271
268 272
272 273
272 274
274 275
274 276
276 277
276 278
267 279
279 280
280 281
281 282
282 283
283 284
283 285
285 286
286 287
287 288
288 289
288 290
290 291
290 292
292 293
292 294
287 295
286 296
285 297
297 298
297 299
282 300
300 301
300 302
281 303
303 304
303 305
305 306
306 307
306 308
305 309
309 310
310 311
310 312
309 313
280 314
314 315
314 316
279 317
317 318
318 319
319 320
319 321
321 322
321 323
318 324
317 325
325 326
326 327
326 328
325 329
266 330
265 331
331 332
332 333
333 334
334 335
335 336
336 337
337 338
337 339
336 340
335 341
341 342
342 343
342 344
341 345
345 346
346 347
347 348
348 349
348 350
347 351
346 352
345 353
353 354
354 355
354 356
356 357
356 358
353 359
359 360
360 361
361 362
362 363
362 364
361 365
360 366
359 367
367 368
367 369
369 370
369 371
334 372
372 373
372 374
374 375
375 376
376 377
377 378
378 379
379 380
380 381
380 382
379 383
378 384
377 385
376 386
386 387
387 388
388 389
388 390
390 391
390 392
387 393
393 394
394 395
394 396
396 397
396 398
393 399
386 400
375 401
401 402
402 403
403 404
403 405
402 406
401 407
374 408
408 409
409 410
410 411
411 412
412 413
413 414
414 415
414 416
413 417
417 418
418 419
419 420
420 421
420 422
419 423
418 424
424 425
424 426
417 427
427 428
428 429
429 430
429 431
431 432
432 433
432 434
434 435
435 436
435 437
434 438
431 439
428 440
440 441
441 442
441 443
443 444
443 445
440 446
446 447
446 448
427 449
412 450
411 451
451 452
452 453
453 454
453 455
455 456
456 457
456 458
455 459
459 460
460 461
461 462
462 463
462 464
461 465
465 466
465 467
460 468
459 469
469 470
470 471
470 472
472 473
472 474
469 475
452 476
476 477
477 478
477 479
476 480
451 481
481 482
481 483
483 484
484 485
484 486
483 487
487 488
487 489
410 490
490 491
491 492
492 493
492 494
494 495
494 496
491 497
497 498
497 499
490 500
409 501
501 502
502 503
502 504
504 505
505 506
506 507
506 508
505 509
509 510
509 511
511 512
512 513
512 514
511 515
504 516
516 517
516 518
501 519
519 520
519 521
408 522
522 523
523 524
523 525
525 526
525 527
522 528
528 529
529 530
530 531
530 532
529 533
533 534
533 535
535 536
535 537
528 538
538 539
539 540
539 541
538 542
333 543
543 544
544 545
544 546
546 547
547 548
548 549
548 550
547 551
546 552
552 553
553 554
553 555
552 556
543 557
557 558
558 559
559 560
560 561
560 562
559 563
563 564
563 565
558 566
566 567
567 568
568 569
569 570
569 571
571 572
571 573
568 574
567 575
566 576
576 577
576 578
557 579
579 580
579 581
332 582
582 583
583 584
584 585
584 586
586 587
587 588
588 589
588 590
590 591
590 592
587 593
593 594
593 595
595 596
596 597
596 598
595 599
599 600
600 601
601 602
601 603
600 604
599 605
586 606
606 607
607 608
607 609
606 610
610 611
610 612
583 613
613 614
613 615
582 616
616 617
617 618
618 619
619 620
620 621
620 622
619 623
618 624
624 625
625 626
625 627
627 628
627 629
624 630
630 631
631 632
632 633
632 634
631 635
630 636
617 637
637 638
637 639
639 640
640 641
641 642
641 643
640 644
644 645
644 646
639 647
647 648
648 649
649 650
649 651
651 652
651 653
648 654
647 655
616 656
656 657
657 658
658 659
659 660
659 661
658 662
657 663
663 664
663 665
665 666
665 667
656 668
668 669
669 670
669 671
668 672
331 673
673 674
674 675
675 676
676 677
676 678
678 679
679 680
679 681
681 682
681 683
678 684
684 685
685 686
685 687
687 688
687 689
684 690
675 691
691 692
691 693
674 694
694 695
695 696
696 697
697 698
698 699
698 700
697 701
701 702
701 703
703 704
703 705
696 706
706 707
706 708
708 709
709 710
709 711
711 712
712 713
713 714
713 715
712 716
716 717
717 718
718 719
718 720
717 721
716 722
711 723
723 724
723 725
708 726
695 727
727 728
728 729
729 730
730 731
730 732
732 733
732 734
729 735
735 736
735 737
728 738
738 739
738 740
740 741
741 742
741 743
743 744
743 745
745 746
745 747
747 748
747 749
740 750
727 751
751 752
751 753
753 754
754 755
754 756
756 757
756 758
753 759
759 760
760 761
760 762
762 763
762 764
759 765
694 766
766 767
766 768
768 769
768 770
770 771
771 772
772 773
772 774
774 775
774 776
776 777
776 778
771 779
779 780
780 781
781 782
781 783
783 784
783 785
780 786
786 787
786 788
779 789
770 790
673 791
791 792
792 793
793 794
794 795
795 796
796 797
797 798
798 799
799 800
799 801
798 802
797 803
803 804
803 805
796 806
806 807
806 808
808 809
808 810
810 811
810 812
795 813
813 814
814 815
815 816
816 817
816 818
815 819
814 820
820 821
820 822
822 823
822 824
824 825
824 826
813 827
827 828
827 829
829 830
829 831
831 832
832 833
833 834
834 835
834 836
833 837
837 838
838 839
838 840
837 841
841 842
842 843
842 844
841 845
845 846
846 847
846 848
845 849
849 850
850 851
850 852
849 853
832 854
854 855
854 856
831 857
857 858
857 859
859 860
860 861
860 862
859 863
863 864
863 865
794 866
866 867
867 868
868 869
869 870
869 871
868 872
872 873
872 874
867 875
875 876
875 877
877 878
877 879
866 880
880 881
880 882
882 883
882 884
793 885
885 886
886 887
887 888
888 889
889 890
889 891
888 892
887 893
893 894
893 895
886 896
896 897
896 898
898 899
899 900
900 901
900 902
899 903
898 904
885 905
905 906
905 907
907 908
907 909
909 910
909 911
792 912
912 913
913 914
914 915
915 916
915 917
914 918
918 919
918 920
913 921
921 922
922 923
922 924
921 925
912 926
791 927
927 928
927 929
929 930
930 931
930 932
932 933
933 934
934 935
935 936
935 937
934 938
938 939
939 940
939 941
938 942
933 943
943 944
943 945
932 946
929 947
947 948
948 949
949 950
949 951
948 952
952 953
953 954
953 955
952 956
947 957
