479
957
0
361 46
357 47
355 48
354 50
362 53
305 54
353 55
359 57
356 58
363 63
327 64
360 66
344 67
328 71
329 72
330 73
319 79
320 80
322 81
323 83
321 84
318 86
272 88
270 89
254 93
232 98
233 99
235 100
234 101
231 102
284 103
313 105
311 106
265 111
263 112
275 115
206 117
204 118
358 121
269 122
274 125
266 126
268 128
257 130
255 131
287 133
286 134
341 138
339 139
282 144
280 145
246 147
242 149
241 150
285 151
336 152
304 153
346 155
306 157
297 160
296 162
293 163
295 164
352 168
350 169
342 170
334 174
333 177
292 179
291 180
279 184
277 185
326 186
324 187
332 188
310 191
309 192
308 195
307 196
290 198
288 199
400 202
398 203
399 204
413 207
373 209
371 210
369 212
367 213
447 214
410 215
417 222
415 223
411 225
378 227
376 228
408 229
412 230
403 232
401 233
409 234
427 239
425 240
426 243
423 244
424 246
390 247
422 249
421 252
382 255
379 256
381 257
419 258
393 261
392 263
388 265
366 267
364 268
375 270
317 274
314 275
189 285
188 286
221 287
226 288
193 291
195 292
197 293
214 295
213 296
220 303
200 304
219 307
215 309
212 311
210 312
187 327
185 329
182 330
184 332
180 333
178 334
183 335
169 339
166 341
164 342
163 344
133 357
131 358
126 360
52 363
51 364
49 365
141 367
142 368
128 369
93 372
110 373
112 375
88 377
87 378
130 381
125 382
117 385
55 387
36 389
34 390
118 394
116 395
4 397
2 398
114 399
31 403
30 405
24 406
27 407
26 408
105 411
91 415
76 417
66 420
62 421
65 423
64 424
40 428
39 429
10 431
8 432
37 433
53 435
32 437
23 441
19 442
22 443
21 444
100 446
98 447
108 451
106 453
75 455
73 456
48 459
47 463
46 464
45 465
15 467
14 470
11 471
13 472
43 474
18 476
17 478
7 480
5 481
97 483
96 485
94 486
83 488
81 490
59 493
61 495
60 497
57 499
58 501
44 503
29 505
1 507
0 508
67 509
149 510
151 512
123 514
121 515
168 516
172 518
170 519
186 520
177 522
176 525
174 526
161 528
158 529
173 530
160 532
154 535
139 538
120 542
103 544
102 546
86 548
84 549
138 551
137 552
80 555
78 556
72 558
70 559
135 560
144 563
146 564
153 565
203 567
217 568
202 570
201 571
209 572
207 573
218 574
192 576
190 577
198 578
223 579
260 583
240 588
239 589
237 590
249 591
247 592
259 593
244 595
230 597
228 598
302 602
301 603
300 604
262 606
252 608
250 609
298 610
316 611
414 612
407 614
406 616
404 622
386 624
387 625
396 627
394 628
338 630
337 631
385 632
384 634
349 636
347 637
439 642
437 645
434 646
432 647
433 649
430 650
436 651
429 653
428 654
448 655
469 656
477 657
480 658
482 659
491 660
493 662
483 663
492 667
489 668
487 671
462 672
486 674
464 675
485 676
465 680
461 682
458 684
456 685
466 686
490 689
459 690
455 692
453 693
488 697
474 698
478 700
473 701
472 705
452 707
450 708
470 709
467 710
475 711
504 713
502 716
500 717
497 720
495 721
498 722
506 723
514 726
511 727
530 730
517 731
513 732
565 738
598 743
571 744
573 746
572 747
569 749
567 750
562 752
560 753
554 755
553 756
564 757
545 762
534 763
535 765
529 766
539 771
521 773
510 777
508 778
516 779
519 780
552 783
547 784
550 786
537 787
532 789
551 791
549 792
538 793
527 794
543 796
526 798
525 800
541 802
523 803
597 804
629 807
587 811
581 812
584 815
579 817
578 820
577 821
576 823
575 824
582 826
580 827
583 828
559 830
558 832
556 834
555 835
594 839
593 840
603 842
592 843
590 844
636 855
635 858
633 859
632 860
634 861
630 862
631 863
608 865
607 867
606 868
611 873
609 874
600 875
602 876
605 877
616 878
615 881
595 882
614 883
612 884
589 886
588 887
647 888
656 889
662 890
668 891
652 892
654 895
648 897
624 900
622 901
627 908
441 909
625 915
618 916
623 917
617 918
620 919
619 920
445 923
440 924
442 925
626 926
621 928
443 929
628 930
639 932
637 933
645 936
643 937
660 939
658 940
664 944
650 945
670 946
666 947
669 949
642 951
640 952
674 954
673 956
671 957
0 1
1 2
2 3
3 4
4 5
5 6
6 7
7 8
8 9
9 10
10 11
11 12
12 13
13 14
14 15
15 16
16 17
17 18
18 19
19 20
20 21
21 22
22 23
23 24
24 25
25 26
26 27
27 28
28 29
29 30
30 31
31 32
32 33
33 34
34 35
35 36
36 37
37 38
38 39
39 40
40 41
41 42
42 43
43 44
44 45
45 46
45 47
44 48
43 49
49 50
49 51
51 52
52 53
52 54
51 55
42 56
56 57
56 58
41 59
59 60
60 61
61 62
62 63
62 64
61 65
65 66
65 67
60 68
68 69
69 70
70 71
70 72
69 73
68 74
74 75
75 76
76 77
77 78
78 79
78 80
77 81
76 82
82 83
82 84
75 85
85 86
85 87
87 88
87 89
74 90
90 91
91 92
92 93
92 94
94 95
95 96
96 97
97 98
97 99
96 100
95 101
94 102
91 103
90 104
104 105
104 106
59 107
107 108
108 109
109 110
110 111
110 112
109 113
113 114
114 115
114 116
116 117
116 118
113 119
119 120
120 121
120 122
119 123
123 124
124 125
124 126
123 127
127 128
127 129
129 130
129 131
108 132
132 133
132 134
107 135
135 136
136 137
137 138
137 139
136 140
140 141
141 142
142 143
143 144
143 145
142 146
146 147
146 148
148 149
148 150
141 151
140 152
135 153
40 154
154 155
154 156
156 157
156 158
158 159
159 160
159 161
161 162
161 163
158 164
39 165
165 166
166 167
167 168
167 169
166 170
165 171
171 172
172 173
173 174
173 175
175 176
176 177
176 178
178 179
178 180
175 181
181 182
182 183
183 184
183 185
182 186
181 187
172 188
171 189
189 190
190 191
190 192
189 193
193 194
194 195
194 196
193 197
197 198
197 199
38 200
200 201
201 202
201 203
200 204
37 205
205 206
206 207
206 208
208 209
208 210
205 211
211 212
211 213
36 214
35 215
34 216
216 217
217 218
218 219
219 220
220 221
221 222
221 223
220 224
224 225
224 226
226 227
226 228
219 229
218 230
217 231
231 232
231 233
216 234
33 235
235 236
236 237
237 238
238 239
238 240
237 241
241 242
242 243
242 244
241 245
245 246
245 247
236 248
248 249
248 250
250 251
251 252
251 253
253 254
254 255
254 256
253 257
250 258
235 259
259 260
260 261
260 262
262 263
262 264
264 265
264 266
266 267
266 268
259 269
269 270
269 271
271 272
272 273
273 274
273 275
272 276
276 277
277 278
278 279
279 280
280 281
281 282
282 283
283 284
284 285
284 286
283 287
282 288
281 289
289 290
290 291
290 292
289 293
280 294
294 295
294 296
279 297
297 298
298 299
299 300
300 301
301 302
302 303
302 304
301 305
305 306
306 307
306 308
308 309
308 310
310 311
310 312
305 313
313 314
314 315
315 316
316 317
317 318
318 319
319 320
320 321
321 322
322 323
323 324
324 325
325 326
326 327
326 328
328 329
328 330
325 331
331 332
331 333
324 334
323 335
322 336
336 337
337 338
338 339
338 340
340 341
340 342
337 343
343 344
343 345
345 346
346 347
347 348
348 349
349 350
350 351
351 352
352 353
353 354
354 355
355 356
356 357
356 358
355 359
359 360
359 361
361 362
362 363
362 364
361 365
354 366
366 367
366 368
353 369
352 370
370 371
371 372
371 373
370 374
374 375
374 376
376 377
376 378
351 379
379 380
380 381
380 382
379 383
383 384
384 385
384 386
386 387
386 388
388 389
388 390
383 391
391 392
392 393
393 394
393 395
392 396
396 397
396 398
391 399
350 400
400 401
401 402
402 403
402 404
404 405
404 406
401 407
400 408
349 409
409 410
410 411
410 412
412 413
413 414
414 415
414 416
416 417
416 418
418 419
419 420
419 421
418 422
422 423
422 424
413 425
425 426
426 427
427 428
427 429
426 430
430 431
430 432
425 433
412 434
434 435
434 436
436 437
436 438
438 439
439 440
440 441
440 442
439 443
438 444
409 445
445 446
445 447
348 448
448 449
449 450
450 451
450 452
452 453
452 454
454 455
454 456
449 457
457 458
458 459
458 460
460 461
461 462
462 463
462 464
461 465
460 466
466 467
466 468
468 469
469 470
469 471
468 472
457 473
473 474
473 475
475 476
475 477
477 478
477 479
479 480
479 481
448 482
482 483
482 484
484 485
484 486
347 487
487 488
487 489
489 490
489 491
491 492
492 493
492 494
494 495
494 496
496 497
496 498
498 499
498 500
500 501
500 502
502 503
502 504
504 505
504 506
506 507
506 508
491 509
346 510
345 511
511 512
511 513
513 514
513 515
336 516
321 517
517 518
517 519
320 520
319 521
521 522
521 523
523 524
524 525
524 526
523 527
527 528
527 529
318 530
317 531
531 532
531 533
533 534
534 535
534 536
536 537
537 538
537 539
539 540
540 541
541 542
541 543
543 544
543 545
545 546
545 547
547 548
547 549
540 550
550 551
550 552
539 553
553 554
554 555
554 556
553 557
557 558
557 559
536 560
533 561
561 562
562 563
562 564
561 565
316 566
566 567
566 568
315 569
569 570
569 571
314 572
313 573
300 574
299 575
575 576
575 577
298 578
297 579
278 580
580 581
581 582
582 583
582 584
584 585
585 586
586 587
587 588
587 589
586 590
585 591
584 592
581 593
580 594
594 595
594 596
596 597
596 598
277 599
599 600
600 601
601 602
601 603
600 604
599 605
605 606
605 607
607 608
607 609
276 610
271 611
32 612
31 613
613 614
613 615
615 616
615 617
617 618
618 619
619 620
620 621
621 622
621 623
623 624
623 625
620 626
626 627
626 628
619 629
629 630
629 631
618 632
617 633
633 634
633 635
635 636
635 637
30 638
638 639
639 640
640 641
641 642
641 643
643 644
644 645
644 646
643 647
640 648
648 649
648 650
639 651
638 652
652 653
652 654
29 655
28 656
27 657
26 658
25 659
24 660
23 661
661 662
661 663
22 664
664 665
665 666
666 667
666 668
665 669
669 670
670 671
670 672
669 673
673 674
673 675
664 676
21 677
677 678
678 679
679 680
679 681
681 682
681 683
683 684
683 685
678 686
677 687
687 688
688 689
688 690
687 691
691 692
691 693
20 694
694 695
695 696
696 697
696 698
695 699
699 700
699 701
694 702
702 703
703 704
704 705
704 706
706 707
706 708
703 709
702 710
19 711
18 712
712 713
712 714
714 715
715 716
715 717
714 718
718 719
719 720
719 721
718 722
17 723
16 724
724 725
725 726
725 727
724 728
728 729
729 730
729 731
728 732
15 733
733 734
734 735
735 736
736 737
737 738
737 739
739 740
740 741
741 742
742 743
742 744
741 745
745 746
745 747
740 748
748 749
748 750
739 751
751 752
751 753
736 754
754 755
754 756
735 757
734 758
758 759
759 760
760 761
761 762
761 763
760 764
764 765
764 766
759 767
767 768
768 769
769 770
770 771
770 772
772 773
772 774
774 775
775 776
776 777
776 778
775 779
774 780
769 781
781 782
782 783
782 784
781 785
785 786
785 787
768 788
788 789
788 790
790 791
790 792
767 793
758 794
733 795
795 796
795 797
797 798
797 799
799 800
799 801
801 802
801 803
14 804
13 805
805 806
806 807
806 808
808 809
809 810
810 811
810 812
809 813
813 814
814 815
814 816
816 817
816 818
818 819
819 820
819 821
818 822
822 823
822 824
813 825
825 826
825 827
808 828
805 829
829 830
829 831
831 832
831 833
833 834
833 835
12 836
836 837
837 838
838 839
838 840
837 841
841 842
841 843
836 844
11 845
845 846
846 847
847 848
848 849
849 850
850 851
851 852
852 853
853 854
854 855
854 856
856 857
857 858
857 859
856 860
853 861
852 862
851 863
850 864
864 865
864 866
866 867
866 868
849 869
869 870
870 871
871 872
872 873
872 874
871 875
870 876
869 877
848 878
847 879
879 880
880 881
880 882
879 883
846 884
845 885
885 886
885 887
10 888
9 889
8 890
7 891
6 892
5 893
893 894
894 895
894 896
896 897
896 898
898 899
899 900
899 901
898 902
902 903
903 904
904 905
905 906
906 907
907 908
907 909
906 910
910 911
911 912
912 913
913 914
914 915
914 916
913 917
912 918
911 919
910 920
905 921
921 922
922 923
922 924
921 925
904 926
903 927
927 928
927 929
902 930
893 931
931 932
931 933
4 934
934 935
935 936
935 937
934 938
938 939
938 940
3 941
941 942
942 943
943 944
943 945
942 946
941 947
2 948
948 949
948 950
950 951
950 952
1 953
953 954
953 955
955 956
955 957
