479
677
677
344 631
0 597
346 668
347 628
341 513
342 673
349 296
594 564
298 160
296 146
297 459
295 57
292 556
293 178
290 353
291 432
590 393
593 403
592 456
595 246
198 465
597 607
195 554
598 592
197 24
190 407
193 314
192 187
270 59
272 215
274 477
275 637
277 529
279 470
525 200
526 60
527 506
521 633
523 94
529 356
448 2
443 674
442 480
441 66
440 414
447 49
445 490
108 43
102 329
103 22
100 458
106 114
105 626
39 488
32 508
31 427
30 437
37 169
36 192
34 86
640 133
643 277
642 126
645 341
647 176
439 535
436 298
437 45
434 425
432 290
433 669
430 1
339 573
338 202
334 361
337 185
336 394
330 411
333 379
332 18
98 223
91 442
93 537
94 173
97 91
96 385
559 255
558 254
555 288
554 541
556 128
551 510
550 660
553 375
552 590
239 634
234 201
235 203
237 308
230 214
231 525
232 640
233 240
1 587
146 530
144 120
619 213
142 558
141 467
612 14
611 492
616 647
617 230
614 293
149 220
623 46
622 123
133 55
131 83
130 666
137 473
135 62
495 166
139 652
138 629
490 330
491 491
492 161
493 180
24 131
26 292
27 615
21 98
22 429
23 478
29 252
407 275
406 269
404 93
403 526
401 266
400 154
629 417
409 112
408 247
628 270
379 623
378 436
371 464
373 398
375 656
376 462
618 137
393 334
392 204
88 135
390 103
396 624
394 346
83 373
399 305
81 11
86 639
87 594
84 48
7 13
607 338
587 231
584 259
582 616
583 571
580 172
581 543
588 424
589 32
244 206
247 642
246 498
241 217
240 151
242 279
615 177
249 493
519 538
511 7
510 532
513 262
514 670
517 412
516 376
458 81
459 410
621 323
620 386
627 116
626 428
625 406
624 433
450 23
452 582
453 19
455 241
456 302
178 102
177 617
176 221
174 265
173 316
172 575
170 350
656 209
654 235
182 58
183 593
180 448
2 34
186 8
187 635
184 142
185 61
652 517
188 183
189 282
658 664
650 645
11 447
10 555
13 364
15 198
14 551
17 598
19 138
18 387
322 609
323 326
320 589
321 190
326 75
327 141
324 384
328 614
329 108
201 390
200 485
203 523
202 164
204 413
207 320
206 630
209 36
76 612
75 268
73 577
72 487
70 504
78 40
669 29
668 284
666 117
664 632
662 78
660 469
543 605
541 242
547 580
545 237
8 51
549 584
120 620
121 606
123 450
125 388
126 139
128 511
414 10
415 339
417 401
410 193
411 272
412 358
413 121
498 434
419 309
319 130
318 280
313 572
311 396
310 106
317 170
316 344
314 521
497 482
369 327
366 579
367 322
364 17
362 440
363 648
360 547
361 472
381 304
382 44
384 64
385 313
386 549
387 486
388 408
605 461
579 619
578 595
573 650
572 100
571 654
577 560
576 342
575 197
60 583
61 559
62 627
259 497
64 514
65 333
66 212
67 52
252 363
250 297
257 207
254 336
255 516
508 300
506 643
504 153
502 301
500 285
630 96
631 37
632 233
633 228
469 53
635 210
636 149
637 404
465 399
464 415
467 337
466 426
461 321
462 576
168 239
169 378
164 260
166 443
160 105
161 73
163 671
600 578
648 430
357 349
356 581
355 360
354 602
353 26
352 611
350 250
359 226
358 439
217 15
214 474
215 70
212 218
213 188
210 452
218 244
219 97
288 118
4 662
280 527
282 625
285 219
284 195
287 423
286 311
674 263
670 441
671 182
673 5
263 483
262 369
260 445
266 65
265 174
269 163
268 367
59 234
58 332
55 500
57 287
51 658
53 552
52 519
537 295
535 502
534 565
532 158
530 30
539 144
538 80
114 319
117 621
116 495
110 562
112 84
118 371
429 310
428 392
421 72
423 306
422 422
425 636
424 400
427 291
426 184
308 47
309 27
300 317
301 588
302 307
304 0
305 603
306 453
307 76
569 550
560 354
562 67
564 489
565 466
567 328
228 186
226 455
223 4
221 545
220 286
151 618
153 421
606 352
154 622
603 21
602 567
158 362
609 110
608 366
634 359
80 600
398 357
48 87
49 168
46 382
47 419
44 88
45 347
43 274
40 553
5 125
639 249
489 257
488 324
487 39
486 189
485 318
483 232
482 475
480 608
472 31
473 534
470 381
477 539
474 569
475 409
478 355
345 344
1 0
345 346
348 347
343 340
340 341
343 342
370 343
383 348
348 349
596 595
607 606
591 594
617 619
299 298
315 299
294 296
294 297
303 294
294 295
291 292
294 293
289 290
331 291
630 591
591 590
591 593
591 592
216 199
199 198
596 597
613 596
194 195
196 194
196 197
225 196
216 191
191 190
194 193
191 192
271 270
319 271
271 272
286 273
273 274
276 275
303 276
278 277
331 278
278 279
540 524
524 525
524 526
528 527
522 520
522 521
536 522
524 523
607 599
536 528
528 529
481 449
449 448
444 443
441 442
617 441
441 440
446 447
449 446
444 445
617 444
107 108
124 109
101 102
101 103
99 100
119 101
107 106
113 107
109 104
104 105
38 39
41 38
54 33
33 32
69 31
31 30
38 37
35 36
56 35
35 34
667 641
641 640
644 643
641 642
644 645
667 644
446 438
438 439
435 436
435 437
435 434
438 435
431 432
431 433
431 430
438 431
340 339
405 338
354 335
331 334
338 337
335 336
354 331
328 330
331 333
331 332
354 345
16 6
109 99
99 98
90 91
104 90
92 93
111 92
147 95
95 94
95 97
95 96
557 559
557 558
556 555
553 554
630 557
557 556
548 551
548 550
563 553
548 552
248 238
238 239
232 234
232 235
299 236
238 237
229 230
232 231
253 232
232 233
28 1
613 614
145 146
148 147
145 144
152 145
143 142
147 143
143 140
140 141
613 612
630 613
630 610
610 611
613 616
649 617
156 148
148 149
617 623
617 622
132 133
134 132
132 131
129 130
136 137
155 136
136 135
140 134
505 494
496 495
136 139
136 138
484 490
484 491
484 492
494 493
25 24
69 25
25 26
25 27
33 20
20 21
20 22
20 23
44 28
28 29
408 407
405 406
418 405
405 404
402 403
423 402
402 401
397 400
630 629
408 409
423 408
617 628
380 379
377 378
372 371
397 370
372 373
423 372
374 375
389 374
408 377
377 376
617 618
391 393
391 392
87 88
113 89
423 397
395 396
405 395
395 394
129 82
82 83
79 80
82 81
85 86
92 87
85 84
101 85
6 7
630 601
630 607
607 586
586 587
585 584
586 585
586 582
582 583
582 580
580 581
589 588
596 589
281 245
243 244
248 247
245 246
245 241
238 240
258 243
241 242
613 615
248 249
258 248
520 519
531 518
512 511
509 510
512 513
518 512
520 515
512 514
518 517
515 516
457 458
457 459
617 621
617 620
617 627
617 626
617 625
617 624
451 450
484 451
451 452
454 453
465 454
454 455
457 456
460 457
181 179
179 178
175 177
175 176
179 175
175 174
171 173
171 172
181 171
171 170
655 656
667 657
653 654
283 253
181 182
181 183
181 180
202 181
181 186
181 187
181 184
181 185
651 652
222 188
188 189
659 658
657 653
651 650
661 651
12 11
9 10
12 13
46 12
12 15
12 14
16 17
42 16
20 19
16 18
667 659
63 62
319 322
319 323
319 320
319 321
325 326
328 327
325 324
331 325
354 328
328 329
202 201
199 200
202 203
208 202
273 205
205 204
208 207
205 206
208 209
216 208
115 77
90 76
74 75
107 74
74 73
71 72
79 71
71 70
661 655
136 79
79 78
3 2
667 669
667 668
676 667
665 666
667 665
665 664
667 663
663 662
663 661
659 660
546 542
544 543
542 540
542 541
548 546
548 547
548 544
544 545
9 8
563 548
548 549
82 68
599 598
119 120
122 121
150 122
122 123
147 124
124 125
127 126
134 127
129 128
147 129
408 414
416 415
423 416
416 417
408 410
408 411
408 412
408 413
499 498
446 418
420 419
501 499
354 319
319 318
312 313
335 312
312 311
308 310
315 317
315 316
374 315
315 314
499 496
496 497
77 3
408 368
368 369
365 366
368 367
365 364
391 365
354 362
354 363
354 360
354 361
420 380
380 381
380 382
418 383
383 384
386 385
405 386
386 387
389 388
391 389
604 605
576 579
576 578
630 604
574 573
570 572
570 571
574 570
576 577
585 576
576 575
599 574
57 60
57 61
299 258
258 259
63 64
63 65
63 66
68 67
251 252
147 69
251 250
261 251
267 256
256 257
253 254
256 255
604 603
601 602
509 508
515 509
507 506
512 507
503 504
507 505
501 502
505 503
501 500
503 501
646 630
630 631
630 632
630 633
468 469
481 468
630 636
638 637
479 465
463 464
468 467
465 466
460 461
465 460
484 463
463 462
167 168
167 169
165 164
167 165
165 166
181 167
159 160
159 161
167 162
162 163
601 600
41 9
646 647
655 646
653 649
649 648
354 357
354 356
354 355
370 354
354 353
351 352
354 351
351 350
354 359
354 358
224 216
216 217
213 214
216 215
211 212
227 213
211 210
216 211
216 218
216 219
308 289
289 288
3 4
354 281
281 280
354 283
281 282
286 285
283 284
286 287
354 286
675 674
676 675
677 676
667 670
672 671
675 672
672 673
264 263
261 262
299 261
258 260
273 267
267 266
264 265
276 264
267 269
267 268
57 59
57 58
56 55
63 54
68 57
77 56
50 51
127 50
54 53
50 52
536 537
548 536
536 535
90 63
548 533
533 532
546 531
531 530
540 539
536 538
147 115
115 114
115 117
115 116
147 111
111 110
129 113
111 112
136 119
115 118
446 429
429 428
533 534
420 421
423 420
446 423
420 422
423 425
423 424
423 427
423 426
331 308
308 309
299 300
299 301
299 302
354 303
303 304
303 305
303 306
308 307
570 568
570 569
561 560
599 561
561 562
566 563
563 564
566 565
568 566
568 567
243 229
229 228
236 227
225 226
227 225
236 224
224 223
225 222
222 221
216 220
423 391
391 390
150 151
156 150
152 153
157 152
157 155
155 154
159 157
162 156
175 159
159 158
610 609
607 608
630 634
397 399
630 635
397 398
46 48
50 49
89 46
46 47
57 44
46 45
89 42
42 43
41 40
76 41
657 638
6 5
638 639
484 489
484 488
484 487
484 486
484 485
494 484
484 483
481 482
484 481
481 480
471 472
471 473
471 470
479 471
484 476
476 477
471 474
476 475
479 478
484 479
