479
677
677
344 347
0 53
346 575
347 443
341 44
342 247
349 103
594 73
298 326
296 545
297 502
295 621
292 394
293 668
290 625
291 334
590 100
593 66
592 642
595 390
198 527
597 472
195 664
598 266
197 290
190 589
193 485
192 583
270 360
272 408
274 422
275 200
277 590
279 392
525 240
526 169
527 31
521 624
523 185
529 629
448 626
443 306
442 329
441 437
440 163
447 190
445 487
108 98
102 371
103 608
100 10
106 525
105 465
39 62
32 21
31 639
30 627
37 83
36 652
34 149
640 388
643 180
642 582
645 254
647 57
439 448
436 305
437 70
434 47
432 367
433 34
430 24
339 510
338 486
334 433
337 349
336 398
330 219
333 46
332 424
98 636
91 39
93 616
94 265
97 144
96 280
559 409
558 491
555 514
554 40
556 177
551 401
550 182
553 498
552 138
239 547
234 154
235 363
237 93
230 456
231 151
232 669
233 671
1 412
146 381
144 623
619 257
142 317
141 4
612 76
611 645
616 656
617 239
614 673
149 218
623 166
622 562
133 275
131 427
130 223
137 96
135 231
495 314
139 617
138 637
490 564
491 108
492 327
493 272
24 353
26 286
27 511
21 662
22 411
23 146
29 309
407 332
406 628
404 480
403 328
401 516
400 620
629 161
409 300
408 393
628 552
379 399
378 29
371 270
373 51
375 316
376 336
618 447
393 361
392 210
88 64
390 233
396 302
394 453
83 434
399 292
81 543
86 197
87 421
84 135
7 262
607 274
587 19
584 555
582 22
583 65
580 174
581 318
588 593
589 588
244 600
247 307
246 614
241 255
240 386
242 75
615 455
249 313
519 410
511 346
510 611
513 430
514 354
517 184
516 488
458 414
459 573
621 263
620 635
627 592
626 49
625 250
624 532
450 631
452 470
453 541
455 425
456 406
178 565
177 330
176 440
174 139
173 23
172 48
170 320
656 91
654 537
182 559
183 141
180 477
2 459
186 534
187 519
184 288
185 341
652 357
188 630
189 120
658 86
650 658
11 500
10 333
13 198
15 423
14 373
17 473
19 352
18 513
322 339
323 112
320 607
321 285
326 358
327 338
324 467
328 385
329 164
201 375
200 508
203 419
202 633
204 298
207 2
206 576
209 539
76 439
75 213
73 94
72 15
70 602
78 125
669 32
668 195
666 13
664 442
662 260
660 130
543 648
541 597
547 246
545 482
8 378
549 674
120 538
121 396
123 647
125 311
126 52
128 594
414 176
415 362
417 504
410 160
411 606
412 506
413 490
498 567
419 580
319 17
318 172
313 58
311 277
310 45
317 291
316 464
314 11
497 495
369 322
366 458
367 551
364 571
362 234
363 242
360 295
361 308
381 173
382 128
384 304
385 319
386 650
387 382
388 60
605 137
579 67
578 87
573 475
572 131
571 220
577 384
576 178
575 324
60 581
61 415
62 426
259 337
64 413
65 228
66 452
67 116
252 193
250 654
257 615
254 106
255 595
508 80
506 37
504 287
502 466
500 450
630 59
631 441
632 521
633 282
469 186
635 643
636 18
637 517
465 203
464 549
467 215
466 550
461 556
462 230
168 123
169 142
164 579
166 188
160 97
161 27
163 7
600 587
648 121
357 369
356 584
355 428
354 209
353 204
352 235
350 55
359 560
358 493
217 404
214 640
215 153
212 578
213 187
210 269
218 214
219 5
288 429
4 492
280 526
282 189
285 72
284 618
287 530
286 279
674 469
670 221
671 632
673 0
263 293
262 192
260 102
266 207
265 84
269 407
268 61
59 462
58 321
55 605
57 356
51 237
53 158
52 118
537 634
535 232
534 387
532 612
530 478
539 43
538 497
114 202
117 114
116 88
110 259
112 572
118 529
429 170
428 344
421 483
423 670
422 8
425 400
424 379
427 622
426 432
308 206
309 26
300 212
301 489
302 268
304 660
305 81
306 619
307 310
569 474
560 553
562 14
564 201
565 244
567 364
228 297
226 78
223 217
221 535
220 350
151 609
153 252
606 417
154 249
603 323
602 359
158 523
609 554
608 301
634 366
80 598
398 569
48 558
49 105
46 577
47 296
44 1
45 226
43 436
40 126
5 241
639 183
489 36
488 168
487 355
486 666
485 603
483 461
482 342
480 30
472 284
473 117
470 445
477 110
474 133
475 376
478 403
345 344
1 0
345 346
348 347
343 340
340 341
343 342
370 343
383 348
348 349
596 595
607 606
591 594
617 619
299 298
315 299
294 296
294 297
303 294
294 295
291 292
294 293
289 290
331 291
630 591
591 590
591 593
591 592
216 199
199 198
596 597
613 596
194 195
196 194
196 197
225 196
216 191
191 190
194 193
191 192
271 270
319 271
271 272
286 273
273 274
276 275
303 276
278 277
331 278
278 279
540 524
524 525
524 526
528 527
522 520
522 521
536 522
524 523
607 599
536 528
528 529
481 449
449 448
444 443
441 442
617 441
441 440
446 447
449 446
444 445
617 444
107 108
124 109
101 102
101 103
99 100
119 101
107 106
113 107
109 104
104 105
38 39
41 38
54 33
33 32
69 31
31 30
38 37
35 36
56 35
35 34
667 641
641 640
644 643
641 642
644 645
667 644
446 438
438 439
435 436
435 437
435 434
438 435
431 432
431 433
431 430
438 431
340 339
405 338
354 335
331 334
338 337
335 336
354 331
328 330
331 333
331 332
354 345
16 6
109 99
99 98
90 91
104 90
92 93
111 92
147 95
95 94
95 97
95 96
557 559
557 558
556 555
553 554
630 557
557 556
548 551
548 550
563 553
548 552
248 238
238 239
232 234
232 235
299 236
238 237
229 230
232 231
253 232
232 233
28 1
613 614
145 146
148 147
145 144
152 145
143 142
147 143
143 140
140 141
613 612
630 613
630 610
610 611
613 616
649 617
156 148
148 149
617 623
617 622
132 133
134 132
132 131
129 130
136 137
155 136
136 135
140 134
505 494
496 495
136 139
136 138
484 490
484 491
484 492
494 493
25 24
69 25
25 26
25 27
33 20
20 21
20 22
20 23
44 28
28 29
408 407
405 406
418 405
405 404
402 403
423 402
402 401
397 400
630 629
408 409
423 408
617 628
380 379
377 378
372 371
397 370
372 373
423 372
374 375
389 374
408 377
377 376
617 618
391 393
391 392
87 88
113 89
423 397
395 396
405 395
395 394
129 82
82 83
79 80
82 81
85 86
92 87
85 84
101 85
6 7
630 601
630 607
607 586
586 587
585 584
586 585
586 582
582 583
582 580
580 581
589 588
596 589
281 245
243 244
248 247
245 246
245 241
238 240
258 243
241 242
613 615
248 249
258 248
520 519
531 518
512 511
509 510
512 513
518 512
520 515
512 514
518 517
515 516
457 458
457 459
617 621
617 620
617 627
617 626
617 625
617 624
451 450
484 451
451 452
454 453
465 454
454 455
457 456
460 457
181 179
179 178
175 177
175 176
179 175
175 174
171 173
171 172
181 171
171 170
655 656
667 657
653 654
283 253
181 182
181 183
181 180
202 181
181 186
181 187
181 184
181 185
651 652
222 188
188 189
659 658
657 653
651 650
661 651
12 11
9 10
12 13
46 12
12 15
12 14
16 17
42 16
20 19
16 18
667 659
63 62
319 322
319 323
319 320
319 321
325 326
328 327
325 324
331 325
354 328
328 329
202 201
199 200
202 203
208 202
273 205
205 204
208 207
205 206
208 209
216 208
115 77
90 76
74 75
107 74
74 73
71 72
79 71
71 70
661 655
136 79
79 78
3 2
667 669
667 668
676 667
665 666
667 665
665 664
667 663
663 662
663 661
659 660
546 542
544 543
542 540
542 541
548 546
548 547
548 544
544 545
9 8
563 548
548 549
82 68
599 598
119 120
122 121
150 122
122 123
147 124
124 125
127 126
134 127
129 128
147 129
408 414
416 415
423 416
416 417
408 410
408 411
408 412
408 413
499 498
446 418
420 419
501 499
354 319
319 318
312 313
335 312
312 311
308 310
315 317
315 316
374 315
315 314
499 496
496 497
77 3
408 368
368 369
365 366
368 367
365 364
391 365
354 362
354 363
354 360
354 361
420 380
380 381
380 382
418 383
383 384
386 385
405 386
386 387
389 388
391 389
604 605
576 579
576 578
630 604
574 573
570 572
570 571
574 570
576 577
585 576
576 575
599 574
57 60
57 61
299 258
258 259
63 64
63 65
63 66
68 67
251 252
147 69
251 250
261 251
267 256
256 257
253 254
256 255
604 603
601 602
509 508
515 509
507 506
512 507
503 504
507 505
501 502
505 503
501 500
503 501
646 630
630 631
630 632
630 633
468 469
481 468
630 636
638 637
479 465
463 464
468 467
465 466
460 461
465 460
484 463
463 462
167 168
167 169
165 164
167 165
165 166
181 167
159 160
159 161
167 162
162 163
601 600
41 9
646 647
655 646
653 649
649 648
354 357
354 356
354 355
370 354
354 353
351 352
354 351
351 350
354 359
354 358
224 216
216 217
213 214
216 215
211 212
227 213
211 210
216 211
216 218
216 219
308 289
289 288
3 4
354 281
281 280
354 283
281 282
286 285
283 284
286 287
354 286
675 674
676 675
677 676
667 670
672 671
675 672
672 673
264 263
261 262
299 261
258 260
273 267
267 266
264 265
276 264
267 269
267 268
57 59
57 58
56 55
63 54
68 57
77 56
50 51
127 50
54 53
50 52
536 537
548 536
536 535
90 63
548 533
533 532
546 531
531 530
540 539
536 538
147 115
115 114
115 117
115 116
147 111
111 110
129 113
111 112
136 119
115 118
446 429
429 428
533 534
420 421
423 420
446 423
420 422
423 425
423 424
423 427
423 426
331 308
308 309
299 300
299 301
299 302
354 303
303 304
303 305
303 306
308 307
570 568
570 569
561 560
599 561
561 562
566 563
563 564
566 565
568 566
568 567
243 229
229 228
236 227
225 226
227 225
236 224
224 223
225 222
222 221
216 220
423 391
391 390
150 151
156 150
152 153
157 152
157 155
155 154
159 157
162 156
175 159
159 158
610 609
607 608
630 634
397 399
630 635
397 398
46 48
50 49
89 46
46 47
57 44
46 45
89 42
42 43
41 40
76 41
657 638
6 5
638 639
484 489
484 488
484 487
484 486
484 485
494 484
484 483
481 482
484 481
481 480
471 472
471 473
471 470
479 471
484 476
476 477
471 474
476 475
479 478
484 479
