477
623
623
344 344
0 0
346 346
341 341
342 342
343 343
348 348
349 349
606 606
594 594
619 619
298 298
299 299
296 296
297 297
294 294
295 295
292 292
293 293
291 291
591 591
590 590
593 593
592 592
199 199
198 198
597 597
596 596
195 195
194 194
197 197
196 196
191 191
193 193
270 270
272 272
273 273
274 274
275 275
277 277
279 279
524 524
526 526
520 520
522 522
523 523
528 528
529 529
449 449
443 443
442 442
441 441
440 440
446 446
444 444
108 108
102 102
103 103
100 100
101 101
107 107
105 105
39 39
33 33
30 30
37 37
36 36
35 35
438 438
439 439
436 436
437 437
434 434
435 435
432 432
430 430
431 431
339 339
338 338
335 335
336 336
331 331
333 333
332 332
345 345
6 6
98 98
93 93
92 92
95 95
96 96
559 559
555 555
554 554
557 557
551 551
550 550
553 553
239 239
235 235
236 236
230 230
231 231
232 232
233 233
146 146
147 147
144 144
145 145
142 142
143 143
140 140
141 141
613 613
610 610
611 611
616 616
617 617
614 614
149 149
133 133
132 132
131 131
130 130
137 137
136 136
135 135
134 134
494 494
139 139
497 497
490 490
492 492
493 493
24 24
25 25
26 26
27 27
20 20
22 22
23 23
29 29
407 407
405 405
404 404
403 403
401 401
408 408
379 379
378 378
370 370
373 373
372 372
375 375
374 374
377 377
376 376
618 618
393 393
392 392
88 88
89 89
396 396
395 395
394 394
82 82
83 83
80 80
81 81
86 86
87 87
84 84
7 7
601 601
607 607
586 586
587 587
584 584
585 585
582 582
583 583
580 580
581 581
588 588
589 589
245 245
241 241
243 243
242 242
249 249
248 248
519 519
518 518
511 511
513 513
512 512
515 515
514 514
517 517
516 516
459 459
621 621
620 620
450 450
452 452
453 453
454 454
456 456
457 457
178 178
177 177
595 595
175 175
174 174
173 173
172 172
171 171
170 170
182 182
599 599
180 180
2 2
187 187
184 184
185 185
188 188
189 189
10 10
13 13
12 12
14 14
17 17
16 16
19 19
62 62
322 322
323 323
320 320
321 321
327 327
324 324
325 325
328 328
329 329
200 200
203 203
202 202
205 205
204 204
207 207
206 206
209 209
208 208
77 77
76 76
75 75
73 73
71 71
79 79
542 542
543 543
540 540
546 546
8 8
548 548
598 598
120 120
121 121
122 122
124 124
125 125
126 126
127 127
128 128
414 414
415 415
417 417
410 410
411 411
412 412
413 413
498 498
418 418
419 419
499 499
319 319
318 318
313 313
312 312
311 311
310 310
317 317
496 496
3 3
368 368
369 369
366 366
367 367
364 364
365 365
363 363
360 360
361 361
380 380
381 381
383 383
384 384
386 386
387 387
389 389
605 605
578 578
604 604
573 573
572 572
571 571
576 576
575 575
60 60
61 61
258 258
259 259
64 64
65 65
66 66
67 67
252 252
69 69
251 251
256 256
257 257
254 254
255 255
602 602
508 508
509 509
507 507
504 504
505 505
502 502
500 500
501 501
469 469
464 464
467 467
466 466
461 461
463 463
462 462
168 168
169 169
165 165
166 166
160 160
162 162
163 163
9 9
357 357
356 356
354 354
352 352
351 351
350 350
359 359
358 358
216 216
214 214
213 213
210 210
211 211
219 219
289 289
288 288
281 281
283 283
285 285
284 284
286 286
263 263
262 262
260 260
267 267
266 266
265 265
269 269
58 58
54 54
57 57
56 56
51 51
50 50
53 53
52 52
537 537
536 536
63 63
532 532
531 531
539 539
538 538
115 115
68 68
116 116
111 111
110 110
113 113
112 112
118 118
429 429
428 428
534 534
421 421
423 423
425 425
426 426
308 308
300 300
302 302
303 303
305 305
306 306
568 568
569 569
560 560
561 561
562 562
564 564
565 565
567 567
228 228
227 227
225 225
223 223
222 222
220 220
390 390
151 151
150 150
153 153
152 152
155 155
154 154
156 156
159 159
158 158
609 609
399 399
398 398
48 48
49 49
46 46
47 47
44 44
45 45
42 42
43 43
40 40
41 41
5 5
489 489
487 487
486 486
485 485
484 484
483 483
482 482
481 481
480 480
472 472
473 473
470 470
476 476
477 477
474 474
475 475
478 478
479 479
343 344
1 0
347 346
362 347
437 340
340 341
343 342
371 343
347 348
347 349
592 595
603 606
592 594
615 619
291 298
291 299
291 296
291 297
291 294
291 295
291 292
291 293
343 290
309 291
592 591
584 590
592 593
612 592
200 199
197 198
592 597
592 596
207 195
192 194
215 197
195 196
190 191
226 190
192 193
217 192
271 270
290 271
271 272
271 273
282 274
274 275
334 276
276 277
291 278
280 279
525 524
535 525
527 526
535 527
521 520
535 521
521 522
521 523
600 599
527 528
530 529
448 449
465 448
437 443
437 442
437 441
437 440
460 447
447 446
448 445
437 444
109 108
114 109
99 102
104 103
99 100
99 101
109 106
106 107
106 104
104 105
38 39
55 38
32 33
55 32
32 31
31 30
38 37
34 36
34 35
72 34
437 438
437 439
437 436
460 437
433 434
433 435
433 432
445 433
427 430
427 431
340 339
337 338
334 335
388 334
393 337
334 336
330 331
393 330
334 333
355 332
343 345
7 6
104 99
99 98
99 91
97 90
94 93
91 92
94 95
99 94
109 97
97 96
558 559
566 558
556 555
552 554
558 557
563 556
552 551
549 550
552 553
556 552
271 238
240 239
238 234
234 235
237 236
255 237
238 230
230 231
230 232
234 233
32 1
615 614
142 146
148 147
142 144
142 145
148 142
142 143
138 140
138 141
615 612
612 613
608 610
612 611
615 616
615 617
169 148
148 149
623 622
134 133
131 132
142 131
129 130
138 137
134 136
134 135
142 134
510 494
510 495
138 139
142 138
491 490
495 491
491 492
491 493
28 24
24 25
24 26
28 27
21 20
49 21
21 22
21 23
31 28
28 29
406 407
437 406
406 405
402 404
402 403
437 402
402 401
416 400
448 409
406 408
371 379
371 378
437 371
371 370
371 373
371 372
371 375
371 374
371 377
371 376
615 618
422 393
391 392
85 88
90 89
437 397
397 396
393 395
393 394
90 82
82 83
78 80
82 81
85 86
85 87
82 84
99 85
59 7
600 601
608 607
584 586
584 587
592 584
584 585
584 582
584 583
579 580
582 581
584 588
584 589
244 245
291 244
278 247
276 246
240 241
255 240
244 243
240 242
622 615
250 249
247 248
518 519
525 518
510 511
525 510
510 513
510 512
510 515
510 514
510 517
510 516
510 458
458 459
622 621
615 620
451 450
468 451
451 452
451 453
455 454
480 455
455 456
458 457
181 179
179 178
176 177
181 176
176 175
169 174
169 173
169 172
169 171
169 170
315 253
183 182
192 183
179 180
192 181
217 186
186 187
183 184
186 185
201 188
190 189
38 11
11 10
11 13
11 12
34 15
15 14
18 17
15 16
18 19
38 18
59 62
316 322
371 323
316 320
316 321
332 326
326 327
323 324
326 325
326 328
330 329
247 201
218 200
201 203
201 202
201 205
201 204
221 207
201 206
207 209
207 208
78 77
74 76
74 75
85 74
74 73
85 72
70 71
82 70
78 79
91 78
1 2
541 542
544 543
541 540
544 541
547 546
552 547
545 544
547 545
9 8
549 548
552 549
59 68
592 598
119 120
119 121
123 122
134 123
123 124
123 125
123 126
123 127
123 128
134 129
412 414
412 415
448 416
416 417
409 410
412 411
437 412
412 413
499 498
422 418
420 419
501 499
316 319
316 318
314 313
311 312
353 311
309 310
316 317
371 316
337 315
315 314
495 496
495 497
4 3
366 368
366 369
416 366
366 367
362 364
366 365
412 362
362 363
359 360
359 361
371 380
382 381
409 382
382 383
385 384
437 385
385 386
388 387
418 388
388 389
603 605
592 579
577 578
603 604
574 573
570 572
570 571
584 570
592 577
577 576
574 575
577 574
59 60
59 61
255 258
255 259
59 64
59 65
59 66
59 67
253 252
70 69
326 250
250 251
255 256
255 257
253 254
278 255
615 603
603 602
506 508
506 509
558 506
506 507
503 504
506 505
503 502
506 503
501 500
506 501
468 469
471 468
494 465
465 464
468 467
465 466
460 461
495 460
460 463
460 462
167 168
188 169
201 164
164 165
167 166
274 167
161 160
167 161
161 162
164 163
615 600
31 9
355 357
355 356
400 355
355 354
406 353
353 352
347 351
347 350
412 359
359 358
215 216
224 217
215 214
237 215
226 212
212 213
207 210
212 211
246 218
218 219
290 289
287 288
49 4
280 281
316 280
282 283
316 282
284 285
316 284
447 287
287 286
264 263
261 262
264 261
261 260
268 267
265 266
291 265
315 264
268 269
314 268
72 59
59 58
59 55
55 54
55 57
55 56
49 51
49 50
49 53
49 52
535 537
535 536
539 535
59 63
545 533
533 532
530 531
533 530
541 539
535 538
114 115
129 114
119 117
117 116
109 111
109 110
109 113
109 112
134 119
117 118
427 429
427 428
535 534
420 421
433 420
424 423
445 422
424 425
460 424
437 427
427 426
307 308
366 309
301 300
371 301
301 302
304 303
316 304
304 305
307 306
326 307
566 568
566 569
558 560
558 561
558 562
570 563
563 564
566 565
579 566
566 567
246 229
229 228
226 227
234 226
224 225
265 224
221 223
221 222
229 221
221 220
460 391
391 390
148 151
148 150
148 153
148 152
154 155
169 154
192 157
157 156
157 159
157 158
608 609
615 608
400 399
397 398
49 48
55 49
38 46
38 47
38 44
38 45
38 42
38 43
38 40
38 41
4 5
488 489
510 488
488 487
480 486
480 485
480 484
480 483
480 482
480 481
510 480
471 472
471 473
468 470
480 471
477 476
480 477
475 474
480 475
477 478
480 479
