98
195
0
135 6
133 7
74 10
76 11
136 12
137 13
149 16
148 17
130 19
128 20
153 22
143 26
140 29
144 30
142 31
66 36
67 39
69 40
64 41
62 44
63 45
36 48
34 49
16 53
60 55
65 56
14 57
25 60
27 61
28 64
42 65
30 66
8 69
10 70
5 72
7 73
54 76
2 80
4 81
47 82
44 84
46 85
50 90
48 91
57 92
37 95
39 96
59 98
31 101
33 102
19 105
20 106
17 108
0 110
1 111
13 114
11 115
52 117
23 120
21 121
41 122
152 124
151 126
131 129
79 138
77 139
113 140
122 141
123 142
124 145
91 147
89 148
120 149
126 151
99 153
97 154
114 158
95 160
82 162
80 163
127 166
119 167
116 168
112 169
86 175
88 176
101 178
102 179
92 181
94 182
105 186
85 187
83 188
104 189
107 191
109 192
138 194
146 195
0 1
1 2
2 3
3 4
4 5
5 6
5 7
4 8
8 9
9 10
9 11
8 12
3 13
2 14
14 15
15 16
15 17
14 18
18 19
18 20
1 21
21 22
21 23
23 24
24 25
25 26
25 27
27 28
28 29
28 30
27 31
24 32
32 33
33 34
34 35
35 36
35 37
37 38
38 39
38 40
37 41
34 42
42 43
43 44
43 45
42 46
46 47
47 48
47 49
46 50
50 51
51 52
52 53
52 54
54 55
54 56
51 57
50 58
58 59
59 60
59 61
58 62
62 63
63 64
63 65
62 66
33 67
67 68
68 69
68 70
67 71
71 72
71 73
32 74
74 75
75 76
75 77
77 78
78 79
79 80
79 81
78 82
77 83
83 84
83 85
74 86
86 87
87 88
88 89
89 90
89 91
88 92
87 93
93 94
94 95
94 96
93 97
97 98
97 99
99 100
100 101
100 102
99 103
103 104
104 105
104 106
103 107
107 108
107 109
109 110
109 111
86 112
112 113
113 114
113 115
112 116
116 117
116 118
118 119
119 120
119 121
118 122
23 123
123 124
123 125
125 126
125 127
127 128
128 129
128 130
130 131
131 132
132 133
133 134
134 135
135 136
136 137
137 138
137 139
136 140
135 141
134 142
133 143
143 144
144 145
144 146
146 147
146 148
143 149
132 150
150 151
150 152
152 153
152 154
131 155
155 156
156 157
157 158
157 159
159 160
159 161
161 162
161 163
156 164
164 165
165 166
165 167
164 168
155 169
130 170
170 171
171 172
172 173
173 174
174 175
174 176
173 177
177 178
177 179
172 180
180 181
180 182
171 183
183 184
184 185
185 186
185 187
184 188
183 189
170 190
190 191
190 192
127 193
193 194
193 195
