98
184
0
142 3
66 9
30 14
42 16
28 17
27 19
25 20
63 22
62 23
36 25
34 26
64 28
69 30
67 31
65 33
60 34
16 36
14 37
13 39
11 40
48 43
57 45
59 47
20 49
19 51
17 53
1 55
0 56
33 58
31 59
52 61
41 63
23 65
21 66
44 69
47 71
4 72
2 73
54 75
46 76
7 80
5 81
10 83
8 84
50 86
39 88
37 89
143 91
144 93
140 94
153 96
151 99
152 101
146 103
138 105
131 107
126 109
120 114
124 117
104 119
105 121
85 122
83 123
102 126
101 127
94 129
92 130
88 132
86 133
109 135
107 136
91 138
89 139
123 141
122 142
112 146
99 148
97 149
113 151
79 153
77 154
95 156
82 158
80 159
127 161
119 163
114 165
116 166
149 168
148 170
137 172
136 175
76 177
74 178
135 180
133 181
130 183
128 184
0 1
1 2
2 3
2 4
4 5
5 6
6 7
7 8
8 9
8 10
10 11
11 12
12 13
13 14
13 15
15 16
15 17
12 18
18 19
18 20
11 21
21 22
21 23
21 24
24 25
24 26
11 27
27 28
27 29
29 30
29 31
11 32
32 33
32 34
10 35
35 36
35 37
7 38
38 39
38 40
6 41
41 42
42 43
42 44
44 45
44 46
46 47
46 48
48 49
48 50
50 51
50 52
52 53
52 54
54 55
54 56
46 57
57 58
57 59
41 60
60 61
60 62
62 63
62 64
64 65
64 66
6 67
67 68
68 69
68 70
70 71
70 72
70 73
67 74
74 75
74 76
5 77
77 78
78 79
79 80
79 81
78 82
82 83
82 84
77 85
85 86
85 87
87 88
87 89
4 90
90 91
90 92
92 93
92 94
1 95
95 96
95 97
97 98
98 99
98 100
100 101
100 102
102 103
102 104
104 105
104 106
106 107
106 108
108 109
108 110
110 111
111 112
112 113
113 114
113 115
115 116
116 117
116 118
118 119
118 120
120 121
120 122
120 123
120 124
124 125
125 126
125 127
125 128
128 129
128 130
125 131
131 132
131 133
124 134
134 135
134 136
115 137
137 138
137 139
112 140
140 141
140 142
111 143
143 144
144 145
145 146
145 147
147 148
147 149
144 150
150 151
150 152
152 153
152 154
143 155
155 156
155 157
157 158
157 159
110 160
160 161
160 162
162 163
162 164
164 165
164 166
97 167
167 168
167 169
169 170
169 171
171 172
171 173
173 174
174 175
174 176
176 177
176 178
173 179
179 180
179 181
167 182
182 183
182 184
