98
157
157
133 113
131 44
130 130
137 13
136 85
135 76
138 47
25 34
27 95
20 64
21 25
23 114
28 151
0 102
4 4
8 140
119 7
120 131
122 136
123 77
124 14
126 153
127 116
128 30
59 82
54 65
57 20
50 124
52 122
114 27
88 101
116 83
113 123
112 41
82 128
83 54
80 133
86 46
85 112
7 127
109 42
102 88
101 137
107 152
104 50
105 109
39 142
33 92
31 60
30 97
37 143
36 10
34 120
60 79
62 149
63 11
64 39
65 8
66 99
67 57
69 138
2 17
99 23
91 31
92 63
95 16
94 37
97 94
11 105
10 67
13 74
14 66
17 146
16 48
19 80
89 86
151 126
153 144
152 59
48 21
46 107
47 1
44 5
42 69
41 19
1 119
5 2
146 62
144 91
142 89
143 52
140 33
148 28
149 135
77 36
76 0
74 104
79 148
134 133
139 132
132 131
129 130
134 137
134 136
134 135
147 134
145 139
139 138
68 24
26 25
55 26
26 27
18 20
22 21
40 22
22 23
29 28
43 29
18 0
3 4
9 8
118 119
121 120
125 121
121 122
121 123
121 124
132 125
125 126
125 127
129 128
147 129
125 118
58 59
72 58
61 55
53 54
58 57
72 56
56 51
49 50
70 53
51 52
118 115
115 114
87 88
90 89
117 111
117 110
111 113
111 112
81 82
84 83
81 80
96 81
87 86
100 87
103 84
84 85
45 3
6 7
110 108
108 109
100 102
106 103
106 100
100 101
110 106
108 107
103 104
103 105
38 39
56 38
32 33
58 32
32 31
29 30
38 37
35 36
61 35
35 34
61 60
71 61
61 62
61 63
61 64
61 65
61 66
68 67
73 68
70 69
3 2
24 6
98 99
111 98
90 91
117 90
100 93
93 92
96 95
93 94
98 97
118 96
12 11
9 10
12 13
71 12
61 15
15 14
18 17
15 16
18 19
58 18
125 117
115 116
150 151
155 150
154 153
150 152
156 155
155 154
157 156
49 48
56 49
45 46
45 47
45 44
53 45
43 42
55 43
51 40
40 41
0 1
6 5
24 9
145 146
154 147
141 144
150 145
141 142
141 143
141 140
156 141
147 148
147 149
78 77
75 76
134 75
75 74
141 73
73 72
73 71
71 70
78 79
111 78
