98
157
157
133 133
131 131
130 130
137 137
136 136
135 135
138 138
25 25
27 27
20 20
21 21
23 23
28 28
0 0
4 4
8 8
119 119
120 120
122 122
123 123
124 124
126 126
127 127
128 128
59 59
54 54
57 57
50 50
52 52
114 114
88 88
116 116
113 113
112 112
82 82
83 83
80 80
86 86
85 85
7 7
109 109
102 102
101 101
107 107
104 104
105 105
39 39
33 33
31 31
30 30
37 37
36 36
34 34
60 60
62 62
63 63
64 64
65 65
66 66
67 67
69 69
2 2
99 99
91 91
92 92
95 95
94 94
97 97
11 11
10 10
13 13
14 14
17 17
16 16
19 19
89 89
151 151
153 153
152 152
48 48
46 46
47 47
44 44
42 42
41 41
1 1
5 5
146 146
144 144
142 142
143 143
140 140
148 148
149 149
77 77
76 76
74 74
79 79
134 133
139 132
132 131
129 130
134 137
134 136
134 135
147 134
145 139
139 138
68 24
26 25
55 26
26 27
18 20
22 21
40 22
22 23
29 28
43 29
18 0
3 4
9 8
118 119
121 120
125 121
121 122
121 123
121 124
132 125
125 126
125 127
129 128
147 129
125 118
58 59
72 58
61 55
53 54
58 57
72 56
56 51
49 50
70 53
51 52
118 115
115 114
87 88
90 89
117 111
117 110
111 113
111 112
81 82
84 83
81 80
96 81
87 86
100 87
103 84
84 85
45 3
6 7
110 108
108 109
100 102
106 103
106 100
100 101
110 106
108 107
103 104
103 105
38 39
56 38
32 33
58 32
32 31
29 30
38 37
35 36
61 35
35 34
61 60
71 61
61 62
61 63
61 64
61 65
61 66
68 67
73 68
70 69
3 2
24 6
98 99
111 98
90 91
117 90
100 93
93 92
96 95
93 94
98 97
118 96
12 11
9 10
12 13
71 12
61 15
15 14
18 17
15 16
18 19
58 18
125 117
115 116
150 151
155 150
154 153
150 152
156 155
155 154
157 156
49 48
56 49
45 46
45 47
45 44
53 45
43 42
55 43
51 40
40 41
0 1
6 5
24 9
145 146
154 147
141 144
150 145
141 142
141 143
141 140
156 141
147 148
147 149
78 77
75 76
134 75
75 74
141 73
73 72
73 71
71 70
78 79
111 78
