49
83
1
56 10
33 11
52 12
39 21
63 26
2 35
0 42
3 43
5 44
6 45
8 46
9 47
11 48
12 49
14 50
15 51
16 52
18 53
19 54
21 55
23 56
24 57
28 58
30 59
32 60
35 61
36 62
38 63
41 64
42 65
43 66
44 67
45 68
46 69
47 70
50 71
51 72
53 73
54 74
57 75
58 76
60 77
61 78
64 79
66 80
67 81
69 82
72 83
74 84
1 2
2 3
3 4
4 5
5 6
6 7
6 8
6 9
9 10
5 11
4 12
12 13
12 14
4 15
15 16
16 17
16 18
16 19
19 20
19 21
16 22
15 23
2 24
24 25
25 26
26 27
25 28
24 29
2 30
30 31
31 32
31 33
33 34
33 35
30 36
36 37
30 38
38 39
38 40
30 41
33 42
29 43
34 44
30 45
41 46
39 47
38 48
36 49
37 50
36 51
30 52
30 53
30 54
30 55
32 56
40 57
3 58
5 59
8 60
5 61
16 62
20 63
18 64
16 65
16 66
16 67
17 68
16 69
22 70
23 71
14 72
12 73
9 74
7 75
27 76
27 77
27 78
23 79
23 80
23 81
23 82
13 83
28 84
