49
76
76
56 54
54 16
42 47
50 15
60 21
61 63
63 57
64 44
53 33
66 2
67 67
69 32
24 42
21 66
23 38
46 19
47 72
44 6
45 52
28 35
43 24
41 74
0 41
3 60
2 0
5 30
6 8
9 50
8 18
38 53
72 51
58 56
11 12
39 58
12 43
15 64
14 14
16 11
19 46
18 45
57 39
30 5
51 69
36 23
35 61
52 28
33 9
74 36
32 3
55 56
55 54
40 42
49 48
49 50
59 60
59 61
68 62
62 63
65 64
52 53
65 66
65 67
70 68
70 69
55 34
25 24
26 25
27 26
29 27
26 20
20 21
27 22
22 23
40 46
48 47
40 44
40 45
29 28
40 43
48 40
40 41
4 1
1 0
4 3
1 2
4 5
22 4
17 7
7 6
10 9
7 8
52 51
65 49
40 39
76 75
37 38
75 73
71 72
75 71
73 70
62 59
75 29
59 58
10 11
25 10
17 13
13 12
13 15
13 14
20 17
17 16
17 19
17 18
55 31
31 30
40 37
37 36
34 35
71 52
34 33
73 55
75 74
31 32
55 57
68 65
