49
76
76
56 39
54 51
42 72
50 45
60 42
61 46
63 2
64 16
53 60
66 69
67 5
69 47
24 54
21 12
23 28
46 24
47 30
44 66
45 15
28 58
43 61
41 9
0 50
3 53
2 64
5 38
6 32
9 21
8 6
38 56
72 52
58 67
11 19
39 8
12 43
15 44
14 74
16 57
19 23
18 36
57 33
30 11
51 0
36 18
35 41
52 63
33 14
74 35
32 3
55 56
55 54
40 42
49 48
49 50
59 60
59 61
68 62
62 63
65 64
52 53
65 66
65 67
70 68
70 69
55 34
25 24
26 25
27 26
29 27
26 20
20 21
27 22
22 23
40 46
48 47
40 44
40 45
29 28
40 43
48 40
40 41
4 1
1 0
4 3
1 2
4 5
22 4
17 7
7 6
10 9
7 8
52 51
65 49
40 39
76 75
37 38
75 73
71 72
75 71
73 70
62 59
75 29
59 58
10 11
25 10
17 13
13 12
13 15
13 14
20 17
17 16
17 19
17 18
55 31
31 30
40 37
37 36
34 35
71 52
34 33
73 55
75 74
31 32
55 57
68 65
