49
84
0
64 6
63 10
60 12
58 14
61 15
66 16
67 17
50 19
47 21
41 25
46 26
44 29
45 30
42 32
36 34
38 36
39 37
43 38
69 39
74 40
72 43
51 45
52 44
53 48
32 51
56 54
54 55
30 58
33 60
35 61
57 62
28 64
16 68
18 71
19 72
21 75
6 76
8 78
12 80
14 82
15 83
24 85
9 87
11 88
23 90
5 92
3 95
2 96
0 97
0 1
1 3
3 4
4 5
5 6
5 8
8 9
9 10
9 11
11 12
11 13
13 14
13 15
8 16
5 17
4 18
18 19
18 20
20 21
20 22
22 23
23 24
24 25
24 26
23 29
23 30
23 32
23 34
23 35
35 36
35 37
22 38
3 39
1 40
1 41
41 42
42 43
42 44
44 45
44 48
41 49
49 50
50 51
50 52
52 53
53 54
53 55
52 57
57 58
57 60
57 61
52 62
49 63
63 64
63 65
65 66
66 67
67 68
67 71
67 72
67 74
74 75
74 76
67 77
77 78
77 79
79 80
79 81
81 82
81 83
66 84
84 85
84 86
86 87
86 88
65 89
89 90
89 91
91 92
91 93
93 94
94 95
94 96
93 97
