48
71
71
43 43
61 61
62 62
64 64
68 68
69 69
52 52
24 24
26 26
27 27
21 21
48 48
23 23
46 46
47 47
44 44
28 28
29 29
40 40
41 41
0 0
3 3
2 2
5 5
7 7
9 9
8 8
38 38
70 70
59 59
58 58
11 11
10 10
13 13
12 12
15 15
14 14
16 16
19 19
54 54
31 31
30 30
37 37
36 36
53 53
34 34
33 33
50 50
57 56
65 42
67 22
42 43
65 60
60 61
63 62
65 63
63 64
51 53
71 66
71 67
67 68
67 69
51 52
25 24
49 25
25 26
28 27
32 20
22 21
47 48
22 23
45 46
49 47
45 44
56 45
51 28
28 29
39 40
42 41
8 1
1 0
4 3
1 2
4 5
6 4
6 7
17 6
8 9
18 8
66 51
55 49
56 39
71 65
35 38
71 70
60 59
55 32
57 58
8 11
8 10
8 13
8 12
8 15
8 14
20 17
17 16
18 19
20 18
28 31
28 30
35 37
35 36
39 35
35 34
32 33
66 55
51 54
65 57
51 50
