480
656
1
364 2
34 7
194 10
175 14
630 19
202 26
210 27
208 32
211 35
213 36
338 42
356 47
329 48
284 50
337 53
302 57
334 58
251 60
545 62
395 67
370 72
220 75
319 80
360 82
348 83
293 85
351 86
414 88
380 93
366 94
379 96
397 98
325 106
368 107
607 110
431 117
439 119
421 122
487 126
634 127
488 128
609 130
559 132
258 150
139 159
131 162
69 163
70 164
62 169
142 178
111 183
77 184
28 189
0 192
14 195
27 196
40 198
42 199
82 202
64 203
94 206
402 207
485 208
547 211
425 212
500 221
282 226
315 232
254 234
250 237
275 240
611 249
1 250
2 251
4 252
5 253
7 254
8 255
10 256
11 257
13 258
15 259
16 260
17 261
19 262
21 263
22 264
24 265
26 266
29 267
30 268
31 269
32 270
35 271
37 272
39 273
43 274
44 275
46 276
47 277
49 278
50 279
52 280
53 281
55 282
56 283
57 284
59 285
61 286
63 287
65 288
66 289
68 290
71 291
73 292
74 293
75 294
76 295
79 296
81 297
83 298
84 299
85 300
86 301
87 302
89 303
90 304
91 305
93 306
96 307
97 308
98 309
99 310
100 311
101 312
103 313
104 314
106 315
108 316
109 317
110 318
112 319
114 320
116 321
117 322
118 323
120 324
121 325
123 326
124 327
126 328
127 329
129 330
133 331
134 332
136 333
137 334
138 335
140 336
141 337
143 338
144 339
145 340
146 341
148 342
149 343
150 344
152 345
153 346
154 347
156 348
158 349
159 350
160 351
161 352
163 353
164 354
166 355
168 356
169 357
172 358
173 359
176 360
178 361
180 362
181 363
182 364
183 365
185 366
186 367
187 368
188 369
190 370
191 371
192 372
195 373
197 374
198 375
200 376
204 377
205 378
207 379
212 380
214 381
215 382
216 383
218 384
219 385
221 386
222 387
224 388
226 389
227 390
229 391
230 392
232 393
233 394
235 395
237 396
238 397
240 398
241 399
244 400
246 401
248 402
252 403
255 404
256 405
259 406
261 407
262 408
264 409
265 410
267 411
268 412
269 413
271 414
272 415
274 416
276 417
278 418
280 419
281 420
283 421
285 422
286 423
288 424
289 425
291 426
292 427
294 428
295 429
296 430
298 431
299 432
301 433
304 434
305 435
307 436
309 437
310 438
312 439
313 440
314 441
316 442
317 443
318 444
320 445
321 446
322 447
324 448
326 449
327 450
328 451
330 452
331 453
332 454
333 455
335 456
336 457
340 458
341 459
343 460
344 461
345 462
347 463
349 464
350 465
353 466
354 467
358 468
359 469
361 470
363 471
365 472
367 473
369 474
371 475
372 476
373 477
374 478
375 479
376 480
377 481
378 482
381 483
382 484
383 485
384 486
385 487
386 488
387 489
388 490
389 491
391 492
392 493
394 494
396 495
399 496
403 497
404 498
405 499
406 500
407 501
408 502
409 503
410 504
412 505
413 506
415 507
416 508
417 509
418 510
420 511
422 512
423 513
426 514
428 515
429 516
430 517
432 518
433 519
434 520
435 521
436 522
437 523
438 524
440 525
442 526
443 527
444 528
446 529
447 530
448 531
449 532
450 533
452 534
454 535
455 536
457 537
458 538
460 539
462 540
463 541
464 542
466 543
468 544
469 545
471 546
472 547
474 548
476 549
477 550
479 551
480 552
482 553
484 554
486 555
489 556
490 557
491 558
493 559
494 560
496 561
497 562
499 563
501 564
502 565
504 566
505 567
507 568
508 569
510 570
511 571
513 572
514 573
516 574
518 575
519 576
521 577
522 578
523 579
525 580
526 581
527 582
528 583
530 584
531 585
532 586
533 587
534 588
535 589
537 590
538 591
541 592
543 593
544 594
546 595
548 596
549 597
550 598
551 599
552 600
553 601
554 602
555 603
556 604
557 605
558 606
560 607
561 608
563 609
565 610
566 611
568 612
569 613
571 614
572 615
574 616
575 617
577 618
579 619
580 620
582 621
584 622
585 623
586 624
588 625
589 626
591 627
592 628
593 629
595 630
596 631
598 632
599 633
600 634
602 635
604 636
606 637
608 638
610 639
612 640
613 641
614 642
615 643
616 644
618 645
621 646
623 647
624 648
627 649
628 650
629 651
631 652
633 653
635 654
638 655
639 656
641 657
1 2
2 3
3 4
4 5
5 6
6 7
5 8
3 9
9 10
9 11
11 12
11 13
11 14
2 15
2 16
16 17
17 18
18 19
19 20
16 21
2 22
22 23
23 24
23 25
25 26
25 27
25 28
28 29
29 30
29 31
28 32
28 33
33 34
25 35
35 36
35 37
25 38
25 39
22 40
2 41
2 42
2 43
2 44
44 45
44 46
2 47
2 48
48 49
48 50
48 51
48 52
48 53
48 54
48 55
55 56
55 57
55 58
55 59
55 60
60 61
2 62
62 63
62 64
62 65
62 66
66 67
66 68
68 69
68 70
70 71
62 72
72 73
72 74
74 75
74 76
74 77
72 78
78 79
72 80
80 81
72 82
72 83
83 84
83 85
72 86
62 87
87 88
87 89
62 90
62 91
62 92
92 93
93 94
93 95
93 96
93 97
92 98
92 99
99 100
100 101
100 102
100 103
99 104
92 105
92 106
62 107
62 108
62 109
62 110
110 111
111 112
112 113
112 114
111 115
115 116
116 117
117 118
118 119
117 120
117 121
121 122
121 123
121 124
116 125
116 126
126 127
126 128
110 129
110 130
110 131
131 132
131 133
110 134
110 135
110 136
136 137
2 138
138 139
138 140
138 141
2 142
142 143
142 144
2 145
145 146
145 147
147 148
145 149
145 150
145 151
2 152
152 153
152 154
154 155
152 156
156 157
157 158
156 159
159 160
160 161
160 162
159 163
163 164
159 165
165 166
165 167
165 168
159 169
159 170
159 171
171 172
159 173
173 174
173 175
175 176
175 177
177 178
175 179
179 180
175 181
175 182
173 183
173 184
159 185
159 186
159 187
156 188
152 189
189 190
189 191
189 192
189 193
189 194
189 195
189 196
152 197
197 198
197 199
152 200
200 201
201 202
201 203
201 204
204 205
204 206
2 207
2 208
208 209
2 210
2 211
2 212
2 213
213 214
214 215
2 216
216 217
217 218
217 219
216 220
220 221
216 222
216 223
216 224
2 225
2 226
226 227
227 228
2 229
229 230
229 231
2 232
232 233
233 234
233 235
235 236
233 237
232 238
232 239
239 240
239 241
232 242
2 243
2 244
2 245
245 246
246 247
245 248
245 249
192 250
179 251
180 252
6 253
6 254
190 255
189 256
193 257
154 258
195 259
195 260
200 261
200 262
189 263
155 264
155 265
193 266
189 267
189 268
189 269
7 270
6 271
179 272
152 273
197 274
172 275
171 276
204 277
161 278
154 279
154 280
181 281
181 282
181 283
181 284
152 285
171 286
203 287
203 288
168 289
168 290
191 291
154 292
191 293
191 294
184 295
175 296
201 297
201 298
201 299
201 300
201 301
186 302
186 303
186 304
186 305
171 306
204 307
204 308
204 309
204 310
204 311
174 312
187 313
205 314
175 315
177 316
175 317
170 318
182 319
8 320
8 321
8 322
175 323
175 324
175 325
159 326
152 327
152 328
159 329
167 330
160 331
34 332
194 333
194 334
194 335
159 336
173 337
176 338
159 339
170 340
188 341
188 342
188 343
156 344
157 345
156 346
185 347
157 348
156 349
24 350
157 351
157 352
31 353
31 354
12 355
236 356
158 357
153 358
11 359
12 360
166 361
4 362
11 363
13 364
9 365
9 366
9 367
9 368
37 369
37 370
29 371
29 372
25 373
39 374
30 375
38 376
28 377
144 378
144 379
35 380
35 381
35 382
35 383
144 384
23 385
75 386
147 387
147 388
59 389
148 390
54 391
60 392
60 393
61 394
61 395
144 396
235 397
235 398
244 399
147 400
147 401
233 402
60 403
233 404
233 405
69 406
143 407
238 408
238 409
238 410
40 411
22 412
241 413
241 414
239 415
232 416
80 417
151 418
242 419
226 420
226 421
50 422
56 423
56 424
56 425
43 426
85 427
85 428
85 429
230 430
77 431
52 432
52 433
225 434
41 435
146 436
83 437
80 438
81 439
80 440
232 441
232 442
46 443
232 444
80 445
15 446
149 447
76 448
106 449
80 450
48 451
51 452
48 453
48 454
49 455
51 456
48 457
2 458
63 459
231 460
231 461
95 462
95 463
83 464
84 465
62 466
72 467
80 468
73 469
65 470
65 471
94 472
94 473
107 474
74 475
72 476
72 477
78 478
72 479
72 480
72 481
72 482
97 483
93 484
93 485
93 486
93 487
93 488
93 489
93 490
89 491
89 492
89 493
62 494
98 495
92 496
65 497
65 498
65 499
65 500
65 501
65 502
65 503
87 504
87 505
87 506
87 507
249 508
249 509
123 510
123 511
122 512
121 513
121 514
121 515
121 516
118 517
117 518
117 519
117 520
117 521
118 522
118 523
117 524
117 525
121 526
121 527
121 528
121 529
121 530
121 531
121 532
124 533
21 534
121 535
209 536
209 537
209 538
209 539
209 540
209 541
209 542
21 543
17 544
210 545
125 546
139 547
129 548
129 549
129 550
129 551
129 552
126 553
126 554
127 555
126 556
126 557
20 558
19 559
20 560
20 561
227 562
227 563
221 564
219 565
219 566
222 567
222 568
70 569
71 570
219 571
219 572
218 573
217 574
217 575
216 576
228 577
216 578
220 579
105 580
216 581
220 582
220 583
217 584
217 585
243 586
217 587
217 588
223 589
216 590
216 591
224 592
137 593
62 594
62 595
62 596
62 597
62 598
62 599
62 600
90 601
62 602
91 603
62 604
62 605
64 606
132 607
137 608
137 609
135 610
136 611
136 612
214 613
215 614
214 615
215 616
102 617
102 618
215 619
215 620
215 621
214 622
247 623
133 624
114 625
215 626
215 627
214 628
103 629
113 630
101 631
100 632
141 633
213 634
109 635
104 636
246 637
110 638
134 639
249 640
249 641
249 642
249 643
79 644
140 645
115 646
115 647
18 648
19 649
20 650
20 651
127 652
248 653
127 654
18 655
115 656
115 657
