480
642
642
344 227
0 374
347 544
340 296
341 471
343 221
348 381
349 350
298 142
299 232
296 334
294 251
295 440
292 627
293 276
291 340
591 479
593 368
592 15
595 449
198 265
596 526
195 359
194 159
197 537
191 396
190 572
192 248
271 320
272 161
274 606
275 405
276 35
278 462
525 609
526 198
527 212
521 129
522 31
523 337
599 100
528 431
449 635
448 82
443 143
442 213
440 63
447 438
446 11
444 172
108 53
109 629
598 385
103 17
100 299
101 435
106 382
104 81
39 150
32 555
31 335
30 164
37 413
35 548
34 281
641 146
438 389
439 630
436 464
437 497
434 482
435 580
432 558
433 575
430 324
431 375
338 618
335 216
334 215
337 84
336 444
331 447
330 284
333 226
332 589
345 634
99 55
98 370
91 422
90 90
93 262
94 361
97 98
96 76
559 623
558 639
555 127
554 585
557 190
556 139
551 16
550 614
553 458
552 351
238 293
235 29
237 244
230 39
232 144
233 182
1 121
614 188
146 111
144 140
145 329
142 258
143 21
140 264
141 5
612 604
613 112
610 332
611 317
616 600
148 454
149 502
623 64
133 560
131 218
137 369
136 94
134 134
494 108
139 360
138 68
490 616
491 210
493 191
24 496
26 474
27 46
21 71
22 406
28 49
29 557
407 568
406 599
405 371
404 4
403 571
402 187
629 70
409 348
408 28
379 553
378 214
371 24
370 530
373 588
372 133
375 624
374 197
377 333
376 137
618 109
392 74
391 345
89 321
397 149
396 282
395 305
394 556
82 417
83 126
399 442
81 610
86 322
87 476
84 156
85 423
7 310
586 550
584 579
585 211
582 505
580 455
588 584
589 34
244 205
246 432
241 204
240 168
615 397
606 316
248 173
519 233
518 501
511 138
510 429
513 250
514 399
516 318
458 521
621 166
627 499
624 611
450 114
452 407
628 510
454 285
455 404
457 615
178 534
600 412
176 22
175 325
173 195
172 163
182 110
183 315
180 490
181 37
186 120
187 341
185 271
188 288
11 344
10 349
13 448
15 292
14 408
17 153
16 180
19 65
62 274
322 123
320 200
321 532
326 607
327 40
324 269
325 365
328 457
329 433
200 8
202 91
205 79
204 301
207 255
208 347
77 118
76 93
75 30
74 224
73 367
71 183
70 466
79 101
2 531
543 219
541 641
546 61
547 485
544 415
545 178
8 522
548 418
549 383
68 486
120 272
121 561
123 358
124 186
126 286
127 523
129 525
414 507
415 158
416 87
417 169
410 261
412 229
413 353
418 394
499 452
319 409
318 546
313 220
312 83
310 487
317 32
316 387
315 468
314 386
496 535
497 533
368 312
369 69
366 472
367 403
364 621
365 416
363 566
360 73
361 241
380 551
381 145
382 85
383 256
384 380
385 207
386 428
387 208
388 1
389 2
579 237
604 376
572 469
571 363
577 602
607 395
575 373
574 13
61 364
258 124
259 434
64 283
65 545
66 392
252 493
69 116
250 19
251 77
256 26
254 152
255 222
602 175
508 59
507 516
504 103
505 554
502 7
500 141
501 154
630 99
631 131
633 547
469 42
468 426
638 354
464 595
466 514
460 528
463 160
462 117
168 47
169 463
164 379
166 543
160 298
161 294
163 563
356 378
354 185
353 66
351 552
350 235
359 56
358 254
216 504
214 500
215 518
212 309
213 202
210 372
211 391
218 410
219 591
289 574
288 295
4 230
281 14
280 278
283 513
282 275
285 437
284 598
286 582
262 330
261 446
267 104
265 638
264 307
269 336
268 291
59 356
55 377
57 326
56 488
50 44
53 577
52 267
537 612
535 420
63 192
533 52
532 57
531 50
530 27
538 508
114 331
117 89
116 240
111 194
110 62
112 246
118 328
429 631
428 106
534 43
421 289
420 402
423 148
422 491
425 439
426 613
309 0
301 181
302 421
304 450
305 519
307 628
568 302
569 176
560 430
561 436
563 259
565 586
566 314
229 268
227 414
226 338
224 592
222 319
221 136
220 511
150 527
153 10
152 484
154 608
156 327
159 304
158 252
609 633
608 477
634 425
635 569
49 559
46 443
47 343
44 538
42 593
43 75
40 280
5 384
639 541
489 549
488 480
487 96
486 86
485 494
484 388
482 366
480 489
472 313
471 460
476 565
477 238
474 97
479 596
611 344
28 0
393 346
346 347
339 340
342 341
394 342
344 343
401 348
348 349
594 595
605 606
597 594
620 619
297 298
300 299
297 296
545 297
293 294
293 295
293 292
348 293
364 290
290 291
590 591
597 590
594 593
590 592
201 199
199 198
601 597
597 596
196 195
193 194
196 197
209 196
199 191
189 190
199 193
191 192
273 270
270 271
273 272
315 273
315 274
274 275
277 276
319 277
279 278
315 279
536 524
524 525
524 526
524 527
536 520
520 521
520 522
524 523
597 599
524 528
539 529
445 449
445 448
441 443
441 442
445 441
431 440
445 447
445 446
453 445
441 444
107 108
107 109
139 102
102 103
95 100
102 101
107 106
119 107
105 104
130 105
38 39
58 38
38 33
33 32
28 31
28 30
36 37
78 36
33 35
33 34
642 641
641 640
431 438
431 439
431 436
431 437
431 434
431 435
431 432
431 433
431 430
445 431
364 339
339 338
329 335
329 334
329 337
329 336
329 331
329 330
329 333
329 332
346 345
33 6
95 99
95 98
88 91
88 90
92 93
113 92
105 95
95 94
95 97
95 96
607 559
559 558
545 555
545 554
545 557
545 556
545 551
545 550
545 553
545 552
239 238
253 239
251 234
234 235
242 236
236 237
231 230
251 231
231 232
234 233
0 1
611 614
147 146
170 147
139 144
139 145
139 142
139 143
139 140
139 141
611 612
611 613
607 610
619 611
617 616
619 617
147 148
147 149
622 623
640 622
132 133
139 132
132 131
139 130
135 137
135 136
151 135
135 134
495 494
626 495
155 139
135 138
487 490
492 491
626 492
492 493
23 24
28 25
25 26
25 27
28 20
20 21
23 22
51 23
72 28
28 29
401 407
401 406
401 405
401 404
401 403
401 402
545 401
545 400
626 629
401 409
401 408
626 628
380 379
370 378
370 371
545 370
370 373
370 372
370 375
370 374
370 377
370 376
617 618
400 393
390 392
122 88
88 89
398 397
397 396
394 395
545 394
80 82
80 83
95 80
80 81
80 86
88 87
80 84
80 85
6 7
603 601
619 607
587 586
603 587
583 584
583 585
583 582
590 583
581 580
590 581
587 588
590 589
247 245
243 244
287 247
247 246
242 241
239 240
245 243
306 242
611 615
253 249
249 248
520 519
517 518
512 511
509 510
512 513
529 512
529 515
515 514
529 517
517 516
459 458
461 459
622 621
625 620
626 627
642 626
637 625
625 624
451 450
465 451
451 452
461 453
453 454
456 455
459 456
456 457
184 179
177 178
179 177
177 176
174 175
179 174
174 173
171 172
177 171
174 170
257 253
179 182
184 183
179 180
179 181
184 186
184 187
193 184
184 185
189 188
211 189
12 11
9 10
12 13
25 12
14 15
28 14
18 17
14 16
18 19
95 18
60 62
323 322
370 323
319 320
319 321
325 326
357 327
323 324
393 325
329 328
364 329
209 201
201 200
209 203
203 202
206 205
203 204
206 207
217 206
211 209
209 208
139 77
77 76
72 75
72 74
72 73
125 72
72 71
69 70
78 79
113 78
3 2
607 542
542 543
542 540
540 541
545 546
545 547
545 544
564 545
9 8
545 548
545 549
67 68
597 598
119 120
119 121
139 122
122 123
125 124
157 125
125 126
128 127
139 128
128 129
411 414
411 415
417 416
611 417
411 410
545 411
411 412
411 413
536 498
419 418
441 419
498 499
327 319
315 318
311 313
311 312
319 311
311 310
315 317
315 316
545 315
315 314
495 496
498 497
36 3
545 368
368 369
380 366
366 367
545 364
366 365
401 362
362 363
357 360
362 361
398 380
380 381
380 382
380 383
380 384
380 385
380 386
380 387
380 388
390 389
620 605
578 579
581 578
603 604
590 573
573 572
570 571
583 570
576 577
578 576
576 575
573 574
92 60
60 61
257 258
260 259
80 64
64 65
67 66
130 67
251 252
139 69
249 250
303 251
253 256
279 257
253 254
253 255
605 603
603 602
509 508
515 509
536 506
506 507
503 504
506 505
503 502
512 503
524 500
500 501
626 630
632 631
636 632
632 633
470 469
467 468
641 636
641 637
467 465
461 464
473 467
465 466
465 461
461 460
461 463
461 462
167 168
170 169
165 164
171 165
167 166
171 167
157 160
157 161
165 162
162 163
601 600
20 9
545 357
355 356
370 355
355 354
352 353
401 352
352 351
348 350
357 359
357 358
211 216
236 217
211 214
211 215
211 212
211 213
209 210
219 211
217 218
225 219
287 289
287 288
3 4
282 281
279 280
282 283
290 282
284 285
329 284
303 287
287 286
279 263
263 262
260 261
306 260
266 267
277 266
263 265
263 264
270 269
266 268
58 59
72 58
54 55
107 54
54 57
54 56
72 51
51 50
54 53
51 52
536 537
539 536
536 535
64 63
529 533
529 532
529 531
529 530
540 539
536 538
162 115
115 114
115 117
115 116
107 111
107 110
119 113
113 112
139 119
119 118
427 429
427 428
529 534
431 421
419 420
424 423
421 422
424 425
445 424
445 427
427 426
370 308
308 309
329 300
300 301
303 302
329 303
303 304
306 305
342 306
308 307
567 568
570 569
559 560
562 561
567 562
562 563
607 564
564 565
567 566
607 567
228 229
243 228
228 227
225 226
266 225
223 224
245 223
223 222
220 221
303 220
390 391
411 390
157 151
151 150
151 153
151 152
157 155
155 154
170 157
157 156
157 159
157 158
607 609
607 608
632 634
398 399
636 635
400 398
95 48
48 49
45 46
48 47
45 44
60 45
41 42
41 43
41 40
72 41
637 638
6 5
640 639
487 489
487 488
632 487
632 486
483 485
483 484
487 483
483 482
486 481
481 480
473 472
632 473
487 470
470 471
475 476
478 477
475 474
478 475
481 478
478 479
