480
685
0
629 4
628 5
491 8
493 10
630 9
627 13
494 15
496 16
641 17
639 21
621 23
623 24
638 26
633 28
479 31
480 34
477 36
476 38
474 39
486 30
468 43
472 45
464 47
462 51
460 54
466 56
452 57
450 59
458 61
455 63
457 64
448 67
443 73
444 74
442 76
418 78
420 79
433 83
432 84
431 80
435 89
422 91
421 90
438 94
439 96
430 99
437 100
436 101
434 103
440 104
446 106
425 108
423 109
449 112
447 113
429 115
428 117
426 118
454 119
463 120
489 124
490 128
469 130
471 131
485 133
482 135
484 136
487 122
488 138
634 121
631 142
635 144
624 146
616 149
618 150
600 155
596 159
591 162
589 165
592 167
571 171
569 172
585 174
584 176
582 177
574 179
572 180
580 182
579 184
575 186
577 187
593 189
598 190
595 192
599 193
588 196
586 197
602 199
604 200
606 201
344 203
343 205
613 209
615 210
614 211
611 202
612 215
417 216
416 218
566 225
610 226
568 228
563 230
561 231
608 232
607 220
565 235
609 236
558 240
559 239
560 243
543 245
519 247
526 249
522 253
502 257
504 258
513 260
511 261
514 264
510 266
508 267
516 271
518 272
534 273
533 275
530 277
531 278
499 280
497 281
537 284
521 288
532 290
535 291
528 286
541 296
525 297
527 298
500 300
501 302
523 303
505 306
507 307
538 308
552 310
554 313
324 318
322 319
309 321
272 324
317 326
269 328
271 329
318 334
275 336
274 335
314 338
315 322
316 341
280 343
258 351
238 352
240 353
256 354
254 356
255 357
250 359
248 360
278 361
264 363
262 365
265 366
307 368
329 369
333 377
284 378
285 380
328 381
331 383
289 387
288 388
286 390
224 394
222 395
244 397
229 399
227 400
246 401
302 404
334 405
235 410
233 411
232 414
230 415
252 417
251 408
220 419
221 421
304 422
336 424
337 425
330 428
335 429
332 430
301 432
299 433
340 436
338 437
296 442
298 443
341 445
305 447
237 451
218 452
207 455
241 456
205 457
259 459
261 460
291 462
281 464
282 463
283 467
364 314
551 474
412 478
410 479
391 482
392 484
389 485
413 486
415 487
549 490
555 491
550 492
556 494
544 495
545 309
548 499
368 500
369 502
394 505
395 507
557 508
325 512
326 514
547 515
406 518
407 519
414 521
396 524
397 523
399 527
384 532
381 533
387 534
383 538
385 539
388 541
553 543
386 542
367 548
365 550
366 547
347 554
345 555
382 556
380 528
379 558
546 560
353 563
351 564
405 566
403 570
409 571
402 573
363 575
404 576
408 578
350 581
295 584
292 587
294 588
293 583
348 582
349 592
361 594
372 596
376 599
354 601
356 602
374 607
378 608
377 609
371 611
375 612
370 595
373 616
359 618
360 620
327 621
312 625
310 627
313 628
319 623
320 633
321 634
358 636
276 638
268 641
267 642
226 644
219 645
215 648
213 651
214 652
211 647
216 657
212 658
188 661
190 662
210 665
195 667
197 668
202 670
200 672
208 675
204 676
192 678
191 681
198 682
194 684
186 688
185 689
183 691
187 692
181 694
180 698
182 699
168 703
166 704
172 706
164 708
116 711
117 713
114 714
163 715
176 716
175 719
173 720
178 722
169 724
152 727
159 728
138 731
136 734
134 735
137 736
156 739
161 740
160 742
150 747
153 748
131 755
133 756
123 758
91 760
90 763
87 764
89 765
144 767
127 769
129 770
140 774
145 775
66 779
68 780
101 782
103 783
104 785
49 787
98 789
17 793
19 794
99 795
47 799
94 800
82 804
65 806
63 808
64 805
86 811
81 813
83 815
84 816
85 817
100 820
96 821
97 822
139 750
143 827
70 829
69 828
118 832
120 834
110 840
108 842
142 843
109 845
53 848
55 850
57 852
56 853
106 854
111 855
112 857
61 862
44 864
46 865
62 866
93 867
79 869
4 872
2 873
37 874
121 875
77 877
76 879
141 880
154 881
158 882
124 884
40 889
43 891
42 892
52 894
73 896
24 898
22 899
75 904
50 906
74 907
71 908
126 909
59 911
39 912
34 915
32 917
35 919
7 921
5 922
30 925
149 927
146 929
148 930
8 937
10 938
31 939
21 941
29 942
16 944
15 946
14 943
28 923
26 951
27 952
11 955
13 956
1 958
0 957
0 2
2 3
3 4
3 5
2 8
2 9
9 10
9 13
2 14
14 15
14 16
0 17
17 20
20 21
20 22
22 23
22 24
17 26
17 27
27 28
27 30
30 31
31 33
33 34
33 36
33 37
37 38
37 39
27 42
42 43
42 44
44 45
44 46
46 47
46 48
48 51
48 53
53 54
53 55
55 56
55 57
57 59
48 60
60 61
60 63
60 64
48 65
65 66
66 67
66 71
71 73
71 74
71 76
71 77
77 78
77 79
66 80
80 83
80 84
80 89
80 90
90 91
80 94
80 95
95 96
95 99
95 100
95 101
80 103
80 104
66 106
66 107
107 108
107 109
66 111
111 112
111 113
66 114
114 115
114 117
114 118
65 119
48 120
27 121
121 122
122 124
122 127
127 128
127 129
129 130
129 131
122 132
132 133
132 135
132 136
122 138
121 142
121 143
143 144
143 145
145 146
145 147
147 148
148 149
148 150
147 152
152 153
153 154
154 155
154 156
156 157
157 158
158 159
158 160
160 161
161 162
161 165
161 166
166 167
166 169
169 170
170 171
170 172
169 174
169 175
175 176
175 177
166 178
178 179
178 180
161 181
181 182
181 183
183 184
183 185
185 186
185 187
160 189
160 190
157 191
191 192
191 193
156 194
194 195
195 196
195 197
194 198
198 199
198 200
153 201
152 202
202 203
203 205
202 208
208 209
208 210
202 211
202 215
202 216
216 218
147 219
219 220
220 223
223 225
223 226
223 227
227 228
227 229
229 230
229 231
220 232
220 235
220 236
219 238
238 239
239 240
239 243
238 244
244 245
244 246
246 247
246 248
248 249
248 252
252 253
252 254
254 255
255 256
256 257
256 258
255 260
255 261
254 262
262 263
263 264
263 265
265 266
265 267
262 270
270 271
270 272
262 273
262 275
262 276
276 277
276 278
248 279
279 280
279 281
248 284
248 285
285 286
286 287
287 288
287 289
289 290
289 291
285 294
294 295
295 296
295 297
294 298
285 299
299 300
300 302
299 303
248 305
305 306
305 307
248 308
219 309
309 310
309 313
309 314
314 315
315 317
317 318
317 319
315 320
320 321
320 322
322 323
323 324
323 325
325 326
325 328
325 329
322 334
322 335
335 336
322 338
322 341
322 342
342 343
342 345
345 346
346 349
349 351
349 352
349 353
346 354
346 356
346 357
346 358
358 359
358 360
345 361
342 362
362 363
362 365
362 366
315 367
367 368
367 369
369 377
369 378
378 380
369 381
369 383
369 384
384 385
385 387
385 388
385 390
385 391
391 392
392 393
393 394
393 395
392 396
396 397
396 398
398 399
398 400
391 401
384 403
403 404
403 405
384 407
407 408
408 409
409 410
409 411
408 413
413 414
413 415
408 417
407 419
419 421
384 422
369 424
369 425
369 427
427 428
427 429
369 430
369 431
431 432
431 433
314 435
435 436
435 437
314 440
440 441
441 442
441 443
440 444
444 445
444 446
446 447
446 448
448 449
449 451
449 452
449 453
453 455
453 456
453 457
448 458
458 459
458 460
314 461
461 462
461 463
463 464
463 467
309 474
309 475
475 478
475 479
475 481
481 482
481 484
481 485
475 486
475 487
309 490
309 491
309 492
309 494
309 495
309 499
309 500
500 502
309 505
505 507
309 508
309 511
511 512
512 514
511 515
309 516
516 517
517 518
517 519
516 521
516 522
522 523
523 524
522 527
522 528
528 531
531 532
531 533
528 534
528 538
528 539
528 541
528 542
542 543
528 547
547 548
547 550
528 552
552 553
553 554
553 555
552 556
528 558
309 560
309 561
561 562
562 563
562 564
561 566
561 570
561 571
561 573
561 574
574 575
574 576
561 578
561 579
579 580
580 581
580 582
582 583
583 584
583 587
583 588
582 592
579 594
579 595
595 596
595 599
595 600
600 601
600 602
595 606
606 607
606 608
595 609
595 611
595 612
595 616
595 617
617 618
617 620
617 621
621 623
623 624
624 625
624 627
624 628
623 633
623 634
623 636
623 637
637 638
637 639
639 641
639 642
639 643
643 644
643 645
645 647
647 648
647 651
647 652
647 657
647 658
647 660
660 661
660 662
647 663
663 665
663 666
666 667
666 668
663 670
663 671
671 672
671 673
673 675
673 676
673 677
677 678
677 681
677 682
677 683
683 684
683 685
685 688
685 689
685 691
685 692
685 693
693 694
693 697
697 698
697 699
693 700
700 701
701 702
702 703
702 704
701 705
705 706
705 707
707 708
707 709
709 710
710 711
710 713
710 714
709 715
700 716
693 717
717 719
717 720
717 721
721 722
721 723
723 724
723 725
725 727
725 728
725 729
729 730
730 731
730 733
733 734
733 735
730 736
729 739
729 740
729 742
729 743
743 745
745 746
746 747
746 748
745 750
750 754
754 755
754 756
750 757
757 758
757 759
759 760
759 763
759 764
759 765
750 767
750 768
768 769
768 770
750 773
773 774
773 775
750 776
776 777
777 778
778 779
778 780
777 781
781 782
781 783
776 784
784 785
784 787
784 788
788 789
788 792
792 793
792 794
788 795
788 798
798 799
798 800
788 801
801 804
801 805
805 806
805 808
801 811
801 813
801 814
814 815
814 816
801 817
788 819
819 820
819 821
788 822
750 825
825 827
825 828
828 829
825 831
831 832
831 834
831 836
836 837
837 839
839 840
839 841
841 842
841 843
837 845
837 846
846 847
847 848
847 850
847 852
847 853
846 854
837 855
836 856
856 857
856 859
859 860
860 862
860 863
863 864
863 865
860 866
859 867
856 868
868 869
868 870
870 871
871 872
871 873
870 874
831 875
750 876
876 877
877 879
876 880
745 881
743 882
743 883
883 884
883 885
885 888
888 889
888 891
888 892
885 893
893 894
893 896
893 897
897 898
897 899
885 902
902 904
902 906
902 907
902 908
885 909
885 911
885 912
912 914
914 915
914 917
914 918
918 919
918 921
918 922
885 923
923 925
923 926
926 927
926 928
928 929
928 930
923 936
936 937
936 938
923 939
923 940
940 941
940 942
923 943
943 944
943 946
923 950
950 951
950 952
923 953
953 955
953 956
953 957
957 958
