478
627
626
344 344
0 0
346 346
347 347
340 340
342 342
349 349
606 606
298 298
299 299
296 296
297 297
294 294
295 295
292 292
293 293
290 290
291 291
590 590
592 592
199 199
594 594
597 597
596 596
195 195
194 194
197 197
196 196
190 190
193 193
192 192
270 270
271 271
272 272
273 273
274 274
275 275
276 276
277 277
278 278
279 279
524 524
525 525
526 526
527 527
521 521
522 522
599 599
529 529
449 449
443 443
441 441
440 440
447 447
446 446
444 444
108 108
102 102
103 103
100 100
106 106
107 107
105 105
39 39
38 38
33 33
31 31
30 30
37 37
36 36
35 35
34 34
438 438
436 436
437 437
435 435
432 432
433 433
430 430
431 431
339 339
334 334
337 337
336 336
331 331
330 330
333 333
332 332
345 345
6 6
99 99
91 91
90 90
93 93
92 92
94 94
97 97
96 96
559 559
558 558
555 555
554 554
557 557
556 556
551 551
550 550
553 553
552 552
239 239
234 234
235 235
236 236
237 237
230 230
231 231
232 232
233 233
146 146
144 144
145 145
142 142
143 143
140 140
141 141
612 612
613 613
610 610
611 611
148 148
149 149
133 133
131 131
130 130
137 137
135 135
134 134
494 494
139 139
138 138
490 490
491 491
492 492
493 493
24 24
25 25
27 27
20 20
22 22
23 23
28 28
407 407
406 406
404 404
403 403
401 401
400 400
409 409
408 408
379 379
378 378
370 370
373 373
372 372
375 375
374 374
377 377
376 376
618 618
393 393
88 88
89 89
396 396
395 395
394 394
83 83
80 80
81 81
86 86
87 87
85 85
7 7
601 601
586 586
587 587
584 584
585 585
582 582
580 580
581 581
589 589
244 244
247 247
246 246
240 240
243 243
242 242
615 615
249 249
519 519
518 518
511 511
513 513
512 512
515 515
516 516
458 458
622 622
621 621
627 627
625 625
624 624
450 450
452 452
453 453
455 455
456 456
178 178
175 175
171 171
170 170
253 253
183 183
180 180
181 181
187 187
185 185
188 188
11 11
10 10
12 12
15 15
14 14
17 17
16 16
19 19
62 62
322 322
320 320
321 321
326 326
324 324
325 325
328 328
329 329
200 200
203 203
202 202
205 205
204 204
207 207
209 209
77 77
75 75
74 74
73 73
72 72
71 71
70 70
79 79
78 78
542 542
543 543
540 540
541 541
546 546
547 547
544 544
8 8
548 548
549 549
68 68
120 120
121 121
122 122
124 124
125 125
126 126
127 127
128 128
2 2
414 414
416 416
410 410
411 411
412 412
413 413
498 498
418 418
319 319
318 318
313 313
311 311
310 310
316 316
315 315
314 314
496 496
497 497
3 3
368 368
366 366
367 367
364 364
365 365
362 362
363 363
360 360
361 361
380 380
382 382
383 383
384 384
385 385
386 386
387 387
388 388
389 389
605 605
579 579
578 578
573 573
572 572
571 571
570 570
577 577
576 576
574 574
60 60
61 61
258 258
63 63
64 64
65 65
66 66
67 67
252 252
69 69
250 250
256 256
257 257
255 255
509 509
506 506
507 507
504 504
503 503
500 500
501 501
469 469
468 468
465 465
466 466
461 461
460 460
463 463
462 462
169 169
164 164
166 166
167 167
160 160
162 162
163 163
9 9
357 357
355 355
354 354
353 353
352 352
351 351
350 350
359 359
358 358
214 214
215 215
212 212
210 210
218 218
219 219
289 289
4 4
281 281
280 280
282 282
284 284
287 287
286 286
263 263
261 261
260 260
267 267
266 266
265 265
269 269
268 268
59 59
58 58
55 55
54 54
57 57
51 51
50 50
53 53
537 537
536 536
534 534
532 532
115 115
114 114
117 117
111 111
110 110
112 112
119 119
118 118
428 428
421 421
420 420
423 423
422 422
425 425
424 424
427 427
309 309
301 301
303 303
304 304
306 306
307 307
568 568
569 569
560 560
561 561
562 562
564 564
565 565
566 566
229 229
228 228
226 226
225 225
223 223
222 222
220 220
391 391
390 390
151 151
604 604
153 153
152 152
155 155
154 154
157 157
602 602
159 159
609 609
608 608
399 399
398 398
49 49
47 47
45 45
42 42
43 43
40 40
41 41
5 5
489 489
487 487
486 486
484 484
483 483
481 481
472 472
470 470
477 477
475 475
479 479
343 344
1 0
343 346
348 347
338 340
397 341
343 342
356 343
369 348
348 349
598 595
603 606
595 594
620 619
291 298
291 299
291 296
291 297
291 294
291 295
291 292
291 293
291 290
350 291
593 591
591 590
595 593
591 592
198 199
217 198
598 597
595 596
230 195
193 194
198 197
195 196
208 191
189 190
235 193
191 192
291 270
270 271
273 272
291 273
273 274
273 275
300 276
276 277
276 278
276 279
523 524
523 525
523 526
528 527
523 520
520 521
523 522
531 523
600 599
530 528
528 529
448 449
459 448
442 443
448 442
442 441
439 440
448 447
445 446
474 445
445 444
109 108
123 109
101 102
104 103
101 100
109 101
107 106
136 107
109 104
104 105
32 39
32 38
32 33
87 32
32 31
29 30
32 37
32 36
32 35
32 34
439 438
445 439
434 436
434 437
442 434
434 435
467 432
432 433
429 430
429 431
338 339
387 338
352 335
335 334
338 337
335 336
327 331
327 330
327 333
327 332
343 345
4 6
98 99
109 98
87 91
87 90
87 93
87 92
109 95
95 94
98 97
95 96
552 559
552 558
552 555
552 554
552 557
552 556
545 551
545 550
552 553
567 552
241 238
238 239
230 234
241 235
235 236
235 237
300 230
230 231
230 232
230 233
82 1
616 614
147 146
172 147
136 144
136 145
136 142
136 143
136 140
136 141
609 612
609 613
609 610
609 611
617 616
619 617
147 148
150 149
626 623
623 622
132 133
136 132
132 131
129 130
136 137
158 136
136 135
132 134
495 494
499 495
136 139
136 138
491 490
495 491
491 492
491 493
23 24
26 25
29 26
26 27
21 20
44 21
21 22
59 23
26 28
59 29
405 407
405 406
417 405
402 404
402 403
405 402
402 401
413 400
410 409
405 408
539 379
379 378
410 371
371 370
371 373
371 372
552 375
375 374
375 377
375 376
619 618
392 393
397 392
87 88
87 89
417 397
405 396
552 395
395 394
87 82
84 83
76 80
82 81
87 86
113 87
123 84
84 85
4 7
600 601
614 607
583 586
588 587
583 584
583 585
583 582
593 583
579 580
579 581
603 588
588 589
254 245
245 244
248 247
245 246
280 241
241 240
241 243
241 242
614 615
248 249
291 248
520 519
517 518
510 511
523 510
514 513
510 512
514 515
523 514
530 517
517 516
457 458
471 459
620 621
626 620
626 627
623 625
623 624
451 450
459 451
451 452
454 453
457 454
454 455
457 456
464 457
184 179
179 178
182 177
184 176
174 175
177 174
177 173
176 172
172 171
168 170
254 253
186 182
184 183
179 180
182 181
191 186
186 187
191 184
184 185
189 188
208 189
4 11
4 10
26 13
13 12
48 15
13 14
18 17
15 16
18 19
59 18
59 62
323 322
341 323
317 320
317 321
323 326
338 327
323 324
323 325
327 328
327 329
206 201
201 200
224 203
201 202
206 205
203 204
206 207
213 206
208 209
230 208
76 77
87 76
76 75
59 74
59 73
59 72
59 71
59 70
76 79
76 78
1 2
539 542
539 543
539 540
539 541
545 546
545 547
539 544
563 545
4 8
545 548
545 549
59 68
600 598
116 120
116 121
123 122
136 123
123 124
123 125
123 126
123 127
129 128
136 129
415 414
539 415
415 416
552 417
539 410
410 411
410 412
415 413
499 498
419 418
539 419
623 499
317 319
317 318
312 313
341 312
312 311
308 310
338 317
317 316
312 315
312 314
495 496
495 497
4 3
369 368
405 369
365 366
365 367
365 364
405 365
363 362
387 363
358 360
358 361
381 380
402 381
381 382
381 383
552 384
384 385
387 386
392 387
387 388
387 389
603 605
616 579
575 578
603 604
567 573
567 572
567 571
567 570
575 577
575 576
609 575
575 574
59 60
59 61
259 258
283 259
59 64
59 65
59 66
59 67
251 252
59 69
251 250
291 251
257 256
291 257
264 254
254 255
607 603
603 602
523 508
510 509
505 506
508 507
505 504
508 505
623 502
502 503
499 500
502 501
467 469
467 468
464 465
471 464
478 467
467 466
459 461
459 460
464 463
459 462
176 168
168 169
165 164
208 165
165 166
168 167
161 160
173 161
161 162
161 163
607 600
4 9
356 357
539 356
352 355
352 354
352 353
387 352
350 351
387 350
358 359
396 358
217 216
235 217
213 214
216 215
211 212
216 213
211 210
213 211
217 218
217 219
288 289
327 288
15 4
280 281
288 280
327 283
283 282
300 285
285 284
288 287
285 286
262 263
283 262
262 261
259 260
264 267
264 266
264 265
273 264
264 269
264 268
82 59
59 58
56 55
52 54
56 57
87 56
52 51
48 50
52 53
87 52
538 537
535 536
538 535
59 63
538 533
533 532
533 531
531 530
565 539
545 538
116 115
113 114
116 117
123 116
109 111
109 110
123 113
109 112
116 119
116 118
434 429
429 428
535 534
422 421
419 420
422 423
426 422
426 425
422 424
426 427
539 426
317 308
308 309
317 300
302 301
352 302
302 303
305 304
358 305
305 306
308 307
567 568
567 569
552 560
552 561
552 562
609 563
563 564
609 565
567 566
609 567
230 229
227 228
238 227
225 226
230 225
235 224
224 223
221 222
227 221
221 220
392 391
387 390
150 151
153 150
165 153
153 152
156 155
153 154
156 157
173 156
158 159
174 158
617 609
609 608
400 399
397 398
87 48
48 49
87 46
46 47
87 44
46 45
32 42
44 43
32 40
32 41
4 5
488 489
502 488
485 487
485 486
502 485
485 484
482 483
488 482
482 481
485 480
473 472
478 473
467 470
473 471
480 476
476 477
476 474
474 475
480 478
478 479
