49
76
76
56 37
60 60
62 41
63 7
49 74
66 38
68 54
69 45
53 24
24 2
26 55
27 65
20 27
48 50
23 30
47 62
44 17
45 29
42 66
29 5
41 63
0 47
3 35
2 42
5 56
4 33
7 71
9 44
8 9
74 48
71 0
58 4
11 32
39 39
38 53
14 19
17 20
16 68
19 26
32 11
57 14
30 3
37 69
50 8
35 58
33 57
55 49
54 16
65 23
52 56
52 54
43 42
46 48
51 50
59 60
70 61
61 62
64 63
72 64
46 49
67 66
75 67
67 68
67 69
73 52
52 53
25 24
36 25
25 26
28 27
21 20
22 21
34 22
22 23
51 46
46 47
43 44
46 45
31 28
28 29
52 40
40 41
6 1
1 0
1 3
1 2
6 5
1 4
6 7
12 6
10 9
6 8
61 51
52 43
36 39
76 75
36 38
75 73
73 72
70 71
72 70
64 59
59 58
10 11
12 10
15 13
13 12
28 15
13 14
18 17
15 16
18 19
21 18
36 31
28 30
36 37
40 36
34 35
52 34
34 33
52 55
75 74
31 32
52 57
64 65
