49
76
76
56 20
60 37
62 19
63 9
49 58
66 5
68 48
69 54
53 24
24 0
26 35
27 60
20 8
48 2
23 49
47 26
44 4
45 56
42 69
29 30
41 63
0 29
3 66
2 39
5 65
4 71
7 57
9 62
8 38
74 42
71 50
58 53
11 11
39 68
38 7
14 33
17 32
16 3
19 55
32 23
57 27
30 45
37 74
50 41
35 17
33 44
55 47
54 16
65 14
52 56
52 54
43 42
46 48
51 50
59 60
70 61
61 62
64 63
72 64
46 49
67 66
75 67
67 68
67 69
73 52
52 53
25 24
36 25
25 26
28 27
21 20
22 21
34 22
22 23
51 46
46 47
43 44
46 45
31 28
28 29
52 40
40 41
6 1
1 0
1 3
1 2
6 5
1 4
6 7
12 6
10 9
6 8
61 51
52 43
36 39
76 75
36 38
75 73
73 72
70 71
72 70
64 59
59 58
10 11
12 10
15 13
13 12
28 15
13 14
18 17
15 16
18 19
21 18
36 31
28 30
36 37
40 36
34 35
52 34
34 33
52 55
75 74
31 32
52 57
64 65
