50
77
75
56 56
77 77
54 54
51 51
43 43
60 60
62 62
64 64
53 53
67 67
69 69
26 26
27 27
20 20
22 22
23 23
46 46
47 47
44 44
29 29
40 40
41 41
0 0
3 3
2 2
5 5
6 6
9 9
8 8
39 39
65 65
76 76
74 74
72 72
71 71
10 10
13 13
12 12
59 59
14 14
16 16
33 33
18 18
57 57
49 49
37 37
36 36
35 35
32 32
50 50
55 56
75 77
55 54
48 42
70 48
42 43
61 60
66 61
63 62
73 63
63 64
48 49
68 66
66 67
70 68
68 69
58 52
52 53
25 24
26 25
28 26
28 27
19 20
25 21
21 22
24 23
45 46
48 47
45 44
50 45
30 28
30 29
38 40
42 41
11 1
1 0
4 3
1 2
4 5
7 4
15 7
7 6
7 9
7 8
52 51
38 39
66 65
75 76
48 38
75 73
73 72
70 71
75 70
58 59
61 58
15 11
11 10
11 13
11 12
17 15
11 14
21 17
17 16
24 19
19 18
34 31
31 30
38 37
38 36
36 35
38 34
34 33
61 55
75 74
31 32
55 57
58 50
