196
304
0
27 43
4 46
2 47
30 49
25 41
28 53
24 54
29 55
34 58
22 61
13 63
11 65
7 67
5 68
10 70
8 71
26 73
20 74
23 76
19 81
17 82
14 84
1 85
0 87
16 88
18 77
31 37
33 91
48 92
47 94
45 95
70 96
71 33
64 101
63 102
61 106
60 108
58 109
59 111
56 112
55 114
54 117
37 119
39 121
44 123
43 120
53 126
51 128
49 130
42 132
40 133
72 134
36 135
35 137
80 138
76 141
74 142
67 143
91 145
82 146
85 148
86 150
83 151
95 152
94 153
69 157
68 156
65 159
93 160
89 162
87 164
79 166
77 167
96 168
98 169
101 171
99 172
108 174
107 175
106 176
105 178
103 179
110 180
138 181
124 182
126 13
143 184
142 185
141 187
140 189
149 191
117 194
115 195
119 197
114 199
113 201
111 202
164 204
157 206
131 208
123 211
120 212
122 213
209 225
211 226
251 227
248 228
179 229
180 230
171 8
189 233
170 234
160 236
158 237
177 239
163 241
161 242
173 243
172 244
169 246
167 247
250 248
254 249
214 253
213 254
212 255
204 257
207 262
206 263
203 265
202 266
184 270
185 269
199 272
198 273
137 276
135 277
200 278
244 282
183 287
181 288
246 290
241 289
245 296
240 297
243 298
186 299
242 300
187 301
196 305
193 308
192 309
190 310
195 311
144 316
134 318
132 319
151 320
153 321
154 324
147 326
129 328
127 329
176 330
247 331
268 333
263 336
262 338
260 339
267 341
265 342
234 351
228 353
225 356
217 358
215 359
223 363
221 365
220 366
222 367
218 368
239 371
238 369
237 374
232 376
231 378
229 379
256 380
259 382
235 383
275 384
276 385
278 386
273 389
271 390
279 391
0 2
2 3
3 4
4 5
5 6
6 7
7 8
8 9
9 10
10 11
11 12
12 13
13 15
15 16
16 17
17 19
19 20
20 21
21 22
22 30
30 31
31 32
32 33
33 34
34 35
35 37
37 40
40 41
41 43
43 45
45 46
45 47
41 49
41 52
52 53
52 54
41 55
40 58
40 60
60 61
60 62
62 63
62 65
62 66
66 67
66 68
40 69
69 70
69 71
40 72
72 73
72 74
37 75
75 76
75 77
77 78
78 80
80 81
80 82
78 84
78 85
85 87
78 88
37 91
35 92
35 94
35 95
34 96
33 99
99 101
99 102
99 104
104 105
105 106
106 108
105 109
104 111
104 112
99 113
113 114
113 117
113 119
113 120
120 121
120 123
113 126
113 128
113 129
129 130
129 131
131 132
131 133
32 134
31 135
135 137
30 138
22 139
139 140
140 141
140 142
139 143
22 144
144 145
144 146
22 147
147 148
147 149
149 150
149 151
22 152
22 153
22 155
155 156
156 157
155 159
22 160
22 161
161 162
161 164
161 165
165 166
165 167
22 168
21 169
20 170
170 171
170 172
19 174
19 175
17 176
17 178
17 179
16 180
15 181
13 182
12 184
11 185
185 187
187 189
10 191
10 192
192 193
193 194
193 195
192 197
192 198
198 199
198 201
198 202
9 203
203 204
203 205
205 206
205 207
207 208
207 209
209 211
209 212
209 213
8 220
220 222
222 223
223 224
224 225
224 226
223 227
222 228
220 229
220 230
8 232
232 233
232 234
8 235
235 236
235 237
8 238
238 239
238 240
240 241
240 242
8 243
8 244
7 245
245 246
245 247
6 248
5 249
4 250
250 251
251 253
251 254
251 255
250 256
256 257
256 258
258 262
258 263
258 264
264 265
264 266
258 267
267 269
269 270
267 272
267 273
258 274
274 275
275 276
275 277
274 278
3 279
279 280
280 282
280 286
286 287
286 288
280 289
289 290
289 296
289 297
289 298
289 299
280 300
280 301
280 302
302 305
302 306
306 307
307 308
307 309
306 310
302 311
302 313
313 314
314 315
315 316
315 317
317 318
317 319
314 320
313 321
302 322
322 323
323 324
323 325
325 326
325 327
327 328
327 329
322 330
279 331
2 332
332 333
332 334
334 335
335 336
335 337
337 338
337 339
334 340
340 341
340 342
0 343
343 344
344 345
345 346
346 347
347 350
350 351
350 352
352 353
352 354
354 355
355 356
355 357
357 358
357 359
354 360
360 362
362 363
362 365
362 366
360 367
360 368
347 369
369 371
369 374
369 375
375 376
375 377
377 378
377 379
347 380
347 381
381 382
381 383
346 384
345 385
344 386
343 387
387 388
388 389
388 390
387 391
