196
291
1
157 7
36 15
68 25
82 27
31 29
47 31
25 35
1 40
61 42
43 46
141 55
171 62
248 71
218 77
223 78
241 95
268 104
0 114
2 115
4 116
5 117
7 118
8 119
10 120
11 121
13 122
14 123
16 124
17 125
18 126
19 127
20 128
22 129
23 130
24 131
26 132
27 133
28 134
29 135
30 136
33 137
34 138
35 139
37 140
39 141
40 142
42 143
44 144
45 145
48 146
49 147
51 148
53 149
54 150
55 151
56 152
58 153
59 154
60 155
63 156
64 157
65 158
67 159
69 160
70 161
71 162
72 163
74 164
76 165
77 166
79 167
80 168
83 169
85 170
86 171
87 172
89 173
91 174
93 175
94 176
95 177
96 178
98 179
99 180
101 181
103 182
105 183
106 184
107 185
108 186
110 187
111 188
113 189
114 190
115 191
117 192
119 193
120 194
122 195
123 196
124 197
126 198
127 199
129 200
131 201
132 202
134 203
135 204
137 205
138 206
140 207
142 208
143 209
144 210
147 211
149 212
151 213
153 214
154 215
158 216
160 217
161 218
163 219
164 220
167 221
169 222
170 223
172 224
173 225
176 226
177 227
179 228
180 229
181 230
183 231
184 232
185 233
186 234
187 235
189 236
190 237
192 238
193 239
195 240
196 241
198 242
199 243
200 244
202 245
203 246
204 247
206 248
207 249
209 250
211 251
212 252
213 253
214 254
215 255
217 256
220 257
221 258
222 259
225 260
228 261
229 262
231 263
232 264
234 265
235 266
237 267
238 268
239 269
240 270
242 271
243 272
244 273
245 274
246 275
247 276
250 277
251 278
254 279
256 280
259 281
260 282
262 283
263 284
265 285
267 286
271 287
273 288
275 289
276 290
278 291
279 292
1 2
2 3
3 4
3 5
3 6
6 7
3 8
8 9
9 10
8 11
11 12
12 13
11 14
14 15
14 16
11 17
17 18
17 19
17 20
20 21
17 22
17 23
17 24
17 25
17 26
26 27
26 28
28 29
29 30
30 31
29 32
32 33
32 34
32 35
35 36
36 37
32 38
38 39
38 40
38 41
28 42
42 43
43 44
28 45
28 46
46 47
28 48
17 49
17 50
17 51
51 52
11 53
8 54
54 55
55 56
55 57
54 58
8 59
59 60
60 61
3 62
62 63
63 64
62 65
65 66
65 67
62 68
62 69
62 70
2 71
2 72
72 73
73 74
74 75
75 76
75 77
74 78
73 79
72 80
80 81
81 82
82 83
82 84
84 85
84 86
82 87
81 88
80 89
80 90
72 91
72 92
92 93
92 94
72 95
95 96
96 97
96 98
98 99
96 100
72 101
101 102
102 103
102 104
101 105
2 106
2 107
2 108
2 109
109 110
109 111
111 112
111 113
40 114
34 115
34 116
33 117
33 118
32 119
32 120
33 121
33 122
39 123
38 124
41 125
38 126
38 127
32 128
32 129
29 130
35 131
36 132
35 133
37 134
36 135
35 136
29 137
32 138
15 139
28 140
47 141
45 142
45 143
46 144
30 145
30 146
28 147
28 148
48 149
28 150
28 151
43 152
28 153
43 154
42 155
44 156
44 157
18 158
49 159
25 160
52 161
44 162
50 163
49 164
16 165
23 166
23 167
26 168
20 169
51 170
21 171
23 172
23 173
17 174
24 175
17 176
18 177
17 178
20 179
19 180
19 181
12 182
12 183
12 184
53 185
13 186
12 187
9 188
9 189
9 190
10 191
10 192
9 193
60 194
61 195
60 196
58 197
54 198
99 199
99 200
59 201
105 202
105 203
113 204
113 205
4 206
56 207
55 208
54 209
105 210
64 211
8 212
105 213
105 214
98 215
65 216
68 217
69 218
69 219
107 220
6 221
89 222
3 223
66 224
63 225
98 226
70 227
2 228
67 229
97 230
97 231
94 232
94 233
95 234
95 235
3 236
100 237
100 238
100 239
96 240
96 241
94 242
94 243
92 244
93 245
93 246
93 247
92 248
92 249
110 250
110 251
88 252
88 253
88 254
112 255
112 256
74 257
74 258
74 259
76 260
87 261
85 262
83 263
83 264
82 265
82 266
82 267
82 268
84 269
95 270
95 271
95 272
95 273
95 274
95 275
95 276
106 277
109 278
111 279
82 280
82 281
103 282
103 283
79 284
90 285
90 286
57 287
86 288
91 289
82 290
5 291
108 292
