196
280
280
217 225
214 29
215 79
212 39
213 259
211 214
265 141
218 137
132 124
131 13
137 242
135 207
134 129
138 119
225 140
24 77
25 217
26 0
27 10
20 108
22 105
23 212
160 5
28 154
29 256
161 68
0 247
4 254
8 8
163 204
119 30
120 58
262 164
122 82
123 169
124 4
126 67
127 106
129 49
268 72
220 183
59 220
58 36
55 167
54 273
56 20
51 7
53 103
259 142
164 190
199 203
198 18
200 149
195 43
196 180
190 213
193 27
192 134
115 271
114 234
117 71
89 250
111 232
110 56
113 243
176 16
82 239
83 69
80 24
86 221
87 143
85 28
207 157
256 151
206 61
177 176
254 147
7 89
247 278
245 160
244 44
108 158
246 22
241 127
240 144
243 87
242 248
103 202
101 132
106 209
107 186
271 47
105 2
39 23
33 263
31 131
30 177
37 26
36 215
35 276
34 63
223 51
60 163
61 76
63 37
64 53
65 19
179 229
67 193
68 222
69 95
250 187
251 198
173 240
172 238
171 54
170 206
203 211
222 85
181 275
248 200
183 25
180 123
2 135
186 231
187 267
184 196
185 55
189 173
99 42
98 11
169 80
229 17
228 153
91 96
93 218
167 223
95 171
94 251
221 60
96 179
11 110
10 241
13 64
14 99
17 74
16 45
19 59
18 189
273 115
204 126
275 65
151 1
153 228
276 14
154 138
157 111
158 33
278 91
238 262
239 279
279 237
234 244
235 192
237 161
231 185
232 184
48 260
49 195
47 120
44 98
45 268
42 117
43 245
40 113
1 93
5 48
147 114
144 170
202 107
142 101
143 181
140 235
141 86
209 94
149 172
77 35
76 70
74 83
72 122
71 34
70 31
79 199
263 246
260 40
267 265
224 216
216 217
212 214
216 215
252 212
212 213
249 210
210 211
166 165
266 264
266 265
219 218
226 219
145 133
133 132
130 131
156 130
136 137
201 136
136 135
133 134
148 139
139 138
174 166
25 24
32 25
25 26
25 27
21 20
32 21
21 22
21 23
159 160
25 28
25 29
162 161
1 0
3 4
9 8
162 163
118 119
270 271
274 258
121 120
130 121
121 122
121 123
125 124
126 125
139 126
128 127
146 128
128 129
270 269
269 268
168 167
148 118
57 59
57 58
52 55
52 54
62 57
57 56
50 51
52 50
52 53
62 52
258 259
165 164
205 201
197 199
178 179
201 200
194 195
208 194
205 197
188 178
194 191
191 190
191 193
191 192
116 115
112 114
92 88
88 89
112 111
109 110
112 113
118 112
81 82
84 83
81 80
92 81
84 86
88 87
92 84
84 85
249 251
197 198
257 256
205 206
227 226
258 257
32 3
178 177
253 254
6 7
241 247
272 273
258 255
224 225
241 245
241 244
104 108
125 109
255 241
241 240
241 243
241 242
109 102
104 103
102 100
100 101
104 106
104 107
109 104
104 105
38 39
43 38
32 33
46 32
32 31
25 30
38 37
90 36
36 35
32 34
241 246
255 252
252 205
219 223
175 176
57 60
57 61
71 62
62 63
62 64
66 65
92 66
66 67
88 68
68 69
194 175
188 174
171 173
171 172
178 171
171 170
201 203
219 222
182 181
255 253
249 248
241 182
182 183
178 180
3 2
165 162
186 187
185 184
12 6
219 220
241 186
249 250
188 189
201 202
194 196
219 221
197 185
100 99
97 98
174 168
168 169
230 229
227 228
92 91
92 90
92 93
97 92
92 95
92 94
102 97
92 96
12 11
9 10
12 13
32 12
32 15
15 14
15 17
15 16
15 19
15 18
249 188
116 117
118 116
277 274
201 204
274 275
150 151
152 150
152 153
208 152
175 155
155 154
156 157
166 156
171 159
159 158
280 277
233 234
257 238
238 239
277 279
205 207
236 235
257 236
236 237
257 230
230 231
230 232
257 233
226 224
46 48
50 49
71 46
46 47
43 44
46 45
41 42
52 43
41 40
52 41
15 1
6 5
32 9
277 272
155 146
146 147
145 144
150 145
139 142
139 143
139 140
139 141
210 209
241 208
171 148
148 149
78 77
75 76
90 75
75 74
81 73
73 72
73 71
71 70
277 278
78 79
88 78
264 263
253 249
261 262
233 227
264 261
272 270
261 260
274 276
266 267
269 266
