192
278
278
214 214
215 215
212 212
210 210
165 165
264 264
218 218
219 219
133 133
132 132
131 131
130 130
137 137
135 135
134 134
139 139
138 138
225 225
25 25
27 27
20 20
21 21
22 22
23 23
223 223
28 28
161 161
0 0
162 162
8 8
119 119
120 120
262 262
122 122
123 123
267 267
125 125
126 126
127 127
128 128
129 129
269 269
268 268
224 224
58 58
54 54
57 57
51 51
50 50
53 53
259 259
164 164
199 199
179 179
195 195
194 194
197 197
196 196
190 190
193 193
192 192
115 115
177 177
88 88
116 116
111 111
110 110
113 113
112 112
83 83
80 80
81 81
86 86
87 87
84 84
204 204
251 251
207 207
256 256
206 206
226 226
3 3
254 254
227 227
247 247
244 244
108 108
109 109
240 240
242 242
102 102
103 103
100 100
106 106
107 107
105 105
33 33
31 31
30 30
37 37
36 36
34 34
246 246
252 252
176 176
63 63
64 64
66 66
68 68
69 69
250 250
174 174
173 173
257 257
171 171
170 170
203 203
272 272
249 249
253 253
182 182
183 183
180 180
2 2
167 167
6 6
188 188
221 221
185 185
168 168
228 228
91 91
90 90
93 93
92 92
95 95
94 94
97 97
11 11
270 270
12 12
15 15
14 14
17 17
18 18
117 117
89 89
274 274
151 151
150 150
153 153
152 152
155 155
156 156
159 159
158 158
277 277
238 238
235 235
237 237
230 230
231 231
232 232
233 233
47 47
44 44
45 45
42 42
40 40
5 5
9 9
146 146
147 147
144 144
145 145
142 142
143 143
140 140
141 141
209 209
148 148
149 149
77 77
76 76
75 75
74 74
73 73
72 72
70 70
78 78
263 263
260 260
217 216
236 217
213 214
216 215
213 212
250 213
211 210
216 211
166 165
265 264
271 265
217 218
220 219
139 133
129 132
129 131
129 130
136 137
222 136
136 135
133 134
222 139
139 138
191 166
38 24
24 25
46 26
26 27
19 20
22 21
41 22
24 23
178 160
29 28
43 29
160 161
1 0
43 4
7 8
186 163
118 119
261 258
121 120
139 121
121 122
124 123
222 124
124 125
124 126
124 127
129 128
139 129
266 269
266 268
166 167
222 118
61 59
56 58
59 55
55 54
56 57
59 56
52 51
49 50
52 53
61 52
258 259
163 164
202 201
200 199
178 179
201 200
191 195
191 194
191 197
187 178
200 191
191 190
191 193
191 192
114 115
178 177
104 88
88 89
107 111
107 110
114 113
107 112
99 82
82 83
79 80
82 81
85 86
85 87
85 84
91 85
250 251
202 198
255 256
205 206
222 226
258 257
4 3
255 254
46 7
248 247
275 273
265 255
222 225
248 245
245 244
107 108
107 109
243 241
241 240
245 243
241 242
101 102
101 103
101 100
118 101
107 106
124 107
116 104
104 105
49 39
60 38
32 33
41 32
32 31
29 30
38 37
35 36
56 35
35 34
245 246
222 114
250 252
211 205
222 223
175 176
62 60
62 61
65 62
67 63
63 64
74 65
65 66
82 67
67 68
67 69
184 175
175 174
172 173
187 172
172 171
169 170
202 203
243 222
191 181
250 253
273 271
181 182
181 183
181 180
1 2
163 162
198 187
198 184
7 6
229 220
189 186
189 188
201 189
205 202
191 196
220 221
186 185
107 99
99 98
169 168
184 169
234 229
222 228
99 91
91 90
91 93
91 92
96 95
91 94
96 97
98 96
10 11
43 10
39 13
13 12
16 15
13 14
16 17
60 16
39 19
19 18
118 117
278 250
239 116
273 274
205 204
276 275
139 151
139 150
154 153
139 152
154 155
191 154
191 157
157 156
160 159
157 158
276 277
236 234
239 238
243 239
208 207
236 235
250 236
236 237
229 230
229 231
229 232
234 233
222 224
59 48
55 49
59 46
48 47
43 44
46 45
41 42
56 43
39 40
48 41
26 1
4 5
10 9
273 272
139 146
139 147
139 144
139 145
139 142
139 143
139 140
139 141
208 209
216 208
139 148
139 149
74 77
74 76
74 75
96 74
74 73
71 72
74 71
71 70
278 248
98 79
79 78
261 263
250 249
261 262
222 227
266 261
271 270
261 260
278 276
266 267
275 266
