98
175
0
143 2
141 4
138 7
86 10
88 11
136 12
126 15
128 17
117 20
119 21
120 22
132 28
130 29
133 30
107 33
109 34
113 36
95 41
96 43
92 46
97 47
93 48
98 49
111 50
116 52
114 53
102 64
100 65
104 66
103 68
106 69
79 71
78 72
89 73
77 77
84 78
81 80
91 81
83 82
85 84
82 87
80 88
75 91
76 92
70 94
72 95
62 99
64 100
68 101
67 103
65 104
57 110
58 111
59 112
56 113
51 115
48 118
44 120
42 121
45 124
47 125
37 129
36 134
35 135
33 136
30 138
32 139
5 144
3 145
12 146
26 147
24 150
19 153
21 154
28 156
25 157
0 162
2 162
6 165
8 167
9 168
10 169
18 172
16 175
15 176
13 177
27 179
23 180
39 181
41 182
53 186
55 187
74 188
60 189
131 190
122 193
125 194
124 195
0 1
1 2
1 3
3 4
3 5
5 6
6 7
6 8
8 9
9 10
9 11
8 12
5 13
13 14
14 15
14 16
16 17
16 18
18 19
19 20
19 21
18 22
13 23
23 24
24 25
25 26
26 28
26 29
26 30
25 31
31 32
32 33
32 34
31 35
35 36
35 37
37 38
38 39
39 40
40 41
40 43
40 44
44 45
45 46
45 47
44 48
39 49
38 50
37 51
51 52
51 53
24 54
54 55
55 57
57 58
58 60
60 64
60 65
60 66
60 68
60 69
60 70
70 71
70 72
58 73
58 74
74 77
74 78
74 79
79 80
79 81
74 82
57 83
83 84
83 85
85 86
86 87
86 88
85 89
89 90
90 91
90 92
89 93
93 94
93 95
55 96
96 97
97 98
98 99
98 100
97 101
96 102
102 103
102 104
55 105
105 106
106 107
107 108
108 109
109 110
109 111
108 112
107 113
106 114
114 115
114 117
117 118
117 119
119 120
119 121
114 122
122 123
123 124
123 125
122 126
126 127
127 129
127 130
130 131
131 133
133 134
133 135
131 136
131 137
137 138
137 139
130 140
140 142
142 143
143 144
143 145
142 146
140 147
140 149
149 150
149 151
151 152
152 153
152 154
151 155
155 156
155 157
140 159
159 160
160 161
161 162
161 165
160 166
166 167
166 168
159 169
140 171
171 172
171 173
173 174
174 175
174 176
173 177
140 179
140 180
127 181
126 182
105 183
183 184
184 185
185 186
185 187
184 188
183 189
54 190
23 191
191 192
192 193
192 194
191 195
