98
179
0
138 3
132 7
133 10
130 12
131 14
91 16
81 18
84 20
89 22
74 24
60 27
59 29
57 30
58 31
56 32
51 34
45 37
47 39
41 41
39 43
37 45
35 47
33 48
36 50
28 52
25 55
27 57
23 58
18 60
16 62
15 63
13 64
10 66
9 68
8 69
6 70
2 72
0 73
21 75
19 76
24 78
26 80
12 82
5 84
3 85
32 87
30 88
48 90
44 92
42 93
55 95
53 96
83 100
104 103
103 104
102 105
106 107
100 108
79 110
78 111
85 113
75 115
72 117
76 119
70 120
82 122
80 123
77 125
68 128
64 130
62 131
67 133
65 134
113 137
111 139
98 141
97 143
93 146
92 147
96 149
95 150
116 152
114 153
109 155
107 156
126 158
128 160
120 162
119 164
117 165
124 167
125 169
122 170
143 172
141 174
136 176
88 178
86 179
0 1
1 2
2 3
2 4
4 5
5 6
6 7
6 8
8 9
9 10
9 11
11 12
11 13
13 14
13 15
15 16
15 17
17 18
17 19
19 20
19 21
21 22
21 23
23 24
23 25
25 26
26 27
26 28
28 29
28 30
28 31
28 32
28 33
33 34
33 35
35 36
36 37
36 38
38 39
38 40
40 41
40 42
42 43
42 44
44 45
44 46
46 47
46 48
46 49
49 50
49 51
51 52
51 53
53 54
54 55
54 56
56 57
56 58
56 59
59 60
59 61
61 62
61 63
61 64
54 65
65 66
65 67
67 68
67 69
67 70
67 71
71 72
71 73
54 74
74 75
74 76
53 77
77 78
77 79
79 80
79 81
81 82
81 83
83 84
83 85
46 86
86 87
86 88
35 89
89 90
89 91
91 92
91 93
25 94
94 95
94 96
17 97
97 98
98 99
99 100
99 101
101 102
102 103
102 104
102 105
102 106
106 107
106 108
101 109
109 110
109 111
98 112
112 113
112 114
114 115
114 116
116 117
116 118
118 119
118 120
112 121
121 122
121 123
97 124
124 125
124 126
126 127
127 128
127 129
129 130
129 131
126 132
132 133
132 134
8 135
135 136
136 137
136 138
138 139
138 140
140 141
140 142
142 143
142 144
144 145
145 146
145 147
144 148
148 149
148 150
136 151
151 152
151 153
135 154
154 155
154 156
5 157
157 158
157 159
159 160
159 161
161 162
161 163
163 164
163 165
4 166
166 167
166 168
168 169
168 170
1 171
171 172
171 173
173 174
173 175
175 176
175 177
177 178
177 179
