98
165
0
138 3
130 7
133 8
132 9
131 11
91 13
104 15
103 16
102 17
81 18
85 19
83 20
79 21
78 22
84 24
89 26
74 28
60 31
59 33
57 34
58 35
56 36
51 38
45 41
47 43
41 45
39 47
37 49
35 51
33 52
36 54
28 56
25 58
10 60
9 62
8 63
6 64
2 66
0 67
27 69
23 70
18 72
16 74
15 75
13 76
24 78
26 80
12 82
5 84
3 85
21 87
19 88
32 90
30 91
48 93
44 95
42 96
55 98
53 99
77 101
68 104
64 106
62 107
67 109
65 110
75 112
72 113
76 115
70 116
82 118
80 119
106 121
100 122
113 124
111 126
98 128
97 130
93 132
92 133
96 135
95 136
116 138
114 139
109 141
107 142
126 144
128 146
120 148
119 150
117 151
124 153
125 155
122 156
143 158
141 160
136 162
88 164
86 165
0 1
1 2
2 3
2 4
4 5
5 6
6 7
6 8
6 9
6 10
10 11
10 12
12 13
12 14
14 15
14 16
14 17
14 18
14 19
14 20
14 21
14 22
14 23
23 24
23 25
25 26
25 27
27 28
27 29
29 30
30 31
30 32
32 33
32 34
32 35
32 36
32 37
37 38
37 39
39 40
40 41
40 42
42 43
42 44
44 45
44 46
46 47
46 48
48 49
48 50
50 51
50 52
50 53
53 54
53 55
55 56
55 57
57 58
57 59
59 60
59 61
61 62
61 63
61 64
61 65
65 66
65 67
57 68
68 69
68 70
68 71
71 72
71 73
73 74
73 75
73 76
57 77
77 78
77 79
79 80
79 81
81 82
81 83
83 84
83 85
57 86
86 87
86 88
50 89
89 90
89 91
39 92
92 93
92 94
94 95
94 96
29 97
97 98
97 99
14 100
100 101
100 102
102 103
103 104
103 105
105 106
105 107
102 108
108 109
108 110
14 111
111 112
111 113
111 114
114 115
114 116
14 117
117 118
117 119
14 120
120 121
120 122
6 123
123 124
123 125
125 126
125 127
127 128
127 129
129 130
129 131
131 132
131 133
131 134
134 135
134 136
123 137
137 138
137 139
6 140
140 141
140 142
5 143
143 144
143 145
145 146
145 147
147 148
147 149
149 150
149 151
4 152
152 153
152 154
154 155
154 156
1 157
157 158
157 159
159 160
159 161
161 162
161 163
163 164
163 165
