98
156
0
81 15
77 18
84 20
82 25
80 26
74 29
60 32
59 35
57 33
56 39
58 40
51 42
48 45
44 47
42 48
47 51
41 53
39 55
37 60
35 62
32 64
30 65
36 66
33 67
28 69
12 74
5 77
3 78
26 79
27 84
18 86
16 88
15 90
13 91
23 92
21 94
19 95
10 97
9 100
6 102
2 104
0 105
8 106
24 107
25 108
45 109
55 111
53 112
68 114
64 117
62 118
67 120
65 121
89 122
91 123
85 125
75 126
76 129
72 131
70 132
83 133
79 12
78 136
103 138
102 139
100 140
104 141
106 142
131 143
133 145
132 147
116 151
114 152
113 154
111 156
98 158
96 161
95 162
97 164
93 166
92 163
109 169
107 170
130 171
125 174
122 175
124 176
128 179
126 180
120 182
119 184
117 185
138 186
141 189
136 191
88 193
86 194
143 195
0 1
1 2
2 3
3 4
4 5
5 6
6 7
7 8
8 9
9 10
10 12
12 13
13 15
15 18
15 20
20 23
23 24
24 25
24 26
23 28
28 29
28 30
30 32
30 33
33 35
33 39
33 40
33 41
41 42
41 43
43 44
44 45
44 46
46 47
46 48
43 49
49 50
50 51
50 52
52 53
52 54
54 55
54 56
56 60
56 62
56 63
63 64
63 65
56 66
56 67
56 68
68 69
68 70
70 73
73 74
74 76
76 77
76 78
73 79
70 82
82 84
82 85
85 86
85 87
87 88
87 90
87 91
82 92
70 93
93 94
93 95
70 96
96 97
96 98
98 100
98 102
98 103
103 104
103 105
98 106
70 107
70 108
49 109
30 110
110 111
110 112
23 113
113 114
114 116
116 117
116 118
113 119
119 120
119 121
20 122
15 123
13 125
13 126
126 129
126 130
130 131
130 132
13 133
12 136
10 138
10 139
10 140
9 141
8 142
7 143
6 145
6 147
6 148
148 149
149 150
150 151
150 152
149 154
149 155
155 156
155 157
157 158
157 159
159 161
159 162
159 163
163 164
163 166
148 168
168 169
168 170
5 171
4 172
172 173
173 174
173 175
172 176
3 177
177 178
178 179
178 180
177 181
181 182
181 183
183 184
183 185
2 186
1 187
187 188
188 189
188 190
190 191
190 192
192 193
192 194
187 195
