98
98
98
0 0
2 1
3 2
5 3
6 4
8 5
9 6
10 7
12 8
13 9
15 10
16 11
18 12
19 13
21 14
23 15
24 16
25 17
26 18
27 19
28 20
30 21
32 22
33 23
35 24
36 25
37 26
39 27
41 28
42 29
44 30
45 31
47 32
48 33
51 34
53 35
55 36
56 37
58 38
57 39
59 40
60 41
62 42
64 43
65 44
67 45
68 46
70 47
72 48
74 49
76 50
75 51
77 52
78 53
79 54
80 55
82 56
83 57
81 58
84 59
85 60
86 61
88 62
89 63
91 64
92 65
93 66
95 67
96 68
97 69
98 70
100 71
102 72
103 73
104 74
106 75
107 76
109 77
111 78
113 79
114 80
116 81
117 82
119 83
120 84
122 85
124 86
125 87
126 88
128 89
130 90
131 91
132 92
133 93
136 94
138 95
141 96
143 97
98 96
98 95
98 97
96 62
62 61
61 94
98 90
90 77
77 76
90 93
90 75
75 54
54 53
54 58
58 52
58 59
54 72
54 57
54 60
54 73
54 51
51 48
54 74
58 64
59 56
48 47
51 50
54 55
52 46
46 43
46 42
59 39
39 37
39 38
39 40
39 41
39 34
39 31
31 28
28 26
26 21
21 22
21 23
21 24
21 25
26 27
31 32
59 49
59 71
39 35
35 36
31 29
29 30
90 92
29 33
46 44
90 80
80 81
46 45
76 79
25 18
18 8
8 2
8 3
8 12
12 9
9 11
9 10
18 20
8 15
18 4
4 1
1 0
4 6
4 5
18 19
0 7
8 16
18 17
18 13
18 14
59 63
39 91
79 78
78 70
90 86
86 85
85 87
80 89
70 65
65 69
65 66
65 68
65 67
54 88
89 84
84 83
83 82
