98
144
144
133 32
132 55
131 72
130 19
136 23
138 36
24 85
25 30
26 25
27 100
21 51
23 138
28 107
0 79
8 81
119 143
120 102
122 53
124 65
125 111
126 77
128 56
59 83
58 113
55 59
57 136
56 42
51 35
53 95
114 39
117 106
116 122
111 70
113 120
82 75
83 0
80 57
81 62
86 128
84 15
85 117
3 125
109 93
102 67
103 60
100 82
106 88
107 27
104 103
39 10
33 97
32 124
30 89
37 6
36 37
35 74
60 98
62 48
64 133
65 119
67 33
68 80
2 132
6 41
98 2
91 78
93 96
92 68
95 141
97 9
96 5
10 13
13 92
12 21
15 12
16 84
19 76
18 8
88 18
89 114
48 64
47 109
44 58
45 24
42 126
41 91
5 130
9 28
143 116
141 3
77 44
76 131
75 86
74 26
72 104
70 16
79 47
78 45
129 133
129 132
129 131
129 130
140 137
137 136
139 135
135 134
140 139
139 138
22 24
22 25
22 26
22 27
22 20
20 21
29 22
22 23
29 28
34 29
1 0
12 4
7 8
137 87
118 119
121 120
127 121
123 122
134 123
123 124
123 125
127 126
134 127
127 128
135 129
57 59
57 58
54 55
61 54
61 57
57 56
52 51
52 50
54 53
57 52
129 115
115 114
87 88
90 89
110 111
129 110
112 113
129 112
81 82
81 83
81 80
101 81
87 86
121 118
81 84
81 85
4 3
11 7
112 108
108 109
101 102
101 103
101 100
105 101
105 106
108 107
101 104
129 105
40 39
40 38
34 33
31 32
34 31
31 30
38 37
34 36
34 35
38 34
61 60
73 61
63 62
68 63
63 64
66 65
69 66
66 67
69 68
77 69
1 2
7 6
110 99
99 98
90 91
101 90
92 93
94 92
94 95
99 94
94 97
94 96
22 11
11 10
14 13
22 12
14 15
17 14
22 17
14 16
20 19
17 18
118 117
115 116
49 48
50 49
50 46
46 47
43 44
46 45
43 42
49 43
46 40
40 41
7 1
4 5
7 9
144 142
142 143
142 140
142 141
81 77
75 76
81 75
73 74
81 73
71 72
75 71
71 70
101 79
79 78
