98
195
0
143 3
138 5
141 7
136 9
86 11
88 12
126 15
128 17
120 19
117 21
119 22
124 25
122 27
125 28
131 30
130 32
133 34
114 39
116 40
113 42
111 44
98 46
95 49
96 50
92 52
97 54
93 55
109 57
107 58
132 60
106 62
91 64
104 66
102 68
103 70
100 72
79 74
78 76
70 81
72 82
75 83
76 84
80 87
82 88
85 90
83 92
81 94
62 99
64 100
68 102
65 104
67 105
77 106
84 108
89 110
74 112
55 115
53 116
60 118
56 120
57 122
58 124
59 126
51 128
48 131
44 133
42 134
45 136
47 138
41 140
39 142
37 144
33 147
32 149
30 150
35 152
36 154
28 156
12 160
3 162
5 163
26 164
24 167
25 168
23 171
27 173
13 176
16 178
15 179
18 180
19 183
21 184
10 186
9 188
6 190
8 192
2 194
0 195
0 1
1 2
2 3
2 4
4 5
4 6
6 7
6 8
8 9
8 10
10 11
10 12
1 13
13 14
14 15
14 16
16 17
16 18
18 19
18 20
20 21
20 22
13 23
23 24
24 25
24 26
26 27
26 28
23 29
29 30
29 31
31 32
31 33
33 34
33 35
35 36
36 37
37 38
38 39
38 40
37 41
41 42
41 43
43 44
43 45
45 46
45 47
47 48
48 49
48 50
47 51
51 52
51 53
53 54
53 55
36 56
56 57
56 58
35 59
59 60
59 61
61 62
61 63
63 64
63 65
65 66
65 67
67 68
67 69
69 70
69 71
71 72
71 73
73 74
73 75
75 76
75 77
77 78
78 79
79 80
80 81
80 82
79 83
78 84
77 85
85 86
86 87
86 88
85 89
89 90
89 91
91 92
91 93
93 94
93 95
95 96
96 97
97 98
98 99
98 100
97 101
101 102
101 103
103 104
103 105
96 106
95 107
107 108
107 109
109 110
109 111
111 112
111 113
113 114
114 115
114 116
113 117
117 118
117 119
119 120
119 121
121 122
121 123
123 124
123 125
125 126
125 127
127 128
127 129
129 130
130 131
130 132
132 133
132 134
129 135
135 136
135 137
137 138
137 139
139 140
139 141
141 142
141 143
143 144
143 145
145 146
146 147
146 148
148 149
148 150
145 151
151 152
151 153
153 154
153 155
155 156
155 157
157 158
158 159
159 160
159 161
161 162
161 163
158 164
157 165
165 166
166 167
166 168
165 169
169 170
170 171
170 172
172 173
172 174
174 175
175 176
175 177
177 178
177 179
174 180
169 181
181 182
182 183
182 184
181 185
185 186
185 187
187 188
187 189
189 190
189 191
191 192
191 193
193 194
193 195
