98
157
0
143 3
138 5
141 7
136 9
86 11
88 12
126 15
128 17
120 19
117 21
119 22
124 25
122 27
125 28
131 30
130 32
133 34
114 39
116 40
113 42
111 44
98 46
95 49
96 50
92 51
97 54
93 55
109 57
107 58
132 60
106 62
91 64
104 66
102 68
103 70
100 72
79 73
78 76
70 81
72 82
75 78
76 84
80 87
82 88
85 90
83 92
81 91
62 99
64 100
68 101
65 104
67 105
77 96
84 107
89 110
74 112
55 115
53 116
60 118
56 120
57 119
58 124
59 126
51 128
48 131
44 133
42 134
45 136
47 138
41 140
39 142
37 144
33 147
32 149
30 150
35 152
36 154
28 156
12 159
3 162
5 163
26 164
24 167
25 168
23 171
27 173
13 176
16 178
15 179
18 180
19 183
21 184
10 186
9 188
6 190
8 192
2 194
0 195
0 1
1 2
2 3
2 4
4 5
4 6
6 7
6 8
8 9
8 10
10 11
10 12
1 13
13 14
14 15
14 16
16 17
16 18
18 19
18 20
20 21
20 22
13 23
23 24
24 25
24 26
26 27
26 28
23 29
29 30
29 31
31 32
31 33
33 34
33 36
36 37
37 38
38 39
38 40
37 42
37 43
43 44
43 45
45 46
45 47
47 49
47 50
47 51
51 54
51 55
36 56
56 57
56 58
33 60
33 61
61 62
61 64
61 66
61 67
67 68
67 70
67 72
67 73
73 76
73 77
77 78
78 80
80 81
80 82
78 84
77 86
86 87
86 88
77 90
77 91
91 92
91 96
96 97
97 98
98 99
98 100
97 101
101 103
103 104
103 105
91 107
107 109
109 110
109 111
111 112
111 113
113 114
114 115
114 116
113 118
113 119
119 120
119 124
119 126
119 127
127 128
127 129
129 130
130 131
130 132
132 133
132 134
129 135
135 136
135 137
137 138
137 139
139 140
139 141
141 142
141 143
143 144
143 145
145 147
145 148
148 149
148 150
145 152
145 153
153 154
153 155
155 156
155 157
157 158
158 159
159 161
161 162
161 163
158 164
157 167
157 168
157 170
170 171
170 173
170 174
174 175
175 176
175 178
175 179
174 180
157 182
182 183
182 184
157 185
185 186
185 187
187 188
187 190
187 192
187 193
193 194
193 195
