98
144
144
133 133
132 132
131 131
130 130
136 136
138 138
24 24
25 25
26 26
27 27
21 21
23 23
28 28
0 0
8 8
119 119
120 120
122 122
124 124
125 125
126 126
128 128
59 59
58 58
55 55
57 57
56 56
51 51
53 53
114 114
117 117
116 116
111 111
113 113
82 82
83 83
80 80
81 81
86 86
84 84
85 85
3 3
109 109
102 102
103 103
100 100
106 106
107 107
104 104
39 39
33 33
32 32
30 30
37 37
36 36
35 35
60 60
62 62
64 64
65 65
67 67
68 68
2 2
6 6
98 98
91 91
93 93
92 92
95 95
97 97
96 96
10 10
13 13
12 12
15 15
16 16
19 19
18 18
88 88
89 89
48 48
47 47
44 44
45 45
42 42
41 41
5 5
9 9
143 143
141 141
77 77
76 76
75 75
74 74
72 72
70 70
79 79
78 78
129 133
129 132
129 131
129 130
140 137
137 136
139 135
135 134
140 139
139 138
22 24
22 25
22 26
22 27
22 20
20 21
29 22
22 23
29 28
34 29
1 0
12 4
7 8
137 87
118 119
121 120
127 121
123 122
134 123
123 124
123 125
127 126
134 127
127 128
135 129
57 59
57 58
54 55
61 54
61 57
57 56
52 51
52 50
54 53
57 52
129 115
115 114
87 88
90 89
110 111
129 110
112 113
129 112
81 82
81 83
81 80
101 81
87 86
121 118
81 84
81 85
4 3
11 7
112 108
108 109
101 102
101 103
101 100
105 101
105 106
108 107
101 104
129 105
40 39
40 38
34 33
31 32
34 31
31 30
38 37
34 36
34 35
38 34
61 60
73 61
63 62
68 63
63 64
66 65
69 66
66 67
69 68
77 69
1 2
7 6
110 99
99 98
90 91
101 90
92 93
94 92
94 95
99 94
94 97
94 96
22 11
11 10
14 13
22 12
14 15
17 14
22 17
14 16
20 19
17 18
118 117
115 116
49 48
50 49
50 46
46 47
43 44
46 45
43 42
49 43
46 40
40 41
7 1
4 5
7 9
144 142
142 143
142 140
142 141
81 77
75 76
81 75
73 74
81 73
71 72
75 71
71 70
101 79
79 78
