48
80
80
54 68
42 4
61 32
62 20
49 14
66 48
68 13
52 31
25 39
26 34
20 77
22 57
23 73
46 22
45 52
28 54
40 40
1 19
0 25
2 71
4 62
7 16
6 36
9 7
51 75
39 6
77 10
75 65
73 1
71 59
70 30
79 66
11 23
10 2
13 9
59 46
14 79
16 70
19 28
32 26
31 45
30 42
37 37
36 51
34 11
48 61
57 49
65 0
58 56
55 54
43 42
47 48
53 50
63 60
60 61
60 62
64 63
69 64
50 49
67 66
72 67
67 68
78 69
53 52
29 24
24 25
27 26
29 27
21 20
29 21
21 22
24 23
47 46
55 47
60 44
44 45
27 28
41 29
41 40
44 41
3 1
1 0
5 3
3 2
8 5
3 4
8 7
5 6
8 9
12 8
80 78
50 51
60 33
60 43
60 35
38 39
76 77
78 76
74 75
43 38
74 73
78 72
72 71
69 70
58 59
80 79
63 58
12 11
8 10
12 13
15 12
17 15
15 14
18 17
17 16
18 19
31 32
33 31
29 30
38 37
35 36
55 53
33 34
56 55
76 74
35 18
56 57
64 65
