48
85
0
79 2
77 5
73 7
75 8
71 11
68 13
66 14
70 16
52 20
51 23
49 24
54 26
46 28
48 29
59 31
57 32
65 34
61 37
62 38
40 42
45 44
26 46
30 48
28 51
20 53
22 54
23 56
25 57
36 58
34 62
31 63
32 65
39 68
37 69
42 70
19 72
16 74
14 76
13 78
11 80
9 84
10 85
6 87
7 88
4 90
2 92
1 93
0 95
0 1
1 2
1 3
3 4
4 5
4 6
6 7
6 8
3 9
9 10
10 11
10 12
12 13
12 14
9 15
15 16
15 17
17 18
18 19
19 20
19 21
21 22
22 23
22 24
21 25
25 26
25 27
27 28
27 29
18 30
30 31
30 32
17 33
33 34
33 35
35 37
35 38
35 40
40 41
41 42
41 43
43 44
43 45
45 46
45 48
45 49
49 50
50 51
50 53
50 54
49 55
55 56
55 57
40 58
35 59
59 60
60 61
61 62
61 63
63 65
60 66
66 67
67 68
67 69
66 70
59 71
71 72
71 73
73 74
73 75
75 76
75 77
77 78
77 80
77 81
81 84
81 85
81 86
86 87
86 88
81 89
89 90
89 92
89 93
93 95
