198
291
0
193 26
188 27
194 28
186 30
185 29
191 32
190 34
169 36
168 38
166 39
203 43
183 45
181 47
162 49
160 50
177 56
140 58
139 57
176 63
174 64
172 65
173 68
171 69
175 52
158 72
151 74
157 76
155 77
154 79
153 80
150 85
149 86
147 87
128 89
126 90
145 95
143 93
144 97
141 99
131 101
129 102
138 107
136 109
135 110
137 112
117 113
116 118
108 120
115 116
114 123
111 126
82 128
77 131
74 132
71 136
69 145
44 147
42 148
64 150
55 152
53 153
68 154
52 156
50 157
63 159
61 161
60 163
59 162
66 138
49 171
48 173
47 174
40 178
38 179
39 180
15 181
22 190
20 191
17 192
5 193
4 196
3 195
19 198
18 199
16 201
14 202
21 203
6 210
7 209
35 212
34 214
32 218
30 219
31 220
25 221
13 228
11 229
10 230
12 231
8 232
28 234
27 236
26 233
2 239
0 240
23 241
33 242
36 243
45 244
73 245
58 247
56 248
76 249
110 250
113 252
100 254
95 256
88 258
94 262
91 264
89 265
92 266
86 267
133 271
123 272
122 274
118 276
107 281
106 279
105 283
103 285
101 287
97 289
84 291
81 293
80 295
78 296
119 298
121 299
125 300
134 301
165 303
163 304
192 305
208 308
207 311
204 312
197 313
187 315
180 318
178 319
206 320
211 322
209 323
215 325
214 324
217 328
212 329
220 331
196 335
199 336
202 337
200 332
201 340
232 343
230 344
226 346
224 347
251 350
229 351
250 352
218 353
223 356
221 357
227 358
255 359
252 361
248 363
240 366
244 370
238 371
241 373
237 375
235 376
246 377
234 379
233 378
262 381
265 382
273 383
261 385
259 387
258 389
256 390
268 392
266 393
270 394
272 395
0 1
1 2
2 3
3 4
4 6
6 7
7 8
8 9
9 10
10 12
12 13
13 16
16 19
19 26
19 27
19 28
19 29
29 30
19 32
19 34
19 35
35 36
35 37
37 38
37 39
19 41
41 42
42 43
42 44
44 45
44 46
46 47
46 48
48 49
48 50
41 51
51 52
52 55
55 56
55 57
57 58
52 63
52 64
52 65
65 68
65 69
52 71
71 72
72 74
71 75
75 76
75 77
52 78
78 79
78 80
51 81
81 85
81 86
81 87
81 88
88 89
88 90
81 91
91 93
93 95
93 97
91 98
98 99
98 101
98 102
91 103
103 107
103 109
103 110
103 111
111 112
111 113
113 116
116 118
118 120
116 123
116 124
124 125
125 126
125 127
127 128
127 130
130 131
130 132
127 133
133 134
134 136
136 138
138 140
140 142
142 144
144 145
144 146
146 147
146 148
142 150
142 151
151 152
151 153
142 154
140 155
155 156
155 157
140 158
158 159
158 161
158 162
162 163
138 166
166 168
168 171
168 173
168 174
168 175
175 178
175 179
175 180
175 181
181 189
189 190
189 191
181 192
181 193
193 195
195 196
181 198
181 199
181 201
181 202
181 203
168 204
204 206
206 208
208 209
209 210
208 212
206 214
206 217
217 218
217 219
206 220
206 221
206 222
222 223
223 224
224 228
224 229
224 230
224 231
224 232
223 233
233 234
233 236
222 238
238 239
238 240
204 241
204 242
166 243
166 244
134 245
134 246
246 247
246 248
133 249
124 250
113 251
251 252
251 253
253 254
253 255
255 256
255 257
257 258
257 259
259 262
259 263
263 264
263 265
259 266
259 267
103 268
268 270
270 271
270 272
268 273
273 274
273 276
276 278
278 279
279 281
279 283
278 284
284 285
284 286
286 287
286 288
288 289
288 290
290 291
290 292
292 293
292 295
292 296
273 297
297 298
297 299
268 300
103 301
19 302
302 303
302 304
19 305
16 306
306 308
306 311
306 312
306 313
313 315
315 317
317 318
317 319
306 320
16 322
16 323
16 324
324 325
13 327
327 328
327 329
13 331
13 332
332 334
334 335
334 336
332 337
332 340
13 341
341 343
341 344
341 345
345 346
345 347
12 350
12 351
12 352
10 353
10 354
354 355
355 356
355 357
354 358
9 359
8 360
360 361
360 362
362 363
362 364
364 366
364 367
367 369
369 370
369 371
367 372
372 373
372 374
374 375
374 376
367 377
364 378
378 379
7 381
6 382
4 383
4 384
384 385
384 386
386 387
386 388
388 389
388 390
3 391
391 392
391 393
2 394
1 395
