198
286
1
217 25
200 27
196 29
202 30
214 32
206 34
197 35
233 39
241 41
227 49
172 55
173 56
175 57
158 59
139 61
143 63
59 69
15 80
22 81
5 82
3 83
26 87
74 97
118 99
97 101
106 102
92 106
91 108
113 110
100 111
117 112
115 114
111 116
185 120
183 121
0 125
2 126
4 127
6 128
7 129
8 130
10 131
11 132
12 133
13 134
14 135
16 136
17 137
18 138
19 139
20 140
21 141
23 142
25 143
27 144
28 145
30 146
31 147
32 148
33 149
34 150
35 151
36 152
38 153
39 154
40 155
42 156
44 157
45 158
47 159
48 160
49 161
50 162
52 163
53 164
55 165
56 166
58 167
60 168
61 169
63 170
64 171
66 172
68 173
69 174
71 175
73 176
76 177
77 178
78 179
80 180
81 181
82 182
84 183
86 184
88 185
89 186
94 187
95 188
101 189
103 190
105 191
107 192
108 193
110 194
114 195
116 196
119 197
121 198
122 199
123 200
125 201
126 202
128 203
129 204
131 205
133 206
134 207
135 208
136 209
137 210
138 211
140 212
141 213
144 214
145 215
147 216
149 217
150 218
151 219
153 220
154 221
155 222
157 223
160 224
162 225
163 226
165 227
166 228
168 229
169 230
171 231
174 232
176 233
177 234
178 235
180 236
181 237
186 238
187 239
188 240
190 241
191 242
192 243
193 244
194 245
199 246
201 247
203 248
204 249
207 250
208 251
209 252
211 253
212 254
215 255
218 256
220 257
221 258
223 259
224 260
226 261
229 262
230 263
232 264
234 265
235 266
237 267
238 268
240 269
244 270
246 271
248 272
250 273
251 274
252 275
255 276
256 277
258 278
259 279
261 280
262 281
265 282
266 283
268 284
270 285
272 286
273 287
1 2
2 3
3 4
3 5
5 6
5 7
7 8
7 9
3 10
2 11
11 12
12 13
13 14
13 15
2 16
16 17
16 18
18 19
19 20
18 21
21 22
21 23
23 24
24 25
24 26
21 27
27 28
27 29
27 30
27 31
18 32
18 33
33 34
33 35
18 36
36 37
37 38
37 39
39 40
40 41
40 42
40 43
37 44
44 45
45 46
44 47
36 48
36 49
16 50
50 51
50 52
52 53
52 54
54 55
55 56
55 57
57 58
57 59
59 60
57 61
57 62
50 63
63 64
50 65
65 66
65 67
67 68
68 69
67 70
70 71
71 72
70 73
70 74
74 75
74 76
67 77
77 78
77 79
79 80
80 81
80 82
82 83
77 84
84 85
85 86
84 87
87 88
84 89
77 90
90 91
67 92
92 93
92 94
92 95
95 96
95 97
67 98
65 99
99 100
100 101
99 102
65 103
50 104
104 105
105 106
105 107
107 108
105 109
104 110
104 111
104 112
112 113
112 114
114 115
115 116
50 117
117 118
118 119
16 120
16 121
16 122
16 123
16 124
85 125
85 126
83 127
84 128
84 129
86 130
86 131
86 132
86 133
86 134
80 135
80 136
80 137
80 138
80 139
80 140
80 141
89 142
84 143
87 144
88 145
84 146
84 147
84 148
72 149
84 150
84 151
79 152
79 153
79 154
79 155
76 156
75 157
90 158
77 159
78 160
77 161
67 162
98 163
73 164
73 165
51 166
93 167
69 168
68 169
68 170
70 171
67 172
71 173
74 174
92 175
94 176
92 177
95 178
119 179
119 180
96 181
91 182
119 183
109 184
109 185
107 186
105 187
105 188
100 189
100 190
102 191
102 192
115 193
115 194
114 195
114 196
99 197
65 198
65 199
103 200
66 201
52 202
52 203
117 204
117 205
50 206
113 207
50 208
50 209
50 210
50 211
61 212
118 213
63 214
64 215
54 216
54 217
54 218
60 219
57 220
57 221
124 222
57 223
53 224
53 225
123 226
26 227
122 228
122 229
17 230
55 231
57 232
57 233
62 234
28 235
58 236
53 237
120 238
35 239
16 240
16 241
16 242
20 243
16 244
16 245
18 246
27 247
31 248
33 249
33 250
33 251
18 252
18 253
24 254
32 255
23 256
21 257
48 258
48 259
19 260
23 261
22 262
19 263
19 264
39 265
15 266
43 267
14 268
42 269
13 270
12 271
11 272
22 273
22 274
38 275
47 276
46 277
46 278
46 279
46 280
4 281
10 282
6 283
9 284
5 285
5 286
8 287
