198
274
274
217 211
214 212
215 145
212 58
265 63
211 155
218 60
133 177
227 272
131 266
137 273
136 197
135 227
134 134
139 55
138 25
25 209
26 105
27 18
20 30
21 217
22 123
23 143
160 255
28 11
0 80
4 111
8 162
220 10
119 52
121 220
122 135
123 73
125 140
126 39
128 92
129 165
268 154
224 234
59 172
58 64
55 38
56 196
50 5
53 110
52 40
259 261
199 42
200 186
194 0
197 48
196 178
191 126
190 244
193 153
192 94
115 193
114 23
88 21
89 157
111 114
110 246
113 20
176 176
82 138
181 223
80 187
81 34
86 139
118 128
84 169
204 166
251 129
207 71
256 17
206 259
226 258
3 233
177 47
7 147
273 68
244 206
108 26
246 270
241 188
240 215
103 230
100 183
101 250
106 256
107 56
105 14
39 76
38 119
33 237
32 235
31 19
30 61
36 185
35 251
34 66
252 50
223 149
60 241
61 81
258 199
63 136
64 103
66 4
178 192
68 107
69 203
175 78
174 174
173 13
172 89
171 32
255 229
203 137
272 100
248 113
183 194
180 53
2 16
162 221
187 141
6 208
186 45
188 116
202 108
221 224
185 238
168 226
169 8
229 3
91 27
165 202
166 82
92 95
95 190
94 151
97 171
163 101
11 175
10 163
13 180
12 59
15 173
14 160
17 191
16 265
19 214
18 268
117 262
116 49
151 158
150 31
153 207
155 22
154 15
157 133
158 91
238 36
234 150
235 33
237 7
230 168
232 181
233 6
48 121
49 2
47 117
44 97
45 35
42 86
40 44
5 115
201 218
147 248
144 144
145 28
250 74
143 84
140 200
141 201
209 106
208 118
149 122
77 204
76 88
74 77
73 125
71 131
78 12
262 232
261 240
270 252
266 69
219 216
216 217
213 214
213 215
213 212
216 213
249 210
210 211
164 165
269 264
264 265
219 218
249 219
132 133
146 132
130 131
142 130
132 137
132 136
132 135
132 134
175 139
132 138
167 166
29 24
24 25
41 26
26 27
15 20
15 21
15 22
24 23
161 160
26 28
41 29
182 161
1 0
3 4
9 8
164 163
118 119
274 271
257 258
124 120
120 121
120 122
124 123
132 124
124 125
127 126
148 127
127 128
130 129
271 269
267 268
170 167
120 118
62 59
57 58
54 55
67 54
72 57
57 56
65 51
51 50
54 53
51 52
260 259
216 164
200 201
200 199
187 179
219 200
200 195
189 194
205 197
179 178
189 191
189 190
189 193
189 192
117 115
115 114
87 88
90 89
109 111
109 110
112 113
117 112
83 82
120 83
79 80
79 81
87 86
93 87
85 84
98 85
249 251
200 198
257 256
205 206
225 226
260 257
5 3
175 177
263 254
29 7
253 247
271 273
254 255
249 225
247 245
245 244
109 108
115 109
242 241
239 240
245 243
243 242
104 102
104 103
99 100
102 101
118 106
106 107
118 104
106 105
37 39
37 38
29 33
29 32
29 31
29 30
46 37
37 36
29 35
29 34
245 246
253 252
210 205
222 223
175 176
59 60
62 61
70 62
62 63
65 64
70 65
70 66
70 67
67 68
67 69
198 175
175 174
172 173
175 172
172 171
189 170
200 203
249 222
182 181
254 253
247 248
184 182
184 183
179 180
1 2
161 162
197 187
195 184
7 6
219 220
185 186
189 188
210 189
200 202
195 196
222 221
189 185
112 99
102 98
167 168
170 169
228 229
249 228
90 91
93 90
96 93
93 92
96 95
93 94
98 97
99 96
9 11
9 10
9 13
9 12
37 15
15 14
15 17
15 16
15 19
15 18
132 117
249 250
115 116
205 204
152 151
148 150
152 153
175 152
156 155
152 154
156 157
159 156
175 159
159 158
233 234
239 238
243 239
205 207
236 235
242 236
236 237
231 230
249 231
231 232
245 233
225 224
46 48
46 49
66 46
46 47
43 44
46 45
43 42
67 43
37 40
46 41
29 1
15 5
29 9
271 272
148 146
148 147
143 144
143 145
146 142
146 143
139 140
142 141
210 209
205 208
198 148
148 149
75 77
75 76
83 75
75 74
72 73
75 72
72 71
72 70
85 79
79 78
264 263
254 249
263 262
228 227
260 261
271 270
269 260
271 267
267 266
