198
295
0
272 2
270 4
266 7
268 8
261 11
259 13
256 15
258 16
273 18
265 20
262 22
252 25
248 27
246 29
234 32
233 31
240 37
238 38
244 39
237 42
235 43
241 44
255 46
218 48
250 51
251 52
229 54
212 57
217 58
230 63
226 64
232 65
220 66
201 69
200 68
196 73
202 74
209 76
211 80
227 83
224 84
221 86
223 87
214 89
215 91
199 92
204 95
207 98
180 102
178 103
187 100
197 99
203 108
208 109
206 110
190 113
194 114
191 118
193 119
169 123
166 125
168 126
192 127
188 128
176 133
153 138
154 139
174 140
177 143
140 145
139 144
151 149
158 148
157 152
155 153
175 131
171 156
173 158
172 155
186 161
185 160
183 165
181 167
162 169
160 170
165 173
163 174
149 176
126 180
128 181
147 182
150 184
144 187
145 189
143 186
141 193
131 195
129 196
136 198
111 207
100 212
88 214
92 217
86 219
94 221
91 223
89 224
95 225
113 226
116 227
108 228
110 229
114 230
115 203
117 202
134 233
137 234
135 236
138 238
133 240
119 242
123 244
121 246
125 248
122 250
118 251
101 257
97 259
84 261
80 263
81 265
78 266
103 267
105 269
107 271
106 268
77 274
74 276
82 278
76 280
71 282
73 284
56 287
58 288
50 291
52 292
66 295
64 297
42 301
44 302
69 303
68 305
53 307
55 308
63 311
61 313
60 315
59 314
47 318
49 321
45 322
15 326
5 332
3 334
4 336
21 337
14 340
18 341
16 342
17 344
20 346
22 347
19 348
39 350
36 351
40 353
38 354
48 356
33 358
31 360
30 363
32 364
34 367
35 369
6 371
7 368
25 375
23 377
12 380
13 382
11 384
10 386
8 387
28 389
26 388
27 392
2 394
0 395
0 1
1 2
1 3
3 4
3 5
5 6
6 7
6 8
5 9
9 10
10 11
10 12
12 13
12 14
14 15
14 16
9 18
9 19
19 20
19 21
21 22
21 23
23 24
24 25
24 26
26 27
26 28
28 29
28 30
30 31
31 32
30 35
35 36
36 37
36 38
35 39
30 40
40 41
41 42
41 43
40 44
23 45
45 46
45 47
47 48
47 49
49 51
49 52
49 54
49 55
55 56
56 57
56 58
55 61
61 62
62 63
62 64
61 65
55 66
55 68
68 69
68 72
72 73
72 74
55 75
75 76
75 80
75 81
81 82
82 83
82 84
81 85
85 86
85 87
75 89
89 91
75 92
75 94
94 95
94 98
94 99
99 100
100 101
101 102
101 103
94 107
107 108
107 109
94 110
75 111
111 113
111 114
111 118
111 119
111 122
122 123
122 124
124 125
124 126
111 127
111 128
111 130
130 131
131 133
131 137
137 138
137 139
131 140
131 142
142 143
142 144
144 145
131 147
147 148
148 149
147 151
151 152
151 153
131 155
155 156
155 158
130 160
160 161
111 163
163 164
164 165
164 166
166 167
166 168
168 169
168 170
163 172
172 173
172 174
163 175
175 176
175 179
179 180
179 181
175 182
175 184
175 185
185 186
186 187
186 189
185 192
192 193
192 194
194 195
194 196
185 197
197 198
197 201
201 202
202 203
203 205
205 207
205 208
208 210
210 211
211 212
211 213
213 214
213 215
215 216
216 217
216 219
216 221
216 222
222 223
222 224
215 225
210 226
208 227
208 228
205 229
203 230
201 233
197 234
197 236
197 237
237 238
237 239
239 240
239 241
241 242
241 243
243 244
243 246
243 247
247 248
247 250
247 251
251 253
253 255
255 256
256 257
256 258
258 259
258 260
260 261
260 262
262 263
262 265
262 266
255 267
253 268
268 269
268 271
253 273
273 274
273 275
275 276
275 277
277 278
277 279
279 280
279 281
281 282
281 284
281 286
286 287
286 288
281 289
289 290
290 291
290 292
289 295
289 296
296 297
296 299
299 300
300 301
300 302
299 303
296 305
296 306
306 307
306 308
289 310
310 311
310 313
310 314
314 315
289 317
317 318
317 321
317 322
317 324
324 326
326 332
332 334
334 336
326 337
326 339
339 340
339 341
326 342
326 344
326 345
345 346
345 347
326 348
324 349
349 350
349 351
324 353
324 354
317 356
317 357
357 358
357 359
359 360
359 362
362 363
362 364
359 367
359 368
368 369
368 371
359 374
374 375
374 377
374 379
379 380
379 382
379 384
379 386
379 387
374 388
388 389
388 392
359 393
393 394
393 395
