193
252
250
217 217
214 214
215 215
212 212
213 213
210 210
211 211
218 218
219 219
132 132
131 131
137 137
136 136
134 134
139 139
24 24
25 25
27 27
20 20
21 21
22 22
23 23
160 160
28 28
29 29
161 161
0 0
4 4
8 8
119 119
122 122
123 123
125 125
126 126
128 128
129 129
167 167
59 59
55 55
54 54
57 57
56 56
51 51
50 50
53 53
201 201
198 198
200 200
195 195
194 194
197 197
178 178
191 191
193 193
192 192
115 115
114 114
117 117
202 202
110 110
113 113
112 112
82 82
181 181
80 80
81 81
86 86
165 165
85 85
251 251
206 206
226 226
177 177
7 7
244 244
247 247
246 246
241 241
240 240
102 102
103 103
100 100
106 106
107 107
104 104
105 105
32 32
31 31
30 30
37 37
36 36
35 35
34 34
252 252
205 205
223 223
60 60
62 62
63 63
65 65
179 179
67 67
68 68
176 176
175 175
174 174
173 173
172 172
171 171
170 170
249 249
182 182
183 183
180 180
2 2
162 162
187 187
184 184
185 185
188 188
189 189
196 196
221 221
99 99
168 168
169 169
229 229
228 228
164 164
90 90
93 93
92 92
95 95
94 94
97 97
163 163
11 11
10 10
13 13
15 15
14 14
17 17
18 18
88 88
204 204
151 151
150 150
153 153
152 152
155 155
154 154
157 157
159 159
158 158
238 238
239 239
234 234
236 236
237 237
230 230
231 231
232 232
233 233
224 224
48 48
49 49
46 46
47 47
45 45
42 42
43 43
40 40
41 41
1 1
5 5
146 146
147 147
144 144
145 145
142 142
143 143
140 140
141 141
208 208
148 148
149 149
76 76
74 74
73 73
71 71
70 70
78 78
227 227
235 216
216 217
209 214
216 215
209 212
209 213
209 210
209 211
166 165
216 218
220 219
135 133
133 132
130 131
133 130
138 137
135 136
141 135
135 134
138 139
141 138
178 166
101 24
24 25
46 26
26 27
19 20
22 21
38 22
24 23
156 160
26 28
30 29
156 161
1 0
3 4
9 8
156 163
118 119
121 120
124 121
121 122
124 123
127 124
124 125
124 126
130 127
127 128
130 129
166 167
120 118
58 59
77 58
111 55
55 54
58 57
55 56
52 51
46 50
52 53
101 52
156 164
199 201
207 199
178 179
199 200
190 195
190 194
235 197
182 178
190 191
209 190
190 193
190 192
116 115
111 114
87 88
109 89
118 111
109 110
111 113
111 112
79 82
89 83
79 80
79 81
87 86
101 87
89 84
84 85
250 251
199 198
207 206
225 226
46 3
166 177
6 7
248 247
242 225
248 245
245 244
124 108
124 109
242 241
235 240
250 243
243 242
101 102
101 103
101 100
120 101
101 106
108 107
101 104
101 105
55 39
84 38
96 33
33 32
30 31
39 30
38 37
35 36
118 35
33 34
245 246
250 252
203 205
222 223
166 176
61 60
111 61
61 62
64 63
108 64
64 65
83 66
66 67
69 68
111 69
166 175
166 174
166 173
166 172
166 171
166 170
235 203
225 222
178 181
250 248
190 182
182 183
178 180
3 2
156 162
186 187
182 184
26 6
235 220
199 186
235 188
188 189
203 202
197 196
222 221
186 185
98 99
111 98
166 168
166 169
225 229
225 228
98 91
91 90
91 93
91 92
91 95
91 94
98 97
98 96
12 11
9 10
12 13
66 12
12 15
12 14
16 17
46 16
79 19
19 18
116 117
118 116
203 204
150 151
156 150
152 153
156 152
156 155
152 154
156 157
166 156
156 159
156 158
235 234
235 238
235 239
216 207
243 235
235 236
235 237
225 230
225 231
225 232
225 233
225 224
46 48
46 49
118 46
46 47
91 44
44 45
83 42
44 43
39 40
42 41
79 1
6 5
16 9
141 146
141 147
141 144
141 145
141 142
141 143
141 140
156 141
220 209
209 208
141 148
150 149
91 77
75 76
96 75
75 74
72 73
101 72
72 71
69 70
111 79
77 78
250 249
225 227
