197
393
0
58 40
55 42
53 43
68 46
32 48
30 49
64 52
63 54
39 55
59 56
60 58
57 59
67 62
52 63
66 65
25 69
24 72
21 73
23 74
20 76
18 80
17 81
4 83
2 84
16 91
5 92
8 94
7 95
13 96
15 97
14 99
10 101
9 102
12 103
62 105
48 107
46 108
69 111
65 112
56 114
49 115
51 120
1 122
0 123
40 125
37 126
35 129
33 130
29 132
27 133
38 134
61 138
45 139
43 140
42 141
70 142
90 144
81 145
99 146
91 147
100 150
73 152
71 153
98 156
96 158
94 159
93 162
83 163
88 165
86 166
131 168
129 169
75 176
76 178
74 179
77 180
113 183
110 186
102 187
104 188
109 189
120 192
105 193
84 195
80 197
78 198
118 202
119 204
114 206
112 209
111 210
107 211
117 212
116 214
115 215
125 216
123 218
121 219
140 223
137 224
139 225
128 228
127 229
126 230
150 231
143 233
141 234
136 237
135 238
133 239
146 241
144 242
156 244
154 248
155 249
152 250
158 251
157 254
151 256
147 257
149 258
168 259
175 265
173 266
171 270
165 271
170 272
169 273
164 275
162 276
167 277
172 280
159 281
161 282
179 283
182 287
180 288
178 289
176 290
185 291
192 292
201 294
194 295
219 297
205 298
206 300
189 303
187 304
186 306
183 307
203 310
221 311
223 313
222 314
211 319
207 322
197 324
195 325
209 326
214 328
212 329
200 331
198 332
217 334
215 335
226 338
224 339
230 341
228 342
241 343
233 350
232 351
236 352
235 353
239 354
242 356
237 357
240 358
248 359
250 362
247 363
245 365
243 366
272 371
270 372
269 373
267 374
266 376
264 378
257 382
254 386
253 387
251 388
255 389
259 390
263 392
261 393
0 1
1 2
2 3
3 4
4 5
5 6
6 7
7 8
8 9
9 10
10 11
11 12
12 13
13 14
14 15
15 16
16 17
17 18
18 19
19 20
20 21
21 22
22 23
23 24
24 25
25 26
26 27
27 28
28 29
29 30
30 31
31 32
32 33
33 34
34 35
35 36
36 37
37 38
38 39
39 40
39 41
41 42
41 43
38 44
44 45
45 46
45 47
47 48
47 49
44 50
50 51
51 52
51 53
53 54
53 55
50 56
37 57
57 58
57 59
36 60
60 61
61 62
61 63
60 64
64 65
64 66
66 67
67 68
68 69
68 70
70 71
71 72
71 73
70 74
67 75
75 76
75 77
77 78
78 79
79 80
79 81
78 82
82 83
82 84
77 85
85 86
86 87
87 88
88 89
89 90
90 91
90 92
89 93
93 94
93 95
88 96
87 97
86 98
98 99
98 100
100 101
100 102
85 103
66 104
104 105
104 106
106 107
106 108
35 109
109 110
110 111
110 112
109 113
113 114
113 115
34 116
116 117
117 118
118 119
119 120
119 121
121 122
121 123
118 124
124 125
124 126
117 127
127 128
128 129
128 130
127 131
131 132
131 133
116 134
33 135
135 136
136 137
137 138
137 139
136 140
135 141
32 142
31 143
143 144
143 145
30 146
29 147
28 148
148 149
149 150
149 151
151 152
151 153
148 154
154 155
155 156
155 157
157 158
157 159
154 160
160 161
161 162
161 163
160 164
164 165
164 166
27 167
167 168
167 169
26 170
170 171
171 172
172 173
173 174
174 175
175 176
175 177
177 178
177 179
174 180
173 181
181 182
182 183
182 184
184 185
185 186
185 187
184 188
181 189
172 190
190 191
191 192
191 193
190 194
194 195
194 196
196 197
196 198
171 199
199 200
200 201
201 202
201 203
203 204
203 205
205 206
205 207
207 208
208 209
208 210
207 211
200 212
199 213
213 214
213 215
170 216
25 217
217 218
217 219
24 220
220 221
221 222
222 223
222 224
221 225
220 226
226 227
227 228
227 229
226 230
23 231
22 232
232 233
232 234
21 235
235 236
236 237
236 238
235 239
20 240
240 241
240 242
19 243
243 244
243 245
245 246
246 247
247 248
247 249
246 250
245 251
18 252
252 253
253 254
253 255
255 256
255 257
252 258
17 259
16 260
260 261
261 262
262 263
263 264
264 265
264 266
263 267
267 268
268 269
269 270
269 271
268 272
267 273
262 274
274 275
274 276
261 277
260 278
278 279
279 280
279 281
278 282
15 283
14 284
284 285
285 286
286 287
286 288
285 289
284 290
13 291
12 292
11 293
293 294
293 295
10 296
296 297
296 298
9 299
299 300
299 301
301 302
302 303
302 304
301 305
305 306
305 307
8 308
308 309
309 310
309 311
308 312
312 313
312 314
7 315
315 316
316 317
317 318
318 319
318 320
320 321
321 322
321 323
323 324
323 325
320 326
317 327
327 328
327 329
316 330
330 331
330 332
315 333
333 334
333 335
6 336
336 337
337 338
337 339
336 340
340 341
340 342
5 343
4 344
344 345
345 346
346 347
347 348
348 349
349 350
349 351
348 352
347 353
346 354
345 355
355 356
355 357
344 358
3 359
2 360
360 361
361 362
361 363
360 364
364 365
364 366
1 367
367 368
368 369
369 370
370 371
370 372
369 373
368 374
367 375
375 376
375 377
377 378
377 379
379 380
380 381
381 382
381 383
383 384
384 385
385 386
385 387
384 388
383 389
380 390
379 391
391 392
391 393
