197
273
273
217 198
214 158
215 157
212 109
211 7
264 81
219 144
133 189
164 149
131 125
137 56
136 240
135 64
165 27
139 253
24 205
25 91
27 254
20 151
21 197
23 60
29 49
161 176
0 150
4 236
8 167
120 169
121 46
261 133
123 100
267 242
125 80
126 2
127 212
128 78
129 1
269 187
59 0
58 257
55 104
57 211
56 152
51 168
53 194
52 264
259 161
201 110
179 129
200 21
195 66
194 42
197 30
178 123
203 143
192 248
115 263
114 192
88 207
116 219
111 33
110 73
113 141
112 139
83 154
80 266
81 239
86 39
118 259
84 230
198 267
206 58
226 206
257 270
254 55
7 84
255 117
245 24
247 162
109 37
241 59
240 272
243 178
242 17
102 15
100 226
107 250
104 61
105 170
39 245
38 98
33 228
32 102
224 8
30 180
37 71
35 235
176 53
60 115
61 164
62 128
63 147
64 155
65 14
66 83
67 40
68 67
69 156
175 112
251 51
173 255
172 69
171 9
170 96
222 251
253 5
248 214
182 74
183 45
180 247
2 90
186 173
187 111
185 48
250 183
189 68
221 261
99 200
98 243
168 57
169 114
228 135
91 203
90 113
93 32
167 223
223 175
94 94
162 165
96 195
10 76
13 172
12 241
15 118
14 25
17 269
16 232
18 209
117 119
151 77
150 224
152 201
155 140
154 136
157 65
156 63
159 107
158 29
239 120
207 99
235 126
236 137
237 13
230 146
232 18
233 185
48 35
49 131
46 38
119 86
45 233
42 116
43 93
40 127
1 52
5 23
9 179
272 10
146 88
147 217
144 75
205 159
143 237
140 16
141 43
209 20
149 186
77 121
76 171
75 222
74 215
73 221
71 62
70 182
78 105
263 4
270 12
266 70
227 216
216 217
213 214
216 215
213 212
218 213
213 210
210 211
262 264
268 265
227 218
220 219
134 133
138 132
130 131
132 130
138 137
134 136
134 135
166 165
138 139
145 138
174 166
22 24
26 25
54 26
28 27
19 20
22 21
26 22
22 23
174 160
34 28
28 29
160 161
1 0
3 4
6 8
166 163
117 119
273 271
260 258
117 120
122 121
138 122
122 123
132 124
124 125
138 126
126 127
126 128
130 129
268 269
271 268
166 167
117 118
54 59
54 58
54 55
70 54
54 57
54 56
50 51
54 50
54 53
50 52
260 259
163 164
202 201
218 199
177 179
199 200
196 195
193 194
196 197
166 134
193 191
204 203
202 193
191 192
117 115
108 114
87 88
92 89
108 111
108 110
108 113
108 112
89 82
82 83
79 80
82 81
87 86
89 87
85 84
106 85
252 251
199 198
258 256
204 206
225 226
258 257
19 3
180 177
252 254
6 7
246 247
256 255
234 225
177 178
246 244
117 108
108 109
238 241
238 240
244 243
238 242
103 102
108 103
101 100
130 101
117 106
108 107
103 104
106 105
244 245
36 39
36 38
34 33
31 32
54 31
31 30
36 37
54 36
34 35
36 34
249 246
256 252
204 205
220 223
177 176
54 60
54 61
54 62
54 63
54 64
54 65
54 66
54 67
54 68
54 69
174 175
177 174
174 173
166 172
166 171
166 170
220 222
191 181
252 253
249 248
181 182
184 183
181 180
3 2
163 162
188 187
186 184
11 6
238 220
190 186
190 188
188 189
220 202
208 196
220 221
184 185
220 190
97 99
97 98
166 168
166 169
231 229
229 228
97 91
89 90
92 93
97 92
97 95
95 94
101 97
95 96
19 11
9 10
11 13
11 12
11 15
11 14
19 17
11 16
26 19
17 18
124 117
249 250
115 116
220 204
148 151
148 150
166 153
153 152
153 155
153 154
153 157
153 156
160 159
153 158
238 234
249 238
238 239
208 207
234 235
234 236
238 237
229 230
238 231
234 232
232 233
225 224
47 48
50 49
47 46
54 47
54 44
44 45
41 42
44 43
41 40
44 41
36 1
6 5
11 9
271 272
145 146
148 147
145 144
148 145
153 142
142 143
138 140
142 141
210 209
210 208
153 148
148 149
75 77
75 76
108 75
75 74
72 73
95 72
72 71
91 70
85 79
79 78
262 263
271 249
265 262
231 227
262 261
268 270
262 260
268 267
265 266
