197
393
0
267 3
269 5
272 8
266 10
264 12
263 15
261 16
259 18
255 21
254 24
253 25
251 26
257 27
270 28
250 32
247 33
245 35
243 36
248 38
240 40
242 43
235 46
236 48
233 50
232 51
239 52
237 54
241 56
224 59
226 60
215 65
217 66
200 69
198 70
212 73
214 74
211 76
197 80
195 81
207 82
209 83
228 85
230 86
222 89
219 91
223 92
221 94
206 97
205 100
203 101
189 104
187 105
186 107
183 109
185 110
194 112
201 114
192 116
182 118
180 120
176 123
178 124
179 126
167 129
168 131
135 134
136 135
133 136
162 138
164 140
165 145
169 146
171 149
172 151
161 153
159 154
170 155
175 157
173 158
147 160
151 163
157 164
158 166
156 170
150 172
144 174
146 175
149 176
155 179
152 180
141 183
143 184
154 186
140 188
128 191
127 193
126 194
129 198
131 199
125 201
118 204
119 206
111 210
107 212
113 215
109 216
110 220
104 221
102 222
77 225
74 227
75 228
76 229
112 230
114 231
80 237
78 238
84 239
105 241
120 242
115 244
116 245
117 246
137 248
139 250
121 252
123 254
98 257
93 259
83 262
81 264
90 265
86 267
88 268
96 271
71 274
73 275
94 276
100 278
91 280
99 282
70 284
57 286
49 290
56 291
69 294
65 295
52 296
55 300
46 302
48 303
58 305
42 309
61 310
43 312
45 313
60 314
62 319
30 321
32 322
66 323
20 326
21 330
24 331
23 332
18 336
17 337
13 343
8 345
5 347
7 348
12 350
16 351
15 353
14 354
9 356
10 357
2 359
4 360
25 361
67 362
63 367
59 368
64 369
53 370
68 372
38 376
40 378
37 379
39 381
33 383
35 385
29 387
27 388
51 390
1 392
0 393
0 1
1 2
2 3
2 4
4 5
4 6
6 7
7 8
7 9
9 10
9 11
11 12
11 13
13 14
14 15
14 16
13 17
17 18
17 19
19 20
20 21
20 22
22 23
23 24
23 25
22 26
19 27
6 28
1 29
29 30
30 31
31 32
31 33
30 34
34 35
34 36
29 37
37 38
37 39
39 40
39 41
41 42
42 43
42 44
44 45
45 46
45 47
47 48
47 49
49 50
49 51
44 52
41 53
53 54
53 55
55 56
55 57
57 58
58 59
58 60
57 61
61 62
62 63
63 64
64 65
64 66
63 67
67 68
68 69
68 70
67 71
71 72
72 73
72 74
71 75
75 76
75 77
77 78
78 79
79 80
79 81
78 82
77 83
62 84
84 85
84 86
61 87
87 88
88 89
88 90
90 91
90 92
87 93
93 94
93 95
95 96
96 97
96 98
98 99
99 100
99 101
98 102
102 103
103 104
103 105
102 106
106 107
106 108
108 109
108 110
95 111
111 112
111 113
113 114
113 115
115 116
115 117
117 118
117 119
119 120
119 121
121 122
122 123
122 124
121 125
125 126
125 127
127 128
128 129
128 130
130 131
130 132
132 133
133 134
133 135
132 136
127 137
137 138
137 139
139 140
139 141
141 142
142 143
143 144
144 145
144 146
143 147
147 148
148 149
148 150
150 151
150 152
152 153
152 154
147 155
142 156
156 157
156 158
141 159
159 160
159 161
161 162
162 163
162 164
161 165
165 166
165 167
167 168
168 169
169 170
169 171
171 172
171 173
173 174
173 175
168 176
167 177
177 178
178 179
178 180
177 181
181 182
182 183
182 184
181 185
185 186
185 187
187 188
187 189
189 190
190 191
190 192
192 193
192 194
189 195
195 196
196 197
197 198
197 199
196 200
200 201
200 202
202 203
203 204
203 205
205 206
205 207
207 208
208 209
209 210
209 211
211 212
211 213
213 214
214 215
214 216
213 217
217 218
218 219
219 220
219 221
218 222
217 223
223 224
224 225
224 226
226 227
226 228
223 229
208 230
207 231
202 232
232 233
233 234
234 235
235 236
236 237
236 238
235 239
234 240
240 241
240 242
233 243
243 244
243 245
232 246
195 247
247 248
247 249
249 250
249 251
251 252
251 253
253 254
253 255
255 256
256 257
256 258
258 259
258 260
260 261
261 262
261 263
263 264
263 265
260 266
266 267
266 268
255 269
269 270
270 271
270 272
272 273
273 274
273 275
272 276
269 277
277 278
277 279
279 280
279 281
281 282
281 283
283 284
283 285
285 286
285 287
287 288
288 289
289 290
289 291
288 292
292 293
293 294
293 295
292 296
287 297
297 298
298 299
299 300
299 301
301 302
301 303
298 304
304 305
304 306
306 307
307 308
308 309
308 310
307 311
311 312
311 313
306 314
297 315
315 316
316 317
317 318
318 319
318 320
320 321
320 322
317 323
316 324
324 325
325 326
325 327
327 328
328 329
329 330
329 331
328 332
327 333
333 334
334 335
335 336
335 337
334 338
338 339
339 340
340 341
341 342
342 343
342 344
344 345
344 346
346 347
346 348
341 349
349 350
349 351
340 352
352 353
352 354
339 355
355 356
355 357
338 358
358 359
358 360
333 361
324 362
315 363
363 364
364 365
365 366
366 367
366 368
365 369
364 370
363 371
371 372
371 373
373 374
374 375
375 376
375 377
377 378
377 379
374 380
380 381
380 382
382 383
382 384
384 385
384 386
386 387
386 388
373 389
389 390
389 391
391 392
391 393
