100
175
0
159 2
143 5
140 8
138 10
136 12
88 14
82 16
80 18
78 20
77 22
72 23
69 27
56 30
40 32
37 34
28 36
26 38
27 40
20 42
15 45
11 47
7 48
13 50
10 51
9 52
8 53
5 54
3 55
12 57
4 58
18 60
21 62
2 64
0 65
24 67
22 68
34 70
32 71
39 73
35 74
54 77
31 79
29 80
55 82
53 83
47 85
45 86
75 88
73 89
67 91
64 93
65 94
63 95
66 96
50 97
49 99
42 101
51 103
44 104
62 106
60 108
58 109
86 111
84 112
130 114
131 116
133 119
128 121
119 122
120 123
117 124
121 126
108 129
99 132
98 134
97 135
96 136
95 138
93 139
104 141
103 143
101 144
111 146
109 147
114 149
113 151
112 152
125 155
123 156
127 158
126 159
92 161
90 162
157 164
153 166
151 169
148 171
146 172
150 174
149 175
0 1
1 2
1 3
3 4
4 5
4 6
6 7
7 8
7 9
9 10
9 11
11 12
11 13
13 14
13 15
15 16
15 17
17 18
17 19
19 20
19 21
21 22
21 23
21 24
24 25
25 26
26 27
26 28
28 29
29 30
29 31
31 32
31 33
33 34
33 35
35 36
35 37
37 38
37 39
39 40
39 41
41 42
41 43
43 44
44 45
44 46
46 47
46 48
46 49
49 50
49 51
49 52
49 53
49 54
49 55
49 56
56 57
56 58
43 59
59 60
59 61
61 62
61 63
63 64
63 65
39 66
66 67
66 68
33 69
69 70
69 71
33 72
72 73
72 74
29 75
75 76
76 77
76 78
78 79
78 80
75 81
81 82
81 83
28 84
84 85
84 86
25 87
87 88
87 89
24 90
90 91
90 92
92 93
92 94
92 95
92 96
92 97
92 98
98 99
98 100
100 101
100 102
102 103
102 104
92 105
105 106
105 107
107 108
107 109
13 110
110 111
110 112
7 113
113 114
113 115
115 116
115 117
117 118
118 119
118 120
120 121
120 122
120 123
120 124
120 125
125 126
125 127
127 128
128 129
128 130
130 131
131 132
131 133
133 134
133 135
133 136
133 137
137 138
137 139
130 140
140 141
140 142
142 143
142 144
127 145
145 146
145 147
120 148
148 149
148 150
150 151
150 152
117 153
153 154
154 155
154 156
153 157
157 158
157 159
6 160
160 161
160 162
3 163
163 164
163 165
165 166
165 167
167 168
168 169
168 170
170 171
170 172
167 173
173 174
173 175
