94
176
0
159 3
157 5
153 7
151 9
148 12
146 13
149 15
143 17
90 20
92 21
140 23
131 26
130 27
127 31
123 33
125 34
133 36
128 38
119 39
117 42
120 44
114 46
112 48
121 50
109 53
111 54
108 56
104 59
101 61
103 62
99 64
95 67
93 68
98 70
96 71
138 73
136 75
88 77
84 79
86 80
80 82
82 84
78 86
72 88
77 89
67 92
65 94
63 95
50 96
51 98
66 99
60 102
58 103
49 105
42 107
44 108
75 111
73 112
69 114
45 117
47 118
56 120
55 123
53 124
54 126
29 128
31 129
40 131
39 133
34 135
32 136
37 138
35 140
28 142
27 144
26 145
24 147
22 148
20 150
18 153
21 155
2 157
0 158
15 160
11 163
7 164
13 166
10 168
9 169
5 170
8 171
12 173
4 175
3 176
0 1
1 2
2 3
2 4
4 5
4 6
6 7
6 8
8 9
8 10
10 11
11 12
11 13
10 14
14 15
1 16
16 17
16 18
18 19
19 20
19 21
18 22
22 23
22 24
24 25
25 26
25 27
24 28
28 29
29 30
30 31
29 32
32 33
32 34
28 35
35 36
35 37
37 38
37 39
37 40
40 41
41 42
41 43
43 44
43 45
45 46
45 47
47 48
40 49
49 50
49 51
51 52
52 53
52 54
51 55
55 56
55 57
57 58
58 59
58 60
60 61
60 62
57 63
63 64
63 65
65 66
66 67
66 68
65 69
69 70
69 71
22 72
72 73
72 74
74 75
74 76
76 77
76 78
78 79
78 80
76 81
81 82
81 83
83 84
83 85
85 86
85 87
87 88
87 89
87 90
90 91
91 92
91 93
93 94
93 95
93 96
93 97
97 98
97 99
93 100
100 101
101 102
101 103
93 104
104 105
104 106
106 107
106 108
90 109
109 110
110 111
110 112
109 113
113 114
113 115
115 116
116 117
116 118
115 119
119 120
119 121
121 122
122 123
122 124
121 125
125 126
125 127
127 128
127 129
125 130
130 131
130 132
132 133
132 134
134 135
134 136
132 137
137 138
137 139
139 140
139 141
141 142
141 143
143 144
143 145
143 146
146 147
146 148
143 149
149 150
149 151
151 152
152 153
152 154
154 155
154 156
156 157
156 158
151 159
159 160
159 161
161 162
162 163
162 164
161 165
165 166
165 167
167 168
167 169
167 170
167 171
167 172
172 173
172 174
174 175
174 176
