100
163
0
63 19
62 20
60 23
58 24
64 16
65 27
66 30
51 32
49 34
44 36
42 37
50 38
67 39
75 42
73 43
69 45
56 49
55 52
53 53
54 55
31 57
29 58
37 61
39 65
35 66
34 68
32 69
28 70
27 76
22 77
26 78
20 82
21 84
18 85
15 87
13 92
10 95
9 98
8 99
4 101
3 100
5 103
12 104
11 105
7 106
2 108
0 109
24 110
40 111
47 113
45 114
77 115
72 116
80 118
78 119
82 120
86 122
84 123
88 124
136 125
138 126
140 128
128 133
120 136
113 138
112 140
114 141
121 145
111 148
109 149
104 153
103 155
101 156
99 158
98 162
97 159
96 164
95 166
93 167
108 168
117 169
119 170
127 173
126 172
125 176
123 177
133 178
131 180
130 179
92 183
90 184
143 185
157 187
153 189
148 193
146 194
150 195
149 197
151 198
159 199
0 1
1 3
3 4
4 5
5 6
6 7
7 8
8 10
10 11
11 12
12 14
14 15
15 16
16 19
16 20
20 22
22 23
22 24
16 27
16 29
29 30
29 32
29 33
33 34
33 35
35 36
35 37
16 38
15 39
14 40
40 41
41 42
41 43
40 44
44 45
44 46
46 47
47 49
47 50
50 51
51 52
51 53
50 54
54 55
54 56
56 57
56 58
47 59
59 60
60 61
60 64
64 65
64 66
60 67
67 68
67 69
60 70
70 72
72 76
72 77
72 78
72 79
79 80
80 82
80 83
83 84
83 85
80 86
86 87
86 88
88 90
90 92
90 95
90 98
90 99
90 100
100 101
90 103
90 104
88 105
88 106
79 107
107 108
107 109
72 110
59 111
46 112
112 113
112 114
12 115
12 116
11 118
11 119
10 120
8 121
121 122
121 123
8 124
7 125
6 126
5 128
5 129
129 130
130 131
131 132
132 133
132 135
135 136
135 137
137 138
138 140
137 141
132 143
143 144
144 145
144 146
146 147
147 148
147 149
146 150
150 151
151 152
152 153
152 154
154 155
154 156
151 157
157 158
157 159
159 162
159 164
159 165
165 166
165 167
150 168
143 169
132 170
131 171
171 172
172 173
171 175
175 176
175 177
130 178
129 179
179 180
4 182
182 183
182 184
3 185
1 186
186 187
186 188
188 189
188 190
190 191
191 192
192 193
192 194
191 195
195 197
190 198
1 199
