100
160
160
133 8
131 54
130 123
136 58
138 138
24 11
26 104
27 157
20 49
21 51
22 31
28 150
29 9
0 10
4 136
8 117
119 3
120 84
121 20
123 28
125 32
126 159
127 77
128 92
58 55
55 22
54 21
56 34
51 29
50 98
53 140
114 37
117 149
111 151
113 131
112 130
82 93
80 109
86 12
84 114
3 120
7 60
108 128
109 39
103 53
101 72
104 13
39 45
32 111
31 50
37 24
35 78
34 75
60 40
62 125
63 127
64 73
65 82
66 4
67 63
69 113
2 67
99 96
98 62
90 126
93 2
92 56
95 153
97 108
96 15
11 65
10 99
13 103
12 112
15 121
18 27
88 7
151 148
150 66
153 44
157 90
159 0
49 146
47 119
44 18
45 69
42 95
40 42
5 5
9 47
146 101
143 143
140 86
148 80
149 97
77 35
75 26
73 64
72 133
78 88
134 133
135 132
130 131
139 130
141 137
137 136
139 135
135 134
142 139
137 138
23 24
28 25
25 26
25 27
19 20
19 21
23 22
25 23
36 28
30 29
1 0
3 4
6 8
118 119
118 120
118 121
129 122
124 123
132 124
124 125
132 126
126 127
129 128
134 129
122 118
62 59
59 58
52 55
52 54
61 57
57 56
50 51
64 50
52 53
57 52
116 115
113 114
89 88
122 116
110 111
115 110
115 113
113 112
83 82
87 83
79 80
87 81
85 86
89 87
85 84
89 85
6 3
6 7
107 108
110 109
105 102
102 103
106 100
102 101
107 106
116 107
105 104
106 105
38 39
41 38
38 33
33 32
30 31
52 30
38 37
38 36
36 35
33 34
59 60
70 61
64 62
64 63
68 64
64 65
64 66
68 67
76 68
70 69
1 2
14 6
100 99
97 98
145 91
91 90
94 93
91 92
94 95
97 94
100 97
97 96
6 11
6 10
14 13
6 12
16 15
16 14
19 17
17 16
25 19
17 18
118 117
137 89
152 151
154 150
154 153
155 152
158 155
155 154
156 157
158 156
158 159
160 158
64 48
48 49
61 46
46 47
43 44
46 45
43 42
48 43
41 40
57 41
19 1
6 5
6 9
147 146
152 147
145 144
156 145
144 142
144 143
141 140
142 141
147 148
150 149
76 77
81 76
74 75
81 74
74 73
71 72
76 71
71 70
83 79
79 78
