100
160
160
133 37
131 151
130 56
136 5
138 98
24 13
26 136
27 128
20 138
21 75
22 28
28 126
29 3
0 45
4 12
8 93
119 31
120 123
121 11
123 34
125 4
126 99
127 96
128 97
58 24
55 113
54 26
56 120
51 72
50 21
53 149
114 2
117 20
111 111
113 127
112 10
82 55
80 53
86 60
84 62
3 73
7 119
108 153
109 9
103 82
101 58
104 29
39 92
32 146
31 143
37 15
35 140
34 51
60 67
62 66
63 35
64 112
65 63
66 50
67 77
69 133
2 117
99 159
98 95
90 44
93 130
92 65
95 7
97 121
96 8
11 104
10 88
13 0
12 148
15 40
18 101
88 103
151 27
150 39
153 109
157 86
159 80
49 54
47 125
44 150
45 108
42 18
40 47
5 84
9 32
146 131
143 42
140 90
148 64
149 157
77 22
75 78
73 114
72 69
78 49
134 133
135 132
130 131
139 130
141 137
137 136
139 135
135 134
142 139
137 138
23 24
28 25
25 26
25 27
19 20
19 21
23 22
25 23
36 28
30 29
1 0
3 4
6 8
118 119
118 120
118 121
129 122
124 123
132 124
124 125
132 126
126 127
129 128
134 129
122 118
62 59
59 58
52 55
52 54
61 57
57 56
50 51
64 50
52 53
57 52
116 115
113 114
89 88
122 116
110 111
115 110
115 113
113 112
83 82
87 83
79 80
87 81
85 86
89 87
85 84
89 85
6 3
6 7
107 108
110 109
105 102
102 103
106 100
102 101
107 106
116 107
105 104
106 105
38 39
41 38
38 33
33 32
30 31
52 30
38 37
38 36
36 35
33 34
59 60
70 61
64 62
64 63
68 64
64 65
64 66
68 67
76 68
70 69
1 2
14 6
100 99
97 98
145 91
91 90
94 93
91 92
94 95
97 94
100 97
97 96
6 11
6 10
14 13
6 12
16 15
16 14
19 17
17 16
25 19
17 18
118 117
137 89
152 151
154 150
154 153
155 152
158 155
155 154
156 157
158 156
158 159
160 158
64 48
48 49
61 46
46 47
43 44
46 45
43 42
48 43
41 40
57 41
19 1
6 5
6 9
147 146
152 147
145 144
156 145
144 142
144 143
141 140
142 141
147 148
150 149
76 77
81 76
74 75
81 74
74 73
71 72
76 71
71 70
83 79
79 78
