100
161
0
143 4
157 6
153 8
148 12
146 13
150 14
149 16
151 17
159 18
92 21
90 22
140 25
130 26
131 29
127 33
126 32
123 36
125 37
128 40
119 43
109 47
111 48
108 50
103 54
101 55
104 56
99 58
95 61
93 62
97 59
96 66
98 67
121 68
117 70
114 73
112 75
113 74
120 77
133 78
138 80
136 82
84 85
86 86
88 88
78 92
82 93
80 94
72 97
77 98
51 105
50 104
65 107
64 101
62 111
58 114
60 115
49 118
44 120
42 121
66 122
63 123
67 124
75 127
73 128
69 130
47 133
45 134
56 136
55 139
53 140
54 142
31 145
29 146
40 148
34 152
32 153
39 154
37 156
35 158
28 159
26 162
27 165
24 167
22 168
20 170
21 172
11 177
7 178
9 182
4 185
3 184
12 187
10 189
5 191
13 192
8 193
15 194
18 196
2 198
0 199
0 2
2 4
2 5
5 6
5 7
7 8
7 9
9 10
10 11
11 12
11 13
10 14
14 16
9 17
2 18
0 19
19 20
20 21
20 22
19 23
23 25
23 26
26 28
28 29
28 30
30 31
31 32
32 33
31 35
35 36
35 37
30 38
38 39
39 40
39 43
39 44
44 45
45 46
46 47
46 48
45 49
49 50
49 51
51 52
52 53
53 54
53 55
52 56
51 57
57 58
57 59
59 60
60 61
60 62
59 66
59 67
44 68
39 69
69 70
69 72
72 73
72 74
74 75
69 77
38 78
23 79
79 80
79 81
81 82
81 83
83 84
84 85
84 86
83 88
83 89
89 90
90 92
90 93
90 94
89 95
95 97
95 98
95 99
99 100
100 101
101 104
104 105
101 107
101 111
111 113
113 114
113 115
101 117
117 118
117 119
119 120
119 121
101 122
101 123
100 124
99 125
125 126
126 127
126 128
125 129
129 130
129 131
131 132
132 133
132 134
131 135
135 136
135 137
137 138
138 139
138 140
137 141
141 142
141 144
144 145
144 146
141 147
147 148
147 149
149 151
151 152
151 153
149 154
149 156
149 157
157 158
157 159
159 161
161 162
161 163
163 165
163 166
166 167
166 168
163 169
169 170
169 172
169 173
173 174
174 175
175 177
175 178
175 179
179 182
179 184
184 185
179 187
179 189
179 191
179 192
179 193
174 194
173 196
173 197
197 198
197 199
