198
356
0
267 2
225 6
229 7
217 9
219 10
268 13
212 15
200 17
198 18
222 22
223 23
220 24
205 30
184 31
203 36
206 37
189 39
187 40
201 41
186 42
204 44
192 46
190 47
214 50
215 51
197 53
195 54
224 56
207 60
208 64
209 65
211 66
210 67
193 68
227 70
182 74
183 76
177 80
179 81
180 82
157 84
155 85
162 90
164 91
172 94
174 95
175 96
173 97
165 100
150 102
149 103
148 111
136 113
135 114
144 115
141 120
139 121
142 122
137 123
143 126
146 127
145 128
90 135
92 136
97 137
117 138
120 141
119 142
118 143
114 146
115 147
116 148
131 151
134 153
133 154
130 157
127 158
129 159
68 164
84 166
76 168
75 170
89 171
87 174
82 179
83 180
85 181
86 182
73 183
67 186
74 187
65 190
63 191
71 192
70 195
29 199
30 201
27 202
59 206
47 208
43 209
46 211
61 214
62 215
45 216
56 220
40 221
42 222
54 225
55 227
57 228
52 229
12 234
6 237
4 238
5 239
21 245
17 247
22 248
18 251
20 253
23 254
19 256
15 257
13 259
0 261
2 263
3 264
9 269
10 270
7 271
33 272
24 274
26 275
31 276
51 278
50 280
48 281
36 283
34 284
39 286
37 287
101 292
105 296
111 297
103 298
104 298
106 301
123 306
112 308
113 309
125 311
124 313
121 314
109 315
108 316
95 318
93 319
100 323
99 324
98 325
77 327
79 330
78 331
80 332
151 334
154 335
168 338
169 341
160 342
158 343
161 344
272 348
264 350
266 351
269 352
263 355
262 356
258 359
260 360
256 362
250 368
243 372
237 374
236 376
234 377
241 378
244 379
249 380
232 384
233 386
230 387
240 388
238 389
252 390
254 392
245 394
247 395
0 1
1 2
1 4
4 5
5 6
5 7
4 8
8 9
8 10
1 11
11 12
12 13
12 14
14 15
14 16
16 17
16 18
11 19
19 20
20 21
21 22
21 23
20 24
19 25
25 26
26 27
27 30
27 31
27 33
33 34
34 35
35 36
35 37
34 38
38 39
38 40
33 41
27 42
27 43
43 44
43 45
45 46
45 47
26 48
48 49
49 50
49 51
48 52
52 53
52 54
25 56
25 57
57 58
58 60
58 61
61 62
62 64
62 65
62 66
61 67
58 68
57 69
69 70
69 71
71 72
72 73
73 74
73 75
75 76
75 77
77 78
78 80
78 81
78 82
77 83
83 84
83 85
72 86
86 87
87 88
88 89
89 90
89 91
88 92
92 93
93 94
93 95
92 96
87 97
86 98
98 99
99 100
99 101
101 102
101 103
98 104
104 106
106 107
107 108
108 109
109 110
110 111
110 112
112 113
112 114
109 115
108 116
116 117
117 120
117 121
117 122
117 123
116 124
124 126
124 127
124 128
107 129
129 130
130 131
131 133
133 134
134 135
134 136
133 137
131 138
131 139
139 141
139 142
139 143
130 144
144 145
145 146
145 147
144 148
129 149
149 150
150 151
150 152
152 153
152 154
149 155
155 156
156 157
156 158
155 159
106 160
160 161
161 162
162 164
162 165
165 166
165 167
167 168
167 169
169 170
169 171
162 172
172 173
173 174
173 175
175 176
176 177
177 178
178 179
178 180
177 181
176 182
175 183
172 184
184 185
185 186
185 187
184 188
188 189
189 190
189 191
188 192
161 193
193 194
194 195
194 196
196 198
198 199
198 201
198 202
196 203
203 204
204 205
205 206
205 207
207 208
207 209
204 210
210 211
210 212
212 213
213 214
213 215
212 216
203 217
217 220
217 221
217 222
217 223
223 224
224 225
224 227
224 228
223 229
196 230
230 233
233 234
233 235
235 236
236 237
236 238
235 239
230 243
243 244
244 245
244 247
244 248
243 249
249 250
250 251
250 253
250 254
249 256
249 257
230 258
258 259
258 260
260 261
260 262
262 263
262 264
230 265
265 266
266 267
267 268
268 269
268 270
267 271
266 272
265 273
273 274
273 275
230 276
230 277
277 278
277 279
279 280
279 281
230 282
282 283
282 284
193 285
285 286
285 287
160 288
288 290
290 291
291 292
291 293
293 294
294 296
294 297
294 298
293 301
290 302
302 303
303 305
305 306
305 307
307 308
307 309
303 310
310 311
310 313
310 314
303 315
302 316
288 317
317 318
317 319
288 320
320 321
321 322
322 323
322 324
321 325
320 326
326 327
326 329
329 330
329 331
326 332
104 333
333 334
333 335
104 336
336 337
337 338
337 340
340 341
340 342
337 343
336 344
71 345
345 346
346 347
347 348
347 349
349 350
349 351
346 352
345 353
353 354
354 355
354 356
353 357
357 358
358 359
358 360
357 361
361 362
361 363
363 364
364 366
366 367
367 368
367 369
369 370
370 372
370 373
373 374
373 375
375 376
375 377
370 378
369 379
366 380
364 381
381 383
383 384
383 385
385 386
385 387
381 388
381 389
364 390
363 391
391 392
391 393
393 394
393 395
