198
395
0
268 7
227 11
225 13
229 14
219 16
217 17
267 18
198 21
200 22
212 23
189 28
187 29
205 32
201 33
186 37
184 38
192 41
190 42
204 43
206 45
203 46
215 50
214 51
195 53
197 54
224 55
222 58
220 59
223 60
158 67
169 70
168 71
160 73
161 74
97 82
92 84
90 85
117 86
118 88
120 90
119 91
130 96
127 98
129 99
133 100
134 101
131 103
116 106
114 107
115 108
108 111
101 114
111 119
103 120
106 121
104 123
105 124
93 126
95 127
98 131
100 133
99 134
78 137
77 139
79 140
80 141
37 144
39 145
48 152
50 153
51 154
18 162
23 164
20 165
17 168
22 169
21 170
15 172
19 173
31 174
26 176
24 177
0 183
2 184
3 185
13 186
4 189
6 191
5 192
12 193
33 194
9 197
7 198
10 199
59 201
36 203
34 204
47 210
46 211
43 212
61 214
62 215
45 216
54 221
55 222
56 224
40 226
42 227
57 229
52 230
29 233
27 234
30 235
70 237
74 240
67 241
73 244
65 246
63 247
86 252
87 253
83 255
85 256
82 257
68 260
84 262
89 264
75 266
76 267
71 268
123 272
121 273
125 275
124 276
113 279
112 280
109 281
146 284
143 286
145 287
144 291
136 293
135 294
148 295
142 297
137 299
141 301
139 302
154 304
151 305
165 307
150 309
149 310
175 314
174 315
172 317
164 319
162 320
173 321
179 324
182 327
157 330
155 331
183 332
180 333
177 334
211 338
207 339
208 340
209 343
193 344
210 345
269 347
272 349
264 351
266 352
263 355
262 356
240 362
238 363
233 365
232 367
230 368
244 373
241 374
243 375
234 377
237 379
236 380
249 383
250 384
252 385
254 388
245 390
247 391
256 392
258 394
260 395
0 1
1 2
2 3
3 4
4 5
5 6
6 7
6 8
8 9
9 10
10 11
10 12
12 13
12 14
9 15
15 16
15 17
8 18
5 19
19 20
20 21
20 22
19 23
4 24
24 25
25 26
26 27
27 28
27 29
26 30
30 31
31 32
31 33
30 34
34 35
35 36
36 37
36 38
35 39
39 40
40 41
40 42
39 43
34 44
44 45
44 46
25 47
47 48
48 49
49 50
49 51
48 52
52 53
52 54
47 55
24 56
56 57
57 58
57 59
56 60
3 61
61 62
62 63
63 64
64 65
65 66
66 67
66 68
68 69
69 70
69 71
68 72
72 73
72 74
65 75
75 76
76 77
77 78
78 79
79 80
80 81
81 82
81 83
83 84
83 85
80 86
79 87
87 88
87 89
89 90
89 91
78 92
92 93
93 94
94 95
95 96
95 97
97 98
97 99
94 100
93 101
92 102
102 103
102 104
104 105
105 106
105 107
104 108
77 109
109 110
110 111
110 112
112 113
113 114
113 115
115 116
116 117
117 118
118 119
118 120
117 121
116 122
122 123
122 124
115 125
125 126
125 127
112 128
128 129
129 130
130 131
130 132
132 133
132 134
129 135
135 136
136 137
136 138
138 139
138 140
135 141
128 142
142 143
143 144
143 145
142 146
146 147
147 148
148 149
149 150
150 151
151 152
151 153
150 154
149 155
155 156
156 157
157 158
158 159
159 160
160 161
161 162
161 163
163 164
163 165
160 166
166 167
167 168
167 169
166 170
159 171
171 172
171 173
158 174
157 175
175 176
175 177
156 178
178 179
179 180
180 181
181 182
182 183
182 184
181 185
180 186
179 187
187 188
188 189
188 190
190 191
190 192
187 193
178 194
155 195
195 196
196 197
196 198
195 199
148 200
200 201
200 202
202 203
202 204
147 205
205 206
206 207
207 208
208 209
209 210
209 211
208 212
207 213
213 214
213 215
206 216
205 217
217 218
218 219
219 220
220 221
220 222
219 223
223 224
223 225
225 226
225 227
218 228
228 229
228 230
217 231
231 232
232 233
232 234
231 235
146 236
236 237
236 238
238 239
239 240
239 241
238 242
242 243
243 244
243 245
245 246
245 247
242 248
248 249
249 250
250 251
251 252
251 253
250 254
254 255
254 256
249 257
248 258
258 259
259 260
259 261
261 262
261 263
263 264
263 265
265 266
265 267
258 268
109 269
269 270
270 271
271 272
271 273
270 274
274 275
274 276
269 277
277 278
278 279
278 280
277 281
76 282
282 283
283 284
283 285
285 286
285 287
282 288
288 289
289 290
290 291
290 292
292 293
292 294
289 295
288 296
296 297
296 298
298 299
298 300
300 301
300 302
75 303
303 304
303 305
64 306
306 307
306 308
308 309
308 310
63 311
311 312
312 313
313 314
313 315
312 316
316 317
316 318
318 319
318 320
311 321
62 322
322 323
323 324
323 325
325 326
326 327
326 328
328 329
329 330
329 331
328 332
325 333
322 334
61 335
335 336
336 337
337 338
337 339
336 340
335 341
341 342
342 343
342 344
341 345
2 346
346 347
346 348
348 349
348 350
350 351
350 352
1 353
353 354
354 355
354 356
353 357
357 358
358 359
359 360
360 361
361 362
361 363
360 364
364 365
364 366
366 367
366 368
359 369
369 370
370 371
371 372
372 373
372 374
371 375
370 376
376 377
376 378
378 379
378 380
369 381
381 382
382 383
382 384
381 385
358 386
386 387
387 388
387 389
389 390
389 391
386 392
357 393
393 394
393 395
