198
292
1
99 16
78 18
86 26
4 37
20 42
51 50
45 55
101 58
95 60
103 62
75 63
154 67
165 70
118 73
114 76
116 77
135 81
173 85
182 88
200 90
244 96
225 106
268 113
208 117
214 119
0 121
2 122
3 123
5 124
6 125
7 126
9 127
10 128
12 129
13 130
15 131
17 132
18 133
19 134
21 135
22 136
23 137
24 138
26 139
27 140
29 141
30 142
31 143
33 144
34 145
36 146
37 147
39 148
40 149
42 150
43 151
46 152
47 153
48 154
50 155
52 156
54 157
55 158
56 159
57 160
59 161
61 162
62 163
63 164
65 165
67 166
68 167
70 168
71 169
73 170
74 171
76 172
77 173
79 174
80 175
82 176
83 177
84 178
85 179
87 180
89 181
90 182
92 183
93 184
97 185
98 186
100 187
104 188
105 189
106 190
108 191
109 192
111 193
112 194
113 195
115 196
117 197
119 198
120 199
121 200
123 201
124 202
125 203
127 204
129 205
130 206
131 207
133 208
134 209
136 210
137 211
139 212
141 213
142 214
143 215
144 216
145 217
146 218
148 219
149 220
150 221
151 222
155 223
157 224
158 225
160 226
161 227
162 228
164 229
168 230
169 231
172 232
174 233
175 234
177 235
179 236
180 237
183 238
184 239
186 240
187 241
189 242
190 243
192 244
193 245
195 246
197 247
198 248
201 249
203 250
204 251
205 252
206 253
207 254
209 255
210 256
211 257
212 258
215 259
217 260
219 261
220 262
222 263
223 264
224 265
227 266
229 267
230 268
232 269
233 270
234 271
236 272
237 273
238 274
240 275
241 276
243 277
245 278
247 279
249 280
250 281
252 282
254 283
256 284
258 285
260 286
262 287
263 288
264 289
266 290
267 291
269 292
272 293
1 2
2 3
3 4
3 5
5 6
5 7
7 8
7 9
7 10
3 11
2 12
2 13
13 14
14 15
15 16
16 17
16 18
18 19
15 20
20 21
21 22
21 23
23 24
21 25
21 26
21 27
20 28
20 29
29 30
30 31
31 32
31 33
33 34
33 35
33 36
33 37
33 38
33 39
39 40
40 41
39 42
39 43
39 44
33 45
45 46
45 47
45 48
48 49
31 50
30 51
51 52
30 53
30 54
30 55
30 56
20 57
15 58
15 59
59 60
59 61
15 62
62 63
15 64
64 65
64 66
14 67
14 68
68 69
69 70
13 71
71 72
72 73
73 74
73 75
72 76
76 77
76 78
72 79
72 80
80 81
81 82
80 83
72 84
71 85
71 86
2 87
87 88
2 89
89 90
89 91
91 92
92 93
92 94
94 95
94 96
94 97
97 98
92 99
91 100
89 101
101 102
101 103
89 104
89 105
105 106
105 107
107 108
107 109
109 110
110 111
110 112
105 113
113 114
114 115
114 116
113 117
113 118
89 119
119 120
49 121
48 122
48 123
47 124
37 125
36 126
36 127
36 128
37 129
46 130
39 131
40 132
44 133
43 134
41 135
40 136
44 137
35 138
35 139
54 140
54 141
34 142
33 143
38 144
56 145
29 146
28 147
28 148
51 149
51 150
53 151
53 152
53 153
31 154
32 155
51 156
51 157
51 158
52 159
51 160
53 161
29 162
29 163
24 164
24 165
20 166
61 167
20 168
23 169
22 170
57 171
63 172
18 173
18 174
19 175
21 176
21 177
25 178
21 179
27 180
21 181
78 182
78 183
59 184
75 185
17 186
16 187
62 188
62 189
62 190
15 191
64 192
62 193
66 194
66 195
76 196
74 197
73 198
73 199
65 200
65 201
65 202
65 203
72 204
76 205
84 206
72 207
79 208
72 209
81 210
80 211
80 212
80 213
80 214
83 215
81 216
83 217
83 218
81 219
82 220
70 221
14 222
87 223
87 224
68 225
68 226
68 227
86 228
86 229
69 230
69 231
71 232
71 233
71 234
13 235
13 236
13 237
13 238
100 239
101 240
103 241
103 242
12 243
104 244
117 245
120 246
120 247
90 248
101 249
102 250
101 251
101 252
102 253
117 254
117 255
117 256
117 257
105 258
119 259
115 260
115 261
118 262
118 263
118 264
118 265
116 266
114 267
99 268
99 269
99 270
95 271
95 272
112 273
98 274
94 275
94 276
94 277
9 278
9 279
97 280
94 281
92 282
10 283
7 284
93 285
110 286
109 287
6 288
108 289
3 290
113 291
11 292
4 293
