198
273
273
217 105
214 4
215 192
212 73
210 90
211 125
165 6
264 62
219 247
133 219
227 207
131 158
130 162
137 268
136 0
135 197
134 77
139 98
225 18
24 205
26 177
27 244
20 7
21 208
22 204
23 89
160 52
29 123
222 173
0 86
4 232
119 31
258 46
120 119
121 42
123 179
124 2
125 75
127 57
129 121
269 187
268 26
224 114
59 22
55 135
54 149
57 145
56 85
51 182
50 210
52 97
201 37
198 211
195 198
197 82
190 245
193 84
192 76
115 61
114 36
117 175
89 108
111 180
113 151
112 24
82 200
83 120
80 113
86 118
87 203
84 183
85 193
256 134
206 30
3 169
7 54
247 59
245 50
244 68
108 101
109 243
241 43
240 19
243 45
103 256
100 34
101 260
106 212
104 215
105 155
39 263
33 74
31 206
30 250
37 154
36 141
177 33
34 79
252 5
205 174
223 15
61 131
62 95
63 240
65 104
179 71
67 143
68 23
175 157
174 100
173 267
172 266
254 63
203 258
249 225
182 233
183 109
180 93
2 172
162 144
187 111
184 262
6 92
186 209
250 124
189 195
99 130
98 87
168 9
169 217
229 117
164 164
90 115
93 103
92 29
95 106
161 264
97 78
220 223
10 161
13 142
12 269
15 236
17 168
19 234
18 67
272 27
116 70
204 190
151 148
150 21
155 146
154 47
157 272
158 254
238 80
234 201
236 230
237 112
230 65
232 83
233 238
48 224
46 40
47 220
45 116
42 10
43 184
40 165
118 222
5 56
9 241
146 237
200 99
144 252
145 229
142 133
143 17
207 20
141 39
209 51
208 189
148 150
149 137
77 214
76 13
75 136
74 160
73 12
71 227
70 139
79 249
78 48
263 186
262 129
260 127
267 3
266 55
221 216
218 217
221 214
214 215
213 212
268 213
208 210
208 211
166 165
265 264
270 265
228 218
218 219
132 133
140 132
132 131
128 130
138 137
135 136
138 135
132 134
140 139
140 138
170 166
25 24
32 25
25 26
28 27
16 20
16 21
16 22
16 23
159 160
53 28
28 29
159 161
1 0
11 4
32 8
171 163
118 119
273 271
259 258
118 120
122 121
126 122
122 123
122 124
126 125
140 126
128 127
132 128
128 129
270 269
271 268
170 167
132 118
58 59
60 58
53 55
53 54
53 57
53 56
49 51
49 50
60 53
53 52
261 259
163 164
202 201
213 199
178 179
199 200
196 195
208 194
196 197
181 178
202 191
191 190
194 193
191 192
114 115
132 114
103 88
88 89
110 111
122 110
110 113
110 112
81 82
81 83
78 80
88 81
81 86
81 87
81 84
81 85
257 251
199 198
255 256
202 206
228 226
259 257
1 3
178 177
253 254
8 7
246 247
257 255
226 225
246 245
242 244
107 108
110 109
242 241
239 240
242 243
248 242
103 102
107 103
99 100
102 101
103 106
110 107
103 104
103 105
38 39
88 38
32 33
49 32
32 31
28 30
38 37
35 36
58 35
35 34
253 246
251 252
202 205
221 223
178 176
61 60
66 61
61 62
64 63
72 64
64 65
81 66
66 67
69 68
81 69
171 175
171 174
171 173
171 172
176 171
176 170
202 203
221 222
194 181
255 253
251 248
181 182
181 183
178 180
1 2
163 162
188 187
185 184
4 6
221 220
185 186
216 188
188 189
216 202
214 196
268 221
202 185
102 99
99 98
167 168
167 169
228 229
268 228
96 91
91 90
94 93
91 92
94 95
102 94
96 97
118 96
32 11
8 10
14 13
11 12
16 15
32 14
16 17
32 16
16 19
16 18
118 117
248 250
114 116
202 204
152 151
166 150
167 153
153 152
156 155
153 154
156 157
181 156
167 159
159 158
235 234
239 238
251 239
208 207
251 235
235 236
235 237
231 230
239 231
231 232
231 233
221 224
49 48
58 49
44 46
44 47
60 44
44 45
41 42
44 43
41 40
53 41
14 1
4 5
8 9
271 272
147 146
152 147
140 144
140 145
140 142
140 143
147 140
140 141
208 209
268 208
147 148
150 149
78 77
75 76
88 75
72 74
72 73
81 72
69 71
69 70
78 79
99 78
261 263
248 249
261 262
226 227
271 261
271 270
259 260
268 267
265 266
