198
273
273
217 206
214 75
215 67
212 10
210 104
211 31
165 222
264 209
219 26
133 87
227 177
131 113
130 80
137 119
136 266
135 103
134 247
139 262
225 225
24 200
26 116
27 23
20 45
21 52
22 65
23 148
160 149
29 82
222 227
0 260
4 29
119 92
258 109
120 0
121 229
123 211
124 57
125 134
127 83
129 78
269 99
268 22
224 268
59 125
55 207
54 236
57 214
56 269
51 39
50 154
52 179
201 220
198 243
195 4
197 215
190 136
193 101
192 234
115 192
114 120
117 252
89 12
111 195
113 183
112 223
82 93
83 210
80 17
86 111
87 76
84 267
85 208
256 40
206 232
3 219
7 250
247 112
245 55
244 249
108 137
109 62
241 157
240 30
243 165
103 146
100 205
101 244
106 131
104 212
105 158
39 3
33 54
31 61
30 105
37 7
36 86
177 174
34 263
252 193
205 237
223 217
61 150
62 256
63 233
65 145
179 63
67 20
68 155
175 144
174 180
173 258
172 169
254 254
203 48
249 130
182 98
183 230
180 172
2 89
162 143
187 186
184 2
6 164
186 123
250 272
189 264
99 142
98 43
168 204
169 245
229 161
164 162
90 33
93 77
92 50
95 173
161 56
97 201
220 70
10 90
13 114
12 121
15 18
17 189
19 151
18 184
272 198
116 187
204 197
151 141
150 85
155 190
154 97
157 139
158 160
238 6
234 51
236 182
237 79
230 118
232 108
233 168
48 71
46 224
47 175
45 24
42 127
43 74
40 115
118 9
5 84
9 129
146 46
200 15
144 241
145 106
142 73
143 240
207 95
141 21
209 133
208 42
148 203
149 13
77 19
76 27
75 135
74 5
73 37
71 68
70 34
79 117
78 59
263 36
262 47
260 238
267 124
266 100
221 216
218 217
221 214
214 215
213 212
268 213
208 210
208 211
166 165
265 264
270 265
228 218
218 219
132 133
140 132
132 131
128 130
138 137
135 136
138 135
132 134
140 139
140 138
170 166
25 24
32 25
25 26
28 27
16 20
16 21
16 22
16 23
159 160
53 28
28 29
159 161
1 0
11 4
32 8
171 163
118 119
273 271
259 258
118 120
122 121
126 122
122 123
122 124
126 125
140 126
128 127
132 128
128 129
270 269
271 268
170 167
132 118
58 59
60 58
53 55
53 54
53 57
53 56
49 51
49 50
60 53
53 52
261 259
163 164
202 201
213 199
178 179
199 200
196 195
208 194
196 197
181 178
202 191
191 190
194 193
191 192
114 115
132 114
103 88
88 89
110 111
122 110
110 113
110 112
81 82
81 83
78 80
88 81
81 86
81 87
81 84
81 85
257 251
199 198
255 256
202 206
228 226
259 257
1 3
178 177
253 254
8 7
246 247
257 255
226 225
246 245
242 244
107 108
110 109
242 241
239 240
242 243
248 242
103 102
107 103
99 100
102 101
103 106
110 107
103 104
103 105
38 39
88 38
32 33
49 32
32 31
28 30
38 37
35 36
58 35
35 34
253 246
251 252
202 205
221 223
178 176
61 60
66 61
61 62
64 63
72 64
64 65
81 66
66 67
69 68
81 69
171 175
171 174
171 173
171 172
176 171
176 170
202 203
221 222
194 181
255 253
251 248
181 182
181 183
178 180
1 2
163 162
188 187
185 184
4 6
221 220
185 186
216 188
188 189
216 202
214 196
268 221
202 185
102 99
99 98
167 168
167 169
228 229
268 228
96 91
91 90
94 93
91 92
94 95
102 94
96 97
118 96
32 11
8 10
14 13
11 12
16 15
32 14
16 17
32 16
16 19
16 18
118 117
248 250
114 116
202 204
152 151
166 150
167 153
153 152
156 155
153 154
156 157
181 156
167 159
159 158
235 234
239 238
251 239
208 207
251 235
235 236
235 237
231 230
239 231
231 232
231 233
221 224
49 48
58 49
44 46
44 47
60 44
44 45
41 42
44 43
41 40
53 41
14 1
4 5
8 9
271 272
147 146
152 147
140 144
140 145
140 142
140 143
147 140
140 141
208 209
268 208
147 148
150 149
78 77
75 76
88 75
72 74
72 73
81 72
69 71
69 70
78 79
99 78
261 263
248 249
261 262
226 227
271 261
271 270
259 260
268 267
265 266
