198
273
273
217 217
214 214
215 215
212 212
210 210
211 211
165 165
264 264
219 219
133 133
227 227
131 131
130 130
137 137
136 136
135 135
134 134
139 139
225 225
24 24
26 26
27 27
20 20
21 21
22 22
23 23
160 160
29 29
222 222
0 0
4 4
119 119
258 258
120 120
121 121
123 123
124 124
125 125
127 127
129 129
269 269
268 268
224 224
59 59
55 55
54 54
57 57
56 56
51 51
50 50
52 52
201 201
198 198
195 195
197 197
190 190
193 193
192 192
115 115
114 114
117 117
89 89
111 111
113 113
112 112
82 82
83 83
80 80
86 86
87 87
84 84
85 85
256 256
206 206
3 3
7 7
247 247
245 245
244 244
108 108
109 109
241 241
240 240
243 243
103 103
100 100
101 101
106 106
104 104
105 105
39 39
33 33
31 31
30 30
37 37
36 36
177 177
34 34
252 252
205 205
223 223
61 61
62 62
63 63
65 65
179 179
67 67
68 68
175 175
174 174
173 173
172 172
254 254
203 203
249 249
182 182
183 183
180 180
2 2
162 162
187 187
184 184
6 6
186 186
250 250
189 189
99 99
98 98
168 168
169 169
229 229
164 164
90 90
93 93
92 92
95 95
161 161
97 97
220 220
10 10
13 13
12 12
15 15
17 17
19 19
18 18
272 272
116 116
204 204
151 151
150 150
155 155
154 154
157 157
158 158
238 238
234 234
236 236
237 237
230 230
232 232
233 233
48 48
46 46
47 47
45 45
42 42
43 43
40 40
118 118
5 5
9 9
146 146
200 200
144 144
145 145
142 142
143 143
207 207
141 141
209 209
208 208
148 148
149 149
77 77
76 76
75 75
74 74
73 73
71 71
70 70
79 79
78 78
263 263
262 262
260 260
267 267
266 266
221 216
218 217
221 214
214 215
213 212
268 213
208 210
208 211
166 165
265 264
270 265
228 218
218 219
132 133
140 132
132 131
128 130
138 137
135 136
138 135
132 134
140 139
140 138
170 166
25 24
32 25
25 26
28 27
16 20
16 21
16 22
16 23
159 160
53 28
28 29
159 161
1 0
11 4
32 8
171 163
118 119
273 271
259 258
118 120
122 121
126 122
122 123
122 124
126 125
140 126
128 127
132 128
128 129
270 269
271 268
170 167
132 118
58 59
60 58
53 55
53 54
53 57
53 56
49 51
49 50
60 53
53 52
261 259
163 164
202 201
213 199
178 179
199 200
196 195
208 194
196 197
181 178
202 191
191 190
194 193
191 192
114 115
132 114
103 88
88 89
110 111
122 110
110 113
110 112
81 82
81 83
78 80
88 81
81 86
81 87
81 84
81 85
257 251
199 198
255 256
202 206
228 226
259 257
1 3
178 177
253 254
8 7
246 247
257 255
226 225
246 245
242 244
107 108
110 109
242 241
239 240
242 243
248 242
103 102
107 103
99 100
102 101
103 106
110 107
103 104
103 105
38 39
88 38
32 33
49 32
32 31
28 30
38 37
35 36
58 35
35 34
253 246
251 252
202 205
221 223
178 176
61 60
66 61
61 62
64 63
72 64
64 65
81 66
66 67
69 68
81 69
171 175
171 174
171 173
171 172
176 171
176 170
202 203
221 222
194 181
255 253
251 248
181 182
181 183
178 180
1 2
163 162
188 187
185 184
4 6
221 220
185 186
216 188
188 189
216 202
214 196
268 221
202 185
102 99
99 98
167 168
167 169
228 229
268 228
96 91
91 90
94 93
91 92
94 95
102 94
96 97
118 96
32 11
8 10
14 13
11 12
16 15
32 14
16 17
32 16
16 19
16 18
118 117
248 250
114 116
202 204
152 151
166 150
167 153
153 152
156 155
153 154
156 157
181 156
167 159
159 158
235 234
239 238
251 239
208 207
251 235
235 236
235 237
231 230
239 231
231 232
231 233
221 224
49 48
58 49
44 46
44 47
60 44
44 45
41 42
44 43
41 40
53 41
14 1
4 5
8 9
271 272
147 146
152 147
140 144
140 145
140 142
140 143
147 140
140 141
208 209
268 208
147 148
150 149
78 77
75 76
88 75
72 74
72 73
81 72
69 71
69 70
78 79
99 78
261 263
248 249
261 262
226 227
271 261
271 270
259 260
268 267
265 266
