196
367
0
285 2
259 5
256 6
289 8
258 10
278 16
276 17
282 19
283 20
280 21
287 22
268 28
266 29
273 30
271 31
264 35
261 36
265 38
263 39
270 40
182 46
181 48
179 49
186 50
184 51
187 52
142 59
144 60
140 63
141 64
138 65
56 71
53 72
51 74
55 76
54 77
83 81
81 82
82 84
79 85
96 87
108 88
75 90
42 95
49 98
50 100
48 101
47 102
44 103
8 107
23 108
1 112
0 113
10 115
2 117
4 118
15 119
24 124
26 125
30 130
13 132
11 133
21 136
19 137
27 138
7 141
18 142
5 144
17 145
32 148
28 150
31 151
33 153
34 154
37 156
35 157
40 159
38 160
62 161
65 167
63 168
77 170
66 172
58 174
60 175
105 178
123 179
72 182
73 183
70 185
68 187
71 188
91 191
102 192
92 193
84 196
86 197
107 198
132 206
131 207
121 211
122 212
120 213
113 215
115 216
136 218
119 219
100 225
98 226
90 228
88 231
89 232
87 233
116 234
130 237
117 238
112 241
110 241
93 245
95 246
134 247
133 248
137 249
156 251
155 255
152 257
153 258
154 259
149 261
148 263
127 266
126 267
147 269
145 270
150 271
239 273
240 276
178 278
237 280
177 283
175 284
174 285
163 290
157 293
158 294
161 295
165 297
166 299
164 300
169 303
170 305
167 306
173 308
171 309
172 310
251 315
254 317
252 318
245 319
247 321
249 323
234 325
236 326
243 330
242 331
244 333
233 334
227 339
229 340
228 341
230 342
222 345
208 349
206 350
213 351
211 354
209 355
201 358
191 363
193 364
188 366
190 367
202 369
203 370
199 372
197 373
196 376
194 377
205 378
220 383
219 384
221 386
216 387
218 388
226 390
225 391
0 1
1 2
1 3
3 4
4 5
4 6
3 7
7 8
7 9
9 10
9 11
11 12
12 13
13 15
15 16
15 17
13 19
13 20
13 21
12 22
11 23
23 24
24 25
25 26
26 27
27 28
27 29
26 30
25 31
24 32
32 33
33 35
33 36
33 37
37 38
37 39
32 40
23 41
41 42
42 44
44 45
45 46
45 47
47 48
47 49
44 50
42 51
42 52
41 53
53 54
54 55
55 56
56 57
57 58
58 59
58 60
57 61
61 62
62 63
62 64
61 65
56 66
66 67
67 68
68 69
69 70
70 71
70 72
69 74
69 75
75 76
75 77
68 78
78 79
79 80
80 81
80 82
79 83
83 84
83 85
78 86
86 87
86 88
67 89
89 90
89 91
91 92
92 93
93 94
94 95
94 96
96 97
97 98
97 99
99 100
99 101
96 102
93 103
92 104
104 105
105 106
106 107
106 108
105 111
111 112
111 113
105 115
105 116
116 117
116 118
105 119
104 121
121 122
122 123
123 124
123 125
122 126
126 127
127 128
128 130
128 131
131 132
131 133
128 134
134 135
135 136
135 137
134 138
127 139
139 140
140 141
140 142
139 143
143 144
143 145
126 147
147 148
147 149
149 150
149 151
126 152
152 153
152 154
121 155
155 156
155 157
104 158
158 159
158 160
91 161
66 162
162 163
163 165
165 166
166 167
166 168
165 170
165 171
171 172
171 173
173 174
173 175
163 176
176 177
177 178
177 179
176 180
180 181
181 182
181 183
180 184
184 185
184 186
186 187
186 188
163 189
189 190
190 191
190 192
189 193
162 194
194 195
195 196
195 197
194 198
55 199
199 200
200 201
201 202
202 203
203 205
205 206
205 207
203 208
208 209
209 210
210 211
210 212
209 213
208 214
214 215
214 216
203 217
217 218
217 219
202 220
220 221
221 222
222 224
224 225
224 226
222 227
227 228
227 229
229 231
229 232
229 233
222 234
221 235
235 237
235 238
235 239
239 240
240 241
240 244
244 245
244 246
239 247
220 248
201 249
200 250
250 251
250 252
252 253
253 254
254 255
254 256
256 257
256 258
253 259
252 260
260 261
260 262
262 263
262 265
265 266
265 267
262 268
268 269
268 270
199 271
54 272
272 273
272 274
274 275
275 276
275 277
277 278
277 279
279 280
279 281
281 282
282 283
282 284
281 285
274 286
286 287
287 288
288 290
288 291
291 292
292 293
292 294
291 295
288 296
296 297
296 298
298 299
298 300
287 301
301 302
302 303
302 304
304 305
304 306
301 307
307 308
307 309
286 310
53 311
311 312
312 313
313 314
314 315
314 316
316 317
316 318
313 319
312 320
320 321
320 322
322 323
322 324
324 325
324 326
311 327
327 328
328 329
329 330
329 331
328 332
332 333
332 334
327 335
335 336
336 337
337 339
337 340
337 341
336 342
335 343
343 344
344 345
344 346
346 347
347 348
348 349
348 350
347 351
346 352
352 353
353 354
353 355
352 356
356 357
357 358
357 361
361 362
362 363
362 364
361 365
365 366
365 367
357 368
368 369
368 370
357 371
371 372
371 373
356 374
374 375
375 376
375 377
374 378
343 379
379 380
380 381
381 382
382 383
382 384
381 385
385 386
385 387
380 388
379 389
389 390
389 391
