196
391
0
285 2
258 5
256 7
259 8
289 10
287 13
283 17
282 19
280 20
276 22
278 23
270 26
263 28
265 30
261 32
264 33
271 35
268 38
266 39
273 40
181 46
179 47
182 48
187 50
186 51
184 52
230 59
229 60
227 62
228 63
216 68
221 69
218 72
219 73
220 74
226 76
225 77
222 79
194 85
196 86
205 88
201 89
202 91
203 93
199 96
197 97
191 100
193 101
188 103
190 104
206 106
208 107
213 109
211 111
209 112
244 115
233 116
243 118
242 119
234 123
236 124
249 126
247 127
252 130
254 131
245 133
251 134
148 143
127 146
126 147
147 149
145 151
149 152
155 156
153 157
152 158
154 159
156 160
134 166
112 168
110 169
93 171
95 172
130 173
117 175
89 179
90 180
88 182
87 183
100 186
98 187
116 188
137 192
131 193
136 196
133 197
119 199
132 200
121 203
122 204
113 207
115 208
120 209
138 213
141 215
140 216
144 218
142 219
108 222
96 227
82 228
81 232
79 233
75 234
83 235
56 237
54 240
55 241
53 243
51 244
62 246
23 251
10 255
15 257
1 259
0 260
2 262
4 263
8 264
33 268
31 271
32 274
28 275
24 276
26 278
34 279
18 283
7 284
5 286
17 287
27 290
19 292
21 293
13 296
11 297
30 298
37 300
35 301
40 303
38 304
49 308
50 309
47 311
48 312
42 314
44 315
86 319
84 320
107 321
65 327
63 328
58 331
60 332
66 333
77 334
72 337
73 338
70 340
68 342
71 343
102 346
91 348
92 349
123 351
105 352
150 353
172 355
163 362
164 363
166 364
165 365
161 367
157 369
158 370
171 372
169 374
170 376
167 377
173 378
239 380
177 383
174 385
237 386
178 389
175 390
240 391
0 1
1 2
1 3
3 4
4 5
4 6
6 7
6 8
3 9
9 10
9 11
11 12
12 13
12 14
14 15
15 16
16 17
16 18
18 19
18 20
15 21
21 22
21 23
14 24
24 25
25 26
25 27
27 28
27 29
29 30
29 31
31 32
31 33
24 34
34 35
34 36
36 37
37 38
37 39
36 40
11 41
41 42
42 43
43 44
44 45
45 46
45 47
44 48
43 49
49 50
49 51
42 52
41 53
53 54
54 55
55 56
56 57
57 58
58 59
58 60
57 61
61 62
61 63
56 64
64 65
65 66
66 67
67 68
67 69
66 70
70 71
71 72
71 73
70 74
65 75
75 76
75 77
64 78
78 79
78 80
80 81
81 82
82 83
83 84
84 85
84 86
83 87
87 88
87 89
82 90
90 91
90 92
92 93
92 94
94 95
95 96
95 97
94 98
98 99
99 100
99 101
98 102
102 103
102 104
81 105
105 106
105 107
80 108
108 109
108 110
110 111
110 112
55 113
113 114
114 115
114 116
113 117
117 118
117 119
54 120
120 121
121 122
122 123
122 124
121 125
125 126
125 127
120 128
128 129
129 130
129 131
128 132
132 133
132 134
53 135
135 136
136 137
137 138
138 139
139 140
140 141
141 142
142 143
142 144
144 145
145 146
145 147
144 148
148 149
148 150
150 151
150 152
141 153
153 154
154 155
155 156
155 157
154 158
153 159
140 160
139 161
161 162
162 163
163 164
164 165
165 166
165 167
167 168
167 169
164 170
170 171
170 172
163 173
162 174
174 175
174 176
176 177
177 178
178 179
178 180
177 181
181 182
181 183
176 184
184 185
185 186
185 187
184 188
161 189
189 190
190 191
191 192
191 193
190 194
194 195
195 196
195 197
194 198
198 199
198 200
189 201
201 202
202 203
202 204
201 205
205 206
206 207
206 208
205 209
138 210
210 211
211 212
212 213
212 214
214 215
214 216
211 217
217 218
217 219
210 220
220 221
221 222
221 223
223 224
224 225
225 226
226 227
226 228
225 229
229 230
230 231
231 232
231 233
230 234
229 235
224 236
236 237
236 238
238 239
239 240
239 241
238 242
242 243
242 244
223 245
245 246
245 247
247 248
248 249
249 250
250 251
250 252
252 253
253 254
254 255
254 256
256 257
256 258
258 259
258 260
253 261
261 262
261 263
252 264
249 265
265 266
266 267
267 268
267 269
269 270
270 271
270 272
272 273
273 274
273 275
272 276
269 277
277 278
277 279
266 280
280 281
281 282
282 283
282 284
281 285
285 286
285 287
280 288
288 289
289 290
289 291
291 292
291 293
288 294
294 295
295 296
295 297
294 298
265 299
299 300
299 301
248 302
302 303
302 304
247 305
305 306
306 307
307 308
307 309
306 310
310 311
310 312
305 313
313 314
313 315
220 316
316 317
317 318
318 319
318 320
317 321
316 322
322 323
323 324
324 325
325 326
326 327
326 328
325 329
329 330
330 331
330 332
329 333
324 334
323 335
335 336
336 337
336 338
335 339
339 340
339 341
341 342
341 343
322 344
344 345
345 346
345 347
347 348
347 349
344 350
350 351
350 352
137 353
136 354
354 355
354 356
356 357
357 358
358 359
359 360
360 361
361 362
361 363
360 364
359 365
358 366
366 367
366 368
368 369
368 370
357 371
371 372
371 373
373 374
373 375
375 376
375 377
356 378
135 379
379 380
379 381
381 382
382 383
382 384
384 385
384 386
381 387
387 388
388 389
388 390
387 391
