196
290
290
216 276
213 110
211 89
165 18
264 90
265 190
218 34
219 161
133 77
132 112
131 4
130 197
137 264
136 164
134 24
138 86
166 105
24 152
26 82
27 121
21 63
23 237
28 132
222 179
289 1
0 33
4 196
8 259
283 178
163 187
285 54
287 227
119 273
258 280
120 249
121 32
122 219
123 93
266 96
126 117
127 31
268 17
220 175
58 27
55 140
54 155
227 92
56 266
51 170
50 208
53 71
259 209
164 156
199 119
179 188
194 244
197 245
196 171
191 182
190 19
193 102
115 142
177 56
117 51
116 154
110 58
113 120
112 87
82 149
83 23
81 194
86 98
87 73
84 242
251 228
256 230
206 239
226 240
254 122
7 211
225 191
245 199
244 236
108 193
240 136
243 166
242 0
102 278
100 123
249 234
107 88
105 49
38 38
33 205
32 116
31 65
30 285
37 203
247 158
35 137
34 218
252 289
60 206
62 145
63 157
65 181
66 150
178 95
68 172
175 48
174 81
173 270
172 108
171 79
170 130
203 226
181 2
182 70
2 254
167 148
187 84
184 222
186 30
188 184
202 55
273 258
98 213
169 21
229 28
228 243
91 72
90 233
93 201
92 133
95 202
161 263
221 127
96 7
11 251
10 10
13 53
282 163
15 134
17 131
271 107
19 271
18 50
88 177
89 225
150 62
153 268
152 100
155 75
154 174
157 60
156 221
158 141
278 282
239 169
234 126
236 115
237 229
230 167
276 265
233 11
280 37
48 5
49 138
47 66
44 153
42 283
40 26
1 8
5 186
201 42
147 256
144 44
145 216
142 40
140 252
141 165
209 261
208 247
148 287
149 68
77 147
75 173
73 35
72 144
71 15
70 220
79 91
205 83
263 113
261 13
270 47
217 216
224 217
215 214
223 215
214 212
214 213
212 210
210 211
164 165
262 264
262 265
217 218
217 219
129 133
129 132
129 131
129 130
135 137
135 136
159 135
129 134
143 139
139 138
164 166
25 24
29 25
25 26
29 27
27 20
20 21
46 22
22 23
164 160
29 28
41 29
160 161
288 289
9 0
3 4
284 281
9 8
281 283
164 163
286 285
288 284
288 287
288 286
118 119
272 271
257 258
121 120
129 121
121 122
124 123
125 124
128 125
127 126
146 127
143 128
135 129
275 269
267 268
217 220
129 118
67 59
59 58
52 55
52 54
80 57
57 56
52 51
46 50
52 53
57 52
257 259
171 164
200 201
198 199
180 179
204 200
204 195
195 194
198 197
176 178
192 191
189 190
192 193
200 192
114 115
121 114
103 88
88 89
129 111
111 110
114 113
111 112
80 82
80 83
97 80
80 81
85 86
88 87
85 84
106 85
250 251
200 198
257 256
207 206
224 226
260 257
9 3
176 177
253 254
6 7
248 247
272 273
260 255
224 225
246 245
241 244
109 108
125 109
250 241
238 240
241 243
241 242
101 102
116 103
99 100
124 101
128 106
106 107
124 104
104 105
45 39
39 38
29 33
29 32
29 31
29 30
36 37
41 36
36 35
29 34
248 246
171 162
281 282
253 252
204 205
224 223
238 176
59 60
76 61
61 62
64 63
78 64
64 65
67 66
78 67
69 68
74 69
176 175
238 174
171 173
171 172
174 171
168 170
200 203
223 222
290 288
180 181
255 253
255 248
183 182
185 183
183 180
3 2
168 167
185 187
185 184
16 6
185 186
189 188
192 189
200 202
195 196
217 221
257 185
103 99
99 98
171 168
168 169
228 229
231 228
101 91
88 90
94 93
91 92
94 95
129 94
109 97
97 96
12 11
9 10
12 13
27 12
14 15
22 14
16 17
29 16
20 19
16 18
118 117
255 250
129 116
275 274
212 204
279 275
159 151
151 150
162 153
153 152
153 155
153 154
160 157
153 156
162 159
157 158
279 277
235 234
248 238
238 239
284 279
215 207
246 235
235 236
238 237
231 230
232 231
241 232
232 233
231 224
281 280
46 48
46 49
61 46
46 47
43 44
46 45
43 42
46 43
39 40
45 41
0 1
6 5
14 9
274 272
153 146
146 147
143 144
146 145
143 142
151 143
139 140
139 141
210 209
207 208
146 148
146 149
78 77
80 76
76 75
104 74
72 73
74 72
69 71
69 70
277 278
80 79
104 78
262 263
248 249
269 262
228 227
262 261
269 270
286 260
277 276
274 267
267 266
