196
311
0
289 3
287 5
278 7
276 10
282 11
270 15
261 19
264 21
263 22
265 23
273 26
268 28
266 29
271 30
280 31
283 32
285 34
256 36
259 38
258 40
187 43
186 46
179 49
181 50
182 51
184 52
251 55
243 58
242 60
230 62
229 66
228 64
227 68
222 72
213 74
211 77
209 78
205 81
196 84
194 85
201 87
202 91
197 93
199 94
191 96
190 99
188 100
193 101
203 102
208 104
206 105
226 106
220 110
219 111
216 114
221 115
218 116
225 117
233 119
244 120
245 123
247 125
249 127
236 129
234 130
254 133
252 134
178 137
175 139
177 140
239 143
240 144
237 146
174 147
172 150
171 149
167 156
169 158
170 159
173 160
166 165
163 167
157 169
158 171
161 172
164 162
165 174
150 176
156 180
152 184
153 182
155 186
154 188
145 192
127 193
126 195
149 196
148 198
147 199
116 202
100 206
98 207
87 211
89 212
88 208
90 214
134 222
93 224
95 225
110 227
112 228
117 229
130 230
119 231
133 234
136 235
131 236
113 240
115 241
121 238
122 245
120 246
132 247
137 248
144 251
142 253
138 255
141 257
140 258
84 262
86 263
107 264
123 267
102 270
91 272
92 273
105 275
77 278
63 281
65 282
60 285
58 286
66 287
72 289
73 291
71 294
68 295
70 296
108 298
96 300
82 302
81 305
83 306
79 308
56 311
53 313
55 315
54 317
51 318
75 320
62 322
48 324
47 326
44 329
42 330
50 332
49 334
18 341
7 343
17 345
5 346
31 347
24 349
34 351
37 354
35 355
26 356
33 358
27 359
13 364
11 365
30 366
19 368
21 369
32 371
28 372
40 374
38 376
23 378
8 380
15 382
10 384
2 387
4 388
1 390
0 389
0 1
1 2
2 3
2 4
4 5
4 6
6 7
6 8
8 9
9 10
9 11
8 13
13 14
14 15
14 16
16 17
17 19
17 21
17 22
17 23
16 24
24 25
25 26
25 27
27 28
27 29
24 30
13 31
8 32
1 33
33 34
33 35
35 36
35 38
35 39
39 40
39 41
41 42
42 43
42 44
44 45
45 46
45 47
47 48
48 49
48 50
47 51
44 52
41 53
53 54
54 55
54 56
56 57
57 58
57 59
59 60
59 61
61 62
61 64
64 66
64 68
61 69
69 70
70 71
71 72
71 73
73 74
73 76
76 77
76 78
73 79
79 80
80 81
80 83
83 84
83 85
80 86
86 87
86 88
88 91
88 92
92 93
92 94
88 95
95 96
95 98
98 99
98 100
95 101
88 102
79 103
103 104
103 105
70 106
69 108
108 109
109 110
109 111
108 113
113 114
113 115
108 116
69 117
56 118
118 119
118 120
53 122
122 123
122 124
124 125
124 126
126 127
126 128
128 129
128 130
53 131
131 132
132 133
132 134
131 135
135 136
136 137
136 139
136 140
135 142
142 143
142 144
135 146
135 147
147 149
149 150
149 155
155 156
155 158
155 159
149 160
149 162
162 165
162 167
162 168
168 169
169 171
168 172
162 174
149 175
175 176
175 177
177 178
178 179
179 180
179 181
181 182
182 184
182 186
181 188
181 189
189 192
189 193
193 195
189 196
189 198
189 199
178 200
200 201
201 202
202 204
204 205
205 206
205 207
204 208
208 211
208 212
208 214
201 218
218 220
220 222
220 223
223 224
223 225
220 226
226 227
226 228
218 229
218 230
201 231
201 234
201 235
201 236
201 238
238 239
239 240
239 241
238 245
238 246
201 247
200 248
177 249
249 250
250 251
250 253
250 254
254 255
254 257
254 258
249 259
259 260
260 261
261 262
261 263
260 264
259 265
265 266
266 267
266 268
268 269
269 270
269 271
271 272
271 273
268 274
274 275
274 276
276 277
277 278
277 280
280 281
280 282
277 283
283 284
284 285
284 286
283 287
276 288
288 289
289 291
288 292
292 293
293 294
293 295
292 296
265 297
297 298
297 299
299 300
299 301
301 302
301 305
301 306
301 308
301 310
310 311
310 313
310 314
314 315
314 317
314 318
301 319
319 320
319 321
321 322
321 323
323 324
323 325
325 326
325 328
328 329
328 330
325 332
325 334
325 335
335 336
336 340
340 341
340 343
340 344
344 345
344 346
336 347
336 349
336 350
350 351
350 353
353 354
353 355
350 356
336 358
336 359
359 363
363 364
363 365
359 366
359 367
367 368
367 369
336 370
370 371
370 372
335 374
335 376
335 377
377 378
377 379
379 380
379 381
381 382
381 384
381 386
386 387
386 388
381 389
389 390
