195
270
269
217 217
214 214
215 215
212 212
213 213
210 210
211 211
264 264
265 265
219 219
133 133
132 132
131 131
130 130
137 137
135 135
134 134
139 139
24 24
25 25
26 26
27 27
20 20
22 22
23 23
223 223
29 29
161 161
0 0
162 162
8 8
119 119
258 258
120 120
121 121
123 123
124 124
126 126
127 127
129 129
268 268
58 58
55 55
54 54
57 57
51 51
50 50
53 53
52 52
201 201
179 179
195 195
197 197
178 178
191 191
203 203
193 193
192 192
227 227
114 114
117 117
116 116
111 111
113 113
176 176
83 83
80 80
81 81
86 86
85 85
251 251
198 198
226 226
257 257
3 3
7 7
247 247
255 255
244 244
181 181
109 109
241 241
240 240
243 243
102 102
103 103
101 101
106 106
107 107
104 104
105 105
39 39
33 33
32 32
224 224
30 30
37 37
36 36
177 177
34 34
246 246
252 252
205 205
60 60
62 62
63 63
65 65
66 66
67 67
68 68
69 69
174 174
173 173
172 172
254 254
170 170
222 222
249 249
248 248
182 182
183 183
180 180
2 2
186 186
184 184
185 185
188 188
189 189
196 196
221 221
99 99
98 98
168 168
169 169
229 229
164 164
90 90
166 166
92 92
95 95
94 94
97 97
11 11
10 10
13 13
12 12
15 15
14 14
17 17
19 19
88 88
89 89
151 151
153 153
155 155
157 157
156 156
159 159
234 234
238 238
239 239
207 207
235 235
236 236
231 231
232 232
233 233
49 49
46 46
47 47
44 44
43 43
40 40
5 5
9 9
146 146
200 200
144 144
142 142
204 204
140 140
141 141
208 208
148 148
149 149
76 76
75 75
73 73
72 72
71 71
70 70
78 78
270 270
260 260
267 267
218 216
218 217
212 214
216 215
216 212
212 213
209 210
209 211
190 165
263 264
266 265
269 218
220 219
132 133
147 132
132 131
128 130
136 137
171 136
136 135
132 134
138 139
158 138
165 166
21 24
21 25
21 26
28 27
21 20
31 21
21 22
21 23
175 160
41 28
28 29
160 161
1 0
11 4
9 8
175 163
136 119
259 258
119 120
122 121
143 122
122 123
125 124
147 125
125 126
128 127
154 128
128 129
269 268
175 167
158 118
64 59
59 58
56 55
53 54
56 57
61 56
48 51
48 50
61 53
53 52
261 259
163 164
202 201
220 199
175 179
199 200
194 195
202 194
194 197
175 178
190 191
202 203
190 193
190 192
125 115
115 114
87 88
87 89
110 111
138 110
112 113
115 112
87 82
82 83
79 80
82 81
87 86
91 87
87 84
84 85
250 251
199 198
261 256
220 206
225 226
256 257
4 3
175 177
253 254
6 7
245 247
253 255
230 225
250 245
245 244
118 108
110 109
242 241
237 240
242 243
245 242
101 102
101 103
112 100
108 101
101 106
108 107
101 104
101 105
38 39
42 38
38 33
31 32
35 31
31 30
38 37
35 36
42 35
33 34
245 246
253 252
206 205
220 223
175 176
59 60
64 61
61 62
64 63
68 64
64 65
64 66
68 67
84 68
68 69
194 175
175 174
171 173
171 172
187 171
171 170
220 222
175 181
262 253
245 248
175 182
175 183
175 180
1 2
160 162
194 187
175 184
11 6
230 220
175 186
187 188
190 189
220 202
194 196
220 221
175 185
220 190
100 99
96 98
167 168
167 169
228 229
230 228
100 91
91 90
101 93
93 92
96 95
93 94
96 97
101 96
16 11
9 10
11 13
11 12
11 15
11 14
16 17
18 16
18 19
31 18
118 117
256 250
115 116
202 204
152 151
165 150
152 153
167 152
154 155
158 154
156 157
175 156
160 159
190 158
230 234
237 238
237 239
206 207
237 235
237 236
245 237
235 230
230 231
230 232
230 233
225 224
64 48
48 49
45 46
48 47
45 44
48 45
61 42
42 43
41 40
42 41
4 1
6 5
11 9
145 146
167 147
145 144
163 145
143 142
150 143
138 140
138 141
212 209
209 208
147 148
150 149
91 77
74 76
74 75
77 74
74 73
77 72
72 71
68 70
82 79
79 78
269 263
250 249
263 262
228 227
262 261
269 270
259 260
266 267
269 266
