199
271
271
216 140
215 58
210 101
211 187
165 80
264 204
218 96
219 56
132 76
131 155
130 221
136 254
135 7
134 154
138 260
166 161
24 8
25 192
27 130
21 237
22 60
160 127
29 157
161 64
0 170
162 190
8 22
163 11
119 24
120 98
121 257
123 85
125 245
126 43
127 104
128 77
129 14
269 110
268 215
118 232
59 102
58 132
55 63
54 268
227 12
56 184
50 264
52 126
259 194
164 240
201 99
199 244
200 255
194 94
197 236
178 0
190 119
193 78
192 13
115 172
114 2
88 168
270 181
111 165
110 173
112 5
82 219
83 66
80 262
86 226
87 93
84 117
85 50
207 156
226 91
257 134
3 71
7 141
247 111
255 70
225 162
245 27
244 249
108 211
240 175
242 266
102 146
103 125
100 68
101 189
106 251
107 147
104 166
39 128
33 114
32 208
224 36
30 160
36 203
252 29
223 197
60 207
61 103
258 55
63 227
64 158
66 151
67 258
68 269
176 223
175 6
251 193
173 131
172 225
254 61
170 224
203 242
181 95
253 185
182 180
180 86
2 164
186 39
187 25
184 201
6 145
250 46
189 153
196 230
221 200
185 186
99 247
98 205
168 19
229 108
91 199
90 59
93 270
92 3
95 84
94 182
97 120
96 123
11 229
10 121
13 97
12 17
14 44
17 216
16 32
19 136
117 54
204 90
151 178
153 152
152 252
155 250
154 88
157 196
156 115
159 210
158 87
238 49
235 238
236 52
237 135
230 176
232 118
233 41
49 163
46 106
47 47
44 30
42 107
43 129
41 112
5 218
146 67
147 92
144 33
145 253
205 259
143 83
140 73
141 42
208 82
149 138
77 144
76 72
74 233
73 149
72 159
71 143
70 100
78 74
249 21
262 16
260 235
266 10
217 216
220 217
215 214
222 215
214 212
214 213
209 210
212 211
153 165
265 264
267 265
217 218
220 219
153 133
130 132
130 131
137 130
169 137
137 136
133 135
133 134
153 139
139 138
153 166
23 24
26 25
35 26
26 27
34 20
20 21
23 22
40 23
153 160
37 28
28 29
153 161
1 0
18 4
9 8
153 163
153 119
256 258
119 120
153 121
234 122
122 123
167 124
124 125
124 126
124 127
124 128
130 129
267 269
267 268
222 224
119 118
62 59
59 58
53 55
53 54
59 57
53 56
53 51
48 50
57 53
53 52
256 259
153 164
202 201
198 199
202 198
198 200
198 195
195 194
198 197
177 178
202 191
191 190
191 193
191 192
116 115
113 114
89 88
122 89
109 111
109 110
124 113
109 112
81 82
81 83
81 80
93 81
87 86
153 87
81 84
81 85
261 251
206 207
263 256
213 206
222 226
256 257
4 3
251 177
251 254
8 7
248 247
256 255
222 225
246 245
243 244
109 108
121 109
246 241
239 240
246 243
243 242
93 102
93 103
93 100
93 101
105 106
105 107
105 104
113 105
38 39
51 38
34 33
31 32
51 31
31 30
57 37
37 36
38 35
38 34
248 246
251 252
206 205
222 223
177 176
59 60
59 61
89 62
62 63
65 64
79 65
65 66
65 67
69 68
79 69
174 175
234 174
174 173
171 172
183 171
171 170
202 203
239 222
179 181
251 253
261 248
183 182
251 183
179 180
1 2
153 162
188 187
183 184
4 6
222 220
183 186
202 188
188 189
212 202
251 179
195 196
222 221
183 185
93 99
93 98
169 168
234 169
228 229
256 228
89 91
89 90
133 93
89 92
93 95
93 94
93 97
93 96
9 11
9 10
18 13
13 12
28 15
15 14
18 17
15 16
18 19
35 18
116 117
251 250
148 116
202 204
150 151
179 150
234 153
153 152
153 155
153 154
153 157
153 156
153 159
153 158
234 238
241 239
241 234
234 235
234 236
234 237
231 230
265 231
231 232
234 233
53 48
48 49
45 46
48 47
45 44
53 45
40 42
40 43
51 40
40 41
20 1
4 5
20 9
145 146
148 147
145 144
251 145
167 142
142 143
139 140
142 141
213 209
209 208
234 148
150 149
75 77
75 76
93 75
75 74
69 73
69 72
69 71
69 70
93 79
79 78
267 263
248 249
263 262
228 227
267 261
271 270
256 260
234 167
271 267
267 266
