199
271
271
216 73
215 235
210 199
211 140
165 72
264 258
218 240
219 247
132 187
131 82
130 162
136 170
135 141
134 92
138 229
166 168
24 12
25 260
27 144
21 175
22 211
160 11
29 59
161 249
0 56
162 130
8 7
163 165
119 52
120 250
121 107
123 14
125 42
126 129
127 208
128 233
129 5
269 10
268 96
118 262
59 134
58 22
55 201
54 153
227 131
56 66
50 224
52 216
259 111
164 54
201 218
199 118
200 147
194 225
197 186
178 252
190 254
193 71
192 41
115 180
114 60
88 200
270 87
111 164
110 104
112 192
82 245
83 83
80 253
86 223
87 145
84 91
85 90
207 197
226 121
257 46
3 115
7 194
247 117
255 160
225 30
245 155
244 114
108 159
240 77
242 50
102 236
103 16
100 232
101 61
106 132
107 158
104 101
39 204
33 196
32 106
224 0
30 259
36 230
252 166
223 88
60 157
61 203
258 161
63 6
64 17
66 67
67 21
68 25
176 93
175 207
251 19
173 47
172 80
254 136
170 266
203 184
181 242
253 98
182 27
180 49
2 100
186 264
187 163
184 68
6 226
250 221
189 244
196 78
221 257
185 154
99 13
98 193
168 146
229 74
91 95
90 99
93 84
92 55
95 112
94 269
97 227
96 123
11 108
10 255
13 149
12 143
14 70
17 44
16 29
19 85
117 64
204 120
151 63
153 125
152 190
155 181
154 152
157 135
156 270
159 151
158 215
238 173
235 268
236 176
237 127
230 33
232 237
233 58
49 86
46 3
47 178
44 138
42 172
43 185
41 210
5 32
146 156
147 94
144 43
145 251
205 128
143 8
140 24
141 102
208 126
149 189
77 238
76 97
74 103
73 36
72 110
71 2
70 119
78 39
249 205
262 219
260 182
266 76
217 216
220 217
215 214
222 215
214 212
214 213
209 210
212 211
153 165
265 264
267 265
217 218
220 219
153 133
130 132
130 131
137 130
169 137
137 136
133 135
133 134
153 139
139 138
153 166
23 24
26 25
35 26
26 27
34 20
20 21
23 22
40 23
153 160
37 28
28 29
153 161
1 0
18 4
9 8
153 163
153 119
256 258
119 120
153 121
234 122
122 123
167 124
124 125
124 126
124 127
124 128
130 129
267 269
267 268
222 224
119 118
62 59
59 58
53 55
53 54
59 57
53 56
53 51
48 50
57 53
53 52
256 259
153 164
202 201
198 199
202 198
198 200
198 195
195 194
198 197
177 178
202 191
191 190
191 193
191 192
116 115
113 114
89 88
122 89
109 111
109 110
124 113
109 112
81 82
81 83
81 80
93 81
87 86
153 87
81 84
81 85
261 251
206 207
263 256
213 206
222 226
256 257
4 3
251 177
251 254
8 7
248 247
256 255
222 225
246 245
243 244
109 108
121 109
246 241
239 240
246 243
243 242
93 102
93 103
93 100
93 101
105 106
105 107
105 104
113 105
38 39
51 38
34 33
31 32
51 31
31 30
57 37
37 36
38 35
38 34
248 246
251 252
206 205
222 223
177 176
59 60
59 61
89 62
62 63
65 64
79 65
65 66
65 67
69 68
79 69
174 175
234 174
174 173
171 172
183 171
171 170
202 203
239 222
179 181
251 253
261 248
183 182
251 183
179 180
1 2
153 162
188 187
183 184
4 6
222 220
183 186
202 188
188 189
212 202
251 179
195 196
222 221
183 185
93 99
93 98
169 168
234 169
228 229
256 228
89 91
89 90
133 93
89 92
93 95
93 94
93 97
93 96
9 11
9 10
18 13
13 12
28 15
15 14
18 17
15 16
18 19
35 18
116 117
251 250
148 116
202 204
150 151
179 150
234 153
153 152
153 155
153 154
153 157
153 156
153 159
153 158
234 238
241 239
241 234
234 235
234 236
234 237
231 230
265 231
231 232
234 233
53 48
48 49
45 46
48 47
45 44
53 45
40 42
40 43
51 40
40 41
20 1
4 5
20 9
145 146
148 147
145 144
251 145
167 142
142 143
139 140
142 141
213 209
209 208
234 148
150 149
75 77
75 76
93 75
75 74
69 73
69 72
69 71
69 70
93 79
79 78
267 263
248 249
263 262
228 227
267 261
271 270
256 260
234 167
271 267
267 266
