199
397
0
266 2
270 4
264 7
269 8
268 10
230 13
232 14
259 18
227 22
229 23
260 25
258 27
257 28
255 29
262 30
251 35
252 39
178 41
176 42
253 44
254 45
144 48
146 50
145 51
184 53
185 56
172 58
170 59
186 61
182 62
180 64
149 67
151 68
181 69
250 70
249 73
247 74
244 77
242 78
245 81
240 83
224 89
205 95
207 96
208 98
210 99
211 101
200 105
199 107
196 108
197 110
203 113
201 116
204 117
189 119
187 120
190 122
192 124
193 125
194 126
219 127
225 128
215 129
223 131
216 133
218 134
221 135
226 136
238 141
173 142
236 145
168 147
123 150
235 151
237 153
136 156
132 159
130 160
131 162
129 163
175 165
152 169
156 170
118 179
119 180
120 181
135 183
134 184
162 185
154 188
161 189
108 194
112 196
110 198
111 199
121 200
138 202
140 203
163 204
153 205
166 209
155 211
165 212
160 213
158 215
164 216
76 219
83 221
93 225
103 229
78 230
77 233
102 235
95 236
74 237
94 241
99 242
98 243
96 245
101 246
80 249
84 252
82 253
66 256
64 258
67 259
85 260
97 261
68 267
72 268
70 269
73 270
71 271
100 272
157 273
159 275
87 277
86 278
147 280
115 282
117 283
233 284
143 287
141 289
114 291
127 294
128 296
104 298
107 300
106 301
126 303
125 304
91 306
90 310
88 311
92 312
63 314
58 317
60 320
61 321
59 322
36 325
29 327
14 329
16 330
55 332
56 335
49 337
47 339
50 340
52 343
46 345
44 346
54 348
30 350
22 356
24 357
32 359
42 360
43 361
41 362
25 367
27 368
12 371
13 372
17 374
19 376
6 378
3 380
5 381
39 382
33 384
21 387
10 389
7 392
8 393
11 394
2 396
0 397
0 1
1 2
1 3
3 4
3 5
5 6
6 7
6 8
5 9
9 10
9 11
11 12
12 13
12 14
11 15
15 16
16 17
17 18
17 19
19 20
20 21
21 22
21 23
20 24
24 25
24 26
26 27
26 28
19 29
16 30
15 31
31 32
32 33
33 34
34 35
34 36
36 37
37 38
38 39
38 40
40 41
40 42
37 43
43 44
43 45
36 46
46 47
47 48
47 49
49 50
49 51
46 52
52 53
52 54
54 55
55 56
55 57
57 58
57 59
54 60
60 61
60 62
33 63
63 64
63 65
65 66
66 67
66 68
65 69
32 70
31 71
71 72
72 73
72 74
71 75
75 76
76 77
76 78
75 79
79 80
80 81
80 82
82 83
82 84
84 85
85 86
86 87
87 88
88 89
88 90
90 91
91 92
92 93
93 94
94 95
94 96
93 97
97 98
97 99
92 100
100 101
100 102
102 103
103 104
104 105
104 106
106 107
106 108
103 109
109 110
109 111
111 112
112 113
112 114
114 115
115 116
115 117
114 118
118 119
118 120
111 121
121 122
121 123
123 124
123 125
102 126
91 127
90 128
87 129
86 130
130 131
130 132
132 133
132 134
85 135
84 136
79 137
137 138
138 139
139 140
140 141
140 142
139 143
143 144
144 145
144 146
146 147
146 148
148 149
149 150
149 151
148 152
152 153
152 154
154 155
155 156
155 157
157 158
158 159
158 160
157 161
161 162
161 163
154 164
164 165
164 166
166 167
167 168
168 169
168 170
167 171
171 172
172 173
173 174
174 175
175 176
176 177
177 178
178 179
178 180
177 181
176 182
182 183
182 184
175 185
174 186
186 187
187 188
187 189
186 190
190 191
191 192
192 193
193 194
193 195
195 196
195 197
197 198
197 199
192 200
191 201
201 202
201 203
190 204
173 205
172 206
206 207
207 208
208 209
208 210
210 211
210 212
207 213
206 214
214 215
214 216
171 217
217 218
218 219
218 220
220 221
220 222
222 223
223 224
224 225
224 226
226 227
227 228
228 229
228 230
227 231
231 232
232 233
232 234
234 235
234 236
231 237
226 238
238 239
239 240
240 241
240 242
239 243
238 244
244 245
244 246
223 247
247 248
248 249
248 250
250 251
251 252
251 253
250 254
254 255
255 256
255 257
257 258
257 259
254 260
247 261
222 262
262 263
263 264
264 265
265 266
266 267
266 268
265 269
264 270
263 271
262 272
217 273
166 274
274 275
274 276
276 277
276 278
143 279
279 280
279 281
281 282
281 283
138 284
137 285
285 286
286 287
286 288
288 289
288 290
290 291
290 292
292 293
293 294
293 295
295 296
295 297
297 298
297 299
299 300
299 301
292 302
302 303
302 304
285 305
305 306
305 307
307 308
308 309
309 310
309 311
308 312
307 313
313 314
313 315
315 316
316 317
316 318
318 319
319 320
319 321
318 322
315 323
323 324
324 325
324 326
326 327
326 328
328 329
328 330
323 331
331 332
331 333
333 334
334 335
334 336
336 337
336 338
338 339
338 340
333 341
341 342
342 343
342 344
344 345
344 346
341 347
347 348
347 349
349 350
349 351
351 352
352 353
353 354
354 355
355 356
355 357
354 358
358 359
358 360
353 361
352 362
351 363
363 364
364 365
365 366
366 367
366 368
365 369
369 370
370 371
370 372
369 373
373 374
373 375
375 376
375 377
377 378
377 379
379 380
379 381
364 382
363 383
383 384
383 385
385 386
386 387
386 388
388 389
388 390
390 391
391 392
391 393
390 394
385 395
395 396
395 397
