99
169
0
142 2
141 3
139 4
98 6
102 8
96 10
131 14
132 16
130 17
129 18
124 19
126 20
125 21
128 22
62 25
37 28
35 30
31 31
33 33
28 35
26 37
24 39
29 41
13 44
11 46
10 47
9 48
21 50
18 52
19 53
17 54
3 56
2 58
0 59
8 62
6 64
4 65
16 67
14 68
45 70
44 71
46 73
42 74
51 77
47 78
50 80
49 81
54 83
55 85
52 86
59 88
41 90
40 91
38 92
64 94
63 96
61 97
58 99
56 100
73 102
71 103
67 105
65 106
134 108
127 109
76 111
74 112
70 114
68 115
135 117
137 119
117 122
113 124
114 126
115 128
112 129
111 131
109 132
122 134
120 136
118 137
91 140
93 142
88 144
87 145
77 147
89 149
79 150
85 153
81 155
80 156
84 158
82 159
101 161
100 162
105 165
103 166
108 168
106 169
0 1
1 2
1 3
1 4
1 5
5 6
5 7
7 8
7 9
9 10
9 11
11 12
12 13
13 14
13 15
15 16
15 17
15 18
15 19
15 20
15 21
15 22
15 23
23 24
24 25
24 26
26 27
27 28
27 29
29 30
29 31
29 32
32 33
32 34
34 35
34 36
36 37
36 38
38 39
38 40
40 41
40 42
42 43
43 44
43 45
45 46
45 47
45 48
45 49
49 50
49 51
51 52
51 53
51 54
51 55
55 56
55 57
57 58
57 59
42 60
60 61
61 62
61 63
63 64
63 65
60 66
66 67
66 68
26 69
69 70
69 71
69 72
72 73
72 74
24 75
75 76
76 77
76 78
76 79
79 80
79 81
75 82
82 83
82 84
84 85
84 86
24 87
87 88
87 89
89 90
89 91
89 92
24 93
93 94
93 95
95 96
95 97
23 98
98 99
98 100
15 101
101 102
101 103
101 104
104 105
104 106
15 107
107 108
107 109
107 110
110 111
110 112
15 113
113 114
113 115
12 116
116 117
116 118
118 119
118 120
120 121
121 122
121 123
123 124
123 125
125 126
125 127
127 128
127 129
121 130
130 131
130 132
120 133
133 134
133 135
135 136
135 137
11 138
138 139
139 140
139 141
141 142
141 143
143 144
143 145
143 146
146 147
146 148
148 149
148 150
138 151
151 152
152 153
152 154
154 155
154 156
151 157
157 158
157 159
7 160
160 161
160 162
1 163
163 164
164 165
164 166
163 167
167 168
167 169
