99
156
0
126 16
125 17
130 19
124 10
132 21
129 23
70 25
68 26
134 29
127 30
76 32
74 33
64 37
37 40
31 44
24 47
28 49
29 52
16 55
14 56
8 58
6 60
4 61
3 64
18 63
19 69
17 70
21 72
13 74
11 77
9 78
10 73
2 81
0 82
26 83
33 84
35 85
62 88
46 90
45 92
44 94
42 95
59 97
41 100
38 101
40 102
63 105
61 106
55 109
54 111
52 112
51 115
47 116
50 118
49 119
58 121
56 122
71 123
73 124
128 125
67 127
65 128
131 129
135 130
137 131
122 134
120 136
118 137
117 140
115 142
113 141
114 146
112 147
111 149
109 150
141 154
139 157
108 161
101 163
98 164
102 165
105 167
103 168
106 169
142 171
100 172
96 174
93 178
91 179
79 182
77 183
89 186
88 180
87 188
81 192
80 191
85 194
84 196
82 197
0 1
1 2
2 3
3 4
4 5
5 6
6 8
8 10
10 16
10 17
10 19
10 21
10 23
10 24
24 25
24 26
10 27
27 29
27 30
27 31
31 32
31 33
10 34
34 35
35 37
37 39
39 40
39 41
41 42
42 43
43 44
43 45
45 46
46 47
46 48
48 49
48 52
48 53
53 54
54 55
54 56
53 57
57 58
57 59
59 60
59 61
48 62
62 63
63 64
63 69
63 70
63 71
71 72
71 73
73 74
73 77
73 78
62 80
80 81
80 82
45 83
42 84
41 85
35 87
87 88
87 89
89 90
89 92
89 94
89 95
35 96
96 97
96 98
98 100
98 101
98 102
35 104
104 105
104 106
35 107
107 109
107 110
110 111
110 112
107 113
113 115
113 116
113 117
117 118
117 119
34 120
120 121
120 122
8 123
8 124
6 125
6 126
126 127
126 128
5 129
4 130
3 131
2 132
132 133
133 134
133 135
135 136
135 137
132 138
138 140
138 141
141 142
141 145
145 146
145 147
138 148
148 149
148 150
1 151
151 152
152 154
152 157
152 159
159 161
159 162
162 163
162 164
159 165
152 166
166 167
166 168
152 169
152 170
170 171
170 172
151 173
173 174
173 175
175 176
176 177
177 178
177 179
176 180
180 181
181 182
181 183
180 186
180 188
175 189
189 190
190 191
191 192
190 194
189 195
195 196
195 197
