99
144
144
132 132
131 131
130 130
137 137
135 135
134 134
139 139
24 24
26 26
21 21
28 28
29 29
0 0
4 4
8 8
120 120
122 122
124 124
125 125
126 126
127 127
128 128
129 129
118 118
59 59
58 58
55 55
54 54
56 56
51 51
50 50
52 52
115 115
114 114
117 117
89 89
111 111
113 113
112 112
82 82
80 80
81 81
87 87
84 84
85 85
3 3
108 108
109 109
102 102
103 103
100 100
101 101
106 106
105 105
38 38
33 33
31 31
37 37
35 35
61 61
62 62
63 63
64 64
65 65
67 67
68 68
2 2
6 6
98 98
91 91
93 93
96 96
11 11
10 10
13 13
14 14
17 17
16 16
19 19
18 18
88 88
49 49
46 46
47 47
44 44
45 45
42 42
40 40
41 41
9 9
142 142
141 141
77 77
76 76
74 74
73 73
71 71
70 70
79 79
138 133
124 132
124 131
124 130
136 137
138 136
136 135
133 134
140 139
143 138
23 24
27 25
27 26
30 27
23 20
22 21
25 22
25 23
27 28
30 29
1 0
5 4
7 8
121 119
119 120
123 121
121 122
136 123
133 124
124 125
124 126
124 127
124 128
124 129
119 118
60 59
57 58
53 55
53 54
124 57
57 56
48 51
48 50
60 53
53 52
113 115
113 114
95 88
88 89
110 111
116 110
116 113
113 112
83 82
90 83
86 80
80 81
90 86
88 87
83 84
86 85
1 3
20 7
107 108
110 109
99 102
104 103
99 100
99 101
107 106
140 107
107 104
104 105
60 39
39 38
34 33
34 32
32 31
32 30
36 37
60 36
34 35
36 34
124 60
60 61
60 62
60 63
60 64
66 65
72 66
66 67
69 68
124 69
1 2
5 6
140 99
99 98
92 91
94 90
92 93
94 92
97 95
95 94
99 97
97 96
10 11
12 10
12 13
21 12
20 15
15 14
18 17
15 16
18 19
22 18
116 117
123 116
53 48
48 49
43 46
48 47
43 44
43 45
43 42
60 43
39 40
39 41
18 1
7 5
10 9
140 142
144 143
143 140
140 141
78 77
75 76
124 75
75 74
72 73
124 72
72 71
69 70
78 79
88 78
