100
132
132
130 130
24 24
26 26
20 20
22 22
28 28
29 29
0 0
4 4
8 8
120 120
121 121
122 122
123 123
124 124
126 126
128 128
129 129
59 59
58 58
55 55
54 54
56 56
51 51
52 52
115 115
114 114
88 88
89 89
111 111
110 110
113 113
112 112
82 82
83 83
80 80
81 81
86 86
118 118
84 84
85 85
7 7
109 109
103 103
101 101
107 107
104 104
105 105
39 39
38 38
32 32
31 31
37 37
36 36
35 35
34 34
60 60
61 61
63 63
64 64
65 65
66 66
67 67
68 68
2 2
99 99
98 98
91 91
90 90
93 93
92 92
95 95
94 94
97 97
11 11
10 10
12 12
15 15
14 14
17 17
18 18
117 117
116 116
48 48
49 49
46 46
45 45
42 42
43 43
40 40
41 41
1 1
5 5
77 77
76 76
75 75
74 74
71 71
70 70
79 79
132 131
131 130
23 24
30 25
25 26
33 27
21 20
33 21
23 22
33 23
27 28
30 29
1 0
3 4
9 8
123 87
125 119
119 120
119 121
119 122
125 123
123 124
132 125
127 126
132 127
127 128
127 129
57 59
57 58
53 55
53 54
62 57
53 56
50 51
53 50
57 53
53 52
108 115
108 114
89 88
108 89
108 111
108 110
108 113
108 112
78 82
78 83
78 80
78 81
87 86
119 118
78 84
78 85
33 3
6 7
131 108
108 109
106 102
102 103
102 100
100 101
131 106
108 107
102 104
106 105
33 39
33 38
53 33
33 32
30 31
33 30
33 37
33 36
33 35
33 34
57 60
62 61
72 62
62 63
62 64
62 65
62 66
62 67
69 68
73 69
3 2
33 6
100 99
96 98
108 91
89 90
94 93
91 92
96 95
108 94
96 97
102 96
9 11
9 10
21 13
13 12
16 15
13 14
16 17
27 16
33 19
19 18
108 117
108 116
47 48
50 49
47 46
50 47
47 44
44 45
33 42
44 43
33 40
33 41
25 1
6 5
19 9
78 77
73 76
73 75
73 74
78 73
78 72
72 71
69 70
78 79
87 78
