98
195
0
101 7
103 8
112 12
114 13
111 14
113 16
110 17
109 19
107 20
106 23
104 24
115 25
143 28
137 31
135 32
142 33
123 37
119 39
120 41
121 42
138 43
140 44
88 49
87 50
89 51
132 53
131 54
69 61
52 62
41 64
43 66
39 67
35 71
37 72
33 74
31 75
26 81
12 82
24 84
15 85
5 91
3 92
9 95
6 96
8 97
0 99
2 100
11 101
19 105
21 106
22 108
25 109
14 111
17 113
18 114
29 116
27 117
30 118
57 123
50 125
49 126
51 128
59 130
56 132
48 133
47 137
45 138
58 139
54 141
55 142
53 144
46 146
44 147
67 149
61 153
60 154
62 155
127 158
128 159
126 160
96 163
66 166
98 168
64 169
94 172
90 175
92 176
100 177
95 178
85 180
78 185
80 186
70 189
72 190
73 191
83 192
75 194
77 195
0 1
1 2
2 3
3 4
4 5
5 6
6 7
6 8
5 9
9 10
10 11
11 12
11 13
10 14
9 15
15 16
15 17
4 18
18 19
18 20
3 21
21 22
22 23
22 24
21 25
2 26
26 27
27 28
27 29
29 30
30 31
30 32
29 33
26 34
34 35
35 36
36 37
36 38
38 39
38 40
40 41
40 42
35 43
34 44
1 45
45 46
46 47
47 48
48 49
48 50
47 51
46 52
52 53
52 54
45 55
55 56
56 57
57 58
58 59
59 60
60 61
60 62
59 63
63 64
63 65
65 66
65 67
58 68
68 69
69 70
70 71
70 72
69 73
73 74
73 75
68 76
76 77
77 78
78 79
79 80
80 81
80 82
79 83
83 84
83 85
78 86
86 87
87 88
88 89
89 90
90 91
90 92
89 93
93 94
94 95
94 96
93 97
88 98
98 99
98 100
87 101
86 102
102 103
103 104
104 105
104 106
103 107
107 108
107 109
102 110
110 111
110 112
112 113
112 114
77 115
115 116
115 117
76 118
57 119
119 120
120 121
121 122
122 123
122 124
124 125
124 126
121 127
127 128
127 129
129 130
129 131
131 132
131 133
120 134
134 135
135 136
136 137
136 138
135 139
134 140
140 141
140 142
119 143
143 144
143 145
145 146
145 147
56 148
148 149
148 150
150 151
151 152
152 153
152 154
151 155
150 156
156 157
157 158
157 159
156 160
55 161
161 162
162 163
162 164
164 165
165 166
165 167
167 168
167 169
164 170
170 171
171 172
171 173
173 174
174 175
174 176
173 177
170 178
161 179
179 180
179 181
181 182
182 183
183 184
184 185
184 186
183 187
187 188
188 189
188 190
187 191
182 192
181 193
193 194
193 195
