98
164
0
126 4
67 6
62 7
59 9
58 10
55 11
54 12
53 13
45 14
52 15
51 16
47 17
46 18
44 20
43 22
39 24
41 26
69 28
26 33
12 34
22 36
19 37
18 39
17 40
14 41
11 44
8 45
2 47
0 48
5 50
3 51
9 53
6 54
24 56
15 57
25 59
21 60
29 62
30 64
27 65
37 67
35 68
33 70
31 71
57 73
50 74
49 75
56 77
48 78
61 80
60 81
128 83
127 84
96 89
85 91
83 93
73 96
77 98
75 99
72 101
70 102
80 104
78 105
66 107
98 109
64 110
95 112
94 114
100 116
92 118
90 119
89 122
88 123
87 124
132 126
131 127
142 129
143 131
140 133
138 134
123 137
113 141
111 142
110 143
114 145
112 146
103 148
101 149
109 151
107 152
115 154
106 156
104 157
120 159
121 160
119 161
137 163
135 164
0 1
1 2
2 3
3 4
3 5
5 6
5 7
5 8
8 9
8 10
8 11
8 12
8 13
8 14
8 15
8 16
8 17
8 18
8 19
19 20
19 21
21 22
21 23
23 24
23 25
25 26
25 27
27 28
27 29
29 30
30 31
31 32
32 33
32 34
32 35
35 36
35 37
35 38
38 39
38 40
38 41
38 42
42 43
43 44
43 45
43 46
46 47
46 48
43 49
49 50
49 51
42 52
52 53
52 54
38 55
55 56
55 57
35 58
58 59
58 60
31 61
61 62
61 63
63 64
63 65
30 66
66 67
66 68
29 69
69 70
69 71
8 72
72 73
72 74
72 75
8 76
76 77
76 78
5 79
79 80
79 81
3 82
82 83
82 84
2 85
85 86
86 87
87 88
88 89
88 90
90 91
90 92
92 93
92 94
94 95
95 96
95 97
97 98
97 99
95 100
100 101
100 102
94 103
103 104
103 105
87 106
106 107
106 108
108 109
108 110
86 111
111 112
111 113
113 114
113 115
115 116
115 117
117 118
117 119
85 120
120 121
121 122
121 123
121 124
120 125
125 126
125 127
1 128
128 129
128 130
130 131
130 132
132 133
132 134
132 135
135 136
136 137
136 138
138 139
139 140
140 141
140 142
140 143
140 144
144 145
144 146
140 147
147 148
147 149
139 150
150 151
150 152
138 153
153 154
153 155
155 156
155 157
135 158
158 159
158 160
158 161
128 162
162 163
162 164
