98
150
1
45 5
61 8
127 9
52 26
39 30
120 35
121 36
85 41
83 52
77 54
111 64
107 65
0 66
2 67
3 68
5 69
6 70
8 71
9 72
11 73
12 74
14 75
15 76
17 77
18 78
19 79
21 80
22 81
24 82
25 83
26 84
27 85
29 86
30 87
31 88
33 89
35 90
37 91
41 92
43 93
44 94
46 95
47 96
48 97
49 98
50 99
51 100
53 101
54 102
55 103
56 104
57 105
58 106
59 107
60 108
62 109
64 110
66 111
67 112
69 113
70 114
72 115
73 116
75 117
78 118
80 119
87 120
88 121
89 122
90 123
92 124
94 125
95 126
96 127
98 128
100 129
101 130
103 131
104 132
106 133
109 134
110 135
112 136
113 137
114 138
115 139
119 140
123 141
126 142
128 143
131 144
132 145
135 146
137 147
138 148
140 149
142 150
143 151
1 2
2 3
2 4
2 5
5 6
5 7
7 8
7 9
5 10
10 11
10 12
12 13
12 14
14 15
14 16
14 17
14 18
18 19
19 20
20 21
19 22
22 23
19 24
12 25
10 26
10 27
10 28
5 29
29 30
5 31
2 32
32 33
33 34
33 35
35 36
32 37
2 38
38 39
38 40
40 41
40 42
42 43
43 44
43 45
40 46
46 47
46 48
48 49
48 50
48 51
51 52
51 53
53 54
38 55
38 56
2 57
57 58
58 59
58 60
60 61
58 62
57 63
63 64
57 65
23 66
23 67
22 68
22 69
21 70
22 71
21 72
22 73
18 74
20 75
18 76
20 77
24 78
19 79
19 80
19 81
28 82
19 83
18 84
16 85
17 86
15 87
13 88
13 89
25 90
25 91
11 92
29 93
29 94
5 95
5 96
31 97
6 98
6 99
5 100
5 101
5 102
5 103
31 104
6 105
5 106
5 107
8 108
7 109
46 110
46 111
7 112
27 113
48 114
48 115
48 116
53 117
49 118
50 119
3 120
3 121
56 122
43 123
43 124
44 125
42 126
47 127
46 128
43 129
63 130
63 131
60 132
61 133
64 134
64 135
64 136
64 137
64 138
34 139
35 140
59 141
7 142
9 143
4 144
39 145
37 146
37 147
33 148
33 149
55 150
62 151
