98
98
98
0 0
2 1
3 2
5 3
6 4
8 5
9 6
11 7
12 8
14 9
15 10
17 11
18 12
19 13
21 14
22 15
24 16
25 17
26 18
27 19
29 20
30 21
31 22
33 23
35 24
37 25
39 26
41 27
43 28
44 29
46 30
47 31
48 32
49 33
50 34
51 35
52 36
45 37
53 38
54 39
55 40
56 41
57 42
58 43
59 44
60 45
61 46
62 47
64 48
66 49
67 50
69 51
70 52
72 53
73 54
75 55
77 56
78 57
80 58
83 59
85 60
87 61
88 62
89 63
90 64
92 65
94 66
95 67
96 68
98 69
100 70
101 71
103 72
104 73
106 74
107 75
109 76
110 77
111 78
112 79
113 80
114 81
115 82
119 83
121 84
120 85
123 86
126 87
127 88
128 89
131 90
132 91
135 92
137 93
138 94
140 95
142 96
143 97
98 95
95 85
85 83
85 84
95 94
85 86
95 92
92 93
95 97
92 96
83 77
77 78
78 81
78 80
78 79
78 71
71 72
78 76
76 75
85 82
82 73
73 74
98 47
47 37
37 35
37 38
37 29
37 30
37 32
32 41
37 40
37 42
29 28
37 31
37 39
37 43
47 88
88 87
88 89
29 33
37 34
47 46
46 45
28 26
37 44
29 50
37 24
24 25
24 23
23 22
32 36
28 27
29 51
87 61
61 62
61 63
47 90
90 91
24 18
18 15
15 13
18 8
15 9
15 11
15 0
0 1
0 5
5 2
2 3
15 17
5 6
6 4
18 10
0 7
15 12
18 16
18 20
8 21
18 14
20 19
91 68
68 49
49 48
48 69
49 60
49 64
64 65
64 67
64 66
64 70
60 54
54 53
53 52
54 59
52 57
54 55
55 56
53 58
