98
146
146
132 29
131 14
137 0
135 57
138 43
24 78
25 25
26 98
27 41
21 64
22 67
29 39
0 106
8 24
120 132
121 107
123 22
126 110
127 55
128 52
59 80
58 18
55 12
54 3
57 96
56 87
51 77
50 137
53 49
52 85
115 26
114 138
88 48
89 35
111 31
110 121
113 58
112 45
83 62
80 83
119 127
87 112
85 51
3 128
109 114
103 44
100 131
101 94
106 140
107 30
104 135
39 120
33 92
31 113
30 56
37 101
35 100
60 27
61 60
62 46
64 50
66 90
67 17
69 66
2 69
6 119
98 142
90 89
92 95
95 103
94 33
96 75
11 37
12 15
15 9
14 72
17 61
19 126
18 5
48 143
49 111
46 8
47 88
44 59
45 47
43 11
41 53
5 19
9 115
142 21
143 109
140 6
77 70
75 2
73 73
72 104
70 123
78 54
134 133
133 132
130 131
133 130
136 137
141 136
136 135
145 134
141 139
139 138
23 24
23 25
23 26
28 27
23 20
20 21
23 22
28 23
34 28
28 29
1 0
10 4
7 8
124 120
120 121
124 122
122 123
139 124
130 125
125 126
125 127
125 128
134 129
122 118
45 59
45 58
45 55
45 54
45 57
45 56
45 51
45 50
45 53
45 52
116 115
111 114
87 88
87 89
117 111
111 110
111 113
111 112
84 82
82 83
79 80
82 81
120 119
130 87
86 84
86 85
4 3
10 7
117 108
108 109
111 102
102 103
99 100
102 101
105 106
108 107
105 104
116 105
40 39
45 38
32 33
36 32
32 31
28 30
38 37
38 36
34 35
36 34
129 86
125 60
60 61
63 62
125 63
65 64
97 65
65 66
68 67
125 68
68 69
1 2
7 6
129 99
97 98
93 91
91 90
99 93
91 92
93 95
93 94
129 97
97 96
10 11
23 10
16 13
13 12
16 15
13 14
16 17
23 16
20 19
16 18
118 117
118 116
45 48
45 49
45 46
45 47
45 44
63 45
45 42
42 43
42 40
40 41
10 1
4 5
10 9
145 144
146 145
141 142
144 143
139 140
144 141
76 77
84 76
76 75
81 74
74 73
71 72
74 71
71 70
81 79
79 78
