98
146
146
132 126
131 64
137 92
135 121
138 35
24 73
25 48
26 100
27 138
21 17
22 18
29 8
0 78
8 114
120 53
121 132
123 56
126 44
127 131
128 90
59 112
58 33
55 104
54 41
57 12
56 50
51 39
50 61
53 107
52 119
115 67
114 52
88 59
89 58
111 77
110 46
113 123
112 70
83 6
80 127
119 60
87 96
85 142
3 113
109 128
103 87
100 24
101 55
106 111
107 85
104 143
39 94
33 37
31 57
30 31
37 2
35 45
60 106
61 27
62 137
64 66
66 11
67 9
69 25
2 15
6 101
98 120
90 26
92 69
95 95
94 29
96 21
11 19
12 75
15 88
14 103
17 135
19 54
18 80
48 3
49 89
46 43
47 110
44 0
45 22
43 98
41 14
5 115
9 49
142 62
143 47
140 30
77 83
75 51
73 5
72 72
70 140
78 109
134 133
133 132
130 131
133 130
136 137
141 136
136 135
145 134
141 139
139 138
23 24
23 25
23 26
28 27
23 20
20 21
23 22
28 23
34 28
28 29
1 0
10 4
7 8
124 120
120 121
124 122
122 123
139 124
130 125
125 126
125 127
125 128
134 129
122 118
45 59
45 58
45 55
45 54
45 57
45 56
45 51
45 50
45 53
45 52
116 115
111 114
87 88
87 89
117 111
111 110
111 113
111 112
84 82
82 83
79 80
82 81
120 119
130 87
86 84
86 85
4 3
10 7
117 108
108 109
111 102
102 103
99 100
102 101
105 106
108 107
105 104
116 105
40 39
45 38
32 33
36 32
32 31
28 30
38 37
38 36
34 35
36 34
129 86
125 60
60 61
63 62
125 63
65 64
97 65
65 66
68 67
125 68
68 69
1 2
7 6
129 99
97 98
93 91
91 90
99 93
91 92
93 95
93 94
129 97
97 96
10 11
23 10
16 13
13 12
16 15
13 14
16 17
23 16
20 19
16 18
118 117
118 116
45 48
45 49
45 46
45 47
45 44
63 45
45 42
42 43
42 40
40 41
10 1
4 5
10 9
145 144
146 145
141 142
144 143
139 140
144 141
76 77
84 76
76 75
81 74
74 73
71 72
74 71
71 70
81 79
79 78
