98
195
0
142 4
137 6
135 7
140 10
110 16
107 20
109 21
114 23
112 24
113 27
101 29
103 30
111 31
115 33
106 35
104 36
123 37
121 39
120 41
119 42
138 43
143 44
95 49
94 51
100 53
92 55
90 56
66 59
96 61
85 63
83 65
78 68
75 72
77 73
73 74
72 76
70 77
80 78
64 80
98 81
132 84
131 85
89 87
87 89
88 90
126 92
127 95
128 96
60 99
61 100
62 102
67 104
39 108
43 109
44 110
48 114
56 115
47 116
46 120
58 121
54 123
50 125
49 127
57 128
45 130
55 133
53 134
51 136
52 138
59 140
69 143
41 144
33 147
31 148
35 151
37 152
29 155
27 156
30 158
12 160
15 164
24 165
26 166
22 168
19 171
25 173
21 174
14 177
17 179
18 180
3 183
5 184
9 188
6 189
8 190
11 192
2 194
0 195
0 1
1 2
2 3
3 4
3 5
5 6
5 7
2 8
8 9
9 10
9 11
11 12
12 13
13 14
14 15
15 16
15 17
17 18
18 19
19 20
19 21
18 22
22 23
22 24
17 25
25 26
26 27
26 28
28 29
28 30
25 31
14 32
32 33
32 34
34 35
34 36
13 37
12 38
38 39
38 40
40 41
40 42
11 43
8 44
1 45
45 46
46 47
47 48
48 49
48 50
50 51
50 52
52 53
52 54
54 55
54 56
47 57
57 58
58 59
58 60
60 61
60 62
62 63
62 64
64 65
64 66
66 67
67 68
67 69
69 70
70 71
71 72
71 73
70 74
69 75
75 76
75 77
66 78
57 79
79 80
79 81
46 82
82 83
83 84
83 85
82 86
86 87
86 88
88 89
88 90
45 91
91 92
91 93
93 94
94 95
94 96
93 97
97 98
98 99
98 100
97 101
101 102
101 103
103 104
103 105
105 106
106 107
107 108
107 109
106 110
105 111
111 112
112 113
113 114
113 115
112 116
111 117
117 118
118 119
119 120
119 121
118 122
122 123
122 124
124 125
124 126
126 127
126 128
117 129
129 130
129 131
131 132
132 133
132 134
131 135
135 136
135 137
137 138
137 139
139 140
139 141
141 142
142 143
142 144
141 145
145 146
146 147
146 148
145 149
149 150
150 151
150 152
149 153
153 154
154 155
154 156
153 157
157 158
157 159
159 160
159 161
161 162
162 163
163 164
163 165
162 166
161 167
167 168
167 169
169 170
170 171
170 172
172 173
172 174
169 175
175 176
176 177
176 178
178 179
178 180
175 181
181 182
182 183
182 184
181 185
185 186
186 187
187 188
187 189
186 190
185 191
191 192
191 193
193 194
193 195
