49
97
0
57 4
56 6
54 7
51 11
48 12
50 13
42 18
45 19
40 20
47 22
38 23
44 25
41 26
18 33
20 34
21 35
3 41
1 42
0 43
2 44
22 49
27 51
24 52
26 54
23 55
25 56
13 58
15 59
6 64
4 65
12 66
10 67
16 69
9 71
7 72
30 73
36 76
34 78
31 80
33 81
67 83
63 85
66 87
65 88
69 90
62 94
59 95
61 96
71 97
0 1
1 2
2 3
3 4
3 5
5 6
5 7
2 8
8 9
9 10
10 11
10 12
9 13
8 14
14 15
15 16
16 17
17 18
17 19
16 20
15 21
21 22
21 23
14 24
24 25
24 26
1 27
27 28
28 29
29 30
30 31
31 32
32 33
32 34
31 35
30 36
36 37
37 38
38 39
39 40
40 41
40 42
39 43
38 44
37 45
45 46
46 47
47 48
48 49
48 50
50 51
50 52
47 53
53 54
53 55
46 56
45 57
57 58
57 59
36 60
60 61
61 62
62 63
63 64
63 65
62 66
61 67
60 68
68 69
68 70
70 71
70 72
29 73
28 74
74 75
75 76
75 77
77 78
77 79
79 80
79 81
74 82
82 83
82 84
84 85
84 86
86 87
86 88
27 89
89 90
89 91
91 92
92 93
93 94
93 95
92 96
91 97
