49
87
0
36 6
30 8
25 14
24 15
22 16
27 18
26 20
23 21
15 23
13 24
16 26
9 28
7 29
3 31
2 32
1 33
0 34
6 36
12 38
10 39
4 40
18 42
21 44
20 45
34 47
33 49
31 50
67 52
66 53
65 54
63 55
69 57
71 59
61 61
62 63
59 64
57 66
47 70
44 71
38 73
41 75
40 76
45 78
42 79
50 81
51 83
48 84
56 86
54 87
0 1
1 2
2 3
3 4
4 5
5 6
5 7
7 8
7 9
9 10
10 11
11 12
12 13
13 14
13 15
13 16
13 17
17 18
17 19
19 20
19 21
12 22
22 23
22 24
11 25
25 26
25 27
27 28
27 29
11 30
30 31
30 32
30 33
30 34
10 35
35 36
35 37
37 38
37 39
37 40
9 41
41 42
41 43
43 44
43 45
4 46
46 47
46 48
48 49
48 50
3 51
51 52
51 53
51 54
51 55
2 56
56 57
56 58
58 59
58 60
60 61
60 62
62 63
62 64
1 65
65 66
65 67
67 68
68 69
69 70
69 71
69 72
72 73
72 74
74 75
74 76
69 77
77 78
77 79
68 80
80 81
80 82
82 83
82 84
67 85
85 86
85 87
