49
83
0
36 6
30 8
25 12
24 13
27 14
26 15
23 16
22 17
3 19
2 20
1 21
0 22
16 24
9 26
7 27
15 29
13 30
6 32
12 34
10 35
4 36
18 38
21 40
20 41
34 43
33 45
31 46
67 48
66 49
65 50
63 51
69 53
71 55
61 57
62 59
59 60
57 62
47 66
44 67
38 69
41 71
40 72
45 74
42 75
50 77
51 79
48 80
56 82
54 83
0 1
1 2
2 3
3 4
4 5
5 6
5 7
7 8
7 9
9 10
10 11
11 12
11 13
11 14
11 15
11 16
11 17
11 18
18 19
18 20
18 21
18 22
11 23
23 24
23 25
25 26
25 27
11 28
28 29
28 30
10 31
31 32
31 33
33 34
33 35
33 36
9 37
37 38
37 39
39 40
39 41
4 42
42 43
42 44
44 45
44 46
3 47
47 48
47 49
47 50
47 51
2 52
52 53
52 54
54 55
54 56
56 57
56 58
58 59
58 60
1 61
61 62
61 63
63 64
64 65
65 66
65 67
65 68
68 69
68 70
70 71
70 72
65 73
73 74
73 75
64 76
76 77
76 78
78 79
78 80
63 81
81 82
81 83
