49
82
0
24 13
27 15
22 9
25 17
26 20
23 21
15 24
13 25
3 29
1 27
0 31
2 32
12 37
4 38
10 39
6 40
16 42
9 44
7 45
21 47
20 49
18 50
30 51
36 52
34 54
33 56
31 57
67 59
66 62
63 63
65 64
71 66
69 67
62 70
59 71
61 72
57 74
56 77
54 78
48 81
50 83
51 84
47 88
40 91
42 93
45 94
38 95
41 96
44 97
0 1
1 2
2 3
3 4
4 5
5 6
6 7
7 8
8 9
9 13
9 15
9 17
9 19
19 20
19 21
9 23
23 24
23 25
9 26
26 27
27 29
27 31
26 32
9 33
33 34
34 35
35 37
35 38
35 39
34 40
33 41
41 42
41 43
43 44
43 45
8 46
46 47
46 48
48 49
48 50
7 51
6 52
5 53
53 54
53 55
55 56
55 57
4 58
58 59
58 62
58 63
58 64
3 65
65 66
65 67
2 68
68 69
69 70
69 71
68 72
1 73
73 74
73 75
75 76
76 77
76 78
75 79
79 80
80 81
80 82
82 83
82 84
79 85
85 87
87 88
87 90
90 91
90 93
90 94
87 95
85 96
85 97
