49
74
74
56 6
50 44
61 62
62 21
63 47
65 57
66 34
67 22
69 27
24 61
25 40
26 20
27 23
20 45
21 3
22 66
23 12
47 51
44 31
45 41
42 50
40 2
41 36
1 16
0 54
3 15
2 9
4 42
7 10
6 1
9 26
38 67
71 24
59 30
10 63
13 7
12 56
15 4
48 18
16 13
33 33
18 59
31 71
30 38
51 48
36 25
34 0
54 69
57 65
55 56
55 54
43 42
49 48
49 50
68 60
60 61
60 62
64 63
70 64
52 49
64 66
64 67
70 68
68 69
53 52
58 53
22 24
22 25
22 26
22 27
19 20
19 21
28 22
22 23
53 46
46 47
43 44
46 45
29 28
46 43
39 40
39 41
22 1
1 0
1 3
1 2
11 5
5 4
8 7
5 6
8 9
17 8
43 39
39 38
74 73
73 72
72 71
72 70
60 59
64 29
73 58
22 11
11 10
14 13
11 12
14 15
22 14
22 17
17 16
28 19
19 18
32 31
29 30
52 51
35 36
37 35
35 34
32 33
58 55
64 37
37 32
58 57
64 65
