49
97
0
57 3
54 6
56 7
48 10
51 11
50 13
41 15
44 17
47 19
40 22
42 24
45 25
38 26
69 29
71 31
59 34
62 35
61 36
63 38
66 40
65 42
67 44
34 47
31 49
33 50
36 52
30 54
21 57
18 59
20 60
4 66
10 67
12 68
6 69
26 70
25 72
15 76
13 77
24 78
22 80
27 82
16 85
7 87
9 88
23 90
2 92
1 94
3 96
0 97
0 1
1 2
2 3
2 4
4 5
5 6
5 7
4 8
8 9
9 10
9 11
8 12
12 13
12 14
14 15
14 16
16 17
16 18
18 19
18 20
20 21
21 22
21 23
23 24
23 25
20 26
1 27
27 28
28 29
28 30
30 31
30 32
32 33
33 34
33 35
32 36
27 37
37 38
37 39
39 40
39 41
41 42
41 43
43 44
43 45
45 46
46 47
46 48
48 49
48 50
45 51
51 52
51 53
53 54
53 55
55 56
56 57
56 58
58 59
58 60
55 61
61 62
62 63
63 64
64 65
65 66
65 67
64 68
63 69
62 70
61 71
71 72
71 73
73 74
74 75
75 76
75 77
74 78
73 79
79 80
79 81
81 82
81 83
83 84
84 85
84 86
86 87
86 88
83 89
89 90
89 91
91 92
91 93
93 94
93 95
95 96
95 97
