473
670
1
250 4
223 5
227 7
226 8
240 12
283 17
280 18
247 23
267 25
198 27
273 29
60 45
65 47
26 54
8 56
35 57
175 63
145 64
53 74
157 78
132 81
104 84
103 85
108 86
6 87
1 89
5 90
15 91
80 96
82 99
84 101
118 104
285 111
248 116
258 121
276 122
292 124
489 126
493 127
500 128
588 129
524 130
333 135
592 137
602 140
615 143
586 149
577 153
574 154
543 157
547 159
541 162
572 165
551 167
552 168
563 173
517 187
469 195
451 197
482 200
456 203
441 206
449 209
391 211
476 213
457 214
424 218
367 220
425 225
443 227
492 231
405 234
466 238
470 239
621 243
530 248
531 249
340 250
609 252
295 260
332 264
327 266
315 269
368 276
0 283
2 284
4 285
7 286
9 287
11 288
13 289
14 290
16 291
17 292
19 293
20 294
22 295
23 296
25 297
28 298
29 299
30 300
31 301
32 302
34 303
37 304
38 305
39 306
40 307
41 308
42 309
44 310
45 311
47 312
48 313
50 314
51 315
52 316
54 317
55 318
56 319
57 320
58 321
59 322
61 323
62 324
63 325
64 326
66 327
67 328
68 329
69 330
70 331
71 332
72 333
73 334
74 335
75 336
77 337
78 338
81 339
83 340
85 341
86 342
87 343
88 344
90 345
91 346
93 347
95 348
97 349
98 350
99 351
100 352
101 353
105 354
106 355
107 356
109 357
110 358
111 359
112 360
113 361
114 362
115 363
116 364
117 365
119 366
121 367
122 368
123 369
124 370
125 371
127 372
129 373
130 374
131 375
133 376
134 377
136 378
137 379
138 380
140 381
141 382
143 383
144 384
147 385
148 386
149 387
151 388
152 389
154 390
155 391
159 392
160 393
162 394
164 395
166 396
167 397
169 398
170 399
172 400
174 401
177 402
178 403
179 404
181 405
183 406
184 407
185 408
187 409
188 410
190 411
191 412
193 413
194 414
195 415
197 416
200 417
202 418
203 419
205 420
207 421
208 422
209 423
211 424
212 425
213 426
214 427
215 428
217 429
218 430
221 431
222 432
224 433
225 434
228 435
230 436
232 437
233 438
234 439
236 440
237 441
238 442
241 443
242 444
243 445
246 446
249 447
252 448
254 449
256 450
259 451
261 452
263 453
264 454
265 455
268 456
269 457
271 458
272 459
274 460
277 461
279 462
282 463
284 464
287 465
288 466
289 467
290 468
291 469
293 470
296 471
297 472
298 473
300 474
301 475
303 476
304 477
305 478
307 479
309 480
310 481
312 482
314 483
317 484
318 485
320 486
322 487
323 488
324 489
326 490
328 491
329 492
330 493
335 494
336 495
338 496
339 497
341 498
342 499
343 500
344 501
345 502
346 503
347 504
348 505
349 506
351 507
352 508
354 509
355 510
356 511
357 512
359 513
360 514
362 515
363 516
365 517
366 518
369 519
370 520
371 521
373 522
375 523
376 524
377 525
378 526
380 527
382 528
383 529
384 530
387 531
388 532
389 533
392 534
394 535
395 536
397 537
398 538
399 539
400 540
401 541
403 542
404 543
406 544
407 545
408 546
410 547
412 548
413 549
415 550
416 551
417 552
419 553
420 554
422 555
423 556
426 557
427 558
428 559
429 560
430 561
432 562
433 563
435 564
437 565
438 566
439 567
440 568
442 569
444 570
445 571
447 572
448 573
450 574
452 575
453 576
454 577
458 578
459 579
461 580
463 581
465 582
468 583
471 584
472 585
473 586
475 587
478 588
480 589
481 590
483 591
484 592
485 593
487 594
488 595
490 596
491 597
494 598
495 599
496 600
497 601
498 602
499 603
502 604
503 605
506 606
508 607
509 608
510 609
512 610
513 611
515 612
516 613
519 614
520 615
521 616
523 617
525 618
526 619
527 620
529 621
532 622
534 623
535 624
536 625
537 626
539 627
540 628
542 629
544 630
545 631
549 632
554 633
555 634
557 635
558 636
559 637
561 638
565 639
567 640
568 641
570 642
576 643
579 644
580 645
582 646
584 647
587 648
589 649
590 650
591 651
593 652
594 653
595 654
597 655
598 656
600 657
603 658
605 659
606 660
610 661
612 662
614 663
617 664
619 665
623 666
625 667
626 668
627 669
629 670
631 671
1 2
2 3
3 4
3 5
5 6
5 7
5 8
3 9
3 10
3 11
3 12
2 13
13 14
14 15
15 16
16 17
16 18
15 19
19 20
19 21
21 22
21 23
21 24
19 25
19 26
26 27
15 28
15 29
15 30
13 31
13 32
32 33
32 34
34 35
32 36
36 37
36 38
32 39
32 40
40 41
40 42
42 43
42 44
40 45
45 46
45 47
45 48
45 49
49 50
45 51
45 52
52 53
53 54
45 55
55 56
55 57
40 58
58 59
58 60
60 61
60 62
60 63
58 64
64 65
65 66
64 67
67 68
67 69
69 70
64 71
71 72
72 73
71 74
74 75
75 76
58 77
77 78
58 79
79 80
80 81
80 82
79 83
79 84
84 85
79 86
86 87
87 88
88 89
87 90
86 91
86 92
92 93
86 94
86 95
86 96
86 97
86 98
86 99
99 100
99 101
86 102
86 103
103 104
79 105
105 106
58 107
40 108
2 109
109 110
109 111
109 112
109 113
109 114
114 115
115 116
115 117
115 118
115 119
109 120
120 121
120 122
120 123
109 124
2 125
2 126
126 127
126 128
128 129
129 130
130 131
130 132
129 133
133 134
134 135
133 136
129 137
129 138
138 139
138 140
138 141
141 142
142 143
142 144
144 145
144 146
141 147
147 148
147 149
147 150
150 151
151 152
151 153
151 154
151 155
155 156
156 157
156 158
156 159
156 160
160 161
161 162
161 163
156 164
164 165
156 166
166 167
166 168
166 169
156 170
170 171
155 172
172 173
155 174
155 175
175 176
155 177
155 178
151 179
179 180
179 181
150 182
182 183
141 184
129 185
129 186
186 187
128 188
128 189
189 190
189 191
191 192
189 193
128 194
128 195
195 196
195 197
197 198
197 199
195 200
195 201
195 202
202 203
202 204
195 205
205 206
195 207
207 208
207 209
209 210
207 211
128 212
212 213
128 214
214 215
214 216
216 217
214 218
218 219
219 220
220 221
218 222
218 223
218 224
218 225
214 226
214 227
227 228
228 229
229 230
126 231
126 232
232 233
232 234
234 235
232 236
126 237
126 238
126 239
126 240
240 241
240 242
242 243
242 244
240 245
240 246
240 247
247 248
248 249
2 250
250 251
251 252
251 253
253 254
254 255
255 256
253 257
250 258
258 259
258 260
260 261
260 262
250 263
263 264
250 265
265 266
265 267
265 268
250 269
250 270
270 271
270 272
272 273
270 274
250 275
250 276
276 277
250 278
2 279
2 280
2 281
2 282
89 283
46 284
46 285
56 286
45 287
53 288
88 289
91 290
91 291
97 292
97 293
75 294
98 295
72 296
72 297
52 298
52 299
52 300
52 301
55 302
55 303
75 304
75 305
75 306
76 307
75 308
99 309
99 310
43 311
43 312
68 313
68 314
41 315
41 316
74 317
74 318
74 319
74 320
74 321
45 322
45 323
51 324
45 325
45 326
45 327
46 328
45 329
45 330
48 331
49 332
45 333
49 334
50 335
93 336
42 337
92 338
99 339
100 340
99 341
99 342
99 343
95 344
103 345
67 346
67 347
44 348
42 349
42 350
42 351
42 352
99 353
84 354
84 355
86 356
86 357
86 358
103 359
86 360
86 361
86 362
102 363
102 364
94 365
105 366
105 367
106 368
105 369
86 370
49 371
80 372
82 373
80 374
80 375
80 376
62 377
62 378
79 379
125 380
125 381
59 382
59 383
64 384
79 385
79 386
73 387
72 388
61 389
61 390
83 391
69 392
60 393
60 394
73 395
73 396
108 397
58 398
77 399
65 400
63 401
70 402
58 403
26 404
280 405
107 406
107 407
26 408
26 409
26 410
33 411
31 412
66 413
66 414
26 415
26 416
35 417
39 418
36 419
24 420
24 421
24 422
32 423
38 424
34 425
32 426
112 427
36 428
26 429
37 430
26 431
6 432
5 433
5 434
24 435
10 436
10 437
10 438
3 439
9 440
11 441
3 442
3 443
3 444
9 445
22 446
116 447
16 448
281 449
123 450
19 451
28 452
28 453
28 454
15 455
20 456
30 457
14 458
15 459
110 460
262 461
262 462
16 463
279 464
109 465
113 466
109 467
120 468
109 469
13 470
261 471
260 472
119 473
118 474
114 475
114 476
258 477
258 478
115 479
267 480
267 481
258 482
268 483
2 484
259 485
246 486
246 487
246 488
268 489
265 490
265 491
265 492
263 493
219 494
272 495
272 496
2 497
250 498
250 499
250 500
250 501
250 502
250 503
250 504
275 505
235 506
235 507
274 508
250 509
274 510
274 511
237 512
221 513
224 514
224 515
223 516
223 517
220 518
220 519
220 520
270 521
282 522
117 523
272 524
273 525
273 526
219 527
219 528
219 529
218 530
148 531
148 532
278 533
216 534
216 535
191 536
192 537
192 538
192 539
192 540
198 541
198 542
234 543
234 544
234 545
216 546
216 547
217 548
232 549
236 550
232 551
198 552
195 553
215 554
226 555
218 556
225 557
222 558
218 559
218 560
277 561
233 562
193 563
229 564
191 565
191 566
191 567
205 568
228 569
228 570
247 571
240 572
210 573
209 574
199 575
126 576
204 577
214 578
207 579
208 580
205 581
205 582
195 583
195 584
195 585
194 586
194 587
212 588
196 589
208 590
201 591
196 592
188 593
126 594
128 595
126 596
126 597
126 598
126 599
126 600
126 601
126 602
128 603
194 604
194 605
134 606
136 607
133 608
129 609
185 610
131 611
131 612
131 613
133 614
129 615
184 616
133 617
130 618
130 619
180 620
180 621
163 622
163 623
163 624
163 625
172 626
172 627
161 628
161 629
161 630
169 631
166 632
160 633
171 634
175 635
178 636
176 637
174 638
170 639
177 640
158 641
164 642
152 643
151 644
183 645
182 646
147 647
147 648
132 649
129 650
134 651
129 652
186 653
181 654
181 655
241 656
181 657
139 658
230 659
245 660
190 661
145 662
244 663
254 664
257 665
254 666
254 667
254 668
146 669
255 670
256 671
