473
633
633
344 517
0 572
346 423
347 64
340 84
341 595
342 91
343 598
348 447
349 360
606 214
594 392
298 107
296 40
297 93
295 56
292 241
293 113
290 143
291 277
591 54
590 394
593 314
592 579
595 85
198 515
597 610
195 529
194 577
197 45
191 398
190 536
193 557
271 152
272 513
273 540
274 495
276 185
277 589
279 209
524 48
525 547
526 452
527 425
520 118
521 198
523 335
529 476
449 95
448 416
443 378
442 524
441 349
440 366
447 427
445 520
444 47
108 2
109 631
598 567
103 318
100 419
101 227
106 508
107 535
104 19
105 503
39 500
38 246
32 617
31 164
30 122
37 307
35 58
34 367
438 330
439 362
437 555
435 623
432 287
433 417
430 542
339 252
338 230
335 191
336 179
330 280
333 233
332 90
345 256
6 502
99 72
98 478
91 228
90 5
93 87
95 473
97 388
559 376
558 108
555 297
554 521
557 42
551 432
552 265
238 208
234 310
236 410
237 26
230 582
232 475
233 591
1 114
614 626
147 590
144 73
145 232
143 147
140 20
141 82
612 415
610 222
617 295
148 170
149 59
623 101
133 282
132 9
131 155
130 373
137 300
136 124
134 144
494 438
495 272
496 516
138 269
490 175
491 149
492 215
493 343
25 382
26 258
20 169
22 138
23 586
28 132
29 340
407 317
406 51
405 333
404 549
403 320
401 224
400 66
629 194
408 289
378 449
371 369
370 106
373 273
375 34
377 545
376 512
392 336
88 327
619 612
397 190
395 80
394 459
82 592
83 430
80 389
81 62
86 484
87 523
84 408
85 499
7 625
586 131
587 428
584 442
582 159
580 290
588 238
589 6
247 357
246 7
241 213
240 70
243 237
242 57
615 225
249 39
248 207
519 615
510 491
513 50
512 117
515 627
517 405
516 234
458 217
459 487
621 212
627 254
626 136
625 328
450 88
451 347
452 450
453 312
454 482
456 127
457 178
179 470
178 141
177 315
175 593
174 125
172 469
170 263
183 15
181 363
187 454
184 44
185 354
188 510
11 123
13 551
15 574
14 162
17 236
16 603
19 188
62 621
322 492
323 375
320 407
326 11
327 130
324 14
328 284
329 339
200 31
203 25
202 157
205 498
207 23
209 384
208 480
77 279
75 456
74 576
73 532
72 151
71 448
70 597
78 445
2 391
542 481
543 404
540 433
541 74
547 174
544 466
545 483
8 99
549 4
68 345
121 303
122 112
123 261
124 292
125 197
127 218
129 412
415 148
416 119
417 344
410 544
412 0
413 561
498 403
419 493
499 399
318 580
312 371
310 472
317 570
315 554
314 271
497 22
368 563
369 172
366 248
367 250
365 304
362 543
363 395
360 30
380 83
382 558
383 509
384 609
387 301
388 274
389 497
605 539
579 471
572 463
570 296
577 309
576 63
574 619
60 29
61 458
258 137
259 243
64 247
65 67
66 13
67 166
252 420
69 28
250 322
256 346
254 401
600 531
603 506
508 465
509 584
506 629
502 81
503 1
500 17
631 530
469 489
468 588
465 183
466 468
461 105
463 60
169 181
164 324
166 223
167 249
160 332
162 537
9 443
357 111
356 68
355 298
354 461
352 559
351 285
359 71
217 283
214 439
215 387
212 116
213 109
211 104
218 65
289 61
288 568
4 154
280 605
283 55
282 35
285 552
284 406
287 293
263 370
261 242
267 145
265 377
264 187
269 268
268 115
59 380
58 69
55 359
54 606
57 424
56 397
51 534
50 444
53 365
52 160
537 329
536 352
535 490
63 193
532 16
531 525
530 205
539 356
115 195
114 264
117 526
116 288
111 121
110 202
113 326
112 565
119 291
118 167
429 86
428 77
534 457
420 355
423 129
422 97
425 41
424 587
427 494
426 541
309 267
300 32
301 8
303 240
304 200
305 211
307 75
568 602
561 134
563 305
565 453
567 594
228 440
227 400
226 600
225 413
224 226
223 52
222 276
221 177
391 441
151 348
152 496
155 488
154 368
157 53
602 485
159 614
609 221
399 78
398 519
48 103
47 426
44 435
45 133
42 451
40 140
41 527
5 100
489 38
488 338
487 429
485 37
484 422
483 110
482 341
481 259
480 184
472 351
473 203
470 383
471 98
476 437
475 323
478 342
340 344
1 0
340 346
340 347
372 340
340 341
340 342
340 343
340 348
350 349
596 595
607 606
588 594
618 619
299 298
306 299
295 296
295 297
313 294
311 295
286 292
294 293
286 290
286 291
588 591
588 590
588 593
588 592
210 199
196 198
596 597
599 596
196 195
192 194
196 197
216 196
192 191
189 190
192 193
199 192
308 270
270 271
270 272
270 273
275 274
286 275
275 276
278 277
295 278
278 279
588 524
524 525
524 526
528 527
518 520
522 521
588 522
522 523
601 599
583 528
528 529
460 449
449 448
457 443
443 442
440 441
464 440
446 447
489 446
446 445
443 444
126 108
108 109
108 102
104 103
96 100
102 101
104 106
108 107
137 104
104 105
36 39
36 38
60 33
33 32
27 31
27 30
36 37
53 36
33 35
33 34
436 438
436 439
462 436
436 437
504 434
434 435
431 432
434 433
424 430
453 431
340 339
337 338
334 335
381 334
374 337
337 336
340 331
331 330
334 333
331 332
340 345
12 6
96 99
96 98
92 91
89 90
92 93
94 92
96 95
158 94
96 97
173 96
560 559
556 558
556 555
553 554
556 557
571 556
550 551
571 550
564 553
553 552
239 238
244 239
235 234
239 235
235 236
235 237
231 230
239 231
231 232
231 233
12 1
613 614
176 146
146 147
145 144
171 145
163 142
142 143
139 140
142 141
611 612
616 613
611 610
613 611
620 616
618 617
146 148
150 149
624 623
628 622
128 133
128 132
128 131
128 130
146 137
135 136
173 135
135 134
489 494
489 495
173 139
139 138
489 490
489 491
489 492
489 493
150 24
24 25
27 26
60 27
21 20
36 21
21 22
24 23
27 28
27 29
405 407
405 406
431 405
405 404
402 403
451 402
402 401
396 400
630 629
411 409
409 408
632 628
469 379
379 378
372 371
367 370
372 373
374 372
374 375
379 374
374 377
374 376
624 618
411 393
393 392
89 88
108 89
396 397
436 396
396 395
393 394
126 82
82 83
79 80
82 81
82 86
82 87
82 84
82 85
8 7
604 601
608 607
585 586
585 587
585 584
599 585
581 582
599 583
581 580
599 581
601 588
588 589
260 245
251 244
245 247
245 246
239 241
239 240
239 243
239 242
616 615
248 249
255 248
518 519
588 518
588 511
511 510
514 513
511 512
514 515
524 514
518 517
514 516
457 458
460 459
622 621
622 620
628 627
624 626
624 625
630 624
449 450
469 451
451 452
467 453
455 454
462 455
455 456
500 457
180 179
176 178
176 177
182 176
173 175
173 174
176 173
171 172
176 171
168 170
281 253
199 182
182 183
196 180
180 181
196 186
186 187
182 184
186 185
189 188
196 189
10 11
60 10
12 13
102 12
108 15
15 14
18 17
15 16
18 19
108 18
60 62
321 322
321 323
321 320
386 321
325 326
325 327
325 324
340 325
325 328
325 329
204 201
201 200
204 203
201 202
206 205
210 204
206 207
229 206
210 209
206 208
76 77
96 76
76 75
60 74
60 73
60 72
60 71
60 70
108 79
79 78
3 2
540 542
540 543
564 540
540 541
550 546
548 547
540 544
546 545
33 8
560 548
548 549
60 68
599 598
146 120
120 121
120 122
120 123
120 124
120 125
146 126
128 127
146 128
128 129
431 414
414 415
414 416
418 417
409 410
457 411
411 412
414 413
489 498
469 418
418 419
500 499
340 319
319 318
325 313
311 312
319 311
308 310
316 317
340 316
316 315
313 314
489 496
489 497
60 3
367 368
367 369
367 366
381 367
385 364
364 365
361 362
364 363
361 360
424 361
381 380
424 381
381 382
381 383
385 384
424 385
479 386
386 387
386 388
390 389
604 605
578 579
583 578
607 604
578 573
571 572
573 571
571 570
578 577
575 576
578 575
575 574
120 60
60 61
257 258
260 259
60 64
60 65
60 66
60 67
253 252
60 69
251 250
255 251
257 256
286 257
253 254
299 255
601 603
601 602
507 508
507 509
507 506
588 507
505 504
588 505
501 502
501 503
507 500
504 501
632 630
632 631
633 632
479 469
469 468
464 465
469 464
489 467
467 466
460 461
479 460
464 463
479 462
176 168
168 169
165 164
199 165
165 166
168 167
161 160
173 161
161 162
173 163
599 600
10 9
358 357
353 356
353 355
353 354
372 353
353 352
350 351
405 350
358 359
367 358
220 216
216 217
210 214
210 215
210 212
210 213
219 210
210 211
219 218
294 219
286 289
286 288
3 4
308 281
281 280
281 283
281 282
286 285
281 284
286 287
302 286
262 263
270 262
262 261
266 260
266 267
270 266
266 265
262 264
270 269
266 268
60 59
53 58
53 55
53 54
53 57
53 56
52 51
49 50
108 53
176 52
538 537
533 536
533 535
60 63
540 533
533 532
530 531
546 530
538 539
569 538
108 115
108 114
108 117
108 116
108 111
108 110
108 113
108 112
120 119
108 118
424 429
424 428
533 534
457 421
421 420
424 423
421 422
424 425
469 424
424 427
424 426
313 308
308 309
299 300
302 301
306 302
302 303
311 304
304 305
340 306
306 307
566 568
571 569
571 560
562 561
573 562
562 563
569 564
566 565
571 566
566 567
245 229
229 228
223 227
223 226
223 225
223 224
244 223
223 222
220 221
245 220
390 391
460 390
150 151
165 150
163 153
153 152
156 155
153 154
156 157
173 156
158 159
171 158
608 609
620 608
396 399
396 398
49 48
94 49
96 46
46 47
43 44
46 45
43 42
82 43
36 40
36 41
6 5
500 489
486 488
486 487
500 486
486 485
479 484
479 483
479 482
479 481
479 480
469 472
474 473
469 470
469 471
477 476
500 477
501 474
474 475
477 478
505 479
