473
945
0
631 2
627 4
629 7
617 10
619 11
625 13
626 15
623 16
621 18
615 21
614 23
612 25
610 26
609 28
606 30
605 32
602 35
586 37
584 39
587 41
598 43
527 47
529 48
576 52
574 53
579 54
577 56
561 59
563 60
552 66
554 68
542 70
544 72
540 75
543 77
536 80
532 82
534 83
535 84
541 85
559 87
557 88
545 93
530 95
531 96
551 98
547 100
549 101
572 103
558 105
570 106
565 109
555 110
568 111
567 112
537 114
539 115
582 118
580 119
597 122
595 123
600 124
603 126
592 128
520 132
517 134
519 135
590 136
512 140
510 141
593 142
588 144
521 147
525 151
526 153
513 155
516 157
515 158
524 159
589 160
594 162
509 164
523 167
508 168
506 171
591 172
500 175
447 179
445 180
494 185
492 187
498 188
496 190
490 191
491 194
497 195
493 197
415 203
413 204
416 206
407 210
404 212
349 214
351 215
405 216
406 217
432 218
453 219
466 220
489 221
487 223
485 225
488 226
499 228
435 232
433 233
473 235
475 238
503 240
502 241
476 243
478 244
458 246
457 248
420 252
422 253
444 256
442 257
443 258
412 261
410 264
408 265
394 267
392 268
429 275
428 276
380 279
383 282
430 283
359 289
368 290
357 291
366 293
370 294
367 295
369 296
382 298
333 300
335 301
384 305
363 307
365 308
426 310
425 311
424 312
360 315
362 316
427 317
423 318
419 325
495 328
417 330
470 332
401 334
403 335
459 337
448 339
449 341
450 342
451 344
452 345
468 349
481 353
461 354
483 355
480 357
484 358
471 360
472 361
469 362
482 364
440 367
441 368
465 370
463 371
456 373
454 374
323 379
322 381
320 382
388 384
387 385
389 388
391 389
395 391
438 394
437 396
439 397
399 400
400 401
397 403
398 404
378 406
377 408
336 412
338 413
375 414
376 416
371 420
373 421
352 423
356 425
355 426
330 429
332 430
343 436
354 438
342 439
347 441
291 451
274 453
289 454
285 456
292 457
276 459
290 461
258 463
256 464
287 465
301 467
288 468
303 469
307 471
298 473
300 475
250 477
249 480
248 481
222 486
224 487
227 488
223 490
225 492
226 493
242 496
243 497
238 500
230 503
233 504
232 505
241 508
240 509
237 511
236 513
234 514
304 518
305 519
296 523
277 525
279 526
295 528
297 529
312 530
318 531
339 532
348 535
315 537
317 538
341 540
346 541
340 542
344 545
345 546
329 549
327 550
328 553
326 554
314 557
324 558
310 561
309 562
263 569
264 571
261 572
273 573
247 577
187 585
185 586
197 587
198 589
190 591
188 592
181 594
179 595
195 596
221 598
217 599
228 602
205 604
208 606
207 607
246 608
259 610
267 611
265 613
268 614
272 616
271 617
269 618
283 623
280 624
282 626
254 628
252 629
284 630
293 632
213 634
200 637
202 638
214 642
218 644
215 646
203 647
209 649
212 650
211 653
149 655
151 659
25 661
23 662
164 663
166 664
193 668
194 669
191 670
141 673
143 674
155 676
183 679
184 680
167 684
52 687
51 688
95 691
75 696
77 697
100 698
97 700
99 701
47 704
45 705
98 706
138 708
140 709
175 714
174 715
152 717
154 718
160 720
162 721
157 723
136 725
134 726
178 729
144 733
145 734
159 737
177 738
91 740
48 743
50 744
93 745
172 746
169 749
170 750
148 752
127 757
130 758
129 761
131 762
132 764
133 765
137 767
106 770
105 772
104 773
103 774
125 778
60 783
64 787
70 788
62 790
2 792
67 794
4 795
69 798
34 801
32 803
7 805
8 806
35 808
65 809
11 813
9 814
31 818
29 819
30 821
28 822
26 823
74 826
63 827
68 828
61 830
59 831
66 833
72 834
73 836
71 837
121 840
123 841
122 843
119 844
147 846
80 849
14 851
15 853
16 854
88 858
78 859
124 860
118 864
111 866
90 867
17 869
19 870
112 873
114 874
108 876
117 880
101 883
109 884
84 887
87 892
81 893
82 894
86 896
85 897
83 898
44 901
42 902
55 904
56 909
39 912
38 915
37 916
22 919
40 920
20 921
41 922
53 923
58 925
54 926
57 927
110 929
113 930
107 932
116 935
115 936
13 938
5 941
6 942
1 944
0 945
0 1
1 2
1 3
3 4
3 5
5 6
6 7
6 8
8 9
9 10
9 11
8 12
12 13
12 14
14 15
14 16
5 17
17 18
17 19
19 20
20 21
20 22
22 23
22 24
24 25
24 26
19 27
27 28
27 29
29 30
29 31
31 32
31 33
33 34
34 35
34 36
36 37
36 38
38 39
38 40
40 41
40 42
42 43
42 44
44 45
45 46
46 47
46 48
45 49
49 50
50 51
51 52
51 53
50 54
49 55
55 56
55 57
57 58
58 59
58 60
57 61
61 62
62 63
63 64
64 65
65 66
65 67
67 68
67 69
69 70
69 71
71 72
71 73
73 74
74 75
74 76
76 77
76 78
78 79
79 80
79 81
81 82
81 83
78 84
73 85
64 86
86 87
86 88
63 89
89 90
90 91
91 92
92 93
92 94
94 95
94 96
91 97
97 98
97 99
99 100
99 101
90 102
102 103
102 104
104 105
104 106
89 107
107 108
108 109
108 110
107 111
62 112
61 113
113 114
113 115
44 116
116 117
117 118
117 119
116 120
120 121
121 122
121 123
120 124
33 125
125 126
125 127
127 128
127 129
129 130
130 131
131 132
131 133
133 134
133 135
130 136
129 137
137 138
138 139
139 140
139 141
138 142
137 143
143 144
143 145
145 146
146 147
146 148
148 149
149 150
150 151
150 152
152 153
152 154
154 155
154 156
156 157
156 158
149 159
148 160
145 161
161 162
161 163
163 164
163 165
165 166
166 167
166 168
165 169
169 170
170 171
170 172
169 173
173 174
174 175
174 176
176 177
177 178
178 179
178 180
177 181
181 182
182 183
183 184
184 185
184 186
186 187
186 188
183 189
189 190
189 191
182 192
192 193
193 194
193 195
192 196
196 197
196 198
198 199
199 200
200 201
201 202
202 203
202 204
201 205
205 206
205 207
207 208
208 209
209 210
209 211
211 212
211 213
213 214
213 215
208 216
207 217
200 218
199 219
198 220
181 221
176 222
222 223
222 224
224 225
224 226
173 227
227 228
227 229
229 230
230 231
231 232
231 233
230 234
234 235
234 236
236 237
237 238
237 239
239 240
239 241
236 242
242 243
242 244
229 245
245 246
245 247
247 248
247 249
249 250
250 251
251 252
251 253
250 254
254 255
255 256
255 257
254 258
249 259
259 260
260 261
260 262
262 263
263 264
263 265
262 266
266 267
266 268
259 269
269 270
270 271
271 272
272 273
273 274
274 275
274 276
273 277
277 278
278 279
278 280
280 281
281 282
281 283
280 284
284 285
285 286
286 287
287 288
288 289
288 290
287 291
286 292
292 293
292 294
285 295
284 296
277 297
297 298
297 299
299 300
299 301
272 302
302 303
303 304
304 305
304 306
306 307
306 308
303 309
309 310
309 311
302 312
271 313
313 314
314 315
314 316
313 317
270 318
269 319
319 320
320 321
321 322
322 323
323 324
324 325
324 326
326 327
327 328
327 329
329 330
329 331
331 332
331 333
333 334
333 335
326 336
336 337
336 338
338 339
338 340
340 341
340 342
323 343
343 344
343 345
322 346
346 347
347 348
348 349
348 350
350 351
351 352
352 353
352 354
351 355
350 356
356 357
356 358
347 359
359 360
359 361
346 362
321 363
363 364
363 365
365 366
366 367
366 368
365 369
369 370
369 371
320 372
372 373
372 374
319 375
375 376
376 377
377 378
378 379
378 380
380 381
380 382
377 383
383 384
383 385
376 386
386 387
387 388
387 389
386 390
390 391
390 392
392 393
393 394
393 395
395 396
395 397
392 398
398 399
399 400
399 401
398 402
402 403
402 404
375 405
405 406
405 407
407 408
407 409
409 410
410 411
411 412
411 413
410 414
409 415
415 416
415 417
417 418
418 419
419 420
419 421
418 422
422 423
422 424
424 425
424 426
417 427
427 428
428 429
428 430
427 431
431 432
432 433
433 434
434 435
435 436
435 437
437 438
437 439
434 440
440 441
440 442
442 443
443 444
444 445
445 446
446 447
447 448
448 449
449 450
450 451
450 452
452 453
452 454
449 455
455 456
455 457
448 458
458 459
458 460
460 461
460 462
462 463
462 464
447 465
446 466
466 467
466 468
445 469
444 470
470 471
470 472
472 473
472 474
474 475
474 476
476 477
476 478
478 479
479 480
479 481
478 482
482 483
483 484
484 485
485 486
485 487
484 488
483 489
489 490
489 491
491 492
491 493
482 494
494 495
495 496
495 497
494 498
498 499
499 500
499 501
501 502
502 503
502 504
501 505
498 506
506 507
507 508
507 509
506 510
510 511
510 512
512 513
512 514
443 515
515 516
516 517
517 518
517 519
516 520
520 521
521 522
522 523
522 524
524 525
524 526
521 527
527 528
527 529
520 530
515 531
442 532
433 533
533 534
534 535
534 536
536 537
536 538
533 539
539 540
539 541
432 542
431 543
543 544
544 545
544 546
543 547
547 548
548 549
548 550
547 551
551 552
552 553
552 554
551 555
555 556
556 557
556 558
555 559
559 560
560 561
560 562
559 563
563 564
564 565
565 566
566 567
567 568
568 569
568 570
570 571
570 572
567 573
566 574
574 575
575 576
576 577
576 578
578 579
579 580
580 581
581 582
582 583
583 584
584 585
584 586
583 587
582 588
588 589
588 590
590 591
590 592
581 593
593 594
593 595
580 596
579 597
597 598
597 599
578 600
600 601
601 602
601 603
603 604
603 605
605 606
605 607
600 608
575 609
609 610
609 611
574 612
612 613
612 614
565 615
615 616
615 617
564 618
563 619
619 620
620 621
621 622
622 623
622 624
621 625
625 626
625 627
627 628
627 629
620 630
619 631
631 632
631 633
633 634
633 635
635 636
636 637
636 638
635 639
639 640
640 641
641 642
641 643
643 644
643 645
645 646
645 647
640 648
648 649
648 650
639 651
651 652
652 653
652 654
654 655
654 656
656 657
657 658
658 659
658 660
660 661
660 662
657 663
656 664
651 665
665 666
666 667
667 668
667 669
666 670
665 671
671 672
672 673
672 674
671 675
675 676
675 677
677 678
678 679
678 680
677 681
681 682
682 683
683 684
683 685
685 686
686 687
686 688
685 689
689 690
690 691
690 692
692 693
693 694
694 695
695 696
695 697
694 698
693 699
699 700
699 701
692 702
702 703
703 704
703 705
702 706
689 707
707 708
707 709
682 710
710 711
711 712
712 713
713 714
713 715
712 716
716 717
716 718
711 719
719 720
719 721
710 722
722 723
722 724
724 725
724 726
681 727
727 728
728 729
728 730
730 731
731 732
732 733
732 734
731 735
735 736
736 737
736 738
735 739
739 740
739 741
741 742
742 743
742 744
741 745
730 746
727 747
747 748
748 749
748 750
747 751
751 752
751 753
753 754
754 755
755 756
756 757
756 758
755 759
759 760
760 761
760 762
759 763
763 764
763 765
754 766
766 767
766 768
768 769
769 770
769 771
771 772
771 773
768 774
753 775
775 776
776 777
777 778
777 779
779 780
780 781
781 782
782 783
782 784
784 785
785 786
786 787
786 788
785 789
789 790
789 791
791 792
791 793
793 794
793 795
784 796
796 797
797 798
797 799
799 800
800 801
800 802
802 803
802 804
804 805
804 806
799 807
807 808
807 809
796 810
810 811
811 812
812 813
812 814
811 815
815 816
816 817
817 818
817 819
816 820
820 821
820 822
815 823
810 824
824 825
825 826
825 827
824 828
781 829
829 830
829 831
780 832
832 833
832 834
779 835
835 836
835 837
776 838
838 839
839 840
839 841
838 842
842 843
842 844
775 845
845 846
845 847
847 848
848 849
848 850
850 851
850 852
852 853
852 854
847 855
855 856
856 857
857 858
857 859
856 860
855 861
861 862
862 863
863 864
863 865
865 866
865 867
862 868
868 869
868 870
861 871
871 872
872 873
872 874
871 875
875 876
875 877
877 878
878 879
879 880
879 881
881 882
882 883
882 884
881 885
885 886
886 887
886 888
888 889
889 890
890 891
891 892
891 893
890 894
889 895
895 896
895 897
888 898
885 899
899 900
900 901
900 902
899 903
903 904
903 905
905 906
906 907
907 908
908 909
908 910
910 911
911 912
911 913
913 914
914 915
914 916
913 917
917 918
918 919
918 920
917 921
910 922
907 923
906 924
924 925
924 926
905 927
878 928
928 929
928 930
877 931
931 932
931 933
933 934
934 935
934 936
933 937
937 938
937 939
939 940
940 941
940 942
939 943
943 944
943 945
