98
169
0
147 2
146 6
134 9
132 12
130 14
77 15
76 16
73 17
69 19
54 21
52 23
49 25
62 27
37 31
36 33
35 35
33 37
27 40
22 43
20 44
16 45
21 47
19 48
18 50
28 52
25 53
23 54
13 56
14 57
12 58
6 60
15 62
5 63
3 64
8 66
7 67
11 69
9 70
2 72
0 73
31 75
29 76
66 78
61 80
46 81
51 83
50 84
45 86
43 87
42 89
41 90
39 91
65 93
59 95
58 96
56 97
57 98
55 99
72 101
70 102
78 104
75 105
136 107
129 109
128 110
79 112
126 114
81 115
121 118
119 120
122 122
124 123
118 125
116 126
115 128
98 133
100 135
90 137
92 139
93 141
95 143
89 145
87 146
85 148
84 150
82 151
110 153
109 154
107 157
104 158
103 160
101 161
113 163
112 164
142 166
141 167
140 168
138 169
0 1
1 2
1 3
3 4
4 5
5 6
5 7
7 8
8 9
8 10
10 11
11 12
11 13
13 14
13 15
13 16
13 17
13 18
18 19
18 20
20 21
20 22
22 23
22 24
24 25
24 26
26 27
26 28
28 29
29 30
30 31
30 32
32 33
32 34
34 35
34 36
36 37
36 38
38 39
39 40
39 41
41 42
42 43
42 44
42 45
42 46
46 47
46 48
41 49
49 50
49 51
51 52
51 53
51 54
39 55
55 56
55 57
55 58
55 59
59 60
59 61
61 62
61 63
61 64
55 65
65 66
65 67
39 68
68 69
68 70
68 71
71 72
71 73
38 74
74 75
74 76
29 77
77 78
77 79
79 80
79 81
28 82
82 83
82 84
24 85
85 86
85 87
85 88
88 89
88 90
88 91
18 92
92 93
92 94
94 95
94 96
94 97
94 98
94 99
18 100
100 101
100 102
13 103
103 104
103 105
10 106
106 107
106 108
108 109
108 110
108 111
111 112
111 113
113 114
113 115
7 116
116 117
117 118
117 119
119 120
119 121
121 122
121 123
116 124
124 125
124 126
4 127
127 128
127 129
129 130
130 131
131 132
132 133
132 134
134 135
134 136
136 137
136 138
138 139
138 140
140 141
140 142
142 143
142 144
144 145
144 146
144 147
147 148
147 149
149 150
149 151
131 152
152 153
152 154
130 155
155 156
156 157
156 158
155 159
159 160
159 161
129 162
162 163
162 164
3 165
165 166
165 167
165 168
165 169
