94
165
0
147 3
138 5
140 6
141 7
142 8
90 12
93 15
95 17
92 18
87 20
89 21
85 23
84 25
82 26
115 28
113 30
112 32
101 36
103 37
107 39
104 40
98 43
100 44
109 46
110 47
146 50
116 53
118 54
121 56
119 58
124 60
122 61
134 63
136 66
128 68
129 69
126 71
79 73
81 74
132 76
77 78
73 79
76 80
75 82
130 83
69 85
72 87
70 88
65 90
57 92
59 93
55 94
58 95
54 97
52 99
49 101
45 103
43 104
42 106
41 107
39 108
62 110
50 113
51 114
66 117
61 119
46 120
37 122
35 124
33 126
36 128
31 131
29 132
27 134
6 136
12 137
14 138
8 140
15 142
3 143
5 144
11 147
9 148
0 150
2 151
20 153
16 155
22 156
19 158
21 159
18 161
23 163
28 164
25 165
0 1
1 2
2 3
2 4
4 5
4 6
4 7
4 8
1 9
9 10
10 11
11 12
11 13
13 14
14 15
14 16
16 17
16 18
13 19
19 20
19 21
19 22
22 23
22 24
24 25
24 26
10 27
27 28
27 29
29 30
29 31
31 32
31 33
33 34
34 35
35 36
35 37
34 38
38 39
38 40
33 41
41 42
42 43
42 44
41 45
45 46
45 47
9 48
48 49
49 50
49 51
51 52
52 53
52 54
51 55
55 56
55 57
57 58
57 59
59 60
59 61
48 62
62 63
62 64
64 65
65 66
65 67
67 68
67 69
67 70
70 71
70 72
72 73
72 74
64 75
75 76
75 77
77 78
77 79
77 80
77 81
81 82
77 83
77 84
84 85
84 86
86 87
86 88
84 89
89 90
89 91
91 92
91 93
91 94
91 95
84 96
96 97
96 98
98 99
98 100
100 101
100 102
102 103
102 104
102 105
105 106
105 107
105 108
100 109
109 110
109 111
111 112
112 113
112 114
111 115
115 116
116 117
116 118
118 119
118 120
115 121
121 122
121 123
123 124
123 125
125 126
125 127
127 128
127 129
129 130
130 131
130 132
129 133
133 134
133 135
135 136
135 137
135 138
135 139
139 140
135 141
141 142
141 143
141 144
133 145
145 146
146 147
146 148
146 149
149 150
149 151
145 152
152 153
152 154
154 155
154 156
154 157
157 158
157 159
154 160
160 161
160 162
162 163
162 164
162 165
