98
155
0
77 17
76 18
130 19
78 20
75 22
73 23
72 24
65 26
59 30
56 27
57 33
58 34
55 35
69 36
45 38
54 39
52 41
49 43
43 45
42 48
41 49
39 50
51 55
50 54
62 57
70 58
61 61
37 64
33 67
36 69
31 72
29 73
25 83
18 84
21 86
19 87
16 88
28 89
20 91
11 93
9 95
2 97
0 98
22 99
6 102
15 104
5 106
3 107
13 100
14 112
12 113
8 115
7 114
27 117
23 118
35 119
46 120
66 121
132 122
136 124
129 127
128 129
81 131
79 132
126 133
134 134
118 138
116 139
124 143
119 144
122 145
121 146
146 147
95 153
92 154
93 155
89 157
87 159
85 161
84 163
82 164
90 165
115 171
112 172
113 173
107 176
104 177
100 179
98 180
103 182
101 183
110 185
109 186
142 189
141 192
140 193
138 194
147 195
0 2
2 3
3 4
4 5
5 6
6 7
7 9
9 13
13 17
13 18
13 19
13 20
20 22
13 23
9 24
9 25
25 26
25 27
27 30
27 33
27 34
27 35
9 36
36 38
9 39
7 40
40 41
40 42
42 43
42 44
44 45
44 46
46 48
46 49
46 50
7 53
53 54
54 55
53 57
7 58
7 59
59 60
60 61
60 62
62 63
63 64
63 65
65 66
66 67
66 68
68 69
68 70
70 71
71 72
71 73
70 74
74 80
80 82
82 83
82 84
80 85
85 86
85 87
80 88
74 89
74 90
90 91
90 92
92 93
92 95
92 96
96 97
96 98
74 99
74 100
100 101
101 102
101 104
101 106
101 107
100 112
100 113
100 114
114 115
74 117
74 118
65 119
62 120
59 121
6 122
5 123
123 124
123 125
125 127
125 129
125 130
130 131
130 132
125 133
4 134
3 135
135 136
136 137
137 138
137 139
136 140
140 141
141 142
142 143
142 144
141 145
140 146
135 147
2 148
148 149
149 150
150 151
151 152
152 153
152 154
151 155
150 156
156 157
156 159
156 160
160 161
160 162
162 163
162 164
149 165
148 166
166 167
167 169
169 171
169 172
169 173
167 175
175 176
175 177
167 178
178 179
178 180
167 181
181 182
181 183
166 184
184 185
184 186
0 187
187 188
188 189
188 192
188 193
188 194
187 195
