98
148
148
132 141
130 113
136 107
134 92
138 45
25 65
27 12
20 112
21 37
22 104
23 35
28 0
29 142
0 140
8 116
121 77
122 101
124 87
126 84
128 126
129 43
118 6
59 118
58 130
55 85
54 70
57 75
56 134
51 27
50 58
52 78
115 50
89 90
110 69
113 128
112 146
82 103
81 23
119 59
87 110
84 73
85 22
3 5
7 7
109 11
103 19
100 76
101 8
107 13
104 52
39 115
33 16
31 100
37 122
36 119
35 56
61 21
62 57
65 95
66 82
69 129
2 54
6 132
98 9
90 79
93 61
92 51
95 124
11 20
13 28
12 109
15 18
14 62
16 66
19 14
18 36
116 31
49 89
46 33
45 121
42 81
43 3
41 138
5 29
9 39
146 49
147 2
142 147
140 25
141 98
77 41
76 46
75 136
73 42
72 15
70 93
79 55
78 72
137 133
133 132
133 131
131 130
144 137
135 136
137 135
135 134
145 139
139 138
26 24
24 25
30 26
26 27
17 20
17 21
17 22
24 23
26 28
30 29
1 0
13 4
7 8
120 119
123 120
120 121
123 122
125 123
123 124
144 125
127 126
137 127
127 128
127 129
117 118
56 59
56 58
56 55
53 54
56 57
64 56
50 51
63 50
131 53
53 52
114 115
143 114
94 88
88 89
114 111
111 110
114 113
111 112
83 82
86 83
127 80
80 81
88 86
88 87
83 84
86 85
4 3
13 7
143 108
108 109
105 102
102 103
99 100
102 101
108 106
108 107
105 104
108 105
40 39
47 38
34 33
34 32
32 31
32 30
38 37
34 36
34 35
38 34
67 60
60 61
63 62
131 63
68 64
64 65
67 66
131 67
74 68
68 69
1 2
4 6
106 99
99 98
97 91
91 90
94 93
91 92
96 95
96 94
106 97
97 96
10 11
26 10
26 13
13 12
13 15
13 14
26 17
17 16
17 19
17 18
125 117
117 116
63 48
48 49
47 46
60 47
48 44
44 45
40 42
44 43
44 40
40 41
10 1
4 5
10 9
145 146
145 147
145 144
148 145
139 142
144 143
139 140
139 141
74 77
74 76
74 75
131 74
74 73
71 72
131 71
71 70
80 79
74 78
