98
195
0
147 3
142 7
140 8
141 9
138 10
146 12
115 17
113 19
112 20
104 23
107 24
110 28
109 29
100 31
98 32
101 34
103 35
90 37
93 40
95 42
92 43
89 45
82 49
84 50
85 51
87 52
124 57
122 58
119 60
121 61
118 63
116 64
136 67
134 68
126 73
79 75
81 76
129 77
128 78
132 80
130 82
76 84
75 88
78 89
77 90
73 92
59 99
55 100
56 101
57 102
58 103
65 104
69 106
72 109
70 110
54 112
52 114
45 118
43 120
41 122
39 124
42 125
49 126
62 128
51 131
50 132
66 135
61 137
46 138
37 140
36 142
35 144
33 146
29 149
31 150
21 154
19 155
20 158
18 159
16 161
22 162
25 166
23 168
28 169
27 170
14 174
13 176
8 179
7 180
12 181
15 183
6 185
3 187
5 188
11 191
9 192
2 194
0 195
0 1
1 2
2 3
2 4
4 5
5 6
6 7
6 8
5 9
4 10
1 11
11 12
11 13
13 14
14 15
15 16
16 17
16 18
18 19
18 20
15 21
21 22
22 23
22 24
21 25
25 26
26 27
27 28
27 29
26 30
30 31
30 32
25 33
33 34
33 35
14 36
36 37
36 38
38 39
39 40
39 41
41 42
41 43
38 44
44 45
44 46
46 47
47 48
48 49
48 50
47 51
46 52
13 53
53 54
54 55
55 56
56 57
56 58
55 59
59 60
59 61
54 62
62 63
62 64
53 65
65 66
66 67
66 68
65 69
69 70
70 71
71 72
72 73
72 74
74 75
74 76
71 77
70 78
69 79
79 80
79 81
81 82
81 83
83 84
83 85
85 86
86 87
87 88
87 89
86 90
85 91
91 92
91 93
93 94
94 95
95 96
96 97
97 98
98 99
98 100
97 101
96 102
95 103
94 104
93 105
105 106
105 107
107 108
108 109
108 110
107 111
111 112
111 113
113 114
113 115
115 116
116 117
117 118
117 119
119 120
119 121
121 122
121 123
123 124
123 125
116 126
115 127
127 128
127 129
129 130
130 131
130 132
129 133
133 134
134 135
134 136
136 137
136 138
133 139
139 140
139 141
141 142
141 143
143 144
143 145
145 146
145 147
147 148
148 149
148 150
147 151
151 152
152 153
153 154
153 155
152 156
156 157
157 158
157 159
156 160
160 161
160 162
151 163
163 164
164 165
165 166
165 167
167 168
167 169
164 170
163 171
171 172
172 173
173 174
173 175
175 176
175 177
177 178
178 179
178 180
177 181
172 182
182 183
182 184
184 185
184 186
186 187
186 188
171 189
189 190
190 191
190 192
189 193
193 194
193 195
