98
127
127
24 24
25 25
26 26
27 27
20 20
21 21
22 22
23 23
28 28
29 29
0 0
4 4
8 8
119 119
121 121
123 123
126 126
118 118
59 59
58 58
55 55
54 54
56 56
51 51
52 52
115 115
114 114
88 88
116 116
111 111
110 110
113 113
82 82
83 83
80 80
86 86
87 87
84 84
85 85
7 7
108 108
109 109
102 102
103 103
100 100
106 106
107 107
39 39
38 38
32 32
30 30
37 37
36 36
35 35
34 34
61 61
62 62
64 64
66 66
67 67
68 68
69 69
2 2
99 99
91 91
90 90
93 93
92 92
95 95
97 97
11 11
10 10
13 13
12 12
15 15
14 14
17 17
16 16
19 19
18 18
117 117
49 49
46 46
47 47
44 44
42 42
40 40
41 41
1 1
5 5
9 9
77 77
76 76
74 74
73 73
72 72
70 70
78 78
9 24
9 25
9 26
9 27
9 20
9 21
9 22
9 23
9 28
9 29
1 0
3 4
9 8
120 119
122 120
120 121
125 122
124 123
125 124
127 125
125 126
115 118
60 59
57 58
53 55
53 54
60 57
57 56
50 51
53 50
63 53
53 52
122 115
115 114
89 88
94 89
112 111
109 110
112 113
125 112
81 82
81 83
81 80
86 81
119 86
86 87
81 84
81 85
9 3
6 7
109 108
127 109
101 102
104 103
101 100
105 101
124 106
106 107
112 104
112 105
37 39
37 38
35 33
31 32
33 31
31 30
43 37
37 36
37 35
35 34
65 60
60 61
63 62
65 63
65 64
71 65
65 66
65 67
65 68
65 69
3 2
37 6
98 99
104 98
89 91
89 90
94 93
89 92
96 95
96 94
98 97
105 96
9 11
9 10
9 13
9 12
9 15
9 14
9 17
9 16
9 19
9 18
115 117
115 116
50 48
48 49
45 46
48 47
43 44
63 45
37 42
45 43
37 40
37 41
2 1
6 5
33 9
75 77
75 76
79 75
75 74
71 73
71 72
79 71
71 70
81 79
79 78
