50
83
0
74 2
73 4
69 6
67 8
63 10
66 12
64 14
60 16
53 18
52 20
50 22
48 23
46 25
45 26
42 28
41 29
37 31
40 34
38 35
36 37
35 38
27 40
26 41
29 42
22 43
20 44
16 46
14 48
15 50
13 52
11 54
10 56
8 57
2 59
0 60
9 62
7 63
5 65
3 66
21 68
18 69
25 71
24 72
43 74
33 76
31 77
56 79
54 80
59 82
57 83
0 1
1 2
1 3
3 4
3 5
5 6
5 7
7 8
7 9
9 10
9 11
11 12
11 13
13 14
13 15
15 16
15 17
17 18
17 19
19 20
19 21
21 22
21 23
21 24
24 25
24 26
24 27
27 28
27 29
27 30
30 31
30 32
32 33
33 34
33 35
33 36
36 37
36 38
36 39
39 40
39 41
39 42
39 43
39 44
39 45
45 46
45 47
47 48
47 49
49 50
49 51
51 52
51 53
53 54
53 55
55 56
55 57
55 58
58 59
58 60
55 61
61 62
61 63
53 64
64 65
64 66
39 67
67 68
67 69
39 70
70 71
70 72
32 73
73 74
73 75
75 76
75 77
9 78
78 79
78 80
9 81
81 82
81 83
