50
84
0
22 22
20 23
21 25
18 26
26 28
25 30
24 31
27 32
29 34
15 37
14 38
16 40
13 42
11 45
10 48
9 50
7 51
8 53
2 55
0 56
5 58
3 59
36 61
35 62
40 64
38 65
43 67
33 69
31 70
37 12
42 73
41 74
46 75
45 76
50 77
48 78
52 79
53 6
60 81
66 83
64 84
69 89
67 90
63 91
59 93
57 94
56 96
54 97
73 98
74 99
0 1
1 2
2 3
3 4
4 5
5 6
6 7
7 8
8 9
9 10
10 12
12 14
14 15
15 16
16 17
17 18
18 19
19 20
20 22
20 23
20 24
24 25
24 26
19 28
19 29
29 30
29 31
18 32
17 34
17 35
35 37
35 38
35 39
39 40
39 41
41 42
41 43
43 45
43 46
46 48
46 49
49 50
49 51
46 53
46 54
54 55
54 56
43 57
57 58
57 59
16 61
16 62
15 64
15 65
14 66
66 67
66 68
68 69
68 70
12 72
72 73
72 74
10 75
10 76
9 77
8 78
7 79
5 81
4 82
82 83
82 84
3 85
85 88
88 89
88 90
85 91
85 92
92 93
92 94
85 95
95 96
95 97
2 98
1 99
