50
88
1
38 3
35 6
27 14
9 25
53 32
63 36
64 39
0 47
2 48
3 49
5 50
7 51
8 52
10 53
11 54
13 55
14 56
15 57
16 58
18 59
20 60
21 61
22 62
24 63
25 64
26 65
29 66
31 67
33 68
36 69
37 70
40 71
41 72
42 73
43 74
45 75
46 76
48 77
50 78
52 79
54 80
56 81
57 82
59 83
60 84
66 85
67 86
69 87
73 88
74 89
1 2
2 3
2 4
4 5
4 6
4 7
7 8
8 9
7 10
7 11
7 12
12 13
7 14
4 15
15 16
15 17
17 18
18 19
18 20
20 21
21 22
21 23
20 24
24 25
18 26
18 27
17 28
2 29
29 30
30 31
30 32
32 33
33 34
34 35
34 36
34 37
33 38
33 39
33 40
40 41
41 42
30 43
29 44
29 45
45 46
22 47
22 48
23 49
26 50
24 51
20 52
20 53
19 54
27 55
15 56
16 57
28 58
9 59
8 60
8 61
8 62
11 63
11 64
10 65
12 66
45 67
46 68
4 69
29 70
2 71
29 72
29 73
5 74
29 75
44 76
43 77
30 78
31 79
37 80
37 81
13 82
13 83
40 84
38 85
34 86
35 87
41 88
42 89
