50
50
50
0 0
2 1
3 2
5 3
7 4
8 5
9 6
10 7
11 8
13 9
14 10
15 11
16 12
18 13
20 14
21 15
22 16
24 17
25 18
26 19
27 20
29 21
31 22
33 23
35 24
36 25
37 26
38 27
40 28
41 29
42 30
43 31
45 32
46 33
48 34
50 35
52 36
53 37
54 38
56 39
57 40
59 41
60 42
63 43
64 44
66 45
67 46
69 47
73 48
74 49
50 49
50 48
48 42
42 37
37 36
37 34
34 32
32 26
26 29
26 28
26 33
32 35
26 27
26 30
26 25
25 24
25 20
20 15
15 14
14 16
14 17
17 18
17 19
25 10
10 11
10 7
7 4
7 5
4 6
7 2
2 3
7 8
15 13
26 22
22 23
26 31
7 0
0 1
7 9
10 12
37 44
44 45
16 21
44 41
41 40
40 46
46 38
38 39
38 43
43 47
