50
99
0
74 2
73 4
69 6
59 11
57 12
54 15
56 16
63 17
67 18
66 21
64 22
60 24
53 26
52 28
50 30
48 32
45 34
46 36
42 38
41 40
37 42
43 45
31 47
33 48
38 50
40 52
36 54
35 56
27 59
26 61
22 64
18 67
21 68
20 69
25 71
24 72
29 74
16 76
14 78
15 80
13 82
11 85
5 87
3 88
10 90
7 93
9 94
8 96
2 98
0 99
0 1
1 2
1 3
3 4
3 5
5 6
5 7
7 8
8 9
9 10
10 11
10 12
9 13
13 14
14 15
14 16
13 17
8 18
7 19
19 20
20 21
20 22
19 23
23 24
23 25
25 26
25 27
27 28
27 29
29 30
29 31
31 32
31 33
33 34
33 35
35 36
35 37
37 38
37 39
39 40
39 41
41 42
41 43
43 44
44 45
44 46
46 47
46 48
43 49
49 50
49 51
51 52
51 53
53 54
53 55
55 56
55 57
57 58
58 59
58 60
60 61
60 62
62 63
63 64
63 65
65 66
66 67
66 68
65 69
62 70
70 71
70 72
57 73
73 74
73 75
75 76
75 77
77 78
77 79
79 80
79 81
81 82
81 83
83 84
84 85
84 86
86 87
86 88
83 89
89 90
89 91
91 92
92 93
92 94
91 95
95 96
95 97
97 98
97 99
