50
76
76
54 54
43 43
60 60
63 63
64 64
53 53
66 66
67 67
69 69
24 24
25 25
26 26
27 27
20 20
21 21
22 22
46 46
45 45
42 42
29 29
40 40
41 41
0 0
3 3
2 2
5 5
7 7
9 9
8 8
74 74
73 73
59 59
11 11
10 10
13 13
38 38
15 15
14 14
16 16
33 33
18 18
31 31
56 56
37 37
36 36
35 35
52 52
48 48
57 57
50 50
55 56
55 54
39 42
49 48
39 43
61 60
65 61
68 62
62 63
65 64
51 49
65 66
68 67
71 68
70 69
51 52
61 53
23 24
23 25
23 26
28 27
19 20
19 21
19 22
28 23
47 46
49 47
47 44
44 45
30 28
30 29
39 40
39 41
6 1
1 0
4 3
1 2
4 5
6 4
6 7
12 6
6 9
6 8
53 51
44 39
70 65
76 75
39 38
72 73
75 72
72 71
71 70
58 59
62 58
6 11
6 10
12 13
17 12
12 15
12 14
30 17
17 16
23 19
19 18
32 31
34 30
39 37
34 36
34 35
37 34
32 33
62 55
75 74
44 32
58 57
49 50
