486
971
0
641 2
637 4
639 6
635 10
636 11
633 13
631 14
630 16
417 25
415 26
413 28
324 36
337 40
339 41
336 43
326 45
318 46
320 49
321 50
338 54
322 55
316 56
323 57
306 59
308 61
309 62
313 65
315 66
296 68
297 69
340 70
387 75
374 76
383 77
372 78
375 79
327 85
329 86
390 88
332 91
335 92
330 97
334 98
302 100
301 101
333 102
303 104
305 105
397 108
399 111
398 112
396 113
371 114
367 116
344 118
342 119
388 126
382 127
381 129
378 131
379 132
389 133
358 137
360 138
369 139
386 141
385 142
377 145
384 146
365 150
364 151
363 152
380 154
391 155
356 161
351 163
350 164
347 167
352 168
349 170
357 173
348 174
355 175
298 178
300 179
345 182
354 183
353 184
312 186
310 187
361 188
404 191
402 192
392 195
394 196
414 197
410 204
408 206
411 207
431 208
405 210
407 211
443 212
400 215
401 216
419 217
433 219
421 223
422 224
432 228
434 229
426 231
436 232
444 235
418 236
435 237
427 240
425 243
423 244
430 245
429 246
470 248
482 250
466 257
468 258
481 259
483 260
484 261
497 262
469 263
479 264
499 269
498 272
500 273
501 274
503 275
560 278
562 279
553 284
530 286
532 287
547 290
549 293
550 294
545 296
548 297
555 298
572 303
570 304
571 305
569 306
564 311
557 312
566 313
565 315
544 319
542 320
561 321
567 322
563 323
559 324
541 327
551 329
536 331
537 333
533 336
539 338
538 339
535 340
512 347
511 349
513 351
516 354
514 355
509 357
510 359
515 360
476 362
458 365
460 366
473 367
446 369
445 372
438 374
437 375
439 377
441 378
472 379
522 381
453 385
455 387
454 388
477 390
486 391
490 393
487 397
489 398
462 399
456 401
452 404
451 406
450 407
448 408
463 415
465 416
517 418
518 419
491 423
493 424
494 425
521 427
507 429
520 430
529 432
504 434
505 436
506 437
527 438
525 440
526 442
523 443
603 453
605 454
626 455
615 457
616 459
613 460
608 462
606 463
628 464
618 466
620 468
621 469
623 470
609 474
598 475
583 479
582 482
573 483
589 485
575 487
577 488
587 489
580 490
601 493
599 494
611 497
597 499
612 500
594 502
586 505
585 506
591 507
595 509
592 510
253 516
254 517
226 521
228 522
234 523
242 525
232 526
260 530
264 532
236 534
248 535
231 541
229 543
230 544
246 545
244 547
241 550
239 551
240 552
250 554
284 555
247 556
249 558
259 562
252 563
261 564
290 568
292 571
289 572
256 575
257 576
255 577
295 581
294 582
579 583
267 585
268 586
286 589
281 593
282 594
266 595
287 597
280 599
278 600
270 604
269 605
283 607
262 609
263 610
277 613
275 614
273 616
271 618
274 619
205 625
208 626
207 627
211 629
210 630
215 635
209 636
202 639
204 641
203 642
216 643
213 644
212 646
214 647
223 651
201 655
200 656
199 657
221 660
238 661
219 663
224 666
222 667
217 668
237 670
225 671
198 676
195 678
194 680
193 681
188 682
187 685
185 686
190 688
196 689
197 690
160 693
158 694
182 699
163 702
157 704
156 706
155 707
176 709
165 710
183 716
174 717
192 718
181 719
175 720
184 722
179 724
167 728
166 729
172 732
178 733
161 734
180 737
162 739
169 741
177 742
170 743
131 746
133 747
123 749
125 750
144 755
142 756
152 758
154 761
139 763
153 764
140 767
141 768
128 771
126 772
150 774
146 778
147 779
149 780
148 781
134 784
137 786
136 787
122 790
120 792
106 793
104 794
129 797
118 802
115 803
116 804
113 806
117 807
88 813
90 814
97 816
100 818
99 819
71 824
74 826
73 827
80 829
79 830
92 831
75 834
77 835
94 837
96 838
111 841
109 842
112 843
101 845
103 846
68 850
64 852
65 853
52 861
54 862
62 864
61 865
63 867
55 869
58 872
57 873
59 874
47 876
48 878
46 879
49 883
50 884
51 885
44 887
41 891
42 893
37 895
38 896
39 897
31 903
27 904
29 905
33 910
24 911
28 913
23 914
25 916
32 917
3 921
5 922
14 924
13 925
30 926
7 931
6 933
10 935
9 936
8 938
2 941
0 942
11 943
18 945
15 947
19 949
17 950
26 951
35 953
36 955
20 957
22 958
85 960
70 962
66 963
87 964
108 966
84 969
83 970
81 971
0 1
1 2
1 3
3 4
3 5
5 6
5 7
7 8
8 9
9 10
9 11
8 12
12 13
12 14
7 15
15 16
15 17
17 18
18 19
19 20
20 21
21 22
22 23
23 24
24 25
24 26
23 27
27 28
27 29
29 30
30 31
31 32
32 33
33 34
34 35
35 36
35 37
37 38
38 39
39 40
39 41
38 42
42 43
42 44
44 45
44 46
37 47
47 48
48 49
48 50
47 51
51 52
52 53
53 54
53 55
52 56
51 57
34 58
58 59
58 60
60 61
60 62
33 63
63 64
64 65
64 66
63 67
67 68
67 69
32 70
31 71
71 72
72 73
73 74
74 75
74 76
73 77
72 78
71 79
30 80
80 81
81 82
82 83
83 84
84 85
84 86
83 87
87 88
87 89
89 90
90 91
90 92
89 93
93 94
94 95
95 96
96 97
96 98
95 99
99 100
99 101
94 102
93 103
103 104
103 105
82 106
106 107
107 108
107 109
109 110
110 111
110 112
109 113
106 114
81 115
115 116
115 117
117 118
117 119
80 120
120 121
121 122
122 123
123 124
124 125
125 126
125 127
124 128
128 129
128 130
130 131
130 132
123 133
122 134
134 135
135 136
136 137
136 138
135 139
134 140
140 141
140 142
121 143
143 144
144 145
144 146
143 147
147 148
148 149
149 150
149 151
148 152
147 153
153 154
153 155
120 156
156 157
157 158
158 159
159 160
160 161
160 162
162 163
162 164
159 165
165 166
166 167
166 168
165 169
169 170
169 171
171 172
172 173
172 174
171 175
158 176
176 177
177 178
177 179
176 180
180 181
181 182
181 183
180 184
157 185
185 186
185 187
156 188
29 189
189 190
190 191
190 192
189 193
193 194
194 195
194 196
193 197
22 198
198 199
199 200
200 201
201 202
202 203
203 204
203 205
205 206
205 207
202 208
201 209
209 210
209 211
200 212
199 213
213 214
214 215
214 216
213 217
198 218
218 219
218 220
220 221
221 222
222 223
222 224
221 225
225 226
226 227
227 228
227 229
226 230
230 231
230 232
225 233
233 234
234 235
234 236
233 237
220 238
238 239
239 240
239 241
241 242
242 243
242 244
241 245
238 246
21 247
247 248
247 249
249 250
249 251
251 252
252 253
253 254
254 255
255 256
256 257
256 258
255 259
254 260
253 261
252 262
251 263
20 264
19 265
265 266
266 267
267 268
268 269
268 270
270 271
271 272
271 273
270 274
267 275
266 276
276 277
277 278
277 279
276 280
280 281
281 282
282 283
283 284
283 285
285 286
285 287
282 288
288 289
289 290
289 291
291 292
292 293
292 294
291 295
295 296
295 297
288 298
281 299
299 300
300 301
301 302
302 303
302 304
301 305
300 306
299 307
307 308
308 309
309 310
310 311
310 312
309 313
308 314
314 315
314 316
316 317
317 318
318 319
318 320
317 321
316 322
307 323
280 324
265 325
325 326
326 327
326 328
328 329
328 330
330 331
330 332
332 333
332 334
334 335
335 336
335 337
337 338
337 339
334 340
325 341
341 342
342 343
343 344
344 345
345 346
346 347
346 348
348 349
348 350
350 351
350 352
352 353
353 354
353 355
352 356
356 357
356 358
358 359
358 360
345 361
361 362
361 363
363 364
364 365
364 366
363 367
344 368
368 369
368 370
370 371
371 372
371 373
373 374
373 375
370 376
376 377
376 378
343 379
342 380
380 381
380 382
382 383
383 384
384 385
384 386
386 387
386 388
383 389
389 390
389 391
382 392
392 393
392 394
394 395
395 396
396 397
396 398
395 399
394 400
400 401
400 402
402 403
403 404
403 405
405 406
405 407
402 408
341 409
409 410
410 411
411 412
412 413
413 414
414 415
414 416
413 417
417 418
417 419
412 420
420 421
421 422
422 423
422 424
421 425
420 426
426 427
426 428
428 429
428 430
411 431
431 432
431 433
433 434
433 435
435 436
435 437
410 438
409 439
439 440
439 441
441 442
441 443
18 444
444 445
445 446
446 447
447 448
448 449
449 450
450 451
451 452
452 453
452 454
451 455
450 456
456 457
456 458
458 459
458 460
449 461
461 462
461 463
448 464
447 465
465 466
465 467
467 468
467 469
446 470
445 471
471 472
472 473
473 474
473 475
472 476
476 477
477 478
478 479
478 480
480 481
481 482
481 483
480 484
484 485
484 486
486 487
486 488
477 489
476 490
471 491
491 492
492 493
492 494
491 495
495 496
496 497
496 498
498 499
498 500
495 501
501 502
501 503
503 504
504 505
504 506
503 507
444 508
508 509
508 510
17 511
511 512
512 513
513 514
514 515
515 516
515 517
514 518
518 519
519 520
520 521
520 522
519 523
518 524
524 525
524 526
513 527
527 528
528 529
529 530
529 531
531 532
531 533
533 534
533 535
528 536
536 537
537 538
538 539
539 540
540 541
540 542
542 543
542 544
539 545
538 546
546 547
546 548
548 549
549 550
549 551
548 552
537 553
553 554
553 555
536 556
527 557
557 558
557 559
559 560
560 561
561 562
561 563
560 564
559 565
565 566
566 567
567 568
567 569
569 570
570 571
570 572
569 573
573 574
574 575
574 576
573 577
566 578
578 579
579 580
580 581
580 582
579 583
578 584
584 585
584 586
565 587
587 588
588 589
588 590
590 591
591 592
592 593
592 594
591 595
590 596
596 597
596 598
598 599
598 600
587 601
601 602
602 603
603 604
603 605
602 606
606 607
606 608
608 609
608 610
601 611
611 612
612 613
612 614
611 615
615 616
615 617
617 618
617 619
512 620
620 621
621 622
622 623
623 624
624 625
624 626
623 627
622 628
628 629
628 630
621 631
631 632
632 633
633 634
634 635
634 636
633 637
637 638
638 639
638 640
640 641
640 642
637 643
632 644
631 645
645 646
645 647
620 648
648 649
649 650
650 651
650 652
652 653
653 654
654 655
654 656
653 657
652 658
658 659
659 660
659 661
658 662
662 663
662 664
664 665
665 666
665 667
664 668
649 669
669 670
669 671
648 672
672 673
673 674
674 675
675 676
675 677
677 678
677 679
679 680
679 681
674 682
673 683
683 684
684 685
684 686
683 687
687 688
687 689
672 690
511 691
691 692
692 693
692 694
691 695
695 696
696 697
697 698
698 699
698 700
700 701
701 702
701 703
703 704
703 705
705 706
705 707
700 708
708 709
708 710
697 711
711 712
712 713
713 714
714 715
715 716
715 717
714 718
713 719
712 720
711 721
721 722
721 723
723 724
723 725
725 726
726 727
727 728
727 729
726 730
730 731
731 732
731 733
730 734
725 735
735 736
736 737
736 738
738 739
738 740
740 741
740 742
735 743
696 744
744 745
745 746
745 747
744 748
748 749
748 750
695 751
751 752
752 753
753 754
754 755
754 756
753 757
757 758
757 759
759 760
760 761
760 762
762 763
762 764
759 765
765 766
766 767
766 768
765 769
769 770
770 771
770 772
769 773
773 774
773 775
775 776
776 777
777 778
777 779
776 780
775 781
752 782
782 783
783 784
783 785
785 786
785 787
782 788
788 789
789 790
789 791
791 792
791 793
788 794
751 795
795 796
796 797
796 798
798 799
799 800
800 801
801 802
801 803
800 804
799 805
805 806
805 807
798 808
808 809
809 810
810 811
811 812
812 813
812 814
811 815
815 816
815 817
817 818
817 819
810 820
820 821
821 822
822 823
823 824
823 825
825 826
825 827
822 828
828 829
828 830
821 831
820 832
832 833
833 834
833 835
832 836
836 837
836 838
809 839
839 840
840 841
840 842
839 843
808 844
844 845
844 846
795 847
847 848
848 849
849 850
849 851
851 852
851 853
848 854
854 855
855 856
856 857
857 858
858 859
859 860
860 861
860 862
859 863
863 864
863 865
858 866
866 867
866 868
868 869
868 870
870 871
871 872
871 873
870 874
857 875
875 876
875 877
877 878
877 879
856 880
880 881
881 882
882 883
882 884
881 885
880 886
886 887
886 888
888 889
889 890
890 891
890 892
892 893
892 894
894 895
894 896
889 897
888 898
898 899
899 900
900 901
901 902
902 903
902 904
901 905
900 906
906 907
907 908
908 909
909 910
909 911
908 912
912 913
912 914
907 915
915 916
915 917
906 918
918 919
919 920
920 921
920 922
919 923
923 924
923 925
918 926
899 927
927 928
928 929
929 930
930 931
930 932
932 933
932 934
934 935
934 936
929 937
937 938
937 939
939 940
940 941
940 942
939 943
928 944
944 945
944 946
946 947
946 948
948 949
948 950
927 951
898 952
952 953
952 954
954 955
954 956
956 957
956 958
855 959
959 960
959 961
961 962
961 963
854 964
847 965
965 966
965 967
967 968
968 969
968 970
967 971
