486
643
643
344 382
0 85
347 213
340 137
342 264
348 510
349 236
595 469
606 536
594 125
298 96
296 347
297 463
294 209
295 454
292 302
290 381
591 553
592 527
199 286
198 612
597 287
195 545
194 66
197 28
196 247
190 371
193 193
192 401
270 205
271 542
273 453
274 641
275 315
277 83
278 190
525 594
526 99
527 575
520 446
521 161
522 391
523 142
599 452
529 199
448 601
443 134
441 591
446 54
445 507
444 215
108 587
109 369
598 353
103 348
100 572
101 248
106 229
104 404
39 275
38 129
33 318
32 38
31 456
30 379
37 267
36 13
35 214
641 432
438 506
439 7
436 414
437 499
434 133
435 292
432 57
433 139
430 37
431 613
339 520
338 560
335 430
334 211
337 64
336 388
330 426
333 68
332 550
345 479
6 200
99 237
90 192
92 196
94 77
97 483
96 425
559 30
555 260
557 570
551 8
550 421
553 212
238 501
239 106
234 250
236 296
237 557
230 123
231 598
232 357
146 153
147 509
144 515
142 97
140 398
141 31
612 577
613 198
611 48
616 179
148 131
149 330
623 41
133 364
131 252
137 375
136 182
134 176
494 497
139 50
497 539
490 465
491 338
493 337
24 444
25 563
26 529
27 530
20 603
22 33
23 309
28 23
29 448
407 541
405 44
404 18
402 555
401 387
400 101
408 620
628 59
379 537
378 630
371 147
372 410
375 303
374 511
377 178
618 238
392 400
88 109
390 566
397 136
396 383
394 140
83 567
80 88
81 605
87 290
84 438
85 583
7 569
601 128
586 434
587 532
585 71
582 269
583 266
580 144
589 188
244 356
247 26
246 402
241 273
240 180
242 522
615 372
249 616
248 280
518 351
511 450
510 239
513 521
512 185
515 486
514 241
517 35
516 385
458 462
621 405
620 257
626 158
450 344
451 484
452 633
453 295
454 281
455 636
456 389
179 9
178 162
177 195
176 146
175 259
174 468
172 355
170 289
182 504
183 339
180 11
181 423
187 503
184 626
185 345
188 172
11 225
10 170
13 431
15 112
14 460
17 628
19 80
18 386
322 505
323 148
320 358
321 75
326 87
327 512
324 487
329 516
201 340
200 194
203 183
202 441
205 117
204 433
207 230
209 58
208 149
77 390
75 396
74 167
73 10
71 221
70 81
79 329
2 394
542 2
541 210
547 207
544 623
545 535
8 29
548 166
549 477
120 639
122 455
123 222
125 411
126 116
128 361
129 326
414 152
415 228
417 599
410 15
411 336
413 141
498 561
418 493
419 104
499 609
318 435
313 472
312 92
310 126
316 118
315 458
3 443
369 246
367 374
364 523
365 334
363 165
360 90
361 100
380 544
381 397
382 473
383 585
384 384
385 333
386 74
387 349
388 611
389 547
579 320
573 219
572 52
571 271
570 277
577 621
575 73
61 551
62 573
259 538
64 201
65 422
66 335
252 39
253 306
250 20
256 363
257 615
254 500
255 415
603 174
509 380
506 489
507 595
504 321
505 19
503 263
500 637
501 418
630 517
631 113
633 549
469 62
468 253
636 407
637 254
465 111
639 466
466 224
460 232
463 204
462 177
169 14
165 354
166 413
167 169
160 46
161 27
162 256
163 332
9 22
357 203
356 579
355 244
354 608
353 261
352 408
351 231
350 84
358 65
216 451
217 278
214 322
215 197
212 526
213 323
210 108
211 571
219 61
289 255
281 94
280 367
283 24
282 618
284 580
287 32
286 47
263 150
262 17
261 439
260 115
267 202
266 481
264 606
269 533
268 36
59 525
58 476
55 559
54 283
57 223
51 298
50 562
52 268
537 301
536 249
535 155
63 226
533 589
532 262
530 42
539 242
538 154
115 437
68 313
117 216
116 25
111 360
113 6
112 122
118 310
429 518
421 5
423 270
422 49
425 156
427 63
426 3
308 514
309 445
300 312
301 350
302 327
303 482
305 417
306 498
569 491
560 120
561 70
562 378
563 217
564 342
565 234
566 274
567 436
229 586
228 324
226 597
225 564
224 399
223 308
222 494
221 163
391 631
605 470
150 429
153 419
152 181
155 0
154 160
157 548
156 282
158 427
609 187
608 157
399 79
635 377
398 208
48 284
49 297
46 240
47 184
44 300
42 592
41 55
5 316
489 51
487 565
486 490
484 305
483 635
482 294
481 175
472 513
473 352
470 392
476 365
477 582
479 103
343 344
1 0
379 346
346 347
341 340
370 341
343 342
366 343
346 348
346 349
596 595
607 606
593 594
622 619
299 298
346 299
297 296
319 297
293 294
293 295
291 292
578 293
291 290
293 291
590 591
610 590
610 593
593 592
200 199
193 198
596 597
610 596
193 195
193 194
193 197
193 196
203 191
189 190
218 193
191 192
269 270
272 271
276 272
272 273
272 274
276 275
285 276
276 277
279 278
283 279
528 524
524 525
524 526
528 527
519 520
519 521
519 522
524 523
600 599
540 528
528 529
457 449
449 448
442 443
481 442
440 441
445 440
471 447
447 446
447 445
442 444
107 108
110 109
110 102
102 103
98 100
102 101
105 106
153 107
105 104
119 105
40 39
37 38
24 33
24 32
24 31
24 30
40 37
34 36
34 35
40 34
640 641
642 640
643 642
445 438
440 439
432 436
438 437
432 434
432 435
442 432
432 433
428 430
428 431
337 339
337 338
331 335
331 334
341 337
337 336
395 331
331 330
331 333
331 332
346 345
24 6
98 99
110 98
107 91
89 90
98 93
93 92
98 95
95 94
98 97
95 96
558 559
568 558
556 555
556 554
558 557
558 556
552 551
546 550
554 553
558 552
235 238
240 239
233 234
248 235
235 236
235 237
229 230
229 231
233 232
243 233
6 1
624 614
145 146
145 147
151 144
151 145
143 142
144 143
151 140
140 141
610 612
614 613
617 610
610 611
614 616
625 617
145 148
145 149
624 623
625 622
132 133
173 132
132 131
138 130
135 137
135 136
143 135
135 134
492 494
508 495
138 139
153 138
488 490
492 491
519 492
492 493
34 24
24 25
24 26
24 27
21 20
34 21
21 22
24 23
24 28
24 29
406 407
428 406
406 405
403 404
418 403
403 402
400 401
420 400
640 629
428 409
409 408
627 628
395 379
379 378
370 371
395 370
379 373
373 372
376 375
373 374
376 377
379 376
619 618
412 393
393 392
89 88
98 89
395 397
395 396
412 395
393 394
107 82
82 83
78 80
82 81
91 86
86 87
82 84
86 85
6 7
600 601
625 607
585 586
588 587
588 584
590 585
581 582
581 583
578 580
584 581
602 588
588 589
248 245
245 244
248 247
245 246
240 241
245 240
251 243
243 242
614 615
248 249
258 248
528 519
519 518
510 511
528 510
510 513
510 512
510 515
510 514
510 517
510 516
459 458
474 459
622 621
619 620
629 627
625 626
627 625
625 624
449 450
449 451
449 452
454 453
478 454
454 455
457 456
461 457
173 179
173 178
173 177
173 176
173 175
173 174
191 173
173 172
191 171
171 170
251 253
173 182
173 183
173 180
173 181
193 186
186 187
173 184
186 185
189 188
193 189
6 11
6 10
12 13
24 12
16 15
12 14
16 17
24 16
16 19
16 18
60 62
321 322
321 323
321 320
337 321
325 326
328 327
321 324
337 325
370 328
328 329
200 201
220 200
209 203
203 202
206 205
203 204
206 207
209 206
220 209
206 208
76 77
95 76
76 75
72 74
72 73
78 72
72 71
86 70
78 79
93 78
1 2
543 542
558 543
552 540
540 541
556 546
546 547
543 544
546 545
6 8
546 548
546 549
69 68
596 598
119 120
135 121
121 122
124 123
132 124
124 125
127 126
145 127
127 128
130 129
412 414
416 415
432 416
416 417
409 410
409 411
426 412
412 413
502 498
426 418
420 419
498 499
341 319
317 318
314 313
311 312
379 311
311 310
325 317
317 316
314 315
319 314
502 496
496 497
4 3
379 368
368 369
370 366
366 367
362 364
362 365
379 362
362 363
359 360
362 361
379 380
379 381
379 382
379 383
379 384
379 385
379 386
379 387
379 388
379 389
604 605
578 579
602 578
617 604
574 573
568 572
568 571
568 570
576 577
581 576
576 575
584 574
67 60
60 61
283 258
258 259
69 64
64 65
67 66
70 67
251 252
91 69
248 250
258 251
288 256
256 257
251 254
256 255
604 603
610 602
519 508
510 509
505 506
508 507
505 504
528 505
558 502
502 503
498 500
498 501
629 630
632 631
634 632
632 633
481 469
467 468
634 636
638 637
464 465
492 464
481 467
467 466
488 461
459 460
464 463
461 462
173 168
168 169
173 164
164 165
168 166
166 167
159 160
173 161
161 162
164 163
610 600
6 9
346 357
346 356
346 355
346 354
346 353
346 352
346 351
346 350
368 359
359 358
209 216
218 217
209 214
209 215
209 212
209 213
209 210
209 211
220 218
220 219
288 289
291 288
12 4
285 281
279 280
285 283
281 282
293 285
283 284
285 287
285 286
285 263
263 262
258 261
258 260
268 267
265 266
285 265
265 264
285 269
293 268
56 59
56 58
56 55
53 54
56 57
60 56
49 51
49 50
60 53
53 52
534 537
534 536
534 535
60 63
534 533
531 532
554 531
531 530
534 539
534 538
114 115
130 114
114 117
114 116
110 111
114 110
114 113
110 112
121 119
114 118
428 429
432 428
540 534
432 421
432 420
424 423
421 422
424 425
428 424
428 427
432 426
307 308
307 309
299 300
331 301
301 302
304 303
331 304
304 305
307 306
337 307
574 568
568 569
558 560
558 561
558 562
558 563
558 564
558 565
558 566
558 567
245 229
227 228
233 227
227 226
220 225
220 224
220 223
220 222
220 221
235 220
379 391
379 390
153 151
145 150
171 153
151 152
156 155
153 154
156 157
173 156
209 159
159 158
610 609
607 608
642 634
395 399
634 635
395 398
45 48
60 49
45 46
45 47
45 44
60 45
43 42
45 43
43 40
40 41
642 638
4 5
638 639
488 489
495 488
488 487
485 486
495 485
481 484
481 483
481 482
496 481
510 480
471 472
474 473
469 470
480 471
475 476
478 477
475 474
510 475
485 478
480 479
