486
643
643
344 183
0 324
347 264
340 20
342 88
348 286
349 361
595 30
606 595
594 426
298 24
296 308
297 559
294 87
295 303
292 527
290 608
591 240
592 68
199 312
198 377
597 31
195 507
194 209
197 339
196 408
190 388
193 170
192 571
270 156
271 44
273 84
274 468
275 438
277 514
278 278
525 306
526 122
527 432
520 329
521 248
522 337
523 305
599 335
529 585
448 327
443 586
441 6
446 375
445 199
444 591
108 378
109 294
598 369
103 259
100 499
101 96
106 516
104 146
39 185
38 266
33 249
32 417
31 225
30 592
37 476
36 52
35 261
641 413
438 97
439 234
436 182
437 237
434 429
435 73
432 599
433 621
430 33
431 22
339 313
338 535
335 318
334 374
337 491
336 213
330 466
333 133
332 407
345 506
6 280
99 455
90 430
92 210
94 490
97 48
96 633
559 334
555 17
557 553
551 223
550 630
553 529
238 389
239 513
234 226
236 569
237 197
230 385
231 0
232 27
146 623
147 498
144 379
142 162
140 77
141 522
612 579
613 483
611 445
616 456
148 315
149 309
623 15
133 136
131 296
137 354
136 65
134 241
494 292
139 469
497 414
490 123
491 131
493 453
24 342
25 167
26 421
27 541
20 108
22 326
23 129
28 399
29 352
407 111
405 181
404 55
402 481
401 59
400 575
408 386
628 158
379 252
378 460
371 396
372 10
375 208
374 450
377 348
618 357
392 500
88 371
390 570
397 273
396 35
394 533
83 345
80 358
81 85
87 8
84 18
85 392
7 635
601 562
586 542
587 207
585 518
582 637
583 228
580 157
589 239
244 561
247 41
246 236
241 547
240 290
242 494
615 92
249 594
248 14
518 260
511 80
510 454
513 391
512 219
515 444
514 46
517 253
516 521
458 211
621 13
620 154
626 367
450 224
451 268
452 411
453 184
454 5
455 118
456 350
179 62
178 572
177 142
176 573
175 106
174 295
172 126
170 511
182 390
183 397
180 188
181 544
187 39
184 509
185 419
188 418
11 19
10 262
13 338
15 194
14 577
17 172
19 205
18 551
322 246
323 75
320 539
321 200
326 503
327 212
324 347
329 394
201 115
200 487
203 287
202 620
205 70
204 423
207 195
209 255
208 363
77 433
75 536
74 425
73 472
71 284
70 452
79 597
2 161
542 267
541 204
547 232
544 603
545 104
8 242
548 353
549 525
120 47
122 639
123 410
125 360
126 271
128 477
129 300
414 150
415 109
417 482
410 484
411 580
413 196
498 611
418 99
419 116
499 254
318 436
313 381
312 54
310 169
316 148
315 555
3 470
369 221
367 229
364 548
365 641
363 58
360 549
361 537
380 462
381 628
382 344
383 355
384 165
385 277
386 198
387 163
388 505
389 274
579 330
573 190
572 270
571 144
570 493
577 489
575 372
61 57
62 32
259 626
64 323
65 523
66 203
252 180
253 333
250 201
256 103
257 401
254 128
255 636
603 351
509 37
506 238
507 321
504 179
505 125
503 567
500 504
501 463
630 601
631 257
633 458
469 605
468 2
636 631
637 316
465 435
639 100
466 560
460 283
463 298
462 501
169 613
165 616
166 587
167 175
160 193
161 530
162 166
163 431
9 36
357 139
356 275
355 387
354 382
353 160
352 545
351 465
350 356
358 90
216 42
217 140
214 38
215 71
212 310
213 112
210 120
211 380
219 176
289 404
281 297
280 446
283 49
282 256
284 28
287 7
286 437
263 550
262 618
261 141
260 510
267 589
266 64
264 383
269 532
268 79
59 526
58 155
55 134
54 63
57 427
51 113
50 538
52 26
537 336
536 512
535 214
63 615
533 74
532 332
530 9
539 217
538 202
115 153
68 83
117 187
116 216
111 612
113 443
112 149
118 606
429 398
421 434
423 23
422 152
425 222
427 441
426 3
308 422
309 51
300 101
301 479
302 178
303 517
305 147
306 250
569 564
560 448
561 302
562 415
563 137
564 247
565 177
566 94
567 365
229 384
228 515
226 340
225 400
224 29
223 364
222 563
221 230
391 231
605 281
150 566
153 25
152 486
155 451
154 282
157 263
156 66
158 582
609 50
608 61
399 320
635 174
398 301
48 565
49 583
46 215
47 349
44 322
42 11
41 81
5 117
489 269
487 497
486 520
484 609
483 192
482 439
481 598
472 405
473 473
470 557
476 289
477 244
479 402
343 344
1 0
379 346
346 347
341 340
370 341
343 342
366 343
346 348
346 349
596 595
607 606
593 594
622 619
299 298
346 299
297 296
319 297
293 294
293 295
291 292
578 293
291 290
293 291
590 591
610 590
610 593
593 592
200 199
193 198
596 597
610 596
193 195
193 194
193 197
193 196
203 191
189 190
218 193
191 192
269 270
272 271
276 272
272 273
272 274
276 275
285 276
276 277
279 278
283 279
528 524
524 525
524 526
528 527
519 520
519 521
519 522
524 523
600 599
540 528
528 529
457 449
449 448
442 443
481 442
440 441
445 440
471 447
447 446
447 445
442 444
107 108
110 109
110 102
102 103
98 100
102 101
105 106
153 107
105 104
119 105
40 39
37 38
24 33
24 32
24 31
24 30
40 37
34 36
34 35
40 34
640 641
642 640
643 642
445 438
440 439
432 436
438 437
432 434
432 435
442 432
432 433
428 430
428 431
337 339
337 338
331 335
331 334
341 337
337 336
395 331
331 330
331 333
331 332
346 345
24 6
98 99
110 98
107 91
89 90
98 93
93 92
98 95
95 94
98 97
95 96
558 559
568 558
556 555
556 554
558 557
558 556
552 551
546 550
554 553
558 552
235 238
240 239
233 234
248 235
235 236
235 237
229 230
229 231
233 232
243 233
6 1
624 614
145 146
145 147
151 144
151 145
143 142
144 143
151 140
140 141
610 612
614 613
617 610
610 611
614 616
625 617
145 148
145 149
624 623
625 622
132 133
173 132
132 131
138 130
135 137
135 136
143 135
135 134
492 494
508 495
138 139
153 138
488 490
492 491
519 492
492 493
34 24
24 25
24 26
24 27
21 20
34 21
21 22
24 23
24 28
24 29
406 407
428 406
406 405
403 404
418 403
403 402
400 401
420 400
640 629
428 409
409 408
627 628
395 379
379 378
370 371
395 370
379 373
373 372
376 375
373 374
376 377
379 376
619 618
412 393
393 392
89 88
98 89
395 397
395 396
412 395
393 394
107 82
82 83
78 80
82 81
91 86
86 87
82 84
86 85
6 7
600 601
625 607
585 586
588 587
588 584
590 585
581 582
581 583
578 580
584 581
602 588
588 589
248 245
245 244
248 247
245 246
240 241
245 240
251 243
243 242
614 615
248 249
258 248
528 519
519 518
510 511
528 510
510 513
510 512
510 515
510 514
510 517
510 516
459 458
474 459
622 621
619 620
629 627
625 626
627 625
625 624
449 450
449 451
449 452
454 453
478 454
454 455
457 456
461 457
173 179
173 178
173 177
173 176
173 175
173 174
191 173
173 172
191 171
171 170
251 253
173 182
173 183
173 180
173 181
193 186
186 187
173 184
186 185
189 188
193 189
6 11
6 10
12 13
24 12
16 15
12 14
16 17
24 16
16 19
16 18
60 62
321 322
321 323
321 320
337 321
325 326
328 327
321 324
337 325
370 328
328 329
200 201
220 200
209 203
203 202
206 205
203 204
206 207
209 206
220 209
206 208
76 77
95 76
76 75
72 74
72 73
78 72
72 71
86 70
78 79
93 78
1 2
543 542
558 543
552 540
540 541
556 546
546 547
543 544
546 545
6 8
546 548
546 549
69 68
596 598
119 120
135 121
121 122
124 123
132 124
124 125
127 126
145 127
127 128
130 129
412 414
416 415
432 416
416 417
409 410
409 411
426 412
412 413
502 498
426 418
420 419
498 499
341 319
317 318
314 313
311 312
379 311
311 310
325 317
317 316
314 315
319 314
502 496
496 497
4 3
379 368
368 369
370 366
366 367
362 364
362 365
379 362
362 363
359 360
362 361
379 380
379 381
379 382
379 383
379 384
379 385
379 386
379 387
379 388
379 389
604 605
578 579
602 578
617 604
574 573
568 572
568 571
568 570
576 577
581 576
576 575
584 574
67 60
60 61
283 258
258 259
69 64
64 65
67 66
70 67
251 252
91 69
248 250
258 251
288 256
256 257
251 254
256 255
604 603
610 602
519 508
510 509
505 506
508 507
505 504
528 505
558 502
502 503
498 500
498 501
629 630
632 631
634 632
632 633
481 469
467 468
634 636
638 637
464 465
492 464
481 467
467 466
488 461
459 460
464 463
461 462
173 168
168 169
173 164
164 165
168 166
166 167
159 160
173 161
161 162
164 163
610 600
6 9
346 357
346 356
346 355
346 354
346 353
346 352
346 351
346 350
368 359
359 358
209 216
218 217
209 214
209 215
209 212
209 213
209 210
209 211
220 218
220 219
288 289
291 288
12 4
285 281
279 280
285 283
281 282
293 285
283 284
285 287
285 286
285 263
263 262
258 261
258 260
268 267
265 266
285 265
265 264
285 269
293 268
56 59
56 58
56 55
53 54
56 57
60 56
49 51
49 50
60 53
53 52
534 537
534 536
534 535
60 63
534 533
531 532
554 531
531 530
534 539
534 538
114 115
130 114
114 117
114 116
110 111
114 110
114 113
110 112
121 119
114 118
428 429
432 428
540 534
432 421
432 420
424 423
421 422
424 425
428 424
428 427
432 426
307 308
307 309
299 300
331 301
301 302
304 303
331 304
304 305
307 306
337 307
574 568
568 569
558 560
558 561
558 562
558 563
558 564
558 565
558 566
558 567
245 229
227 228
233 227
227 226
220 225
220 224
220 223
220 222
220 221
235 220
379 391
379 390
153 151
145 150
171 153
151 152
156 155
153 154
156 157
173 156
209 159
159 158
610 609
607 608
642 634
395 399
634 635
395 398
45 48
60 49
45 46
45 47
45 44
60 45
43 42
45 43
43 40
40 41
642 638
4 5
638 639
488 489
495 488
488 487
485 486
495 485
481 484
481 483
481 482
496 481
510 480
471 472
474 473
469 470
480 471
475 476
478 477
475 474
510 475
485 478
480 479
