486
971
0
641 3
637 6
639 7
636 10
635 11
633 13
631 14
630 16
611 18
601 21
599 22
609 26
623 28
628 32
626 33
605 37
603 38
616 40
613 42
615 43
608 45
606 46
618 49
621 50
620 51
597 54
612 55
598 56
594 60
595 62
592 63
591 65
586 67
585 68
589 72
573 75
572 79
544 83
542 84
567 85
563 90
566 91
564 93
553 96
532 98
530 99
555 101
550 103
549 106
545 107
547 109
548 110
557 112
560 114
522 119
526 120
505 125
504 126
529 127
506 130
523 132
517 134
518 135
527 138
537 141
538 145
535 146
536 148
539 149
541 151
551 152
533 153
525 154
521 157
520 160
507 161
486 164
455 167
453 169
454 170
477 171
489 174
487 175
490 177
462 179
456 181
448 183
450 186
451 187
452 188
493 190
463 194
465 195
491 196
514 201
511 203
472 207
446 209
438 212
437 213
439 216
441 217
445 218
473 221
458 223
460 224
476 225
512 226
516 229
509 231
515 232
510 233
513 234
494 235
503 238
497 240
481 243
482 246
468 249
479 251
466 252
443 254
435 257
431 264
411 267
410 269
408 270
407 273
405 274
400 277
401 278
419 279
430 280
423 283
425 284
427 285
429 286
422 288
421 289
402 296
404 297
418 298
426 300
394 303
392 304
414 306
340 312
296 315
297 316
313 319
315 320
309 323
306 325
308 326
320 330
324 331
321 332
322 335
316 339
318 340
326 341
338 342
339 344
323 347
336 348
337 349
302 352
330 353
332 356
301 357
334 360
303 362
305 363
335 365
333 366
385 372
386 373
377 375
384 376
379 377
369 382
358 384
360 385
390 386
388 388
380 389
382 392
383 394
375 396
374 399
387 400
372 401
389 405
312 407
310 408
349 414
298 416
300 417
355 419
353 420
351 424
352 425
356 426
347 427
350 429
345 431
354 432
357 434
348 435
363 440
365 441
327 444
329 445
361 446
364 447
391 449
381 450
378 451
371 454
367 456
344 458
342 459
413 460
399 463
398 464
396 466
397 467
434 468
417 472
415 473
436 474
433 475
432 476
444 477
484 479
469 481
470 482
483 483
500 487
501 488
498 489
499 490
562 491
561 493
559 495
565 496
571 498
569 499
570 500
583 503
582 504
577 506
575 507
587 508
580 510
579 512
295 514
294 516
289 520
292 521
290 523
255 525
256 527
257 528
268 530
267 532
278 535
280 536
283 538
269 543
270 544
286 545
282 549
281 550
287 551
266 552
262 556
263 557
273 560
274 562
271 563
277 564
252 568
260 569
259 570
284 572
275 574
264 576
248 579
241 586
239 588
240 589
244 590
230 592
229 594
231 595
246 596
249 598
261 599
253 603
254 604
228 608
226 609
232 611
234 612
242 613
250 614
247 616
236 618
238 620
237 622
222 624
224 627
219 628
217 633
188 636
193 638
194 641
197 642
198 644
195 645
187 648
185 649
190 651
196 652
223 653
221 655
225 656
200 659
201 661
199 662
215 664
212 668
214 669
213 670
209 672
210 675
205 677
208 679
207 680
211 682
216 684
203 687
204 689
202 690
158 693
160 694
175 696
178 702
183 704
184 705
174 707
179 708
169 713
167 715
166 716
176 719
177 720
165 722
180 723
172 724
155 728
157 731
163 732
156 733
182 735
125 738
123 739
131 741
133 742
181 743
162 745
161 746
192 748
170 750
153 753
154 755
142 759
144 761
137 763
122 769
120 770
104 771
106 772
134 773
136 774
152 775
140 778
141 779
147 783
150 784
128 787
126 788
149 790
148 791
146 792
139 794
117 800
113 801
118 802
116 804
115 805
112 807
111 810
101 812
103 813
109 815
80 822
71 824
73 826
74 827
79 828
92 829
100 830
99 832
97 833
88 837
90 838
96 839
94 841
77 843
75 844
129 846
108 848
81 851
83 853
84 854
68 857
65 859
64 860
87 863
85 864
70 866
66 868
52 873
54 874
51 876
49 878
50 879
62 882
55 884
59 886
58 888
57 889
63 891
61 892
47 894
48 897
46 898
44 900
41 902
39 905
38 907
37 909
42 910
36 914
20 916
22 917
35 918
13 925
14 927
5 929
3 930
30 931
28 933
33 934
25 938
32 939
18 942
23 943
29 945
26 946
24 947
15 950
17 952
19 953
31 955
27 956
10 959
9 960
6 962
11 965
7 966
8 968
2 970
0 971
0 1
1 2
2 3
2 4
4 5
5 6
5 7
4 8
8 9
9 10
9 11
8 12
12 13
12 14
1 15
15 16
15 17
17 18
17 19
19 20
20 21
20 22
19 23
23 24
24 25
25 26
25 27
27 28
27 29
29 30
30 31
31 32
31 33
30 34
34 35
35 36
36 37
36 38
35 39
39 40
39 41
41 42
41 43
34 44
44 45
44 46
29 47
47 48
48 49
48 50
47 51
24 52
52 53
53 54
53 55
52 56
23 57
57 58
58 59
59 60
59 61
61 62
61 63
58 64
64 65
64 66
66 67
66 68
57 69
69 70
70 71
71 72
71 73
73 74
74 75
74 76
76 77
77 78
78 79
78 80
80 81
81 82
82 83
82 84
81 85
80 86
86 87
87 88
88 89
89 90
89 91
88 92
92 93
92 94
94 95
95 96
95 97
97 98
97 99
94 100
100 101
100 102
102 103
102 104
104 105
105 106
105 107
104 108
108 109
108 110
87 111
111 112
111 113
113 114
113 115
115 116
116 117
117 118
118 119
118 120
117 121
121 122
122 123
123 124
124 125
124 126
123 127
122 128
128 129
129 130
129 131
131 132
131 133
133 134
133 135
128 136
136 137
137 138
137 139
139 140
140 141
140 142
142 143
143 144
144 145
144 146
143 147
147 148
147 149
142 150
150 151
150 152
139 153
136 154
121 155
155 156
156 157
156 158
158 159
159 160
159 161
158 162
162 163
163 164
163 165
165 166
166 167
166 168
168 169
168 170
165 171
162 172
172 173
173 174
173 175
172 176
176 177
176 178
178 179
178 180
180 181
180 182
182 183
182 184
184 185
185 186
185 187
184 188
155 189
189 190
189 191
191 192
192 193
193 194
193 195
192 196
191 197
197 198
198 199
199 200
200 201
200 202
202 203
202 204
204 205
205 206
206 207
206 208
208 209
208 210
210 211
211 212
211 213
210 214
214 215
215 216
215 217
214 218
205 219
219 220
220 221
220 222
222 223
222 224
219 225
204 226
199 227
227 228
228 229
228 230
230 231
230 232
227 233
198 234
197 235
116 236
236 237
237 238
237 239
239 240
239 241
241 242
242 243
242 244
244 245
245 246
245 247
247 248
248 249
248 250
250 251
250 252
247 253
253 254
253 255
255 256
256 257
256 258
258 259
259 260
260 261
261 262
262 263
263 264
263 265
265 266
266 267
266 268
268 269
268 270
265 271
271 272
272 273
272 274
271 275
275 276
276 277
276 278
275 279
262 280
261 281
281 282
282 283
282 284
281 285
260 286
259 287
287 288
287 289
258 290
290 291
291 292
292 293
293 294
294 295
295 296
295 297
294 298
293 299
299 300
299 301
301 302
302 303
302 304
301 305
305 306
305 307
307 308
308 309
309 310
310 311
311 312
311 313
313 314
314 315
314 316
313 317
317 318
318 319
318 320
317 321
321 322
322 323
322 324
324 325
324 326
321 327
327 328
328 329
329 330
329 331
328 332
327 333
333 334
334 335
334 336
336 337
337 338
338 339
338 340
337 341
336 342
333 343
343 344
343 345
345 346
346 347
346 348
345 349
310 350
350 351
351 352
351 353
350 354
354 355
355 356
355 357
354 358
358 359
359 360
359 361
361 362
361 363
358 364
364 365
364 366
309 367
367 368
368 369
369 370
370 371
371 372
371 373
370 374
374 375
374 376
369 377
368 378
378 379
379 380
380 381
381 382
381 383
383 384
383 385
380 386
379 387
387 388
387 389
378 390
390 391
391 392
391 393
393 394
393 395
395 396
395 397
397 398
398 399
398 400
397 401
390 402
402 403
403 404
404 405
404 406
406 407
406 408
403 409
409 410
410 411
411 412
412 413
413 414
413 415
415 416
415 417
412 418
418 419
418 420
411 421
421 422
422 423
423 424
423 425
422 426
421 427
410 428
428 429
428 430
430 431
430 432
409 433
433 434
433 435
402 436
436 437
437 438
438 439
439 440
439 441
438 442
442 443
443 444
443 445
442 446
437 447
436 448
448 449
448 450
367 451
308 452
452 453
453 454
453 455
455 456
455 457
457 458
457 459
452 460
307 461
461 462
462 463
462 464
461 465
465 466
465 467
292 468
291 469
469 470
470 471
471 472
471 473
470 474
469 475
290 476
255 477
244 478
478 479
478 480
480 481
480 482
241 483
236 484
484 485
485 486
486 487
486 488
485 489
484 490
115 491
86 492
492 493
492 494
494 495
494 496
77 497
497 498
497 499
76 500
73 501
501 502
502 503
502 504
501 505
505 506
505 507
70 508
69 509
509 510
509 511
511 512
511 513
513 514
513 515
515 516
515 517
517 518
518 519
519 520
519 521
518 522
522 523
522 524
524 525
524 526
526 527
526 528
517 529
529 530
529 531
531 532
531 533
533 534
534 535
534 536
533 537
537 538
537 539
539 540
540 541
541 542
542 543
542 544
541 545
540 546
546 547
547 548
548 549
548 550
547 551
546 552
539 553
553 554
554 555
555 556
555 557
554 558
558 559
559 560
559 561
561 562
561 563
558 564
553 565
565 566
566 567
567 568
567 569
566 570
565 571
571 572
571 573
573 574
573 575
575 576
575 577
577 578
578 579
578 580
580 581
581 582
582 583
583 584
584 585
585 586
585 587
587 588
587 589
584 590
583 591
591 592
591 593
593 594
593 595
582 596
581 597
597 598
597 599
580 600
600 601
601 602
602 603
602 604
601 605
605 606
606 607
607 608
607 609
606 610
610 611
610 612
605 613
600 614
577 615
615 616
615 617
617 618
617 619
619 620
619 621
621 622
621 623
623 624
623 625
625 626
626 627
626 628
625 629
629 630
630 631
631 632
632 633
632 634
634 635
635 636
635 637
637 638
637 639
639 640
640 641
640 642
639 643
643 644
643 645
634 646
646 647
647 648
647 649
646 650
650 651
650 652
631 653
630 654
654 655
654 656
629 657
657 658
658 659
658 660
660 661
660 662
657 663
663 664
663 665
665 666
666 667
667 668
667 669
666 670
665 671
671 672
671 673
673 674
674 675
674 676
676 677
676 678
678 679
678 680
673 681
681 682
681 683
683 684
683 685
685 686
686 687
686 688
688 689
688 690
685 691
691 692
692 693
692 694
691 695
695 696
695 697
697 698
698 699
699 700
700 701
701 702
701 703
703 704
703 705
700 706
706 707
706 708
699 709
709 710
710 711
711 712
712 713
712 714
714 715
714 716
711 717
717 718
718 719
718 720
717 721
721 722
721 723
710 724
709 725
725 726
726 727
727 728
727 729
729 730
730 731
730 732
729 733
726 734
734 735
734 736
736 737
737 738
737 739
736 740
740 741
740 742
725 743
698 744
744 745
744 746
697 747
747 748
747 749
749 750
749 751
751 752
752 753
752 754
754 755
754 756
756 757
757 758
758 759
758 760
760 761
760 762
762 763
762 764
764 765
765 766
766 767
767 768
768 769
768 770
767 771
766 772
765 773
764 774
757 775
756 776
776 777
777 778
777 779
776 780
780 781
781 782
782 783
782 784
781 785
785 786
786 787
786 788
785 789
789 790
789 791
780 792
751 793
793 794
793 795
795 796
796 797
797 798
798 799
799 800
799 801
798 802
797 803
803 804
803 805
796 806
806 807
806 808
808 809
809 810
809 811
811 812
811 813
808 814
814 815
814 816
816 817
817 818
818 819
819 820
820 821
821 822
821 823
823 824
823 825
825 826
825 827
820 828
819 829
818 830
817 831
831 832
831 833
816 834
834 835
835 836
836 837
836 838
835 839
834 840
840 841
840 842
842 843
842 844
795 845
845 846
845 847
847 848
847 849
849 850
850 851
850 852
852 853
852 854
849 855
855 856
856 857
856 858
858 859
858 860
855 861
861 862
862 863
862 864
861 865
865 866
865 867
867 868
867 869
869 870
870 871
871 872
872 873
872 874
871 875
875 876
875 877
877 878
877 879
870 880
880 881
881 882
881 883
883 884
883 885
885 886
885 887
887 888
887 889
880 890
890 891
890 892
869 893
893 894
893 895
895 896
896 897
896 898
895 899
899 900
899 901
901 902
901 903
903 904
904 905
904 906
906 907
906 908
908 909
908 910
903 911
911 912
912 913
913 914
913 915
915 916
915 917
912 918
911 919
919 920
920 921
921 922
922 923
923 924
924 925
924 926
926 927
926 928
928 929
928 930
923 931
922 932
932 933
932 934
921 935
935 936
936 937
937 938
937 939
936 940
940 941
941 942
941 943
940 944
944 945
944 946
935 947
920 948
948 949
949 950
949 951
951 952
951 953
948 954
954 955
954 956
919 957
957 958
958 959
958 960
957 961
961 962
961 963
963 964
964 965
964 966
963 967
967 968
967 969
969 970
969 971
