486
643
643
344 344
0 0
347 347
340 340
342 342
348 348
349 349
595 595
606 606
594 594
298 298
296 296
297 297
294 294
295 295
292 292
290 290
591 591
592 592
199 199
198 198
597 597
195 195
194 194
197 197
196 196
190 190
193 193
192 192
270 270
271 271
273 273
274 274
275 275
277 277
278 278
525 525
526 526
527 527
520 520
521 521
522 522
523 523
599 599
529 529
448 448
443 443
441 441
446 446
445 445
444 444
108 108
109 109
598 598
103 103
100 100
101 101
106 106
104 104
39 39
38 38
33 33
32 32
31 31
30 30
37 37
36 36
35 35
641 641
438 438
439 439
436 436
437 437
434 434
435 435
432 432
433 433
430 430
431 431
339 339
338 338
335 335
334 334
337 337
336 336
330 330
333 333
332 332
345 345
6 6
99 99
90 90
92 92
94 94
97 97
96 96
559 559
555 555
557 557
551 551
550 550
553 553
238 238
239 239
234 234
236 236
237 237
230 230
231 231
232 232
146 146
147 147
144 144
142 142
140 140
141 141
612 612
613 613
611 611
616 616
148 148
149 149
623 623
133 133
131 131
137 137
136 136
134 134
494 494
139 139
497 497
490 490
491 491
493 493
24 24
25 25
26 26
27 27
20 20
22 22
23 23
28 28
29 29
407 407
405 405
404 404
402 402
401 401
400 400
408 408
628 628
379 379
378 378
371 371
372 372
375 375
374 374
377 377
618 618
392 392
88 88
390 390
397 397
396 396
394 394
83 83
80 80
81 81
87 87
84 84
85 85
7 7
601 601
586 586
587 587
585 585
582 582
583 583
580 580
589 589
244 244
247 247
246 246
241 241
240 240
242 242
615 615
249 249
248 248
518 518
511 511
510 510
513 513
512 512
515 515
514 514
517 517
516 516
458 458
621 621
620 620
626 626
450 450
451 451
452 452
453 453
454 454
455 455
456 456
179 179
178 178
177 177
176 176
175 175
174 174
172 172
170 170
182 182
183 183
180 180
181 181
187 187
184 184
185 185
188 188
11 11
10 10
13 13
15 15
14 14
17 17
19 19
18 18
322 322
323 323
320 320
321 321
326 326
327 327
324 324
329 329
201 201
200 200
203 203
202 202
205 205
204 204
207 207
209 209
208 208
77 77
75 75
74 74
73 73
71 71
70 70
79 79
2 2
542 542
541 541
547 547
544 544
545 545
8 8
548 548
549 549
120 120
122 122
123 123
125 125
126 126
128 128
129 129
414 414
415 415
417 417
410 410
411 411
413 413
498 498
418 418
419 419
499 499
318 318
313 313
312 312
310 310
316 316
315 315
3 3
369 369
367 367
364 364
365 365
363 363
360 360
361 361
380 380
381 381
382 382
383 383
384 384
385 385
386 386
387 387
388 388
389 389
579 579
573 573
572 572
571 571
570 570
577 577
575 575
61 61
62 62
259 259
64 64
65 65
66 66
252 252
253 253
250 250
256 256
257 257
254 254
255 255
603 603
509 509
506 506
507 507
504 504
505 505
503 503
500 500
501 501
630 630
631 631
633 633
469 469
468 468
636 636
637 637
465 465
639 639
466 466
460 460
463 463
462 462
169 169
165 165
166 166
167 167
160 160
161 161
162 162
163 163
9 9
357 357
356 356
355 355
354 354
353 353
352 352
351 351
350 350
358 358
216 216
217 217
214 214
215 215
212 212
213 213
210 210
211 211
219 219
289 289
281 281
280 280
283 283
282 282
284 284
287 287
286 286
263 263
262 262
261 261
260 260
267 267
266 266
264 264
269 269
268 268
59 59
58 58
55 55
54 54
57 57
51 51
50 50
52 52
537 537
536 536
535 535
63 63
533 533
532 532
530 530
539 539
538 538
115 115
68 68
117 117
116 116
111 111
113 113
112 112
118 118
429 429
421 421
423 423
422 422
425 425
427 427
426 426
308 308
309 309
300 300
301 301
302 302
303 303
305 305
306 306
569 569
560 560
561 561
562 562
563 563
564 564
565 565
566 566
567 567
229 229
228 228
226 226
225 225
224 224
223 223
222 222
221 221
391 391
605 605
150 150
153 153
152 152
155 155
154 154
157 157
156 156
158 158
609 609
608 608
399 399
635 635
398 398
48 48
49 49
46 46
47 47
44 44
42 42
41 41
5 5
489 489
487 487
486 486
484 484
483 483
482 482
481 481
472 472
473 473
470 470
476 476
477 477
479 479
343 344
1 0
379 346
346 347
341 340
370 341
343 342
366 343
346 348
346 349
596 595
607 606
593 594
622 619
299 298
346 299
297 296
319 297
293 294
293 295
291 292
578 293
291 290
293 291
590 591
610 590
610 593
593 592
200 199
193 198
596 597
610 596
193 195
193 194
193 197
193 196
203 191
189 190
218 193
191 192
269 270
272 271
276 272
272 273
272 274
276 275
285 276
276 277
279 278
283 279
528 524
524 525
524 526
528 527
519 520
519 521
519 522
524 523
600 599
540 528
528 529
457 449
449 448
442 443
481 442
440 441
445 440
471 447
447 446
447 445
442 444
107 108
110 109
110 102
102 103
98 100
102 101
105 106
153 107
105 104
119 105
40 39
37 38
24 33
24 32
24 31
24 30
40 37
34 36
34 35
40 34
640 641
642 640
643 642
445 438
440 439
432 436
438 437
432 434
432 435
442 432
432 433
428 430
428 431
337 339
337 338
331 335
331 334
341 337
337 336
395 331
331 330
331 333
331 332
346 345
24 6
98 99
110 98
107 91
89 90
98 93
93 92
98 95
95 94
98 97
95 96
558 559
568 558
556 555
556 554
558 557
558 556
552 551
546 550
554 553
558 552
235 238
240 239
233 234
248 235
235 236
235 237
229 230
229 231
233 232
243 233
6 1
624 614
145 146
145 147
151 144
151 145
143 142
144 143
151 140
140 141
610 612
614 613
617 610
610 611
614 616
625 617
145 148
145 149
624 623
625 622
132 133
173 132
132 131
138 130
135 137
135 136
143 135
135 134
492 494
508 495
138 139
153 138
488 490
492 491
519 492
492 493
34 24
24 25
24 26
24 27
21 20
34 21
21 22
24 23
24 28
24 29
406 407
428 406
406 405
403 404
418 403
403 402
400 401
420 400
640 629
428 409
409 408
627 628
395 379
379 378
370 371
395 370
379 373
373 372
376 375
373 374
376 377
379 376
619 618
412 393
393 392
89 88
98 89
395 397
395 396
412 395
393 394
107 82
82 83
78 80
82 81
91 86
86 87
82 84
86 85
6 7
600 601
625 607
585 586
588 587
588 584
590 585
581 582
581 583
578 580
584 581
602 588
588 589
248 245
245 244
248 247
245 246
240 241
245 240
251 243
243 242
614 615
248 249
258 248
528 519
519 518
510 511
528 510
510 513
510 512
510 515
510 514
510 517
510 516
459 458
474 459
622 621
619 620
629 627
625 626
627 625
625 624
449 450
449 451
449 452
454 453
478 454
454 455
457 456
461 457
173 179
173 178
173 177
173 176
173 175
173 174
191 173
173 172
191 171
171 170
251 253
173 182
173 183
173 180
173 181
193 186
186 187
173 184
186 185
189 188
193 189
6 11
6 10
12 13
24 12
16 15
12 14
16 17
24 16
16 19
16 18
60 62
321 322
321 323
321 320
337 321
325 326
328 327
321 324
337 325
370 328
328 329
200 201
220 200
209 203
203 202
206 205
203 204
206 207
209 206
220 209
206 208
76 77
95 76
76 75
72 74
72 73
78 72
72 71
86 70
78 79
93 78
1 2
543 542
558 543
552 540
540 541
556 546
546 547
543 544
546 545
6 8
546 548
546 549
69 68
596 598
119 120
135 121
121 122
124 123
132 124
124 125
127 126
145 127
127 128
130 129
412 414
416 415
432 416
416 417
409 410
409 411
426 412
412 413
502 498
426 418
420 419
498 499
341 319
317 318
314 313
311 312
379 311
311 310
325 317
317 316
314 315
319 314
502 496
496 497
4 3
379 368
368 369
370 366
366 367
362 364
362 365
379 362
362 363
359 360
362 361
379 380
379 381
379 382
379 383
379 384
379 385
379 386
379 387
379 388
379 389
604 605
578 579
602 578
617 604
574 573
568 572
568 571
568 570
576 577
581 576
576 575
584 574
67 60
60 61
283 258
258 259
69 64
64 65
67 66
70 67
251 252
91 69
248 250
258 251
288 256
256 257
251 254
256 255
604 603
610 602
519 508
510 509
505 506
508 507
505 504
528 505
558 502
502 503
498 500
498 501
629 630
632 631
634 632
632 633
481 469
467 468
634 636
638 637
464 465
492 464
481 467
467 466
488 461
459 460
464 463
461 462
173 168
168 169
173 164
164 165
168 166
166 167
159 160
173 161
161 162
164 163
610 600
6 9
346 357
346 356
346 355
346 354
346 353
346 352
346 351
346 350
368 359
359 358
209 216
218 217
209 214
209 215
209 212
209 213
209 210
209 211
220 218
220 219
288 289
291 288
12 4
285 281
279 280
285 283
281 282
293 285
283 284
285 287
285 286
285 263
263 262
258 261
258 260
268 267
265 266
285 265
265 264
285 269
293 268
56 59
56 58
56 55
53 54
56 57
60 56
49 51
49 50
60 53
53 52
534 537
534 536
534 535
60 63
534 533
531 532
554 531
531 530
534 539
534 538
114 115
130 114
114 117
114 116
110 111
114 110
114 113
110 112
121 119
114 118
428 429
432 428
540 534
432 421
432 420
424 423
421 422
424 425
428 424
428 427
432 426
307 308
307 309
299 300
331 301
301 302
304 303
331 304
304 305
307 306
337 307
574 568
568 569
558 560
558 561
558 562
558 563
558 564
558 565
558 566
558 567
245 229
227 228
233 227
227 226
220 225
220 224
220 223
220 222
220 221
235 220
379 391
379 390
153 151
145 150
171 153
151 152
156 155
153 154
156 157
173 156
209 159
159 158
610 609
607 608
642 634
395 399
634 635
395 398
45 48
60 49
45 46
45 47
45 44
60 45
43 42
45 43
43 40
40 41
642 638
4 5
638 639
488 489
495 488
488 487
485 486
495 485
481 484
481 483
481 482
496 481
510 480
471 472
474 473
469 470
480 471
475 476
478 477
475 474
510 475
485 478
480 479
