192
383
0
263 2
252 8
246 10
248 12
250 13
249 15
251 16
258 19
256 20
231 25
227 26
228 30
225 31
229 32
230 33
253 36
255 37
238 38
220 43
218 44
222 47
224 48
223 49
214 53
212 54
209 56
211 58
205 61
207 62
208 63
216 64
233 65
244 67
245 68
240 71
200 78
189 79
190 80
196 83
184 85
182 86
198 87
203 88
204 91
199 93
191 95
193 96
202 97
187 100
185 101
194 102
86 112
84 113
80 114
85 116
83 117
82 119
99 120
77 122
79 123
67 129
62 130
64 132
65 133
68 134
13 139
16 141
15 143
17 144
52 147
50 148
41 150
40 152
38 153
20 155
57 159
60 160
61 161
56 162
29 165
31 169
8 171
32 172
34 175
33 176
19 179
35 181
36 182
18 183
6 186
9 187
12 190
37 191
10 192
46 196
42 197
44 201
49 202
4 204
0 206
2 208
3 209
45 211
22 213
24 214
47 216
27 219
25 220
28 221
75 223
71 226
74 227
73 228
97 235
95 236
106 238
104 239
108 240
90 242
92 243
144 249
129 252
131 253
132 255
134 256
125 258
123 261
124 262
120 266
118 267
122 269
126 270
127 271
128 272
153 277
137 279
135 280
158 283
157 284
138 286
139 287
140 289
149 293
148 294
150 297
143 299
152 300
141 301
154 303
147 304
145 308
151 309
146 310
155 312
142 313
93 315
89 317
87 318
111 321
109 322
113 325
101 328
102 330
103 331
100 332
116 334
115 336
117 337
164 341
167 344
172 345
170 346
178 351
179 353
177 354
160 356
159 357
161 359
236 361
180 363
181 364
175 365
165 370
169 371
174 373
171 374
168 376
163 377
176 379
173 381
166 382
241 383
0 1
1 2
1 3
3 4
4 5
5 6
6 7
7 8
7 9
9 10
9 11
11 12
11 13
6 14
14 15
14 16
5 17
17 18
18 19
18 20
17 21
21 22
22 23
23 24
24 25
24 26
23 27
27 28
28 29
29 30
29 31
28 32
27 33
22 34
34 35
35 36
35 37
34 38
21 39
39 40
40 41
41 42
42 43
42 44
41 45
45 46
46 47
46 48
45 49
40 50
50 51
51 52
52 53
52 54
51 55
55 56
55 57
57 58
57 59
59 60
60 61
60 62
59 63
50 64
39 65
4 66
66 67
66 68
3 69
69 70
70 71
70 72
72 73
73 74
74 75
75 76
76 77
77 78
77 79
76 80
75 81
81 82
82 83
82 84
84 85
84 86
81 87
74 88
73 89
89 90
90 91
90 92
92 93
92 94
94 95
94 96
89 97
72 98
98 99
99 100
99 101
98 102
69 103
103 104
104 105
105 106
106 107
107 108
108 109
109 110
110 111
111 112
111 113
110 114
109 115
115 116
115 117
108 118
118 119
118 120
107 121
121 122
121 123
106 124
124 125
125 126
126 127
127 128
128 129
128 130
127 131
131 132
131 133
126 134
125 135
135 136
136 137
137 138
138 139
138 140
140 141
140 142
142 143
142 144
137 145
145 146
146 147
146 148
145 149
149 150
149 151
151 152
151 153
136 154
154 155
154 156
156 157
157 158
158 159
158 160
157 161
156 162
135 163
163 164
164 165
164 166
166 167
167 168
168 169
168 170
170 171
170 172
167 173
173 174
174 175
174 176
173 177
177 178
178 179
178 180
180 181
180 182
177 183
166 184
184 185
185 186
185 187
184 188
188 189
189 190
189 191
188 192
163 193
193 194
194 195
195 196
195 197
194 198
198 199
199 200
200 201
200 202
199 203
203 204
203 205
205 206
205 207
207 208
207 209
198 210
210 211
210 212
212 213
212 214
193 215
215 216
215 217
217 218
218 219
218 220
217 221
124 222
222 223
222 224
224 225
225 226
225 227
224 228
105 229
229 230
230 231
231 232
232 233
233 234
234 235
234 236
233 237
237 238
237 239
232 240
231 241
241 242
241 243
230 244
244 245
245 246
246 247
247 248
248 249
248 250
250 251
251 252
251 253
250 254
254 255
254 256
247 257
257 258
257 259
259 260
260 261
260 262
259 263
263 264
264 265
265 266
265 267
264 268
268 269
268 270
263 271
246 272
245 273
273 274
274 275
275 276
276 277
276 278
278 279
278 280
275 281
281 282
282 283
282 284
281 285
285 286
285 287
274 288
288 289
288 290
290 291
291 292
292 293
292 294
291 295
295 296
296 297
296 298
298 299
298 300
295 301
290 302
302 303
302 304
273 305
305 306
306 307
307 308
307 309
306 310
305 311
311 312
311 313
244 314
314 315
314 316
316 317
316 318
229 319
319 320
320 321
320 322
319 323
323 324
324 325
324 326
326 327
327 328
327 329
329 330
329 331
326 332
323 333
333 334
333 335
335 336
335 337
104 338
338 339
339 340
340 341
340 342
342 343
343 344
343 345
342 346
339 347
347 348
348 349
349 350
350 351
350 352
352 353
352 354
349 355
355 356
355 357
348 358
358 359
358 360
360 361
360 362
362 363
362 364
347 365
338 366
366 367
367 368
368 369
369 370
369 371
368 372
372 373
372 374
367 375
375 376
375 377
366 378
378 379
378 380
380 381
380 382
103 383
