192
339
0
263 2
249 9
251 10
250 12
248 13
246 15
252 16
255 22
253 23
238 24
227 29
229 30
231 31
225 32
230 34
228 35
233 37
224 42
222 43
220 46
218 47
223 48
216 49
214 51
209 54
211 57
205 58
207 60
208 61
212 62
258 64
256 65
244 67
245 68
203 72
193 76
191 77
204 79
202 80
199 81
198 85
184 88
182 89
196 90
190 92
189 94
200 95
185 98
187 99
194 100
241 103
79 111
77 112
83 116
86 117
99 118
84 119
82 120
80 121
85 122
75 125
62 131
65 132
64 133
67 134
68 135
45 143
22 145
24 146
25 149
28 151
27 152
42 153
12 157
10 158
33 162
32 165
8 166
31 169
35 171
36 174
19 175
18 176
34 177
6 179
9 180
37 181
29 182
49 184
44 185
47 188
46 189
4 191
3 194
0 195
2 196
56 197
17 203
16 204
15 205
20 207
13 208
57 211
60 212
61 213
41 216
38 218
40 219
52 221
50 222
71 225
74 226
73 227
111 231
109 232
117 236
115 237
116 238
113 240
101 244
103 245
100 246
102 247
153 251
176 257
166 260
175 261
173 262
164 264
171 267
165 269
168 271
163 272
174 275
169 276
172 279
167 280
170 281
236 284
178 286
160 290
159 291
179 292
177 293
181 296
180 297
161 298
157 300
139 303
138 304
158 305
143 311
152 312
135 314
137 315
154 319
148 320
150 322
140 323
149 324
141 325
145 329
146 331
151 332
155 334
142 335
147 336
129 341
131 341
132 344
134 345
124 348
118 351
120 352
126 354
122 355
125 357
127 359
123 360
128 362
89 366
87 367
93 368
144 369
92 372
90 373
95 376
97 377
106 379
108 381
104 382
240 383
0 1
1 2
1 3
3 4
4 5
5 6
6 8
8 9
8 10
6 12
6 13
6 14
14 15
14 16
5 17
17 18
18 19
19 20
20 21
21 22
21 23
20 24
19 25
25 26
26 27
27 28
28 29
28 30
27 31
26 32
25 34
25 35
18 37
18 38
38 39
39 40
40 42
40 43
40 45
45 46
45 47
40 48
39 49
38 50
50 51
50 53
53 54
53 56
56 57
56 58
53 60
53 61
50 62
17 63
63 64
63 65
4 66
66 67
66 68
3 69
69 70
70 72
70 73
73 74
74 75
75 76
75 77
74 78
78 79
78 80
73 81
70 82
82 83
83 84
84 85
84 87
87 88
87 89
84 90
83 91
91 92
91 94
91 95
82 96
96 97
97 98
97 99
96 100
69 101
101 102
102 103
102 104
104 105
105 106
106 107
107 108
108 109
109 110
110 111
110 112
109 113
113 115
115 116
115 117
113 118
113 119
108 120
107 121
106 122
105 123
123 124
124 125
124 126
126 128
128 129
129 130
130 131
130 132
129 133
128 134
126 135
126 136
136 138
138 139
139 141
141 143
141 144
144 145
144 146
141 147
147 148
148 149
148 150
150 151
150 152
147 153
139 155
155 156
156 157
156 158
155 160
160 162
160 163
163 164
164 165
164 166
163 168
168 169
168 170
170 171
170 174
170 175
170 176
163 177
160 178
178 179
178 180
155 181
139 182
139 183
183 184
183 185
138 187
187 188
187 189
138 190
190 191
190 192
192 193
193 194
193 195
192 196
136 197
136 198
198 199
199 200
200 201
201 202
202 203
202 204
201 205
200 206
206 207
206 208
199 209
209 210
210 211
210 212
209 213
198 214
214 215
215 216
215 217
217 218
217 219
214 220
220 221
220 222
123 223
223 224
224 225
224 226
223 227
104 228
228 229
229 230
230 231
230 232
229 233
233 234
234 235
235 236
235 237
234 238
233 239
239 240
239 241
241 242
242 243
243 244
243 245
242 246
241 247
228 249
249 250
250 251
250 253
253 254
254 257
254 258
258 259
259 260
259 261
258 262
254 264
254 265
265 266
266 267
266 269
266 270
270 271
270 272
265 273
273 274
274 275
274 276
273 277
277 279
277 280
277 281
254 282
282 283
283 284
283 285
285 286
285 287
287 289
289 290
289 291
287 292
287 293
282 294
294 295
295 296
295 297
294 298
253 299
299 300
299 301
301 302
302 303
302 304
301 305
250 306
306 308
308 310
310 311
310 312
308 313
313 314
313 315
308 317
317 319
317 320
317 322
317 323
308 324
306 325
306 327
327 329
327 330
330 331
330 332
327 333
333 334
333 335
306 336
249 338
338 339
339 340
340 341
340 344
339 345
338 346
346 348
346 349
349 350
350 351
350 352
349 353
353 354
353 355
346 356
356 357
356 358
358 359
358 360
249 361
361 362
361 363
363 364
364 365
365 366
365 367
364 368
363 369
228 370
370 371
371 372
371 373
370 374
374 375
375 376
375 377
374 379
374 380
380 381
380 382
101 383
