192
383
0
140 19
154 24
143 25
137 27
135 28
152 30
147 31
141 32
149 34
148 35
153 41
131 44
129 45
117 48
115 49
111 53
109 54
100 57
101 59
103 61
102 62
113 63
116 64
92 70
90 71
104 73
108 74
106 76
97 78
95 79
128 82
93 84
89 86
87 87
144 88
125 89
134 95
132 96
124 97
123 98
127 99
120 102
99 104
86 108
82 109
85 112
84 113
79 117
77 118
75 121
17 130
15 131
16 132
56 133
13 134
61 139
60 141
57 142
41 144
40 146
38 147
52 149
50 150
20 151
46 155
42 156
49 159
44 160
47 165
29 167
2 170
3 172
0 173
4 174
28 177
27 178
25 179
10 184
12 186
37 187
36 191
35 193
18 194
19 195
34 198
31 199
32 201
8 202
9 204
6 205
33 206
45 207
24 209
22 210
68 211
65 215
62 216
67 217
64 218
74 221
71 222
73 223
80 224
83 225
118 226
126 228
122 229
158 231
150 232
155 237
142 238
146 239
151 240
145 241
157 243
139 245
138 246
164 247
173 249
172 252
167 253
170 254
174 256
169 257
166 258
176 260
168 262
163 263
165 264
171 265
236 269
179 273
177 274
178 275
160 277
159 278
161 279
180 280
181 282
175 283
240 284
241 285
202 287
193 291
191 292
184 296
182 297
203 301
194 303
187 305
185 306
198 308
196 309
200 311
190 313
189 314
199 315
204 316
252 324
246 325
251 327
250 329
248 330
249 331
256 332
258 334
216 342
214 344
212 345
207 349
208 351
205 352
211 354
209 355
218 356
224 359
223 361
222 362
220 363
233 364
238 365
255 367
253 368
230 373
225 374
229 375
228 376
231 378
227 379
245 381
244 382
263 383
0 1
1 2
2 3
3 4
4 5
5 6
6 7
7 8
8 9
9 10
10 11
11 12
12 13
13 14
14 15
15 16
16 17
17 18
18 19
18 20
20 21
21 22
22 23
23 24
23 25
22 26
26 27
26 28
21 29
29 30
29 31
20 32
17 33
33 34
33 35
16 36
36 37
37 38
38 39
39 40
40 41
40 42
42 43
43 44
43 45
42 46
46 47
47 48
47 49
46 50
50 51
51 52
52 53
52 54
51 55
55 56
56 57
56 58
58 59
58 60
60 61
60 62
55 63
50 64
39 65
65 66
66 67
67 68
68 69
69 70
69 71
68 72
72 73
72 74
67 75
75 76
75 77
77 78
77 79
66 80
80 81
81 82
81 83
83 84
83 85
85 86
85 87
80 88
65 89
38 90
90 91
91 92
92 93
93 94
94 95
94 96
93 97
92 98
91 99
90 100
100 101
101 102
101 103
103 104
103 105
105 106
106 107
107 108
107 109
106 110
110 111
111 112
111 113
110 114
114 115
115 116
116 117
116 118
115 119
119 120
120 121
120 122
122 123
123 124
124 125
125 126
126 127
127 128
128 129
129 130
129 131
128 132
127 133
126 134
125 135
135 136
136 137
137 138
138 139
138 140
140 141
140 142
137 143
143 144
143 145
145 146
145 147
136 148
148 149
148 150
135 151
124 152
152 153
153 154
154 155
154 156
153 157
157 158
158 159
158 160
157 161
161 162
162 163
163 164
164 165
164 166
166 167
166 168
168 169
169 170
169 171
171 172
171 173
168 174
163 175
175 176
176 177
176 178
175 179
162 180
180 181
181 182
182 183
183 184
183 185
185 186
185 187
182 188
188 189
189 190
190 191
190 192
192 193
192 194
189 195
188 196
196 197
197 198
197 199
196 200
200 201
200 202
181 203
203 204
203 205
180 206
161 207
152 208
208 209
208 210
123 211
122 212
212 213
213 214
214 215
214 216
213 217
212 218
119 219
219 220
220 221
220 222
219 223
114 224
105 225
100 226
37 227
227 228
227 229
36 230
230 231
230 232
15 233
233 234
234 235
235 236
236 237
236 238
235 239
234 240
233 241
14 242
242 243
242 244
244 245
244 246
13 247
12 248
248 249
248 250
250 251
251 252
251 253
250 254
11 255
255 256
255 257
10 258
9 259
259 260
259 261
261 262
261 263
8 264
7 265
6 266
266 267
267 268
268 269
268 270
270 271
271 272
272 273
272 274
271 275
270 276
276 277
276 278
267 279
266 280
5 281
281 282
281 283
4 284
3 285
2 286
286 287
286 288
288 289
289 290
290 291
290 292
289 293
293 294
294 295
295 296
295 297
294 298
298 299
299 300
300 301
300 302
302 303
302 304
304 305
304 306
299 307
307 308
307 309
298 310
310 311
310 312
312 313
312 314
293 315
288 316
1 317
317 318
318 319
319 320
320 321
321 322
322 323
323 324
323 325
322 326
326 327
326 328
328 329
328 330
321 331
320 332
319 333
333 334
333 335
335 336
336 337
337 338
338 339
339 340
340 341
341 342
341 343
343 344
343 345
340 346
346 347
347 348
348 349
348 350
350 351
350 352
347 353
353 354
353 355
346 356
339 357
357 358
358 359
358 360
360 361
360 362
357 363
338 364
337 365
336 366
366 367
366 368
335 369
369 370
370 371
371 372
372 373
372 374
371 375
370 376
369 377
377 378
377 379
318 380
380 381
380 382
317 383
