192
285
0
140 19
154 24
143 25
137 27
135 28
152 30
147 31
141 15
149 34
148 35
153 41
131 44
129 45
117 48
115 49
111 53
109 54
100 57
101 56
103 61
102 62
113 63
116 64
92 70
90 71
104 73
108 74
106 76
97 78
95 79
128 82
93 84
89 86
87 87
144 88
125 89
134 95
132 96
124 97
123 37
127 99
120 102
99 104
86 108
82 109
85 112
84 113
79 117
77 118
75 121
17 130
15 131
16 132
56 133
13 134
61 139
60 141
57 142
41 144
40 146
38 147
52 149
50 150
20 151
46 155
42 156
49 159
44 160
47 165
29 167
2 170
3 172
0 173
4 174
28 177
27 178
25 179
10 184
12 186
37 187
36 191
35 193
18 194
19 189
34 198
31 199
32 200
8 202
9 204
6 205
33 206
45 207
24 209
22 210
68 211
65 215
62 216
67 217
64 218
74 221
71 222
73 223
80 224
83 225
118 226
126 228
122 229
158 231
150 230
155 237
142 238
146 233
151 240
145 241
157 243
139 245
138 244
164 247
173 249
172 252
167 251
170 254
174 256
169 257
166 258
176 260
168 262
163 263
165 7
171 265
236 269
179 273
177 270
178 275
160 277
159 276
161 279
180 6
181 282
175 283
240 284
241 285
202 287
193 291
191 292
184 296
182 297
203 301
194 303
187 305
185 306
198 308
196 309
200 311
190 313
189 314
199 315
204 316
252 324
246 325
251 327
250 329
248 330
249 331
256 332
258 334
216 342
214 344
212 345
207 349
208 351
205 352
211 354
209 355
218 356
224 359
223 361
222 362
220 363
233 364
238 365
255 367
253 366
230 373
225 374
229 375
228 376
231 378
227 377
245 381
244 380
263 383
0 1
1 2
2 3
3 4
4 5
5 6
6 7
7 14
14 15
15 19
15 23
23 24
23 25
15 26
26 27
26 28
15 30
15 31
15 34
15 35
15 37
37 40
40 41
40 43
43 44
43 45
40 46
46 48
46 49
46 51
51 52
52 53
52 54
51 55
55 56
56 57
56 60
60 61
60 62
55 63
46 64
37 67
67 69
69 70
69 71
67 72
72 73
72 74
67 75
75 76
75 77
77 78
77 79
37 80
80 82
80 83
83 84
83 85
85 86
85 87
80 88
37 89
37 94
94 95
94 96
37 97
37 99
37 100
100 101
101 102
101 103
103 104
103 105
105 108
105 109
105 111
111 112
111 113
105 115
115 117
115 118
115 119
119 121
119 122
122 123
123 124
124 126
126 127
127 130
127 131
127 132
127 133
126 134
124 137
137 139
137 140
140 141
140 142
137 143
143 144
143 146
143 147
124 148
148 149
148 150
124 151
124 152
152 154
154 155
154 156
152 158
158 159
158 160
152 165
152 166
166 167
166 168
168 169
169 170
169 172
169 173
168 174
152 175
175 176
176 177
176 178
175 179
152 180
180 184
180 185
185 186
185 187
180 189
189 191
189 193
189 194
180 198
180 199
180 200
200 202
180 203
203 204
203 205
180 206
152 207
152 208
208 209
208 210
123 211
122 212
212 214
214 215
214 216
212 217
212 218
119 219
219 220
220 221
220 222
219 223
105 224
105 225
100 226
37 227
227 228
227 229
15 230
230 231
15 233
233 236
236 237
236 238
233 240
233 241
14 243
14 244
244 245
7 247
7 249
7 250
250 251
251 252
250 254
7 255
255 256
255 257
7 258
7 260
7 261
261 262
261 263
7 265
6 268
268 269
268 270
270 273
270 275
270 276
276 277
6 279
5 282
5 283
4 284
3 285
2 286
286 287
286 288
288 289
289 290
290 291
290 292
289 293
293 294
294 295
295 296
295 297
294 300
300 301
300 302
302 303
302 304
304 305
304 306
294 307
307 308
307 309
294 310
310 311
310 313
310 314
293 315
288 316
1 317
317 318
318 319
319 320
320 321
321 323
323 324
323 325
321 327
321 329
321 330
321 331
320 332
319 333
333 334
333 335
335 337
337 338
338 339
339 340
340 342
340 343
343 344
343 345
340 346
346 347
347 348
348 349
348 351
348 352
347 353
353 354
353 355
346 356
339 357
357 359
357 361
357 362
357 363
338 364
337 365
335 366
366 367
335 369
369 373
369 374
369 375
369 376
369 377
377 378
318 380
380 381
317 383
