192
272
1
64 6
123 7
101 9
106 17
134 25
141 27
146 28
165 37
159 39
177 40
233 44
231 47
202 55
174 60
125 62
256 72
253 74
19 88
40 99
57 100
80 102
85 103
0 104
2 105
3 106
4 107
6 108
8 109
9 110
10 111
12 112
13 113
15 114
16 115
17 116
18 117
20 118
22 119
24 120
25 121
27 122
28 123
29 124
31 125
32 126
33 127
34 128
35 129
36 130
37 131
38 132
41 133
42 134
44 135
45 136
46 137
47 138
49 139
50 140
52 141
56 142
60 143
61 144
62 145
65 146
67 147
68 148
71 149
73 150
74 151
75 152
77 153
79 154
82 155
83 156
84 157
86 158
87 159
89 160
90 161
92 162
93 163
95 164
97 165
99 166
100 167
102 168
103 169
104 170
108 171
109 172
111 173
113 174
115 175
116 176
117 177
118 178
120 179
122 180
124 181
126 182
127 183
128 184
129 185
131 186
132 187
135 188
137 189
138 190
139 191
140 192
142 193
143 194
144 195
145 196
147 197
148 198
149 199
150 200
151 201
152 202
153 203
154 204
155 205
157 206
158 207
160 208
161 209
163 210
164 211
166 212
167 213
168 214
169 215
170 216
171 217
172 218
173 219
175 220
176 221
178 222
179 223
181 224
180 225
182 226
184 227
185 228
187 229
189 230
190 231
191 232
193 233
194 234
196 235
198 236
199 237
200 238
203 239
204 240
205 241
207 242
208 243
209 244
211 245
212 246
214 247
216 248
218 249
220 250
222 251
223 252
224 253
225 254
227 255
228 256
229 257
230 258
236 259
238 260
240 261
241 262
244 263
245 264
246 265
248 266
249 267
250 268
251 269
252 270
255 271
258 272
263 273
1 2
2 3
3 4
4 5
4 6
2 7
7 8
8 9
9 10
9 11
7 12
12 13
13 14
14 15
12 16
16 17
16 18
18 19
16 20
12 21
21 22
21 23
12 24
7 25
7 26
7 27
27 28
27 29
27 30
27 31
27 32
32 33
33 34
34 35
33 36
32 37
37 38
37 39
39 40
37 41
41 42
42 43
43 44
43 45
42 46
46 47
41 48
48 49
48 50
50 51
51 52
50 53
50 54
54 55
48 56
37 57
37 58
37 59
59 60
7 61
7 62
62 63
7 64
7 65
7 66
7 67
67 68
68 69
69 70
68 71
71 72
71 73
73 74
7 75
2 76
76 77
77 78
77 79
79 80
80 81
81 82
81 83
83 84
83 85
81 86
86 87
86 88
80 89
80 90
90 91
79 92
92 93
92 94
92 95
79 96
79 97
79 98
98 99
98 100
76 101
76 102
76 103
91 104
91 105
91 106
90 107
86 108
86 109
86 110
86 111
87 112
79 113
96 114
96 115
96 116
88 117
79 118
82 119
82 120
81 121
80 122
89 123
81 124
86 125
86 126
86 127
86 128
88 129
88 130
86 131
95 132
97 133
81 134
84 135
81 136
80 137
80 138
83 139
15 140
15 141
85 142
98 143
98 144
92 145
94 146
93 147
92 148
5 149
23 150
78 151
77 152
77 153
77 154
101 155
76 156
76 157
76 158
14 159
14 160
19 161
18 162
13 163
20 164
26 165
4 166
22 167
10 168
9 169
21 170
16 171
24 172
11 173
9 174
8 175
66 176
8 177
2 178
3 179
64 180
7 181
64 182
7 183
75 184
61 185
61 186
7 187
30 188
30 189
32 190
28 191
27 192
28 193
29 194
65 195
28 196
27 197
27 198
27 199
27 200
28 201
27 202
31 203
27 204
28 205
32 206
32 207
39 208
41 209
37 210
37 211
41 212
57 213
38 214
59 215
57 216
37 217
57 218
58 219
37 220
38 221
40 222
40 223
63 224
37 225
51 226
51 227
53 228
53 229
50 230
50 231
54 232
54 233
52 234
51 235
51 236
54 237
50 238
54 239
54 240
35 241
35 242
35 243
35 244
35 245
45 246
45 247
34 248
34 249
34 250
34 251
34 252
34 253
46 254
46 255
46 256
46 257
46 258
59 259
73 260
36 261
49 262
56 263
56 264
69 265
69 266
70 267
69 268
70 269
69 270
74 271
71 272
67 273
