192
264
264
216 256
214 151
212 83
211 208
165 113
218 191
132 196
131 79
137 19
135 3
134 218
139 244
138 134
166 106
24 214
25 248
27 25
20 97
22 185
160 199
28 245
29 32
222 129
0 56
4 71
8 138
220 249
227 241
258 0
120 143
122 128
123 38
124 212
125 41
126 146
127 207
128 160
129 57
224 64
118 144
57 92
56 117
50 229
52 166
199 135
198 203
200 2
194 164
178 189
191 198
190 153
193 227
115 137
177 95
117 250
89 132
111 154
113 211
253 149
82 216
83 200
80 9
86 73
87 42
84 104
85 251
251 28
207 255
256 224
3 225
255 118
225 204
245 161
244 159
108 220
109 172
241 20
240 202
102 13
103 155
100 93
101 40
106 125
248 139
104 175
38 182
33 236
32 77
31 24
37 89
36 181
35 52
34 177
246 171
252 27
223 101
60 111
61 222
62 258
64 34
65 184
179 35
67 127
68 4
176 109
175 85
174 67
173 86
172 10
171 36
170 230
203 99
181 152
182 50
180 148
2 12
167 68
187 16
184 140
6 238
250 123
189 124
202 74
196 47
185 90
99 246
168 120
169 163
229 8
228 157
164 100
90 29
93 87
92 102
95 179
161 231
97 141
163 173
10 122
13 80
12 194
15 180
17 46
16 158
19 233
18 176
116 75
204 142
151 37
150 147
153 169
152 190
155 49
154 61
157 126
159 168
158 187
238 6
236 65
230 223
231 150
233 193
49 44
46 253
47 33
44 263
45 209
42 228
40 103
41 145
9 240
146 178
147 60
144 15
145 18
142 167
143 108
140 170
141 252
209 84
208 82
148 115
149 174
77 45
75 205
74 131
73 116
71 17
79 22
205 31
263 62
249 165
215 216
221 217
213 214
217 215
213 212
217 213
215 210
210 211
180 165
219 218
221 219
141 133
133 132
130 131
141 130
136 137
141 136
136 135
133 134
138 139
156 138
165 166
23 24
26 25
43 26
26 27
21 20
59 21
23 22
48 23
159 160
26 28
30 29
162 161
1 0
5 4
7 8
162 163
141 119
257 258
119 120
130 121
123 122
141 123
123 124
123 125
123 126
123 127
123 128
130 129
219 220
119 118
69 59
59 58
59 55
58 54
58 57
55 56
54 51
51 50
55 53
51 52
260 259
165 164
243 201
197 199
177 179
197 200
201 195
195 194
201 197
177 178
192 191
188 190
192 193
201 192
114 115
121 114
94 88
88 89
110 111
121 110
112 113
114 112
81 82
81 83
81 80
98 81
81 86
88 87
81 84
81 85
247 251
197 198
257 256
210 206
232 226
259 257
1 3
235 177
259 254
30 7
260 247
254 255
226 225
244 245
261 244
107 108
110 109
242 241
239 240
262 243
243 242
101 102
101 103
101 100
112 101
105 106
123 107
105 104
107 105
54 39
39 38
30 33
30 32
30 31
43 30
30 37
30 36
30 35
30 34
247 246
180 162
247 252
206 205
221 223
165 176
59 60
59 61
63 62
66 63
63 64
66 65
70 66
66 67
69 68
70 69
165 175
165 174
165 173
165 172
165 171
165 170
201 203
221 222
180 181
254 253
247 248
183 182
188 183
235 180
1 2
165 167
186 187
183 184
7 6
195 186
197 188
188 189
201 202
197 196
234 221
186 185
98 99
119 98
165 168
165 169
226 229
226 228
107 91
91 90
94 93
91 92
96 95
141 94
96 97
105 96
30 11
11 10
14 13
11 12
14 15
21 14
14 17
14 16
30 19
19 18
114 117
247 250
114 116
201 204
141 151
141 150
141 153
141 152
141 155
141 154
156 157
165 156
177 159
156 158
237 234
237 238
242 239
206 207
239 235
235 236
254 237
226 230
232 231
254 232
234 233
221 224
53 48
48 49
43 46
43 47
43 44
43 45
43 42
53 43
39 40
39 41
5 1
43 5
7 9
141 146
141 147
141 144
141 145
141 142
141 143
141 140
156 141
210 209
206 208
141 148
141 149
78 77
81 76
76 75
72 74
72 73
78 72
72 71
76 70
78 79
81 78
262 263
247 249
264 262
226 227
262 261
261 260
