192
383
0
263 3
245 6
244 7
231 15
227 16
225 17
229 19
230 20
228 21
253 24
255 25
233 28
214 32
208 36
207 38
211 40
205 41
209 42
212 43
216 44
222 47
223 49
218 51
220 52
224 53
238 54
256 56
258 57
250 60
252 63
246 64
251 66
249 67
248 68
240 71
202 73
199 76
193 79
191 80
203 82
194 87
196 89
182 91
184 92
198 93
200 95
190 97
189 98
187 100
185 101
204 102
241 104
236 106
160 112
159 113
178 114
177 115
179 116
180 119
161 121
181 122
167 126
172 127
170 128
165 131
176 135
163 137
168 138
171 140
173 141
164 143
174 145
169 146
166 149
175 150
157 152
158 155
139 157
138 158
148 160
140 166
149 167
137 170
135 171
150 172
141 173
153 176
143 178
154 179
147 181
152 182
151 185
146 187
155 190
142 191
145 192
124 197
129 200
131 201
109 207
111 208
113 210
100 213
101 214
102 216
103 217
116 218
117 219
115 220
106 225
104 227
97 229
95 230
90 232
92 233
108 234
128 236
144 238
89 241
87 242
93 243
123 245
126 249
122 250
125 251
134 254
132 255
127 256
118 258
120 260
99 262
83 264
86 267
85 269
84 270
82 272
80 274
79 276
77 278
73 282
74 284
71 285
75 286
65 291
62 292
64 293
67 294
68 296
20 298
40 304
38 305
41 306
52 308
50 309
56 311
61 313
57 315
60 316
16 320
17 322
15 323
13 324
42 327
46 328
47 331
25 333
27 335
28 336
24 340
22 341
45 342
33 348
9 350
6 351
34 354
31 355
8 358
32 359
10 361
12 363
37 364
36 366
19 368
18 370
35 371
29 372
44 375
49 376
4 378
2 380
3 382
0 383
0 1
1 2
2 3
2 4
4 5
5 6
5 7
4 8
8 9
9 10
10 11
11 12
12 13
13 14
14 15
14 16
13 17
12 18
18 19
18 20
11 21
10 22
22 23
23 24
23 25
22 26
26 27
27 28
27 29
29 30
30 31
31 32
31 33
33 34
34 35
35 36
35 37
37 38
37 39
39 40
39 41
34 42
33 43
30 44
29 45
45 46
46 47
46 48
48 49
48 50
50 51
50 52
45 53
26 54
9 55
55 56
55 57
8 58
58 59
59 60
59 61
61 62
62 63
62 64
61 65
65 66
65 67
58 68
1 69
69 70
70 71
70 72
72 73
72 74
74 75
75 76
75 77
77 78
78 79
78 80
77 81
81 82
81 83
83 84
84 85
85 86
86 87
86 88
88 89
88 90
90 91
90 92
85 93
84 94
94 95
94 96
96 97
96 98
83 99
99 100
99 101
74 102
69 103
103 104
103 105
105 106
105 107
107 108
108 109
109 110
110 111
111 112
111 113
110 114
109 115
108 116
107 117
117 118
118 119
118 120
120 121
120 122
117 123
123 124
124 125
125 126
125 127
124 128
123 129
129 130
130 131
130 132
132 133
133 134
134 135
134 136
136 137
136 138
133 139
139 140
139 141
132 142
142 143
142 144
144 145
144 146
129 147
147 148
148 149
148 150
147 151
151 152
151 153
153 154
154 155
154 156
156 157
156 158
153 159
159 160
159 161
161 162
162 163
163 164
164 165
165 166
165 167
164 168
168 169
169 170
169 171
168 172
163 173
162 174
174 175
175 176
175 177
177 178
177 179
174 180
180 181
180 182
161 183
183 184
184 185
184 186
186 187
186 188
188 189
189 190
189 191
188 192
183 193
193 194
194 195
195 196
196 197
196 198
198 199
199 200
199 201
198 202
202 203
203 204
204 205
205 206
206 207
206 208
205 209
209 210
209 211
211 212
212 213
212 214
211 215
215 216
215 217
204 218
203 219
202 220
195 221
221 222
222 223
223 224
224 225
224 226
226 227
226 228
228 229
228 230
223 231
231 232
231 233
222 234
221 235
235 236
235 237
237 238
237 239
239 240
240 241
240 242
239 243
194 244
244 245
244 246
246 247
247 248
248 249
248 250
247 251
246 252
252 253
253 254
253 255
252 256
193 257
257 258
257 259
259 260
259 261
261 262
261 263
263 264
263 265
265 266
266 267
266 268
268 269
268 270
265 271
271 272
271 273
273 274
273 275
275 276
275 277
277 278
277 279
279 280
280 281
281 282
281 283
283 284
283 285
280 286
279 287
287 288
288 289
289 290
290 291
290 292
289 293
288 294
287 295
295 296
295 297
297 298
297 299
299 300
300 301
301 302
302 303
303 304
303 305
302 306
301 307
307 308
307 309
300 310
310 311
310 312
312 313
312 314
314 315
314 316
299 317
317 318
318 319
319 320
319 321
321 322
321 323
318 324
317 325
325 326
326 327
326 328
325 329
329 330
330 331
330 332
332 333
332 334
334 335
334 336
329 337
337 338
338 339
339 340
339 341
338 342
337 343
343 344
344 345
345 346
346 347
347 348
347 349
349 350
349 351
346 352
352 353
353 354
353 355
352 356
356 357
357 358
357 359
356 360
360 361
360 362
362 363
362 364
345 365
365 366
365 367
367 368
367 369
369 370
369 371
344 372
343 373
373 374
374 375
374 376
373 377
377 378
377 379
379 380
379 381
381 382
381 383
