192
264
264
216 216
214 214
212 212
211 211
165 165
218 218
132 132
131 131
137 137
135 135
134 134
139 139
138 138
166 166
24 24
25 25
27 27
20 20
22 22
160 160
28 28
29 29
222 222
0 0
4 4
8 8
220 220
227 227
258 258
120 120
122 122
123 123
124 124
125 125
126 126
127 127
128 128
129 129
224 224
118 118
57 57
56 56
50 50
52 52
199 199
198 198
200 200
194 194
178 178
191 191
190 190
193 193
115 115
177 177
117 117
89 89
111 111
113 113
253 253
82 82
83 83
80 80
86 86
87 87
84 84
85 85
251 251
207 207
256 256
3 3
255 255
225 225
245 245
244 244
108 108
109 109
241 241
240 240
102 102
103 103
100 100
101 101
106 106
248 248
104 104
38 38
33 33
32 32
31 31
37 37
36 36
35 35
34 34
246 246
252 252
223 223
60 60
61 61
62 62
64 64
65 65
179 179
67 67
68 68
176 176
175 175
174 174
173 173
172 172
171 171
170 170
203 203
181 181
182 182
180 180
2 2
167 167
187 187
184 184
6 6
250 250
189 189
202 202
196 196
185 185
99 99
168 168
169 169
229 229
228 228
164 164
90 90
93 93
92 92
95 95
161 161
97 97
163 163
10 10
13 13
12 12
15 15
17 17
16 16
19 19
18 18
116 116
204 204
151 151
150 150
153 153
152 152
155 155
154 154
157 157
159 159
158 158
238 238
236 236
230 230
231 231
233 233
49 49
46 46
47 47
44 44
45 45
42 42
40 40
41 41
9 9
146 146
147 147
144 144
145 145
142 142
143 143
140 140
141 141
209 209
208 208
148 148
149 149
77 77
75 75
74 74
73 73
71 71
79 79
205 205
263 263
249 249
215 216
221 217
213 214
217 215
213 212
217 213
215 210
210 211
180 165
219 218
221 219
141 133
133 132
130 131
141 130
136 137
141 136
136 135
133 134
138 139
156 138
165 166
23 24
26 25
43 26
26 27
21 20
59 21
23 22
48 23
159 160
26 28
30 29
162 161
1 0
5 4
7 8
162 163
141 119
257 258
119 120
130 121
123 122
141 123
123 124
123 125
123 126
123 127
123 128
130 129
219 220
119 118
69 59
59 58
59 55
58 54
58 57
55 56
54 51
51 50
55 53
51 52
260 259
165 164
243 201
197 199
177 179
197 200
201 195
195 194
201 197
177 178
192 191
188 190
192 193
201 192
114 115
121 114
94 88
88 89
110 111
121 110
112 113
114 112
81 82
81 83
81 80
98 81
81 86
88 87
81 84
81 85
247 251
197 198
257 256
210 206
232 226
259 257
1 3
235 177
259 254
30 7
260 247
254 255
226 225
244 245
261 244
107 108
110 109
242 241
239 240
262 243
243 242
101 102
101 103
101 100
112 101
105 106
123 107
105 104
107 105
54 39
39 38
30 33
30 32
30 31
43 30
30 37
30 36
30 35
30 34
247 246
180 162
247 252
206 205
221 223
165 176
59 60
59 61
63 62
66 63
63 64
66 65
70 66
66 67
69 68
70 69
165 175
165 174
165 173
165 172
165 171
165 170
201 203
221 222
180 181
254 253
247 248
183 182
188 183
235 180
1 2
165 167
186 187
183 184
7 6
195 186
197 188
188 189
201 202
197 196
234 221
186 185
98 99
119 98
165 168
165 169
226 229
226 228
107 91
91 90
94 93
91 92
96 95
141 94
96 97
105 96
30 11
11 10
14 13
11 12
14 15
21 14
14 17
14 16
30 19
19 18
114 117
247 250
114 116
201 204
141 151
141 150
141 153
141 152
141 155
141 154
156 157
165 156
177 159
156 158
237 234
237 238
242 239
206 207
239 235
235 236
254 237
226 230
232 231
254 232
234 233
221 224
53 48
48 49
43 46
43 47
43 44
43 45
43 42
53 43
39 40
39 41
5 1
43 5
7 9
141 146
141 147
141 144
141 145
141 142
141 143
141 140
156 141
210 209
206 208
141 148
141 149
78 77
81 76
76 75
72 74
72 73
78 72
72 71
76 70
78 79
81 78
262 263
247 249
264 262
226 227
262 261
261 260
