426
851
0
611 3
592 8
590 9
610 10
608 12
299 17
288 19
290 20
301 22
300 24
291 26
293 27
296 29
298 30
569 32
568 33
580 36
334 39
333 40
338 43
287 46
294 47
285 48
340 49
304 56
306 58
318 59
310 62
584 63
328 64
312 65
331 69
589 72
329 73
330 74
332 76
314 77
317 78
574 81
575 82
571 85
573 86
576 89
313 90
316 91
588 93
582 97
587 98
578 100
579 102
586 104
583 105
581 107
577 109
585 110
613 112
551 116
542 118
402 128
447 129
403 130
409 132
350 135
352 136
357 137
368 142
369 143
381 144
484 145
353 148
355 150
354 151
407 152
414 157
413 160
367 162
365 163
411 164
482 167
410 168
412 169
439 173
478 174
481 176
480 177
437 178
458 181
465 182
358 184
345 186
343 187
370 191
372 192
490 193
541 194
470 202
464 206
463 207
459 210
462 211
461 213
460 214
364 216
362 217
504 218
510 222
508 223
427 226
428 227
511 228
454 232
451 233
453 234
435 237
433 239
434 240
436 242
432 243
492 245
349 248
348 249
390 250
527 251
423 255
422 256
507 257
474 260
471 263
475 265
473 266
385 268
386 269
506 270
528 274
493 277
384 279
382 280
515 281
531 283
530 285
532 287
529 288
440 292
397 295
398 296
419 297
477 299
476 300
455 304
449 309
442 310
445 311
444 312
446 313
421 318
361 321
359 322
374 323
468 325
405 327
404 328
487 329
415 331
417 332
375 335
377 336
387 340
379 342
378 343
389 344
513 345
424 348
426 350
425 351
500 355
396 358
393 359
395 361
394 362
498 363
491 364
521 368
519 369
537 372
431 375
429 376
495 378
497 380
399 382
401 383
540 385
548 386
517 390
544 391
547 393
549 394
523 396
486 401
346 402
347 403
524 404
536 406
535 407
563 412
562 413
560 414
335 417
337 418
342 419
595 426
593 427
565 430
567 431
594 433
596 434
597 435
598 436
558 440
554 441
552 442
559 443
556 444
275 449
272 450
322 457
326 459
325 461
324 462
327 463
603 466
606 469
307 470
604 471
309 475
599 477
601 478
605 479
319 481
321 482
602 483
278 485
276 486
284 489
282 490
280 491
274 492
140 499
138 500
84 503
83 505
82 506
159 509
158 510
156 511
106 514
108 515
271 516
80 522
78 524
81 525
141 527
143 528
195 529
199 531
201 532
11 539
13 540
167 541
169 542
129 547
120 550
122 551
165 552
127 553
166 554
96 556
97 558
98 559
30 563
31 564
105 567
104 568
43 571
45 573
44 574
87 576
85 578
109 579
208 582
204 585
205 586
202 587
221 590
219 591
27 594
28 595
29 597
24 599
26 600
191 606
193 607
130 609
4 612
3 613
93 616
94 618
92 619
91 621
95 622
177 624
113 627
114 628
111 629
144 632
146 633
262 634
264 635
99 639
34 643
32 644
2 646
0 647
53 648
101 649
163 651
161 652
248 659
243 660
245 661
250 663
63 669
64 670
66 671
65 673
62 674
16 676
14 677
48 680
46 681
123 683
125 686
126 687
21 689
20 690
36 695
35 696
115 697
116 698
42 702
39 703
41 704
149 708
150 709
152 711
147 713
151 714
223 715
270 717
10 724
8 725
38 726
61 728
59 729
57 733
134 734
58 736
56 737
133 739
23 741
22 742
238 745
71 748
69 749
240 750
241 751
173 755
171 756
181 757
179 758
182 767
135 768
184 769
137 770
234 773
17 776
19 777
88 779
90 780
225 782
227 783
257 784
228 786
5 790
7 791
212 792
231 795
214 796
75 800
77 801
230 802
215 803
185 805
187 806
176 810
174 811
252 815
254 816
72 820
74 822
119 823
103 824
188 826
117 827
218 831
217 832
259 833
210 835
153 837
155 838
197 840
232 842
51 845
49 846
67 848
55 850
54 851
0 1
1 2
2 3
2 4
4 5
5 6
6 7
7 8
7 9
6 10
5 11
11 12
11 13
13 14
14 15
15 16
16 17
16 18
18 19
18 20
15 21
21 22
21 23
23 24
23 25
25 26
25 27
14 28
28 29
28 30
13 31
31 32
31 33
4 34
34 35
35 36
35 37
37 38
38 39
38 40
37 41
41 42
42 43
42 44
44 45
45 46
45 47
44 48
41 49
34 50
50 51
51 52
52 53
53 54
54 55
55 56
55 57
57 58
57 59
54 60
60 61
61 62
61 63
60 64
53 65
52 66
66 67
67 68
68 69
68 70
70 71
71 72
71 73
70 74
67 75
75 76
75 77
66 78
51 79
79 80
80 81
80 82
79 83
83 84
84 85
84 86
83 87
87 88
88 89
88 90
87 91
50 92
92 93
92 94
94 95
95 96
96 97
96 98
95 99
99 100
99 101
101 102
101 103
103 104
103 105
94 106
106 107
106 108
108 109
108 110
1 111
111 112
111 113
113 114
114 115
115 116
115 117
117 118
117 119
119 120
120 121
121 122
122 123
123 124
124 125
125 126
126 127
127 128
127 129
126 130
125 131
131 132
131 133
133 134
134 135
134 136
133 137
124 138
138 139
139 140
140 141
141 142
141 143
140 144
139 145
138 146
146 147
147 148
147 149
149 150
149 151
146 152
123 153
153 154
154 155
155 156
156 157
156 158
158 159
159 160
159 161
161 162
161 163
158 164
155 165
165 166
166 167
166 168
165 169
154 170
170 171
171 172
172 173
172 174
171 175
175 176
175 177
170 178
153 179
179 180
180 181
180 182
179 183
183 184
183 185
185 186
185 187
122 188
188 189
189 190
190 191
190 192
189 193
188 194
121 195
195 196
196 197
197 198
198 199
199 200
200 201
201 202
201 203
203 204
204 205
205 206
205 207
204 208
208 209
209 210
209 211
208 212
212 213
212 214
203 215
215 216
215 217
200 218
199 219
219 220
220 221
221 222
221 223
220 224
224 225
225 226
225 227
224 228
219 229
229 230
230 231
231 232
231 233
230 234
229 235
235 236
236 237
236 238
238 239
238 240
235 241
241 242
241 243
198 244
244 245
244 246
246 247
247 248
247 249
246 250
197 251
196 252
252 253
253 254
254 255
254 256
253 257
252 258
258 259
259 260
259 261
261 262
262 263
262 264
264 265
264 266
261 267
267 268
267 269
258 270
195 271
271 272
272 273
273 274
273 275
275 276
276 277
276 278
278 279
278 280
275 281
272 282
282 283
282 284
284 285
284 286
286 287
286 288
271 289
289 290
290 291
291 292
291 293
293 294
294 295
294 296
293 297
290 298
298 299
298 300
289 301
301 302
302 303
303 304
303 305
305 306
306 307
307 308
308 309
308 310
307 311
306 312
305 313
302 314
314 315
315 316
316 317
317 318
317 319
319 320
320 321
320 322
319 323
316 324
324 325
324 326
326 327
326 328
315 329
314 330
330 331
330 332
301 333
333 334
334 335
334 336
333 337
337 338
338 339
339 340
339 341
341 342
341 343
338 344
337 345
120 346
346 347
347 348
347 349
349 350
349 351
346 352
352 353
353 354
354 355
354 356
356 357
357 358
357 359
356 360
360 361
360 362
353 363
352 364
119 365
365 366
366 367
367 368
367 369
366 370
370 371
371 372
371 373
373 374
374 375
374 376
373 377
377 378
377 379
379 380
379 381
381 382
381 383
370 384
384 385
384 386
365 387
387 388
388 389
389 390
389 391
388 392
392 393
392 394
387 395
395 396
395 397
397 398
398 399
399 400
400 401
400 402
399 403
398 404
397 405
405 406
405 407
114 408
408 409
409 410
410 411
411 412
411 413
410 414
409 415
415 416
416 417
416 418
415 419
408 420
420 421
421 422
422 423
423 424
424 425
425 426
425 427
424 428
428 429
429 430
429 431
428 432
432 433
432 434
423 435
422 436
421 437
437 438
438 439
439 440
439 441
438 442
437 443
420 444
113 445
445 446
446 447
447 448
448 449
448 450
447 451
451 452
452 453
453 454
454 455
455 456
456 457
456 458
458 459
458 460
460 461
460 462
455 463
454 464
464 465
465 466
465 467
467 468
468 469
468 470
467 471
464 472
472 473
473 474
474 475
474 476
476 477
476 478
473 479
472 480
480 481
480 482
453 483
452 484
484 485
484 486
451 487
487 488
488 489
488 490
487 491
446 492
445 493
493 494
494 495
495 496
496 497
497 498
498 499
498 500
497 501
501 502
502 503
502 504
504 505
504 506
501 507
507 508
508 509
508 510
507 511
496 512
512 513
513 514
513 515
512 516
495 517
517 518
518 519
519 520
520 521
521 522
521 523
523 524
523 525
520 526
526 527
526 528
519 529
518 530
530 531
530 532
517 533
533 534
534 535
535 536
536 537
537 538
538 539
538 540
537 541
536 542
535 543
543 544
544 545
545 546
546 547
546 548
548 549
549 550
549 551
548 552
545 553
544 554
543 555
555 556
555 557
557 558
557 559
534 560
560 561
561 562
562 563
562 564
561 565
565 566
566 567
566 568
565 569
569 570
570 571
570 572
572 573
572 574
569 575
575 576
575 577
577 578
577 579
560 580
580 581
581 582
581 583
583 584
584 585
584 586
583 587
580 588
588 589
589 590
589 591
588 592
592 593
593 594
593 595
592 596
596 597
596 598
598 599
598 600
533 601
601 602
602 603
603 604
604 605
605 606
605 607
604 608
608 609
608 610
610 611
611 612
611 613
610 614
614 615
615 616
615 617
617 618
617 619
614 620
620 621
620 622
603 623
623 624
623 625
625 626
626 627
626 628
625 629
602 630
630 631
631 632
631 633
630 634
601 635
494 636
636 637
637 638
638 639
638 640
640 641
641 642
642 643
642 644
641 645
645 646
645 647
640 648
637 649
636 650
650 651
650 652
493 653
653 654
654 655
655 656
656 657
657 658
658 659
658 660
657 661
656 662
662 663
662 664
664 665
665 666
666 667
667 668
668 669
668 670
667 671
666 672
672 673
672 674
665 675
675 676
675 677
664 678
678 679
679 680
679 681
678 682
682 683
682 684
684 685
685 686
685 687
684 688
688 689
688 690
655 691
691 692
692 693
693 694
694 695
694 696
693 697
692 698
691 699
699 700
700 701
701 702
701 703
700 704
699 705
705 706
706 707
707 708
707 709
706 710
710 711
710 712
712 713
712 714
705 715
654 716
716 717
716 718
718 719
719 720
720 721
721 722
722 723
723 724
723 725
722 726
721 727
727 728
727 729
720 730
730 731
731 732
732 733
732 734
731 735
735 736
735 737
730 738
738 739
738 740
740 741
740 742
719 743
743 744
744 745
744 746
746 747
747 748
747 749
746 750
743 751
718 752
752 753
753 754
754 755
754 756
753 757
752 758
653 759
759 760
760 761
761 762
762 763
763 764
764 765
765 766
766 767
766 768
765 769
764 770
763 771
771 772
772 773
772 774
774 775
775 776
775 777
774 778
778 779
778 780
771 781
781 782
781 783
762 784
761 785
785 786
785 787
787 788
788 789
789 790
789 791
788 792
787 793
793 794
794 795
794 796
793 797
797 798
798 799
799 800
799 801
798 802
797 803
760 804
804 805
804 806
759 807
807 808
808 809
809 810
809 811
808 812
812 813
813 814
814 815
814 816
813 817
817 818
818 819
819 820
819 821
821 822
821 823
818 824
817 825
825 826
825 827
812 828
828 829
829 830
830 831
830 832
829 833
828 834
834 835
834 836
836 837
836 838
807 839
839 840
839 841
841 842
841 843
843 844
844 845
844 846
843 847
847 848
847 849
849 850
849 851
