426
645
0
262 17
146 19
144 20
101 25
99 27
53 29
34 32
2 34
0 35
32 36
130 38
95 44
92 39
91 46
93 47
94 48
4 49
3 51
177 53
114 56
111 57
113 58
201 62
199 63
195 65
143 69
141 70
81 73
80 74
78 75
159 80
158 81
156 82
83 83
84 86
82 87
140 89
138 90
221 95
29 99
28 100
26 102
24 103
27 104
219 105
208 107
205 110
204 111
202 112
87 117
109 119
85 120
45 122
44 124
43 121
105 126
104 128
31 129
30 131
169 135
167 136
13 138
11 139
166 142
165 145
122 147
120 148
129 150
127 151
98 154
97 155
96 152
193 158
191 159
264 160
271 162
108 164
106 165
163 167
161 168
223 172
152 174
150 176
149 177
116 179
115 178
36 182
35 184
151 187
147 188
42 191
39 192
41 193
250 198
243 200
248 202
270 203
126 209
125 210
48 212
46 213
21 214
20 216
63 217
62 222
65 223
64 224
66 225
123 227
16 229
14 230
245 231
232 237
197 239
54 241
55 244
67 245
51 247
49 248
234 250
90 253
88 254
19 256
17 257
257 259
184 263
182 264
135 265
137 266
231 271
230 274
214 275
77 277
75 278
215 280
212 282
7 284
5 285
227 287
225 288
228 289
187 292
185 293
210 296
155 298
153 299
259 301
254 306
252 307
188 310
117 311
119 313
103 316
74 317
72 318
176 320
174 321
218 322
217 324
241 327
71 329
69 330
240 334
181 338
179 339
173 341
171 342
61 344
59 345
238 346
134 353
57 354
56 350
58 356
23 358
22 357
133 360
38 362
10 364
8 365
274 367
275 369
272 370
280 371
284 373
282 374
327 376
278 378
276 379
606 386
599 387
604 390
319 391
601 393
307 394
325 397
326 400
324 401
322 402
602 403
605 405
309 406
321 407
603 408
613 412
556 416
500 424
527 427
492 428
464 435
462 436
459 437
460 431
461 440
463 441
470 443
364 445
362 446
504 447
548 454
540 456
521 458
519 459
541 465
490 468
372 470
370 471
484 478
447 480
403 481
402 483
357 485
352 487
350 488
409 489
355 492
354 491
353 495
407 496
381 498
369 499
368 501
412 505
482 507
410 508
365 511
367 512
414 515
411 503
413 517
481 521
358 524
345 527
343 528
458 530
465 531
439 533
437 534
480 535
478 536
507 540
389 544
379 546
378 542
387 548
423 549
422 551
532 558
531 559
529 560
487 564
468 565
455 567
449 569
446 571
445 573
444 575
442 576
377 578
375 579
530 580
511 583
510 585
508 586
390 588
349 590
348 589
498 595
396 597
395 600
393 596
394 602
491 604
425 605
426 607
424 608
405 612
404 611
513 614
515 616
493 618
384 620
382 621
477 624
476 622
440 627
419 629
398 631
397 630
428 635
427 634
421 638
374 640
361 642
359 643
523 645
417 647
415 648
549 650
547 654
517 655
506 656
471 661
473 663
475 664
474 666
386 668
385 667
436 675
433 672
434 677
435 678
432 679
454 682
451 683
453 684
544 685
536 688
535 689
524 691
347 694
346 693
486 692
528 697
401 701
399 702
497 705
495 706
431 708
429 709
537 710
542 711
551 712
554 715
552 716
558 717
559 718
563 721
342 723
337 725
335 726
562 728
560 729
598 730
597 732
596 736
595 737
593 739
567 741
565 742
594 413
611 744
610 749
592 751
590 752
569 755
568 753
300 758
299 763
293 765
291 766
301 767
290 769
288 770
298 772
296 773
608 774
340 779
310 781
285 783
287 785
294 786
589 797
331 801
329 794
330 803
328 804
317 805
332 808
312 809
314 810
588 818
577 819
587 821
579 825
571 826
575 827
578 828
586 829
313 830
585 832
573 833
580 834
582 835
338 837
334 839
333 838
576 841
316 842
581 843
583 844
318 846
306 847
304 849
574 850
584 851
0 1
1 2
2 4
4 5
5 6
6 7
7 10
10 12
12 13
13 16
16 17
16 18
18 19
18 20
13 22
22 23
23 24
24 25
24 27
24 28
28 29
28 30
30 32
30 33
33 34
33 35
30 36
23 37
37 38
37 39
39 44
39 46
39 47
39 48
39 49
49 51
22 52
52 53
52 54
54 56
54 57
54 58
13 59
59 60
60 61
61 62
61 63
60 64
64 65
65 67
67 68
68 69
68 70
67 71
71 73
71 74
71 75
64 76
76 77
77 80
77 81
77 82
77 83
83 86
83 87
76 89
76 90
59 91
91 92
92 94
94 95
94 96
96 99
96 100
96 102
96 103
96 104
92 105
92 106
106 107
106 108
108 110
108 111
108 112
91 113
113 114
114 115
115 116
116 117
116 118
118 119
118 120
115 121
121 122
121 124
114 126
126 128
113 129
129 131
13 133
133 135
133 136
133 137
137 138
137 139
13 140
140 141
141 142
141 145
141 146
146 147
146 148
141 149
149 150
149 151
140 152
152 153
153 154
153 155
13 157
157 158
157 159
12 160
10 161
161 162
161 163
163 164
163 165
10 166
166 167
166 168
7 169
169 170
170 172
170 173
173 174
173 176
173 177
170 178
178 179
178 182
182 184
169 186
186 187
186 188
169 189
189 191
189 192
189 193
7 194
194 195
195 198
195 199
199 200
199 201
201 202
201 203
195 204
204 206
206 209
206 210
206 211
211 212
211 213
206 214
214 216
204 217
217 222
217 223
217 224
217 225
204 226
226 227
226 228
228 229
228 230
195 231
194 232
232 233
233 234
234 235
235 236
236 237
236 238
238 239
238 240
240 241
241 243
243 244
243 245
240 246
246 247
246 248
235 249
249 250
249 251
251 252
252 253
252 254
251 255
255 256
255 257
234 259
234 260
260 261
261 263
261 264
261 265
260 266
233 268
268 269
269 270
270 271
270 273
273 274
273 275
270 276
276 277
276 278
269 280
269 281
281 282
281 283
283 284
283 285
268 287
268 288
233 289
232 291
291 292
291 293
232 294
294 295
295 296
295 297
297 298
297 299
294 301
294 304
304 306
304 307
304 308
308 310
308 311
308 312
312 313
312 316
312 317
312 318
294 319
319 320
319 321
294 322
322 324
7 325
325 326
326 327
326 328
328 329
328 330
325 333
333 334
333 335
335 337
337 338
337 339
335 340
340 341
340 342
335 343
343 344
343 345
325 346
325 347
347 350
350 352
352 353
352 354
350 356
347 357
357 358
347 360
347 361
361 362
361 363
363 364
363 365
6 367
6 368
368 369
368 370
5 371
4 372
372 373
372 374
2 375
375 376
375 377
377 378
377 379
2 385
385 386
385 387
2 390
2 391
2 392
392 393
392 394
2 395
395 396
396 397
396 400
396 401
396 402
395 403
2 404
404 405
404 406
2 407
2 408
1 409
409 410
410 411
411 412
411 413
413 414
414 415
415 416
415 418
418 419
419 420
420 421
421 422
422 423
423 424
423 426
426 427
426 428
423 429
429 430
430 431
431 433
433 435
433 436
433 437
431 440
431 441
430 443
430 444
444 445
444 446
429 447
422 449
449 453
453 454
453 456
453 457
457 458
457 459
449 461
461 464
464 465
464 466
466 467
467 468
467 469
469 470
469 471
466 472
472 473
473 478
473 479
479 480
479 481
481 483
473 484
484 485
484 487
484 488
473 489
473 490
490 491
491 492
491 495
490 496
473 497
497 498
497 499
499 501
472 502
502 503
503 504
504 505
504 506
506 507
506 508
503 510
510 511
510 512
503 515
503 517
502 521
502 523
523 524
524 526
526 527
526 528
523 529
529 530
529 531
502 532
532 533
532 534
502 535
502 536
461 540
461 541
541 542
542 544
542 546
542 548
541 549
549 551
461 558
461 559
461 560
461 561
561 562
562 563
563 564
563 565
562 566
566 567
566 568
568 569
568 570
570 571
570 573
570 575
570 576
561 577
577 578
577 579
461 580
461 581
581 582
582 583
582 585
582 586
581 587
587 588
587 589
589 590
461 592
592 593
593 594
594 595
594 596
596 597
596 600
596 602
593 604
593 605
605 607
592 608
461 610
610 611
611 612
610 614
461 615
615 616
615 617
617 618
617 619
619 620
619 621
461 622
622 624
622 626
626 627
626 628
628 629
628 630
630 631
461 633
633 634
634 635
633 637
637 638
637 639
639 640
639 641
641 642
641 643
449 644
644 645
644 646
646 647
646 648
449 649
649 650
649 653
653 654
653 655
649 656
649 657
657 658
658 659
659 661
659 662
662 663
662 664
659 665
665 666
665 667
667 668
658 670
670 671
671 672
672 675
672 677
672 678
671 679
670 682
670 683
670 684
657 685
449 686
686 687
687 688
687 689
686 690
690 691
690 692
692 693
693 694
449 697
422 698
698 699
699 700
700 701
700 702
699 704
704 705
704 706
699 707
707 708
707 709
698 710
421 711
420 712
419 714
714 715
714 716
419 717
418 718
415 719
719 720
720 721
720 722
722 723
722 724
724 725
724 726
719 728
719 729
414 730
413 732
413 736
413 737
737 739
413 740
740 741
740 742
410 744
409 745
745 748
748 749
748 750
750 751
750 752
745 753
753 755
753 757
757 758
758 763
758 764
764 765
764 766
758 767
758 768
768 769
768 770
757 771
771 772
771 773
745 774
745 775
775 777
777 778
778 779
778 781
778 782
782 783
782 784
784 785
784 786
777 794
794 797
794 801
794 803
794 804
794 805
794 806
806 808
806 809
806 810
777 817
817 818
817 819
777 821
777 825
777 826
777 827
777 828
777 829
777 830
777 832
777 833
777 834
777 835
777 836
836 837
836 838
838 839
777 841
777 842
777 843
777 844
777 845
845 846
845 847
847 849
775 850
775 851
