426
851
0
262 17
146 19
144 20
101 25
99 27
53 29
34 32
2 34
0 35
32 36
130 38
95 44
92 45
91 46
93 47
94 48
4 50
3 51
177 53
114 56
111 57
113 58
201 62
199 63
195 66
143 69
141 70
81 73
80 74
78 75
159 80
158 81
156 82
83 84
84 86
82 87
140 89
138 90
221 95
29 99
28 100
26 102
24 103
27 104
219 105
208 107
205 110
204 111
202 112
87 117
109 119
85 120
45 122
44 124
43 125
105 127
104 128
31 130
30 131
169 135
167 136
13 138
11 139
166 142
165 145
122 147
120 148
129 150
127 151
98 154
97 155
96 156
193 158
191 159
264 160
271 162
108 164
106 165
163 167
161 168
223 172
152 174
150 176
149 177
116 179
115 181
36 183
35 184
151 187
147 188
42 191
39 192
41 193
250 198
243 200
248 202
270 203
126 209
125 210
48 212
46 213
21 215
20 216
63 221
62 222
65 223
64 224
66 225
123 227
16 229
14 230
245 231
232 237
197 239
54 242
55 244
67 245
51 247
49 248
234 250
90 253
88 254
19 256
17 257
257 259
184 263
182 264
135 265
137 266
231 271
230 274
214 275
77 277
75 278
215 280
212 282
7 284
5 285
227 287
225 288
228 289
187 292
185 293
210 296
155 298
153 299
259 301
254 306
252 307
188 310
117 311
119 313
103 316
74 317
72 318
176 320
174 321
218 323
217 324
241 327
71 329
69 330
240 334
181 338
179 339
173 341
171 342
61 344
59 345
238 346
134 353
57 354
56 355
58 356
23 358
22 359
133 360
38 362
10 364
8 365
274 367
275 369
272 370
280 371
284 373
282 374
327 376
278 378
276 379
606 386
599 387
604 390
319 391
601 393
307 394
325 397
326 400
324 401
322 402
602 403
605 405
309 406
321 407
603 408
613 412
556 416
500 424
527 427
492 428
464 435
462 436
459 437
460 439
461 440
463 441
470 443
364 445
362 446
504 447
548 454
540 456
521 458
519 459
541 465
490 468
372 470
370 471
484 478
447 480
403 482
402 483
357 485
352 487
350 488
409 489
355 492
354 494
353 495
407 496
381 498
369 500
368 501
412 505
482 507
410 508
365 511
367 512
414 515
411 516
413 517
481 521
358 525
345 527
343 528
458 530
465 531
439 533
437 534
480 535
478 536
507 540
389 544
379 546
378 547
387 548
423 550
422 551
532 558
531 559
529 560
487 564
468 565
455 567
449 569
446 571
445 573
444 575
442 576
377 578
375 579
530 580
511 583
510 585
508 586
390 588
349 590
348 591
498 595
396 597
395 600
393 601
394 602
491 604
425 606
426 607
424 608
405 612
404 613
513 614
515 616
493 618
384 620
382 621
477 624
476 625
440 627
419 629
398 631
397 632
428 635
427 636
421 638
374 640
361 642
359 643
523 645
417 647
415 648
549 650
547 654
517 655
506 656
471 661
473 663
475 664
474 666
386 668
385 669
436 675
433 676
434 677
435 678
432 679
454 682
451 683
453 684
544 685
536 688
535 689
524 691
347 694
346 695
486 696
528 697
401 701
399 702
497 705
495 706
431 708
429 709
537 710
542 711
551 712
554 715
552 716
558 717
559 718
563 721
342 723
337 725
335 726
562 728
560 729
598 730
597 732
596 736
595 738
593 739
567 741
565 742
594 743
611 744
610 749
592 751
590 752
569 755
568 756
300 761
299 763
293 765
291 766
301 767
290 769
288 770
298 772
296 773
608 774
340 779
310 781
285 783
287 785
294 786
589 797
331 801
329 802
330 803
328 804
317 805
332 808
312 809
314 810
588 818
577 819
587 821
579 825
571 826
575 827
578 828
586 829
313 830
585 832
573 833
580 834
582 835
338 837
334 839
333 840
576 841
316 842
581 843
583 844
318 846
306 848
304 849
574 850
584 851
0 1
1 2
2 3
3 4
4 5
5 6
6 7
7 8
8 9
9 10
10 11
11 12
12 13
13 14
14 15
15 16
16 17
16 18
18 19
18 20
15 21
21 22
22 23
23 24
24 25
24 26
26 27
26 28
28 29
28 30
30 31
31 32
31 33
33 34
33 35
30 36
23 37
37 38
37 39
39 40
40 41
41 42
42 43
43 44
43 45
42 46
41 47
40 48
39 49
49 50
49 51
22 52
52 53
52 54
54 55
55 56
55 57
54 58
21 59
59 60
60 61
61 62
61 63
60 64
64 65
65 66
65 67
67 68
68 69
68 70
67 71
71 72
72 73
72 74
71 75
64 76
76 77
77 78
78 79
79 80
79 81
78 82
77 83
83 84
83 85
85 86
85 87
76 88
88 89
88 90
59 91
91 92
92 93
93 94
94 95
94 96
96 97
97 98
98 99
98 100
97 101
101 102
101 103
96 104
93 105
92 106
106 107
106 108
108 109
109 110
109 111
108 112
91 113
113 114
114 115
115 116
116 117
116 118
118 119
118 120
115 121
121 122
121 123
123 124
123 125
114 126
126 127
126 128
113 129
129 130
129 131
14 132
132 133
133 134
134 135
134 136
133 137
137 138
137 139
132 140
140 141
141 142
141 143
143 144
144 145
144 146
146 147
146 148
143 149
149 150
149 151
140 152
152 153
153 154
153 155
152 156
13 157
157 158
157 159
12 160
11 161
161 162
161 163
163 164
163 165
10 166
166 167
166 168
9 169
169 170
170 171
171 172
171 173
173 174
173 175
175 176
175 177
170 178
178 179
178 180
180 181
180 182
182 183
182 184
169 185
185 186
186 187
186 188
185 189
189 190
190 191
190 192
189 193
8 194
194 195
195 196
196 197
197 198
197 199
199 200
199 201
201 202
201 203
196 204
204 205
205 206
206 207
207 208
208 209
208 210
207 211
211 212
211 213
206 214
214 215
214 216
205 217
217 218
218 219
219 220
220 221
220 222
219 223
218 224
217 225
204 226
226 227
226 228
228 229
228 230
195 231
194 232
232 233
233 234
234 235
235 236
236 237
236 238
238 239
238 240
240 241
241 242
241 243
243 244
243 245
240 246
246 247
246 248
235 249
249 250
249 251
251 252
252 253
252 254
251 255
255 256
255 257
234 258
258 259
258 260
260 261
261 262
262 263
262 264
261 265
260 266
233 267
267 268
268 269
269 270
270 271
270 272
272 273
273 274
273 275
272 276
276 277
276 278
269 279
279 280
279 281
281 282
281 283
283 284
283 285
268 286
286 287
286 288
267 289
232 290
290 291
291 292
291 293
290 294
294 295
295 296
295 297
297 298
297 299
294 300
300 301
300 302
302 303
303 304
304 305
305 306
305 307
304 308
308 309
309 310
309 311
308 312
312 313
312 314
314 315
315 316
315 317
314 318
303 319
319 320
319 321
302 322
322 323
322 324
7 325
325 326
326 327
326 328
328 329
328 330
325 331
331 332
332 333
333 334
333 335
335 336
336 337
337 338
337 339
336 340
340 341
340 342
335 343
343 344
343 345
332 346
331 347
347 348
348 349
349 350
350 351
351 352
352 353
352 354
351 355
350 356
349 357
357 358
357 359
348 360
347 361
361 362
361 363
363 364
363 365
6 366
366 367
366 368
368 369
368 370
5 371
4 372
372 373
372 374
3 375
375 376
375 377
377 378
377 379
2 380
380 381
381 382
382 383
383 384
384 385
385 386
385 387
384 388
388 389
389 390
389 391
388 392
392 393
392 394
383 395
395 396
396 397
396 398
398 399
399 400
399 401
398 402
395 403
382 404
404 405
404 406
381 407
380 408
1 409
409 410
410 411
411 412
411 413
413 414
414 415
415 416
415 417
417 418
418 419
419 420
420 421
421 422
422 423
423 424
423 425
425 426
426 427
426 428
425 429
429 430
430 431
431 432
432 433
433 434
434 435
434 436
433 437
432 438
438 439
438 440
431 441
430 442
442 443
442 444
444 445
444 446
429 447
422 448
448 449
449 450
450 451
451 452
452 453
453 454
453 455
455 456
455 457
457 458
457 459
452 460
460 461
461 462
462 463
463 464
464 465
464 466
466 467
467 468
467 469
469 470
469 471
466 472
472 473
473 474
474 475
475 476
476 477
477 478
477 479
479 480
479 481
481 482
481 483
476 484
484 485
484 486
486 487
486 488
475 489
474 490
490 491
491 492
491 493
493 494
493 495
490 496
473 497
497 498
497 499
499 500
499 501
472 502
502 503
503 504
504 505
504 506
506 507
506 508
503 509
509 510
510 511
510 512
509 513
513 514
514 515
514 516
513 517
502 518
518 519
519 520
520 521
520 522
522 523
523 524
524 525
524 526
526 527
526 528
523 529
529 530
529 531
522 532
532 533
532 534
519 535
518 536
463 537
537 538
538 539
539 540
539 541
541 542
542 543
543 544
543 545
545 546
545 547
542 548
541 549
549 550
549 551
538 552
552 553
553 554
554 555
555 556
556 557
557 558
557 559
556 560
555 561
561 562
562 563
563 564
563 565
562 566
566 567
566 568
568 569
568 570
570 571
570 572
572 573
572 574
574 575
574 576
561 577
577 578
577 579
554 580
553 581
581 582
582 583
582 584
584 585
584 586
581 587
587 588
587 589
589 590
589 591
552 592
592 593
593 594
594 595
594 596
596 597
596 598
598 599
599 600
599 601
598 602
593 603
603 604
603 605
605 606
605 607
592 608
537 609
609 610
610 611
611 612
611 613
610 614
609 615
615 616
615 617
617 618
617 619
619 620
619 621
462 622
622 623
623 624
623 625
622 626
626 627
626 628
628 629
628 630
630 631
630 632
461 633
633 634
634 635
634 636
633 637
637 638
637 639
639 640
639 641
641 642
641 643
460 644
644 645
644 646
646 647
646 648
451 649
649 650
649 651
651 652
652 653
653 654
653 655
652 656
651 657
657 658
658 659
659 660
660 661
660 662
662 663
662 664
659 665
665 666
665 667
667 668
667 669
658 670
670 671
671 672
672 673
673 674
674 675
674 676
673 677
672 678
671 679
670 680
680 681
681 682
681 683
680 684
657 685
450 686
686 687
687 688
687 689
686 690
690 691
690 692
692 693
693 694
693 695
692 696
449 697
448 698
698 699
699 700
700 701
700 702
699 703
703 704
704 705
704 706
703 707
707 708
707 709
698 710
421 711
420 712
419 713
713 714
714 715
714 716
713 717
418 718
417 719
719 720
720 721
720 722
722 723
722 724
724 725
724 726
719 727
727 728
727 729
414 730
413 731
731 732
731 733
733 734
734 735
735 736
735 737
737 738
737 739
734 740
740 741
740 742
733 743
410 744
409 745
745 746
746 747
747 748
748 749
748 750
750 751
750 752
747 753
753 754
754 755
754 756
753 757
757 758
758 759
759 760
760 761
760 762
762 763
762 764
764 765
764 766
759 767
758 768
768 769
768 770
757 771
771 772
771 773
746 774
745 775
775 776
776 777
777 778
778 779
778 780
780 781
780 782
782 783
782 784
784 785
784 786
777 787
787 788
788 789
789 790
790 791
791 792
792 793
793 794
794 795
795 796
796 797
796 798
798 799
799 800
800 801
800 802
799 803
798 804
795 805
794 806
806 807
807 808
807 809
806 810
793 811
811 812
812 813
813 814
814 815
815 816
816 817
817 818
817 819
816 820
820 821
820 822
822 823
823 824
824 825
824 826
823 827
822 828
815 829
814 830
813 831
831 832
831 833
812 834
811 835
792 836
836 837
836 838
838 839
838 840
791 841
790 842
789 843
788 844
787 845
845 846
845 847
847 848
847 849
776 850
775 851
