426
597
1
590 6
610 7
568 8
300 10
569 12
53 17
460 25
348 28
458 29
537 30
427 32
385 40
425 43
393 44
395 45
490 52
423 55
507 56
519 57
378 59
387 60
554 61
389 63
476 64
404 65
419 67
465 71
468 74
354 75
403 77
411 79
367 80
481 82
455 85
474 90
535 106
415 107
604 111
327 115
280 119
293 124
594 126
482 128
433 129
593 133
294 137
333 138
329 140
317 142
328 144
575 145
580 147
316 148
581 149
310 150
274 151
282 152
212 155
270 158
54 159
234 161
88 164
228 172
7 176
77 178
135 183
41 186
56 190
241 191
223 197
83 203
158 204
92 206
141 210
43 212
31 214
105 215
166 216
98 218
262 222
204 227
138 229
101 230
264 231
11 235
193 238
191 239
115 241
36 242
174 244
252 246
72 249
165 254
21 262
48 265
63 266
66 267
65 268
23 269
16 271
125 272
0 274
2 275
3 276
4 277
5 278
8 279
10 280
13 281
14 282
17 283
19 284
20 285
22 286
24 287
26 288
27 289
28 290
29 291
30 292
32 293
34 294
35 295
38 296
39 297
42 298
44 299
45 300
46 301
49 302
51 303
55 304
57 305
58 306
59 307
61 308
62 309
64 310
67 311
69 312
71 313
74 314
75 315
78 316
80 317
81 318
82 319
84 320
85 321
87 322
90 323
91 324
93 325
94 326
95 327
96 328
97 329
99 330
103 331
104 332
106 333
108 334
109 335
111 336
113 337
114 338
116 339
117 340
119 341
120 342
122 343
123 344
126 345
127 346
129 347
130 348
133 349
134 350
137 351
140 352
143 353
144 354
146 355
147 356
149 357
150 358
151 359
152 360
153 361
155 362
156 363
159 364
161 365
163 366
167 367
169 368
171 369
173 370
176 371
177 372
179 373
181 374
182 375
184 376
185 377
187 378
188 379
195 380
197 381
199 382
201 383
202 384
205 385
208 386
210 387
214 388
215 389
217 390
218 391
219 392
221 393
225 394
227 395
230 396
231 397
232 398
238 399
240 400
243 401
245 402
248 403
250 404
254 405
257 406
259 407
271 408
272 409
275 410
276 411
278 412
284 413
285 414
287 415
288 416
290 417
291 418
296 419
298 420
299 421
301 422
304 423
306 424
307 425
309 426
312 427
313 428
314 429
318 430
319 431
321 432
322 433
324 434
325 435
326 436
330 437
331 438
332 439
334 440
335 441
337 442
338 443
340 444
342 445
343 446
345 447
346 448
347 449
349 450
350 451
352 452
353 453
355 454
357 455
358 456
359 457
361 458
362 459
364 460
365 461
368 462
369 463
370 464
372 465
374 466
375 467
377 468
379 469
381 470
382 471
384 472
386 473
390 474
394 475
396 476
397 477
398 478
399 479
401 480
402 481
405 482
407 483
409 484
410 485
412 486
413 487
414 488
417 489
421 490
422 491
424 492
426 493
428 494
429 495
431 496
432 497
434 498
435 499
436 500
437 501
439 502
440 503
442 504
444 505
445 506
446 507
447 508
449 509
451 510
453 511
454 512
459 513
461 514
462 515
463 516
464 517
470 518
471 519
473 520
475 521
477 522
478 523
480 524
484 525
486 526
487 527
491 528
492 529
493 530
495 531
497 532
498 533
500 534
504 535
506 536
508 537
510 538
511 539
513 540
515 541
517 542
521 543
523 544
524 545
527 546
528 547
529 548
530 549
531 550
532 551
536 552
540 553
541 554
542 555
544 556
547 557
548 558
549 559
551 560
552 561
556 562
558 563
559 564
560 565
562 566
563 567
565 568
567 569
571 570
573 571
574 572
576 573
577 574
578 575
579 576
582 577
583 578
584 579
585 580
586 581
587 582
588 583
589 584
592 585
595 586
596 587
597 588
598 589
599 590
601 591
602 592
603 593
605 594
606 595
608 596
611 597
613 598
1 2
2 3
2 4
4 5
5 6
5 7
5 8
8 9
9 10
10 11
8 12
5 13
5 14
4 15
15 16
15 17
17 18
18 19
4 20
2 21
21 22
22 23
23 24
24 25
25 26
24 27
23 28
23 29
23 30
23 31
31 32
23 33
22 34
22 35
22 36
36 37
36 38
22 39
22 40
22 41
41 42
41 43
41 44
44 45
44 46
44 47
22 48
48 49
48 50
22 51
22 52
22 53
53 54
53 55
53 56
22 57
22 58
58 59
59 60
60 61
60 62
59 63
58 64
58 65
58 66
66 67
22 68
68 69
68 70
70 71
70 72
72 73
73 74
73 75
73 76
73 77
73 78
78 79
79 80
78 81
78 82
70 83
83 84
83 85
68 86
22 87
87 88
88 89
87 90
22 91
91 92
92 93
92 94
92 95
91 96
91 97
97 98
98 99
97 100
97 101
91 102
102 103
102 104
104 105
104 106
102 107
21 108
2 109
109 110
110 111
110 112
112 113
110 114
114 115
114 116
110 117
109 118
109 119
109 120
109 121
109 122
122 123
2 124
2 125
125 126
125 127
127 128
127 129
129 130
125 131
131 132
2 133
2 134
134 135
134 136
136 137
134 138
134 139
139 140
140 141
140 142
140 143
140 144
139 145
139 146
139 147
139 148
139 149
2 150
2 151
151 152
152 153
153 154
154 155
154 156
156 157
156 158
156 159
154 160
160 161
160 162
160 163
163 164
163 165
165 166
160 167
154 168
168 169
168 170
154 171
171 172
171 173
171 174
171 175
175 176
175 177
175 178
175 179
175 180
154 181
181 182
182 183
181 184
153 185
185 186
153 187
153 188
153 189
189 190
189 191
189 192
189 193
153 194
194 195
194 196
196 197
153 198
198 199
199 200
200 201
200 202
199 203
203 204
199 205
199 206
206 207
198 208
198 209
209 210
209 211
211 212
211 213
211 214
211 215
209 216
209 217
217 218
209 219
209 220
198 221
221 222
221 223
198 224
224 225
225 226
226 227
224 228
228 229
228 230
224 231
224 232
232 233
198 234
234 235
234 236
198 237
237 238
237 239
153 240
240 241
241 242
240 243
243 244
243 245
245 246
245 247
247 248
248 249
247 250
243 251
243 252
240 253
253 254
253 255
240 256
256 257
256 258
256 259
256 260
256 261
261 262
261 263
261 264
261 265
261 266
266 267
266 268
261 269
261 270
270 271
261 272
153 273
180 274
180 275
206 276
206 277
176 278
192 279
192 280
235 281
270 282
165 283
165 284
262 285
189 286
233 287
232 288
232 289
232 290
232 291
214 292
180 293
180 294
242 295
192 296
185 297
185 298
212 299
212 300
263 301
170 302
170 303
159 304
190 305
190 306
177 307
177 308
266 309
266 310
167 311
179 312
179 313
248 314
178 315
202 316
202 317
202 318
203 319
203 320
213 321
213 322
163 323
206 324
206 325
206 326
206 327
217 328
217 329
219 330
250 331
215 332
188 333
188 334
213 335
18 336
18 337
18 338
208 339
247 340
248 341
253 342
253 343
264 344
261 345
255 346
253 347
207 348
189 349
190 350
184 351
229 352
201 353
273 354
273 355
194 356
196 357
196 358
194 359
196 360
251 361
251 362
203 363
203 364
220 365
195 366
234 367
236 368
118 369
118 370
243 371
19 372
193 373
193 374
182 375
182 376
174 377
174 378
247 379
200 380
170 381
205 382
205 383
223 384
226 385
226 386
243 387
157 388
166 389
243 390
243 391
225 392
225 393
175 394
175 395
157 396
173 397
162 398
189 399
189 400
257 401
260 402
259 403
258 404
245 405
169 406
252 407
187 408
122 409
123 410
121 411
116 412
120 413
136 414
136 415
9 416
9 417
10 418
11 419
11 420
9 421
10 422
141 423
141 424
110 425
113 426
143 427
139 428
143 429
141 430
117 431
117 432
114 433
114 434
114 435
114 436
140 437
140 438
143 439
138 440
131 441
131 442
135 443
134 444
132 445
49 446
49 447
105 448
105 449
28 450
72 451
72 452
75 453
75 454
72 455
49 456
38 457
38 458
27 459
27 460
79 461
76 462
76 463
86 464
86 465
38 466
62 467
53 468
59 469
76 470
35 471
35 472
40 473
28 474
46 475
44 476
66 477
66 478
93 479
93 480
77 481
65 482
75 483
73 484
79 485
79 486
79 487
79 488
107 489
38 490
55 491
41 492
43 493
32 494
95 495
95 496
129 497
129 498
129 499
129 500
81 501
81 502
66 503
84 504
83 505
83 506
83 507
73 508
84 509
130 510
130 511
130 512
26 513
25 514
26 515
25 516
26 517
24 518
89 519
88 520
88 521
64 522
78 523
78 524
73 525
104 526
48 527
41 528
42 529
35 530
94 531
94 532
47 533
51 534
108 535
54 536
31 537
31 538
31 539
39 540
36 541
100 542
96 543
103 544
104 545
127 546
37 547
22 548
48 549
22 550
22 551
69 552
101 553
68 554
50 555
97 556
97 557
33 558
36 559
34 560
98 561
99 562
99 563
98 564
132 565
131 566
131 567
126 568
126 569
139 570
139 571
139 572
139 573
139 574
139 575
139 576
139 577
146 578
20 579
139 580
146 581
139 582
139 583
140 584
16 585
126 586
126 587
126 588
126 589
112 590
112 591
110 592
110 593
112 594
110 595
14 596
13 597
3 598
