426
616
616
0 310
346 284
347 24
340 581
342 433
343 287
348 530
349 85
595 41
298 353
299 596
296 490
294 369
293 146
290 300
291 337
590 346
593 429
592 587
199 478
594 36
597 3
596 137
195 517
598 191
197 38
191 397
193 202
270 480
271 322
272 568
274 508
275 96
276 519
278 51
524 442
527 248
521 84
523 589
528 348
529 593
449 159
442 567
440 330
447 347
446 350
445 455
444 527
108 571
109 240
103 368
101 551
106 354
104 171
105 245
39 370
38 151
32 436
31 493
30 334
36 611
35 153
34 437
439 57
436 87
437 152
434 487
435 434
432 421
433 45
431 10
338 167
335 13
334 595
337 599
331 252
330 427
333 123
332 59
345 484
99 528
98 119
91 314
90 26
93 221
92 42
95 2
94 101
97 67
96 280
559 197
558 495
554 71
556 464
551 74
552 422
238 454
234 535
230 385
231 22
232 327
146 394
147 431
144 507
143 53
140 594
141 262
613 458
610 459
611 113
149 117
133 14
130 225
137 282
135 259
134 473
495 231
138 352
490 111
491 576
492 21
493 108
24 389
26 140
27 446
20 156
21 144
22 257
23 75
28 471
29 575
407 105
405 264
404 447
403 161
402 565
401 563
409 20
379 4
378 274
370 272
372 405
375 585
374 316
377 98
393 125
88 544
390 290
397 605
396 332
395 62
394 138
82 549
83 163
80 349
81 92
87 573
84 390
85 515
7 174
601 254
586 529
587 250
584 122
585 513
582 497
583 569
580 500
581 97
588 345
589 465
245 338
241 91
240 613
243 99
606 432
248 379
519 103
511 541
510 381
513 413
515 83
517 296
458 444
459 135
451 65
453 31
454 395
455 46
179 48
177 460
176 143
174 106
173 610
171 185
182 0
599 77
181 474
187 35
184 364
185 78
188 531
11 359
10 399
13 574
14 463
17 424
16 510
19 486
322 492
321 307
326 228
327 29
324 559
325 556
328 425
329 554
201 475
202 301
205 56
204 536
208 331
77 401
75 547
74 375
72 169
71 577
78 583
2 470
542 134
540 199
541 90
547 176
544 328
8 215
548 313
549 365
120 204
122 326
123 506
125 449
126 523
127 329
129 299
414 362
415 16
417 304
410 426
411 317
412 223
413 115
498 504
419 439
319 542
318 548
313 453
312 177
310 562
317 402
316 232
314 461
497 412
3 419
368 476
369 271
367 69
364 294
365 325
362 592
361 491
381 393
382 377
384 415
385 606
386 540
387 217
389 378
605 5
579 184
578 462
604 179
573 588
571 80
577 537
576 584
575 445
574 205
61 498
62 598
259 435
64 358
65 32
66 214
67 601
252 333
69 64
250 30
257 109
254 482
602 93
508 104
506 218
507 410
504 384
500 17
468 558
465 61
464 340
461 386
460 72
463 39
462 374
169 81
165 58
166 403
167 278
161 54
163 201
357 210
355 293
354 34
353 586
352 230
350 182
359 133
358 382
217 367
214 212
215 411
212 193
210 270
218 243
219 49
288 372
4 597
280 560
282 7
285 276
284 423
287 234
262 409
264 335
59 387
58 521
55 238
54 8
57 55
56 94
51 27
53 43
537 219
536 324
535 357
63 149
532 318
531 127
530 428
115 603
114 312
117 579
116 88
111 552
113 275
119 404
429 165
428 130
421 195
423 319
422 208
425 63
424 306
427 398
426 66
309 28
300 44
301 298
304 188
306 155
307 227
568 468
569 285
560 166
562 396
563 604
565 511
567 150
228 141
227 241
225 355
223 580
221 590
151 414
150 309
153 116
152 321
155 417
603 578
156 291
159 532
158 114
608 173
399 288
398 342
48 120
49 608
46 440
44 126
45 19
42 451
43 147
41 82
5 181
487 187
486 361
484 582
482 524
481 23
480 343
473 481
470 602
471 158
476 11
477 95
474 477
475 407
478 129
358 344
1 0
486 346
346 347
339 340
561 341
341 342
344 343
391 348
348 349
594 595
600 606
607 594
297 298
300 299
297 296
303 297
295 294
339 295
300 292
292 293
289 290
292 291
609 591
591 590
594 593
591 592
200 199
242 198
594 597
594 596
196 195
233 194
198 197
206 196
192 191
249 190
192 193
263 192
269 270
269 271
273 272
279 273
273 274
273 275
277 276
323 277
277 278
281 279
525 524
534 525
546 526
526 527
543 520
520 521
545 522
522 523
600 599
526 528
526 529
450 449
483 448
450 443
443 442
476 441
441 440
448 447
443 446
443 445
443 444
107 108
110 109
189 102
102 103
247 100
100 101
107 106
265 107
105 104
209 105
40 39
37 38
52 33
33 32
235 31
31 30
160 37
115 36
36 35
33 34
479 438
438 439
433 436
438 437
433 434
433 435
433 432
512 433
533 430
430 431
572 339
339 338
336 335
333 334
336 337
341 336
329 331
329 330
339 333
329 332
344 345
229 6
100 99
96 98
92 91
89 90
92 93
131 92
92 95
92 94
96 97
236 96
557 559
557 558
564 555
553 554
564 557
555 556
550 551
555 550
557 553
553 552
239 238
251 239
233 234
255 235
263 236
255 237
229 230
229 231
233 232
242 233
33 1
615 614
145 146
148 147
145 144
261 145
196 142
142 143
139 140
142 141
614 612
612 613
609 610
612 611
222 148
148 149
132 133
160 132
246 131
131 130
136 137
183 136
136 135
132 134
516 494
496 495
224 139
139 138
489 490
502 491
491 492
494 493
25 24
237 25
25 26
25 27
21 20
124 21
132 22
22 23
25 28
25 29
406 407
483 406
404 405
467 404
448 403
403 402
400 401
533 400
408 409
483 408
378 379
388 378
489 371
371 370
420 373
371 372
376 375
373 374
376 377
392 376
499 393
514 392
89 88
194 89
418 397
393 396
393 395
393 394
83 82
157 83
79 80
79 81
110 86
86 87
83 84
86 85
6 7
600 601
612 607
572 586
572 587
572 584
572 585
572 582
572 583
572 580
572 581
572 588
572 589
244 245
249 244
265 247
263 246
239 241
239 240
244 243
256 242
616 615
267 249
249 248
520 519
543 518
509 511
509 510
514 513
518 512
516 515
526 514
518 517
546 516
457 458
460 459
456 450
452 451
512 452
452 453
452 454
456 455
488 456
466 457
180 179
263 178
178 177
175 176
260 175
175 174
172 173
216 172
172 171
198 170
183 182
256 183
216 180
180 181
256 186
186 187
183 184
186 185
189 188
253 189
12 11
9 10
12 13
168 12
190 15
15 14
18 17
15 16
18 19
194 18
63 62
323 322
600 323
600 320
320 321
323 326
323 327
323 324
323 325
329 328
572 329
200 201
246 200
207 203
203 202
203 205
203 204
220 207
246 206
235 209
207 208
76 77
229 76
76 75
73 74
102 73
73 72
70 71
160 70
206 79
79 78
1 2
539 542
546 543
539 540
539 541
550 546
546 547
543 544
546 545
9 8
546 548
546 549
170 68
594 598
121 120
164 121
121 122
124 123
190 124
124 125
124 126
128 127
164 128
128 129
411 414
416 415
522 416
416 417
411 410
479 411
411 412
411 413
499 498
441 418
418 419
502 499
320 319
315 318
572 313
311 312
572 311
311 310
315 317
315 316
572 315
313 314
533 496
496 497
4 3
369 368
380 369
411 366
366 367
363 364
366 365
363 362
469 363
373 360
360 361
483 380
380 381
383 382
494 383
383 384
505 385
385 386
388 387
392 388
388 389
600 605
572 579
572 578
600 604
572 573
609 572
572 571
607 570
572 577
572 576
572 575
572 574
216 60
60 61
268 258
260 259
63 64
63 65
63 66
68 67
253 252
70 69
249 250
266 251
258 256
258 257
253 254
263 255
600 603
600 602
509 508
539 509
505 506
505 507
503 504
543 505
526 502
545 503
499 500
526 501
503 469
467 468
466 465
460 464
488 467
479 466
460 461
469 460
460 463
460 462
263 168
168 169
236 164
164 165
164 166
168 167
239 160
162 161
247 162
162 163
615 600
37 9
356 357
408 356
354 355
406 354
354 353
351 352
356 351
351 350
360 359
457 358
239 216
218 217
213 214
213 215
213 212
229 213
211 210
260 211
260 218
220 219
300 289
289 288
92 4
302 281
281 280
302 283
283 282
286 285
283 284
286 287
295 286
267 263
261 262
263 261
268 260
269 267
267 266
269 265
263 264
279 269
269 268
60 59
56 58
54 55
68 54
56 57
132 56
50 51
170 50
52 53
100 52
538 537
534 536
534 535
190 63
538 533
526 532
526 531
526 530
546 539
546 538
222 115
112 114
118 117
115 116
112 111
209 110
112 113
260 253
118 119
189 118
430 429
427 428
545 534
420 421
467 420
526 423
423 422
502 425
425 424
509 427
425 426
600 308
308 309
303 300
300 301
600 302
568 303
305 304
315 305
305 306
308 307
609 568
568 569
561 560
570 561
561 562
561 563
570 564
566 565
594 566
566 567
256 229
226 228
226 227
256 226
226 225
266 224
222 223
251 222
220 221
237 220
526 391
391 390
148 151
148 150
154 153
148 152
154 155
211 154
224 157
157 156
157 159
157 158
178 112
614 609
609 608
400 399
397 398
47 48
50 49
47 46
124 47
43 44
43 45
40 42
209 43
222 40
40 41
6 5
501 489
514 488
488 487
525 486
501 485
483 484
485 483
479 482
479 481
479 480
505 472
472 473
469 470
472 471
514 476
476 477
472 474
472 475
479 478
485 479
