426
647
0
590 8
592 9
610 10
569 12
298 16
296 17
299 20
290 22
288 23
300 18
301 27
291 29
293 30
568 11
608 32
579 40
583 42
586 43
310 49
584 50
285 55
294 57
287 58
340 59
333 60
334 62
338 63
580 64
313 65
585 67
331 71
330 72
314 76
312 78
332 79
316 82
317 83
328 85
304 87
318 89
306 90
329 68
589 92
576 95
578 96
575 98
587 99
573 101
582 102
571 104
588 106
577 107
581 108
574 109
611 111
613 113
597 115
567 120
565 121
593 124
595 123
556 128
562 131
560 133
337 137
335 138
342 139
563 140
554 145
552 146
551 148
542 150
523 154
536 157
535 158
524 160
486 161
347 164
346 163
540 170
519 172
521 173
548 174
537 176
497 179
495 180
399 183
401 184
429 186
431 187
541 191
490 194
372 196
370 197
482 204
410 205
412 206
413 208
411 201
367 213
365 214
414 215
481 219
439 220
437 221
478 223
480 224
465 227
458 228
358 229
345 232
343 233
352 236
350 237
357 241
409 243
355 247
353 248
354 244
407 250
447 252
402 254
403 253
381 258
368 260
369 259
484 262
515 265
384 268
382 269
493 270
528 271
531 274
507 276
423 279
422 281
506 282
471 285
473 287
475 288
474 290
385 291
386 293
532 296
529 297
492 302
491 301
424 306
426 308
425 307
500 311
498 313
394 315
396 318
395 319
393 314
504 325
362 328
364 329
470 331
461 333
460 332
463 337
459 339
464 341
462 342
511 343
348 345
349 347
390 348
508 350
428 353
427 352
510 355
379 362
378 360
387 365
389 366
487 368
405 373
404 372
468 375
421 377
374 379
359 381
361 382
449 387
442 388
444 390
445 392
446 393
455 394
415 396
417 397
527 400
375 402
377 401
513 404
477 407
476 405
440 410
419 412
397 413
398 415
530 416
517 421
451 424
454 426
453 427
432 429
435 431
434 433
436 435
433 430
544 437
547 438
549 439
559 440
558 441
598 442
594 114
596 444
606 449
309 453
605 454
601 455
599 456
602 460
325 464
322 465
324 467
278 470
276 471
327 472
326 473
603 474
604 476
307 477
321 479
319 480
282 483
284 484
280 486
274 488
275 491
272 492
270 494
42 498
39 500
41 501
116 505
115 503
36 507
35 509
223 511
147 514
151 515
152 518
150 519
149 520
241 525
69 527
71 528
173 532
171 533
59 536
61 537
179 539
181 540
240 541
22 544
23 546
133 548
8 552
10 553
38 554
134 557
106 561
108 562
271 563
57 564
56 555
58 567
238 568
185 573
187 574
225 578
227 580
215 582
212 585
5 587
7 588
231 591
214 593
230 594
77 596
75 597
228 598
257 600
232 604
197 606
49 609
51 610
67 612
54 613
55 615
234 617
88 620
90 621
19 623
17 624
184 627
135 629
182 630
137 631
174 634
176 635
210 639
155 641
153 642
259 644
119 646
72 648
74 650
117 653
188 654
103 655
217 658
218 657
252 661
254 662
243 666
245 667
250 669
248 671
65 674
64 676
66 679
62 680
63 673
123 684
48 688
46 689
126 690
20 693
21 692
125 695
16 697
14 698
146 705
144 706
262 707
96 711
97 714
98 715
122 719
120 720
165 722
129 724
127 725
166 726
30 729
31 728
105 732
104 734
109 737
87 739
85 740
44 742
43 741
45 745
28 753
29 755
24 756
26 757
27 758
221 759
219 761
208 763
204 765
202 767
205 768
113 770
177 773
111 774
114 775
264 777
141 783
143 784
81 786
80 788
78 789
195 780
140 792
158 796
82 799
83 798
84 802
159 803
156 804
138 805
199 807
201 808
130 811
92 812
91 817
95 818
4 820
3 822
94 823
93 824
193 826
191 827
11 830
13 831
169 833
167 834
163 837
161 838
99 840
101 842
53 844
32 846
34 848
2 850
0 851
0 1
1 2
2 3
3 6
6 7
7 8
7 9
6 10
3 11
11 12
11 14
14 15
15 16
15 17
14 18
18 19
19 20
19 21
21 22
21 23
18 27
18 28
28 29
28 30
3 32
3 33
33 34
34 40
34 41
41 42
41 43
34 47
47 48
48 49
48 50
47 54
54 55
54 56
56 57
56 58
47 59
47 60
60 62
47 63
34 64
34 65
34 67
34 68
68 71
68 72
68 75
75 76
75 78
75 79
68 80
80 82
80 83
80 84
84 85
84 87
84 88
88 89
88 90
68 92
34 95
34 96
34 98
34 99
34 101
34 102
34 104
34 105
105 106
105 107
34 108
33 109
2 110
110 111
110 112
112 113
112 114
114 115
114 119
119 120
119 121
114 123
123 124
114 126
126 127
127 128
127 130
130 131
130 133
130 134
134 135
135 136
136 137
136 138
135 139
134 140
127 141
141 142
142 144
144 145
144 146
142 147
147 148
147 149
149 150
149 151
151 152
152 153
153 154
153 155
155 156
156 157
156 158
155 159
159 160
159 161
161 163
163 164
152 167
167 170
167 171
171 172
171 173
167 174
167 175
175 176
175 177
177 178
178 179
178 180
177 182
182 183
182 184
177 185
185 186
185 187
152 188
188 190
190 191
190 192
192 193
193 194
193 195
195 196
195 197
192 198
198 199
199 201
201 202
202 203
203 204
203 205
202 206
201 208
201 212
212 213
212 214
201 215
199 218
218 219
218 220
199 221
199 223
199 224
199 225
225 226
226 227
226 228
225 229
229 231
231 232
231 233
198 234
234 235
235 236
235 237
234 240
240 241
240 243
240 244
244 247
244 248
244 250
234 251
251 252
251 253
253 254
234 257
257 258
257 259
259 260
234 262
188 263
263 264
264 265
264 266
266 267
267 268
267 269
266 270
263 271
188 274
188 275
275 276
275 279
279 281
275 282
275 283
283 284
284 285
284 286
286 287
286 288
283 289
289 290
289 291
291 293
188 296
188 297
188 300
300 301
301 302
300 305
305 306
305 307
307 308
300 310
310 311
310 313
310 314
314 315
314 318
314 319
188 321
321 322
322 323
323 324
324 325
324 326
326 327
327 328
327 329
326 331
326 332
332 333
332 337
332 338
338 339
338 341
338 342
323 343
322 344
344 345
345 347
344 348
321 349
349 350
349 352
352 353
349 355
188 357
357 360
360 362
360 365
360 366
357 367
367 368
367 370
370 372
372 373
370 375
370 376
376 377
376 378
378 379
378 380
380 381
380 382
367 384
384 385
385 386
386 387
386 388
385 390
385 392
385 393
384 394
367 395
395 396
395 397
357 399
399 400
399 401
401 402
357 404
357 405
405 407
405 409
409 410
409 411
411 412
411 413
413 415
188 416
151 419
419 420
420 421
420 422
422 424
422 426
422 427
422 428
428 429
428 430
430 431
430 433
430 435
419 437
151 438
151 439
142 440
141 441
126 442
114 444
1 445
445 449
445 450
450 453
450 454
450 455
450 456
445 459
459 460
459 461
461 464
461 465
461 467
461 468
468 469
469 470
469 471
468 472
461 473
445 474
445 476
445 477
445 478
478 479
478 480
445 481
481 482
482 483
482 484
481 485
485 486
485 487
487 488
487 490
490 491
490 492
487 493
493 494
493 496
496 497
497 498
497 500
497 501
496 502
502 503
503 505
503 507
507 509
502 511
502 512
512 513
513 514
513 515
512 518
512 519
512 520
493 522
522 524
524 525
524 526
526 527
526 528
522 529
529 530
530 531
531 532
531 533
530 535
535 536
535 537
530 538
538 539
538 540
529 541
522 543
543 544
544 546
543 548
543 550
550 551
551 552
551 553
550 554
543 555
555 556
556 557
556 559
559 560
560 561
560 562
559 563
556 564
555 567
522 568
493 569
569 570
570 572
572 573
572 574
570 575
575 577
577 578
577 580
577 581
581 582
581 584
584 585
584 586
586 587
586 588
581 589
589 591
589 592
592 593
592 594
589 595
595 596
595 597
575 598
575 599
599 600
599 602
602 603
603 604
603 605
605 606
605 607
607 608
608 609
608 610
607 611
611 612
611 613
613 615
602 616
616 617
616 618
618 619
619 620
619 621
618 622
622 623
622 624
599 625
625 626
626 627
626 629
626 630
625 631
570 632
632 633
633 634
633 635
632 638
638 639
638 640
640 641
640 642
632 643
643 644
643 645
645 646
645 647
647 648
647 650
647 651
651 652
652 653
652 654
651 655
632 657
657 658
632 660
660 661
660 662
569 664
664 665
665 666
665 667
664 669
664 670
670 671
670 672
672 673
673 674
673 676
673 679
673 680
672 683
683 684
683 687
687 688
687 689
683 690
683 692
692 693
683 695
672 696
696 697
696 698
569 699
699 700
700 703
703 704
704 705
704 706
703 707
700 709
709 710
710 711
711 713
713 714
713 715
710 716
716 718
718 719
718 720
716 722
716 723
723 724
723 725
716 726
709 727
727 728
728 729
727 731
731 732
732 734
731 735
735 736
736 737
736 738
738 739
738 740
735 741
741 742
741 745
700 746
746 747
747 748
748 749
749 750
750 753
750 755
750 756
750 757
750 758
749 759
748 761
748 762
762 763
762 764
764 765
764 767
764 768
747 769
769 770
769 772
772 773
772 774
769 775
746 777
746 778
778 780
780 781
781 782
782 783
782 784
781 785
785 786
785 788
785 789
778 791
791 792
791 794
794 796
794 798
798 799
798 802
794 803
794 804
791 805
778 806
806 807
806 808
700 809
809 810
810 811
810 812
812 817
812 818
812 820
820 822
812 823
812 824
809 825
825 826
825 827
700 828
828 829
829 830
829 831
828 833
828 834
699 835
835 836
836 837
836 838
835 839
839 840
839 842
839 843
843 844
843 845
845 846
845 848
845 849
849 850
849 851
