433
597
597
0 0
346 346
341 341
342 342
343 343
348 348
349 349
594 594
298 298
299 299
297 297
294 294
292 292
293 293
291 291
590 590
199 199
198 198
194 194
197 197
196 196
191 191
270 270
272 272
273 273
274 274
276 276
278 278
525 525
526 526
527 527
520 520
521 521
523 523
449 449
448 448
442 442
441 441
447 447
445 445
444 444
109 109
103 103
100 100
101 101
106 106
107 107
105 105
39 39
38 38
33 33
32 32
31 31
37 37
36 36
34 34
438 438
439 439
437 437
434 434
435 435
432 432
431 431
339 339
335 335
337 337
336 336
331 331
330 330
333 333
332 332
345 345
6 6
98 98
91 91
90 90
93 93
95 95
94 94
97 97
96 96
559 559
558 558
555 555
554 554
557 557
556 556
551 551
550 550
553 553
552 552
234 234
236 236
237 237
230 230
231 231
232 232
1 1
146 146
147 147
145 145
142 142
143 143
140 140
148 148
149 149
133 133
132 132
130 130
137 137
499 499
135 135
495 495
139 139
497 497
491 491
493 493
25 25
26 26
20 20
21 21
22 22
23 23
28 28
29 29
407 407
405 405
404 404
403 403
402 402
400 400
408 408
379 379
371 371
370 370
373 373
372 372
375 375
377 377
376 376
393 393
392 392
88 88
390 390
396 396
395 395
394 394
83 83
80 80
81 81
87 87
84 84
85 85
586 586
587 587
584 584
583 583
580 580
581 581
588 588
589 589
245 245
244 244
246 246
241 241
240 240
243 243
242 242
519 519
511 511
512 512
515 515
517 517
516 516
458 458
459 459
450 450
451 451
454 454
455 455
457 457
178 178
177 177
595 595
175 175
174 174
173 173
171 171
170 170
182 182
183 183
180 180
2 2
186 186
187 187
185 185
188 188
189 189
11 11
10 10
13 13
14 14
17 17
16 16
19 19
18 18
62 62
322 322
323 323
320 320
321 321
326 326
324 324
325 325
328 328
329 329
201 201
202 202
205 205
204 204
207 207
209 209
77 77
76 76
74 74
72 72
70 70
79 79
78 78
542 542
543 543
540 540
541 541
546 546
547 547
544 544
8 8
549 549
120 120
121 121
122 122
124 124
125 125
126 126
128 128
414 414
416 416
410 410
411 411
413 413
498 498
418 418
419 419
319 319
318 318
313 313
311 311
310 310
317 317
316 316
315 315
314 314
496 496
368 368
366 366
367 367
365 365
362 362
363 363
361 361
380 380
382 382
383 383
385 385
386 386
387 387
389 389
579 579
572 572
571 571
570 570
577 577
575 575
574 574
60 60
61 61
258 258
259 259
64 64
66 66
67 67
69 69
250 250
251 251
253 253
257 257
254 254
255 255
509 509
506 506
507 507
504 504
503 503
500 500
501 501
468 468
465 465
464 464
466 466
461 461
460 460
463 463
462 462
169 169
164 164
166 166
167 167
160 160
162 162
163 163
9 9
357 357
356 356
355 355
354 354
353 353
351 351
359 359
358 358
215 215
212 212
213 213
210 210
218 218
219 219
289 289
288 288
4 4
281 281
280 280
283 283
282 282
284 284
287 287
286 286
262 262
261 261
260 260
264 264
268 268
58 58
55 55
54 54
57 57
51 51
50 50
52 52
536 536
535 535
534 534
533 533
531 531
539 539
538 538
115 115
117 117
110 110
113 113
112 112
118 118
429 429
428 428
421 421
420 420
423 423
422 422
425 425
426 426
308 308
309 309
300 300
302 302
303 303
305 305
306 306
307 307
568 568
569 569
560 560
561 561
562 562
563 563
564 564
566 566
567 567
228 228
226 226
224 224
222 222
221 221
391 391
150 150
153 153
152 152
155 155
157 157
156 156
159 159
158 158
398 398
48 48
49 49
46 46
44 44
45 45
42 42
41 41
5 5
489 489
487 487
486 486
485 485
484 484
483 483
482 482
481 481
480 480
472 472
471 471
476 476
477 477
475 475
479 479
452 344
1 0
344 346
401 347
505 340
384 341
341 342
344 343
347 348
350 349
593 595
593 594
324 298
298 299
551 296
296 297
295 294
551 295
290 292
290 293
295 290
290 291
592 591
585 590
596 593
593 592
198 199
220 198
597 596
203 195
195 194
195 197
195 196
192 191
229 190
252 193
216 192
269 270
277 271
271 272
271 273
275 274
576 275
275 276
279 277
277 278
576 279
530 524
524 525
524 526
528 527
518 520
522 521
528 522
522 523
529 528
530 529
446 449
446 448
453 443
443 442
440 441
490 440
446 447
490 446
446 445
443 444
229 108
108 109
252 102
102 103
99 100
102 101
239 106
108 107
157 104
104 105
40 39
37 38
157 33
33 32
30 31
154 30
116 37
35 36
192 35
35 34
436 438
436 439
484 436
436 437
433 434
436 435
433 432
484 433
494 430
430 431
338 339
399 338
334 335
340 334
338 337
390 336
332 331
329 330
332 333
352 332
344 345
7 6
181 99
99 98
92 91
89 90
92 93
192 92
157 95
95 94
95 97
95 96
551 559
551 558
551 555
551 554
551 557
551 556
585 551
551 550
551 553
551 552
256 238
248 239
235 234
239 235
235 236
238 237
229 230
229 231
229 232
244 233
5 1
144 146
144 147
211 144
144 145
141 142
144 143
141 140
235 141
144 148
144 149
134 133
131 132
216 131
131 130
136 137
168 136
134 135
193 134
514 494
494 495
138 139
190 138
524 490
492 491
508 492
492 493
229 24
24 25
27 26
179 27
19 20
22 21
73 22
24 23
27 28
30 29
406 407
436 406
406 405
401 404
401 403
401 402
436 401
399 400
417 409
409 408
378 379
409 378
372 371
369 370
374 373
446 372
374 375
474 374
378 377
374 376
392 393
505 392
89 88
203 89
494 397
397 396
394 395
508 394
129 82
82 83
78 80
82 81
192 86
86 87
82 84
86 85
65 7
585 586
585 587
585 584
591 585
596 582
582 583
578 580
582 581
585 588
585 589
244 245
263 244
256 247
247 246
239 241
239 240
239 243
239 242
252 249
263 248
518 519
530 518
510 511
518 510
518 513
513 512
514 515
530 514
518 517
514 516
456 458
456 459
446 450
446 451
469 452
478 453
453 454
456 455
473 456
456 457
244 179
179 178
176 177
239 176
176 175
172 174
172 173
217 172
172 171
168 170
252 253
211 182
184 183
181 180
239 181
184 186
184 187
248 184
184 185
184 188
190 189
12 11
9 10
12 13
244 12
59 15
15 14
18 17
15 16
223 19
165 18
63 62
334 322
324 323
318 320
322 321
327 326
340 327
347 324
324 325
327 328
364 329
200 201
239 200
206 203
203 202
206 205
203 204
208 207
229 206
208 209
223 208
78 77
75 76
235 75
75 74
229 73
71 72
129 71
71 70
78 79
138 78
3 2
537 542
537 543
537 540
537 541
545 546
548 547
545 544
548 545
7 8
565 548
548 549
119 120
119 121
123 122
239 123
123 124
123 125
127 126
220 127
127 128
229 129
415 414
452 415
415 416
440 417
409 410
412 411
469 412
412 413
494 498
417 418
420 419
494 499
318 319
505 318
312 313
336 312
312 311
308 310
316 317
352 316
312 315
312 314
494 496
494 497
249 3
369 368
473 369
364 366
364 367
401 364
364 365
479 362
362 363
409 360
360 361
381 380
505 381
381 382
384 383
417 384
386 385
479 386
388 387
430 388
388 389
256 252
578 579
591 578
593 573
573 572
565 571
565 570
578 577
592 576
573 575
573 574
59 60
59 61
256 258
256 259
63 64
239 65
65 66
65 67
182 68
68 69
249 250
252 251
266 256
256 257
252 254
252 255
529 508
510 509
505 506
508 507
505 504
518 505
513 502
502 503
494 500
502 501
474 469
467 468
460 465
460 464
478 467
467 466
460 461
505 460
460 463
460 462
211 168
168 169
165 164
239 165
165 166
168 167
161 160
184 161
161 162
161 163
127 9
460 357
355 356
427 355
353 354
484 353
397 352
350 351
436 350
360 359
357 358
244 216
227 217
229 214
214 215
211 212
214 213
208 210
238 211
217 218
220 219
290 289
285 288
3 4
282 281
279 280
282 283
296 282
551 285
285 284
285 287
285 286
265 263
263 262
256 261
256 260
269 267
267 266
266 265
265 264
271 269
267 268
106 59
59 58
56 55
53 54
56 57
200 56
104 51
51 50
227 53
53 52
565 537
537 536
534 535
184 63
532 533
537 532
532 531
532 530
537 539
537 538
114 115
244 114
116 117
151 116
136 111
111 110
114 113
111 112
244 119
119 118
427 429
427 428
537 534
420 421
494 420
424 423
420 422
424 425
484 424
452 427
427 426
470 308
308 309
301 300
324 301
301 302
304 303
364 304
304 305
307 306
364 307
565 568
565 569
551 560
551 561
551 562
551 563
565 564
592 565
565 566
565 567
244 229
227 228
233 227
225 226
233 225
225 224
256 223
220 222
220 221
247 220
390 391
484 390
239 151
144 150
154 153
151 152
154 155
182 154
238 157
157 156
157 159
157 158
505 399
399 398
47 48
47 49
47 46
193 47
43 44
43 45
43 42
157 43
73 40
40 41
68 5
488 489
494 488
484 487
484 486
484 485
505 484
484 483
479 482
479 481
479 480
470 472
494 473
518 470
470 471
474 476
474 477
494 474
474 475
490 478
488 479
