189
349
0
275 3
276 4
271 7
273 9
249 11
247 12
105 18
103 20
102 21
136 24
144 25
124 31
123 33
125 34
140 35
126 37
128 38
145 40
143 41
137 43
141 45
142 46
139 48
138 49
129 53
131 54
251 55
135 58
134 59
132 60
255 64
254 66
252 68
256 69
114 74
116 75
117 78
94 80
92 81
108 84
96 88
113 89
109 91
110 92
106 93
111 94
97 99
101 100
100 102
99 103
122 105
120 106
118 107
121 108
231 114
229 115
232 116
242 117
234 123
236 124
237 125
239 127
244 128
243 130
245 132
246 133
241 134
61 140
74 141
35 143
33 144
21 153
12 154
7 156
8 157
16 159
14 160
86 161
91 163
54 165
11 168
9 169
69 171
70 172
76 175
64 178
47 180
45 181
48 183
28 186
67 187
26 188
6 191
4 192
38 196
40 197
31 199
29 200
71 202
59 203
55 207
57 208
19 210
17 211
79 212
80 215
25 218
37 220
24 221
83 222
90 227
65 228
41 231
43 232
44 233
89 235
82 236
62 238
77 239
85 242
50 243
2 246
3 247
22 249
0 251
1 252
266 256
268 257
261 260
225 262
218 264
226 267
211 269
210 270
220 273
227 275
228 277
262 278
260 280
223 281
214 284
212 285
257 286
264 292
263 293
222 294
217 295
216 296
201 299
209 303
207 304
206 305
204 307
202 308
195 315
192 316
191 317
193 319
189 320
194 321
146 327
148 328
165 330
167 332
168 333
197 335
198 336
155 338
157 339
176 344
174 345
182 346
152 349
154 350
151 352
149 353
162 358
164 359
171 361
169 363
172 364
177 366
158 369
160 370
161 371
180 373
179 374
186 376
184 377
0 1
1 2
2 3
2 4
1 5
5 7
5 8
8 9
8 10
10 11
10 12
5 13
13 14
14 15
15 17
17 18
17 19
19 20
19 21
15 22
22 23
23 24
23 25
22 26
26 27
27 29
29 30
30 31
30 33
30 34
29 35
27 36
36 37
36 38
27 40
27 41
26 42
42 43
42 44
44 45
44 46
15 48
15 49
14 50
50 51
51 52
52 53
52 54
51 55
50 56
56 58
56 59
56 60
13 62
62 63
63 64
63 65
65 66
65 67
67 68
67 69
62 70
70 71
71 72
72 73
73 74
73 75
72 76
76 77
77 78
77 79
79 80
79 81
76 82
82 84
82 85
85 87
87 88
87 89
85 90
90 91
90 92
85 93
82 94
71 95
95 96
96 97
97 99
97 100
97 101
101 102
101 103
96 104
104 105
104 106
95 107
70 108
13 109
109 110
110 111
111 112
112 113
113 114
113 115
112 116
111 117
110 118
118 119
119 120
120 122
122 123
122 124
120 125
120 126
126 127
126 128
119 129
129 130
129 132
129 133
118 134
109 135
135 136
136 137
137 138
138 139
139 140
139 141
138 142
142 143
142 144
137 146
146 147
147 148
148 149
149 150
150 151
151 152
152 153
152 154
151 155
155 156
155 157
150 158
158 159
158 160
149 161
148 162
162 163
162 164
164 165
164 166
166 167
167 168
167 169
166 170
170 171
170 172
147 173
173 174
174 175
174 176
176 177
177 178
177 179
179 180
179 181
176 182
182 183
182 185
185 186
185 187
182 188
173 189
189 190
190 191
190 192
189 193
193 195
195 196
195 197
193 198
198 199
198 200
193 201
201 202
201 203
146 205
205 206
206 207
206 208
205 209
209 210
209 211
146 212
137 213
213 214
214 215
214 216
216 217
217 218
217 219
219 220
219 221
216 222
213 224
224 225
225 226
226 227
226 228
225 229
229 231
229 232
229 233
224 234
234 235
234 236
213 237
237 238
237 239
136 240
240 241
241 242
241 243
240 244
244 245
245 246
245 247
244 248
248 249
248 250
250 251
250 252
135 253
253 254
254 255
255 256
255 257
254 258
258 259
259 260
259 262
259 264
259 265
265 266
266 267
266 268
268 269
268 270
265 272
272 273
272 274
274 275
274 276
276 277
276 278
265 279
279 280
279 281
258 282
282 283
283 284
283 285
282 286
253 287
287 288
288 289
289 290
290 291
291 292
291 293
290 294
289 295
288 296
287 297
297 298
298 299
298 300
300 301
301 302
302 303
302 304
301 305
300 306
306 307
306 308
297 309
309 311
311 312
312 313
313 314
314 315
314 316
313 317
312 318
318 319
318 320
311 321
309 322
322 323
323 324
324 325
325 326
326 327
326 328
325 329
329 330
329 331
331 332
331 333
324 334
334 335
334 336
323 337
337 338
337 339
322 340
340 343
343 344
343 345
340 346
340 347
347 348
348 349
348 350
347 351
351 352
351 353
340 354
354 356
356 358
356 359
356 360
360 361
360 362
362 363
362 364
354 365
365 366
365 367
367 369
367 370
367 371
354 372
372 373
372 374
309 375
375 376
375 377
