189
189
189
0 0
1 1
2 2
3 3
4 4
6 5
7 6
8 7
9 8
11 9
12 10
14 11
16 12
17 13
19 14
21 15
22 16
24 17
25 18
26 19
28 20
29 21
31 22
33 23
35 24
37 25
38 26
40 27
41 28
43 29
44 30
45 31
47 32
48 33
50 34
54 35
55 36
57 37
59 38
61 39
62 40
64 41
65 42
67 43
69 44
70 45
71 46
74 47
76 48
77 49
79 50
80 51
82 52
83 53
85 54
86 55
89 56
90 57
91 58
92 59
94 60
96 61
97 62
99 63
100 64
101 65
102 66
103 67
105 68
106 69
108 70
109 71
110 72
111 73
113 74
114 75
116 76
117 77
118 78
120 79
121 80
122 81
123 82
124 83
125 84
126 85
128 86
129 87
131 88
132 89
134 90
135 91
136 92
138 93
137 94
139 95
140 96
141 97
142 98
143 99
144 100
145 101
146 102
148 103
149 104
151 105
152 106
154 107
155 108
157 109
158 110
160 111
161 112
162 113
164 114
165 115
167 116
168 117
169 118
171 119
172 120
174 121
176 122
177 123
179 124
180 125
182 126
184 127
186 128
189 129
191 130
192 131
193 132
194 133
195 134
197 135
198 136
201 137
202 138
204 139
206 140
207 141
209 142
210 143
211 144
212 145
214 146
216 147
217 148
218 149
220 150
222 151
223 152
225 153
226 154
227 155
228 156
229 157
231 158
232 159
234 160
236 161
237 162
239 163
241 164
242 165
243 166
244 167
245 168
246 169
247 170
249 171
251 172
252 173
254 174
255 175
256 176
257 177
260 178
261 179
262 180
263 181
264 182
266 183
268 184
271 185
273 186
275 187
276 188
189 187
187 82
82 94
94 98
82 83
82 84
82 96
94 97
94 100
94 85
94 86
94 88
94 91
94 92
94 99
94 172
94 66
94 93
66 67
88 87
91 89
94 101
94 95
94 173
173 176
173 64
64 63
63 65
65 62
63 79
79 81
79 75
79 78
79 80
75 70
70 71
71 72
70 73
70 69
71 74
70 77
71 61
75 76
176 175
187 188
66 68
77 60
60 59
91 90
187 186
173 174
186 170
170 171
187 185
65 32
32 31
32 55
55 11
11 12
55 17
17 25
11 6
6 7
6 10
10 15
17 18
17 52
52 40
40 57
52 56
55 35
55 45
55 46
32 41
40 3
3 2
46 27
11 48
12 58
40 4
4 5
52 53
55 8
8 9
55 23
55 50
3 16
16 1
1 0
23 24
32 20
35 51
40 42
41 29
29 28
29 30
55 47
4 38
6 19
20 43
35 21
21 22
45 44
27 26
55 14
14 13
40 49
55 39
32 33
32 34
32 37
37 36
57 54
189 181
181 151
181 182
151 148
151 147
151 138
138 139
138 140
138 142
138 141
138 137
181 184
181 156
156 155
155 150
156 180
155 143
143 144
155 152
150 149
152 178
155 154
155 179
155 153
143 146
146 145
145 177
184 183
137 131
131 134
134 127
134 133
133 132
133 135
134 130
135 136
135 116
116 117
116 103
103 102
117 122
116 115
116 124
124 125
124 119
119 120
120 118
125 110
110 111
116 109
124 123
127 128
109 108
110 112
116 104
104 105
116 107
107 106
119 114
122 121
132 129
116 126
117 113
81 165
165 160
160 161
160 162
161 167
160 166
160 159
159 158
158 157
160 164
167 163
160 168
160 169
