189
277
277
216 103
217 45
214 261
212 122
210 29
211 83
218 162
132 244
131 237
137 204
136 214
135 59
134 189
139 264
138 12
24 154
25 28
26 125
167 113
21 105
22 97
223 195
28 262
29 228
161 137
0 121
4 172
8 117
220 44
120 229
121 216
122 54
123 22
124 41
125 16
126 256
264 247
128 91
129 245
268 120
59 132
55 64
54 180
57 171
50 239
164 152
201 251
198 86
195 126
194 85
197 1
191 143
193 257
192 21
227 90
114 7
117 193
89 61
111 155
110 48
113 197
176 140
82 128
83 31
80 38
86 8
118 135
165 220
85 186
251 111
207 106
206 201
226 255
257 141
3 144
254 231
7 26
245 124
244 4
108 79
109 40
241 50
243 242
242 2
102 62
103 43
100 236
101 158
106 14
105 218
38 167
33 232
31 273
37 9
247 191
35 212
246 69
252 263
271 249
61 138
62 161
64 217
65 136
179 19
67 131
177 108
69 123
174 96
256 165
172 148
171 37
255 33
222 67
249 246
182 149
180 99
2 177
162 114
184 11
6 276
186 70
189 168
202 110
273 271
99 25
168 77
169 179
229 209
228 6
91 225
90 176
225 139
92 266
160 76
94 100
97 47
96 234
11 226
12 192
14 157
17 74
16 194
19 82
116 92
204 57
275 151
151 241
152 169
155 254
154 174
157 146
158 182
239 142
234 55
236 184
237 227
231 65
232 223
48 206
47 210
44 222
45 260
43 129
40 160
41 243
1 268
9 109
146 116
144 134
145 35
142 198
143 17
140 252
141 71
209 118
148 89
149 164
77 101
76 202
74 275
71 207
70 94
79 3
263 145
262 211
261 102
260 24
276 0
266 80
215 216
215 217
213 214
221 215
213 212
258 213
259 210
210 211
166 165
263 264
267 265
219 218
224 219
250 133
133 132
130 131
250 130
250 137
137 136
133 135
133 134
137 139
137 138
181 166
36 24
24 25
27 26
51 27
32 20
20 21
23 22
52 23
159 160
27 28
30 29
159 161
1 0
5 4
7 8
170 163
228 227
265 258
119 120
119 121
119 122
137 123
123 124
123 125
127 126
137 127
127 128
130 129
274 269
267 268
166 167
119 118
58 59
72 58
56 55
53 54
56 57
84 56
75 51
49 50
88 53
88 52
265 259
163 164
200 201
200 199
178 179
203 200
190 195
190 194
196 197
188 178
190 191
199 190
190 193
190 192
119 115
115 114
95 88
88 89
107 111
107 110
112 113
115 112
81 82
81 83
81 80
88 81
87 86
88 87
88 84
84 85
250 251
196 198
253 256
205 206
224 226
258 257
52 3
178 177
253 254
13 7
248 247
272 273
253 255
253 119
224 225
240 245
240 244
107 108
107 109
240 241
269 240
240 243
240 242
104 102
102 103
98 100
98 101
107 106
112 107
137 104
104 105
58 39
39 38
34 33
88 32
30 31
53 30
36 37
60 36
34 35
88 34
240 246
253 252
208 205
224 223
175 176
81 60
60 61
63 62
88 63
63 64
66 65
84 66
66 67
73 68
68 69
187 175
175 174
183 173
170 172
170 171
188 170
205 203
221 222
187 181
269 253
270 271
183 182
187 183
178 180
3 2
163 162
196 187
185 184
5 6
219 220
185 186
196 188
190 189
203 202
199 196
263 221
190 185
98 99
119 98
166 168
170 169
230 229
259 228
88 91
88 90
95 93
93 92
107 95
93 94
98 97
95 96
10 11
68 10
20 13
13 12
32 15
15 14
18 17
15 16
18 19
66 18
115 117
269 250
115 116
277 274
203 204
274 275
150 151
173 150
173 153
153 152
156 155
153 154
156 157
181 156
178 159
159 158
235 234
240 238
240 239
205 207
238 235
235 236
238 237
233 230
230 231
233 232
240 233
259 224
49 48
75 49
51 46
46 47
42 44
46 45
87 42
42 43
39 40
42 41
23 1
88 5
10 9
274 272
147 146
166 147
137 144
137 145
137 142
137 143
137 140
137 141
208 209
215 208
147 148
150 149
78 77
75 76
88 75
73 74
88 73
88 72
72 71
68 70
272 248
78 79
88 78
267 263
248 249
259 262
259 261
274 270
259 260
274 276
270 267
267 266
