189
302
0
275 3
276 4
271 8
268 10
266 12
257 16
214 18
212 19
211 24
210 23
225 28
261 29
218 33
220 34
227 31
228 37
262 39
226 40
223 41
260 42
264 44
263 45
222 48
217 50
216 52
202 54
206 58
209 60
207 61
204 62
201 64
174 66
169 74
172 75
164 77
171 78
162 79
161 83
158 85
160 86
177 87
180 89
179 90
148 96
146 97
165 99
168 101
167 102
157 105
155 106
198 107
182 108
154 112
152 113
186 114
151 116
149 117
194 120
195 124
184 125
192 126
189 129
193 130
191 131
197 132
176 133
273 135
247 137
249 138
251 141
131 144
129 145
134 148
132 150
135 151
138 157
139 158
136 159
142 162
102 166
103 168
105 169
144 171
128 173
126 174
145 175
125 178
124 181
140 182
123 177
143 184
137 152
141 186
254 189
252 190
256 192
255 194
121 196
97 201
101 202
100 204
99 205
118 206
241 211
242 213
245 217
246 219
243 220
236 224
234 225
237 226
231 229
229 230
232 231
244 233
239 234
122 209
120 236
114 238
116 240
111 244
108 246
109 248
113 251
96 252
110 253
106 254
117 256
94 259
92 260
44 263
43 265
41 266
38 268
83 271
80 272
50 275
74 278
54 279
61 281
35 283
33 284
55 290
57 291
17 293
19 294
47 298
45 299
64 301
48 303
67 305
26 307
28 308
76 310
12 314
8 316
7 315
21 318
14 320
16 321
29 324
31 325
40 326
79 329
9 334
11 335
69 337
70 338
86 339
71 340
24 347
37 349
25 350
85 352
91 353
59 355
4 357
6 358
82 362
89 363
77 365
65 366
62 367
90 368
2 371
3 370
22 374
1 375
0 377
0 1
1 3
1 4
1 5
5 7
7 8
7 9
9 10
9 11
11 12
11 13
13 14
14 15
15 16
15 17
17 18
17 19
14 20
20 21
21 22
22 23
23 24
22 28
22 29
22 31
31 32
32 33
32 34
31 37
37 39
22 40
21 41
20 42
13 43
43 44
43 45
45 47
47 48
47 49
49 50
49 51
51 52
51 53
53 54
53 55
55 57
57 58
57 59
59 60
59 61
55 62
55 63
63 64
63 65
65 66
65 67
67 68
68 70
70 71
71 73
73 74
73 75
71 76
76 77
76 78
71 79
70 82
82 83
82 85
82 86
70 87
70 89
70 90
68 93
93 94
94 95
95 96
95 97
94 99
94 101
94 102
93 103
103 104
104 105
104 106
103 107
68 108
68 109
109 110
110 111
111 112
111 113
110 114
109 115
115 116
115 117
68 118
118 119
119 120
119 123
123 124
123 125
119 126
119 128
128 129
128 130
119 131
118 132
67 133
5 134
134 135
134 136
136 137
136 138
5 139
139 140
140 141
140 143
143 144
143 145
140 147
147 148
147 150
147 151
140 152
152 156
156 157
156 158
152 159
152 162
152 164
164 165
165 166
166 168
165 169
164 171
164 172
172 173
172 174
152 175
152 177
177 178
177 181
177 182
152 184
152 186
139 187
187 189
187 190
187 191
191 192
191 194
191 195
195 196
195 199
199 200
200 201
200 202
199 204
199 205
195 206
195 209
209 210
210 211
210 212
212 213
212 215
215 216
216 217
216 219
216 220
215 221
221 223
223 224
223 225
221 226
221 227
227 228
228 229
228 230
227 231
212 232
232 233
232 234
195 236
195 237
237 238
237 240
237 241
241 242
242 244
242 246
242 247
247 248
247 251
247 252
247 253
242 254
241 255
255 256
255 257
257 258
258 259
258 260
257 261
261 262
262 263
262 265
262 266
261 267
267 268
267 270
270 271
270 272
267 273
273 274
274 275
274 277
277 278
277 279
274 280
280 281
280 282
282 283
282 284
273 288
288 289
289 290
289 291
288 292
292 293
292 294
273 295
295 296
296 297
297 298
297 299
296 301
296 302
302 303
302 304
304 305
304 306
306 307
306 308
295 309
309 310
309 311
311 312
312 313
313 314
313 315
315 316
312 318
311 319
319 320
319 321
273 323
323 324
323 325
273 326
273 328
328 329
328 331
331 332
332 333
333 334
333 335
332 336
336 337
336 338
331 339
328 340
273 341
341 345
345 346
346 347
347 349
346 350
345 351
351 352
351 353
341 354
354 355
354 356
356 357
356 358
341 360
360 362
360 363
360 364
364 365
364 366
341 367
341 368
341 369
369 370
370 371
369 373
373 374
373 375
375 377
