473
643
1
358 2
389 3
253 9
199 14
431 20
420 22
455 24
480 25
458 29
486 36
533 45
441 53
410 58
515 61
386 63
511 68
365 69
402 71
382 72
605 81
331 94
283 96
398 99
260 100
504 103
372 104
536 105
510 107
593 112
292 122
171 129
226 133
220 135
185 140
137 143
152 145
147 147
79 154
10 157
41 159
33 163
3 165
51 173
23 175
1 176
56 180
142 183
126 184
225 191
238 195
272 197
271 199
249 200
274 202
282 212
334 214
359 218
194 227
0 230
2 231
4 232
6 233
7 234
8 235
9 236
11 237
13 238
14 239
16 240
17 241
19 242
20 243
21 244
24 245
26 246
27 247
28 248
30 249
32 250
35 251
36 252
38 253
39 254
43 255
44 256
45 257
46 258
48 259
49 260
50 261
52 262
53 263
54 264
55 265
57 266
59 267
60 268
62 269
63 270
64 271
66 272
67 273
69 274
70 275
72 276
73 277
74 278
75 279
76 280
77 281
78 282
80 283
81 284
82 285
83 286
84 287
85 288
86 289
87 290
88 291
89 292
90 293
91 294
92 295
93 296
94 297
95 298
97 299
98 300
99 301
101 302
103 303
105 304
106 305
107 306
108 307
109 308
111 309
112 310
114 311
115 312
117 313
119 314
121 315
122 316
124 317
127 318
129 319
130 320
132 321
133 322
135 323
136 324
138 325
139 326
140 327
141 328
143 329
144 330
145 331
146 332
149 333
150 334
153 335
155 336
156 337
158 338
160 339
161 340
163 341
164 342
165 343
166 344
168 345
170 346
172 347
173 348
174 349
176 350
177 351
179 352
181 353
183 354
186 355
187 356
188 357
189 358
191 359
193 360
196 361
197 362
200 363
202 364
204 365
206 366
207 367
209 368
210 369
211 370
212 371
213 372
215 373
216 374
217 375
222 376
223 377
228 378
229 379
232 380
233 381
235 382
237 383
239 384
240 385
241 386
242 387
244 388
245 389
247 390
248 391
250 392
252 393
255 394
256 395
257 396
259 397
262 398
264 399
265 400
267 401
270 402
273 403
275 404
276 405
277 406
278 407
279 408
280 409
281 410
284 411
285 412
287 413
289 414
290 415
291 416
293 417
294 418
295 419
296 420
297 421
298 422
299 423
300 424
302 425
303 426
305 427
306 428
308 429
309 430
311 431
312 432
314 433
315 434
317 435
318 436
319 437
320 438
321 439
322 440
323 441
324 442
325 443
326 444
327 445
329 446
330 447
332 448
335 449
337 450
338 451
341 452
343 453
344 454
346 455
347 456
349 457
350 458
351 459
353 460
354 461
355 462
357 463
360 464
361 465
363 466
364 467
366 468
367 469
370 470
371 471
374 472
375 473
377 474
378 475
381 476
383 477
385 478
387 479
388 480
390 481
391 482
392 483
393 484
395 485
396 486
397 487
399 488
400 489
401 490
403 491
405 492
406 493
407 494
408 495
411 496
412 497
414 498
415 499
416 500
418 501
419 502
421 503
422 504
424 505
425 506
427 507
428 508
429 509
430 510
432 511
433 512
434 513
436 514
437 515
439 516
440 517
443 518
444 519
445 520
446 521
447 522
448 523
449 524
450 525
452 526
453 527
456 528
459 529
461 530
462 531
465 532
466 533
468 534
469 535
471 536
474 537
476 538
477 539
478 540
479 541
482 542
483 543
485 544
488 545
490 546
491 547
493 548
495 549
496 550
497 551
498 552
500 553
502 554
503 555
505 556
506 557
507 558
508 559
509 560
512 561
513 562
514 563
516 564
517 565
519 566
520 567
521 568
522 569
523 570
524 571
525 572
527 573
528 574
530 575
531 576
534 577
537 578
538 579
540 580
541 581
543 582
544 583
545 584
546 585
547 586
549 587
550 588
552 589
553 590
555 591
556 592
558 593
559 594
561 595
562 596
563 597
564 598
565 599
567 600
568 601
570 602
571 603
573 604
574 605
576 606
577 607
579 608
581 609
582 610
584 611
585 612
587 613
588 614
590 615
592 616
594 617
595 618
596 619
597 620
598 621
600 622
602 623
603 624
606 625
607 626
608 627
609 628
610 629
611 630
612 631
614 632
616 633
619 634
620 635
622 636
624 637
626 638
627 639
629 640
632 641
633 642
634 643
635 644
1 2
2 3
2 4
2 5
5 6
5 7
5 8
8 9
5 10
2 11
11 12
11 13
11 14
2 15
15 16
16 17
17 18
18 19
18 20
17 21
21 22
17 23
23 24
23 25
17 26
26 27
26 28
26 29
16 30
30 31
31 32
31 33
33 34
34 35
33 36
36 37
36 38
30 39
39 40
15 41
41 42
42 43
42 44
41 45
2 46
2 47
47 48
48 49
49 50
50 51
51 52
51 53
53 54
53 55
53 56
56 57
56 58
50 59
59 60
48 61
48 62
48 63
63 64
63 65
65 66
63 67
63 68
63 69
63 70
63 71
48 72
48 73
73 74
48 75
75 76
75 77
77 78
78 79
78 80
78 81
75 82
82 83
82 84
84 85
84 86
82 87
87 88
87 89
75 90
75 91
47 92
92 93
93 94
94 95
93 96
96 97
96 98
92 99
99 100
92 101
101 102
101 103
103 104
103 105
103 106
103 107
103 108
101 109
101 110
92 111
92 112
112 113
113 114
47 115
47 116
47 117
117 118
118 119
119 120
117 121
2 122
122 123
123 124
124 125
125 126
126 127
125 128
125 129
125 130
130 131
123 132
132 133
123 134
134 135
134 136
123 137
137 138
137 139
137 140
123 141
123 142
142 143
143 144
144 145
143 146
146 147
146 148
143 149
143 150
143 151
151 152
143 153
153 154
154 155
154 156
154 157
154 158
154 159
154 160
160 161
160 162
160 163
160 164
160 165
160 166
160 167
154 168
154 169
154 170
170 171
170 172
154 173
154 174
174 175
174 176
153 177
177 178
153 179
179 180
179 181
143 182
143 183
183 184
122 185
185 186
186 187
187 188
188 189
186 190
190 191
190 192
186 193
193 194
193 195
185 196
196 197
197 198
185 199
185 200
185 201
185 202
185 203
122 204
204 205
122 206
2 207
207 208
208 209
208 210
208 211
211 212
212 213
208 214
208 215
2 216
216 217
2 218
2 219
219 220
220 221
220 222
222 223
222 224
222 225
222 226
219 227
219 228
228 229
176 230
165 231
171 232
171 233
156 234
167 235
157 236
164 237
168 238
229 239
229 240
162 241
168 242
173 243
174 244
161 245
161 246
161 247
170 248
170 249
158 250
154 251
172 252
162 253
160 254
156 255
156 256
156 257
156 258
162 259
170 260
170 261
173 262
173 263
154 264
180 265
160 266
166 267
228 268
152 269
228 270
158 271
158 272
178 273
178 274
160 275
160 276
160 277
160 278
166 279
160 280
167 281
174 282
154 283
174 284
154 285
156 286
154 287
168 288
154 289
154 290
169 291
154 292
154 293
169 294
154 295
154 296
162 297
155 298
155 299
155 300
150 301
180 302
179 303
179 304
179 305
179 306
181 307
149 308
149 309
177 310
177 311
148 312
143 313
143 314
143 315
182 316
182 317
149 318
149 319
151 320
151 321
151 322
142 323
143 324
143 325
146 326
143 327
143 328
143 329
143 330
143 331
143 332
142 333
144 334
126 335
126 336
142 337
142 338
142 339
142 340
126 341
127 342
127 343
127 344
125 345
128 346
224 347
224 348
224 349
224 350
130 351
131 352
62 353
225 354
222 355
222 356
226 357
10 358
223 359
223 360
4 361
132 362
194 363
223 364
188 365
189 366
221 367
137 368
205 369
139 370
138 371
190 372
134 373
192 374
187 375
89 376
190 377
132 378
137 379
124 380
134 381
193 382
186 383
141 384
186 385
186 386
193 387
134 388
196 389
203 390
200 391
200 392
136 393
7 394
8 395
185 396
185 397
216 398
216 399
213 400
213 401
185 402
185 403
185 404
185 405
201 406
185 407
185 408
196 409
185 410
96 411
211 412
211 413
216 414
217 415
217 416
122 417
204 418
122 419
122 420
122 421
122 422
122 423
96 424
97 425
97 426
206 427
111 428
111 429
95 430
95 431
74 432
63 433
207 434
210 435
208 436
215 437
210 438
209 439
208 440
208 441
207 442
208 443
93 444
6 445
97 446
98 447
94 448
92 449
109 450
93 451
49 452
49 453
90 454
90 455
88 456
88 457
46 458
101 459
101 460
73 461
99 462
91 463
198 464
103 465
101 466
108 467
69 468
69 469
101 470
70 471
101 472
116 473
103 474
75 475
75 476
110 477
63 478
63 479
63 480
63 481
63 482
63 483
63 484
106 485
103 486
64 487
99 488
67 489
63 490
59 491
59 492
28 493
28 494
28 495
56 496
57 497
57 498
57 499
54 500
56 501
22 502
22 503
51 504
51 505
52 506
52 507
51 508
52 509
20 510
26 511
26 512
32 513
32 514
19 515
18 516
53 517
56 518
55 519
56 520
56 521
53 522
56 523
56 524
56 525
17 526
13 527
26 528
21 529
21 530
27 531
26 532
17 533
17 534
23 535
18 536
23 537
27 538
18 539
23 540
23 541
31 542
34 543
34 544
37 545
33 546
85 547
85 548
60 549
60 550
60 551
34 552
34 553
33 554
48 555
103 556
103 557
47 558
103 559
115 560
103 561
63 562
67 563
103 564
63 565
35 566
33 567
35 568
33 569
35 570
35 571
39 572
39 573
42 574
42 575
41 576
42 577
43 578
42 579
42 580
42 581
42 582
44 583
42 584
42 585
42 586
86 587
44 588
44 589
83 590
83 591
39 592
39 593
119 594
120 595
119 596
119 597
119 598
40 599
40 600
40 601
40 602
40 603
114 604
81 605
81 606
121 607
35 608
33 609
35 610
113 611
76 612
65 613
38 614
38 615
113 616
81 617
81 618
81 619
81 620
79 621
79 622
81 623
81 624
81 625
81 626
81 627
81 628
81 629
81 630
65 631
65 632
118 633
15 634
77 635
77 636
81 637
66 638
78 639
78 640
77 641
80 642
78 643
77 644
