473
636
636
344 300
0 297
346 538
347 633
341 78
343 311
349 314
595 432
606 130
619 97
298 176
299 428
296 70
297 272
294 147
295 359
292 60
293 562
290 431
291 9
590 401
593 412
592 103
199 504
594 528
597 400
596 520
194 278
197 114
196 445
191 378
193 594
270 191
271 607
272 296
273 155
274 414
275 252
276 163
277 488
278 534
279 16
524 82
525 142
527 350
520 424
521 312
522 574
523 344
528 506
449 143
448 418
443 290
441 619
440 255
447 524
446 202
445 39
444 447
108 354
109 177
598 56
103 419
101 95
106 581
107 516
105 242
39 1
38 0
33 602
32 585
30 112
36 331
35 126
439 83
436 381
437 43
434 474
432 77
433 486
430 284
431 522
338 459
335 156
334 10
337 281
331 204
330 189
332 441
6 317
99 28
98 36
91 6
90 337
93 210
92 260
95 437
94 11
97 321
559 51
558 541
555 170
556 324
550 289
553 570
552 544
238 106
239 239
235 552
237 449
232 320
233 608
1 207
146 587
147 49
144 119
145 395
142 508
143 122
140 568
141 493
612 225
610 250
611 502
616 546
614 247
149 559
622 117
133 160
132 397
130 565
137 280
136 485
135 165
495 399
139 89
138 367
490 240
491 145
493 490
24 525
26 277
27 2
20 584
21 197
23 327
28 271
407 270
406 632
405 302
403 186
402 57
401 222
400 349
629 415
408 99
378 136
371 402
370 90
372 410
375 325
374 531
377 458
393 88
392 386
88 511
89 232
397 456
396 576
395 592
82 27
83 411
80 45
81 330
86 279
87 187
84 229
85 86
7 498
607 496
587 13
584 67
585 7
582 30
581 605
588 477
245 235
244 425
247 63
241 115
240 433
242 390
249 421
248 101
519 73
511 3
510 212
513 196
512 341
515 355
514 141
517 211
516 253
458 174
459 138
620 361
627 264
626 295
624 416
450 79
452 558
453 74
455 563
456 306
179 371
177 495
176 536
174 107
173 353
172 515
171 294
170 206
253 375
183 422
181 440
186 161
187 194
185 549
188 149
189 466
11 624
10 436
13 609
14 389
17 347
16 468
19 92
322 510
323 52
320 291
321 140
326 209
327 245
324 483
325 393
329 293
200 20
202 24
204 193
207 275
206 164
209 469
77 553
76 540
75 478
74 133
73 455
72 188
70 505
79 137
78 14
2 377
543 443
540 556
541 403
546 303
547 267
544 26
545 146
8 387
549 64
121 603
122 629
124 446
126 262
127 75
129 537
414 329
415 238
416 406
410 181
411 185
412 611
498 241
418 547
419 53
319 292
318 305
312 388
311 326
317 319
315 597
314 144
496 32
497 199
3 444
366 318
367 124
364 298
365 383
363 635
360 372
361 507
381 276
382 606
383 427
385 98
386 139
387 512
388 285
389 85
579 135
573 69
571 287
570 346
577 453
576 111
574 429
60 41
62 626
259 398
64 332
66 38
67 81
252 244
69 93
250 8
256 571
257 627
255 407
602 408
508 35
509 365
506 200
507 46
504 476
505 555
502 179
503 171
500 357
632 462
633 309
469 323
468 223
465 382
466 497
461 44
462 622
168 533
164 91
165 561
166 366
160 567
161 80
163 248
9 420
357 343
355 519
354 527
353 364
351 33
350 335
359 479
358 62
216 237
217 363
215 577
212 582
213 172
210 55
211 448
289 370
4 598
281 521
280 228
283 257
282 600
285 530
284 471
287 620
262 503
260 217
267 590
265 50
264 256
59 166
55 72
54 19
57 233
56 283
51 595
50 273
53 282
52 550
537 616
536 299
63 226
533 213
531 450
530 491
538 132
115 480
114 168
117 59
111 579
112 216
119 265
429 338
428 17
534 183
421 105
420 308
422 564
425 173
424 593
427 94
308 158
309 358
300 596
302 121
303 434
305 109
306 4
568 573
561 545
562 392
563 405
564 76
565 150
567 129
229 461
228 391
226 430
225 23
223 610
222 322
220 439
391 360
390 374
605 249
150 215
153 108
152 84
155 274
600 152
603 315
156 396
158 48
609 500
608 66
634 127
399 465
635 259
398 517
48 513
49 514
46 385
44 588
45 614
43 54
41 21
488 452
486 509
485 612
483 220
482 543
480 351
471 634
476 334
477 523
474 87
478 153
479 482
345 344
1 0
345 346
348 347
365 340
342 341
368 342
342 343
379 348
348 349
605 595
605 606
595 594
618 619
292 298
292 299
292 296
292 297
292 294
292 295
304 292
292 293
288 290
288 291
617 591
589 590
591 593
591 592
198 199
227 198
595 597
595 596
219 195
195 194
198 197
195 196
190 191
192 190
192 193
203 192
269 270
269 271
269 272
269 273
269 274
269 275
269 276
269 277
269 278
269 279
518 524
526 525
557 526
526 527
518 520
518 521
518 522
518 523
623 599
529 528
542 529
442 449
442 448
442 443
475 442
442 441
441 440
442 447
442 446
442 445
442 444
104 108
110 109
116 102
104 103
125 100
102 101
104 106
104 107
116 104
104 105
40 39
37 38
34 33
31 32
79 31
29 30
71 37
37 36
34 35
79 34
472 438
438 439
435 436
438 437
435 434
472 435
463 432
432 433
431 430
451 431
340 339
339 338
336 335
333 334
336 337
369 336
339 331
328 330
344 333
331 332
356 345
5 6
100 99
96 98
79 91
79 90
79 93
79 92
96 95
79 94
96 97
100 96
560 559
557 558
554 555
591 554
569 557
557 556
554 551
548 550
554 553
551 552
236 238
236 239
243 234
236 235
269 236
236 237
243 230
243 231
231 232
234 233
51 1
613 614
137 146
137 147
137 144
137 145
137 142
137 143
137 140
137 141
613 612
618 613
605 610
605 611
615 616
618 617
157 148
148 149
631 623
621 622
134 133
131 132
137 131
131 130
159 137
137 136
134 135
148 134
501 494
494 495
137 139
137 138
489 490
492 491
501 492
492 493
25 24
71 25
25 26
25 27
51 20
22 21
31 22
22 23
29 28
47 29
406 407
409 406
404 405
494 404
404 403
401 402
504 401
401 400
630 629
442 409
409 408
631 628
380 379
379 378
369 371
369 370
504 373
373 372
376 375
373 374
376 377
504 376
625 618
386 393
386 392
79 88
79 89
396 397
504 396
394 395
504 394
79 82
79 83
79 80
79 81
79 86
79 87
79 84
79 85
42 7
605 601
605 607
613 586
586 587
583 584
586 585
580 582
591 583
615 580
580 581
589 588
604 589
246 245
243 244
246 247
269 246
236 241
236 240
251 243
236 242
617 615
269 249
249 248
518 519
580 518
504 511
504 510
504 513
504 512
504 515
504 514
504 517
504 516
457 458
460 459
628 621
621 620
628 627
625 626
630 625
623 624
442 450
467 451
451 452
454 453
475 454
454 455
457 456
464 457
180 179
180 178
178 177
175 176
184 175
175 174
175 173
173 172
169 171
169 170
254 253
201 182
184 183
182 180
182 181
184 186
184 187
190 184
184 185
184 188
184 189
12 11
79 10
12 13
79 12
61 15
15 14
18 17
15 16
20 19
71 18
61 62
316 322
316 323
316 320
316 321
340 326
326 327
316 324
316 325
365 328
328 329
231 201
201 200
221 203
203 202
218 205
205 204
208 207
205 206
208 209
230 208
71 77
71 76
71 75
71 74
71 73
71 72
79 71
71 70
110 79
79 78
3 2
548 542
542 543
539 540
542 541
542 546
542 547
542 544
542 545
7 8
551 548
548 549
113 68
599 598
137 120
120 121
123 122
137 123
123 124
137 125
125 126
128 127
137 128
128 129
413 414
413 415
417 416
442 417
411 410
442 411
413 412
442 413
499 498
417 418
420 419
518 499
316 319
316 318
352 313
313 312
310 311
331 310
316 317
333 316
316 315
313 314
494 496
494 497
18 3
380 368
504 369
365 366
365 367
362 364
504 365
504 362
362 363
358 360
362 361
504 380
380 381
380 382
384 383
394 384
386 385
504 386
386 387
386 388
386 389
623 605
580 579
591 578
605 604
572 573
583 572
572 571
569 570
578 577
575 576
601 575
575 574
61 60
118 61
269 258
258 259
65 64
79 65
65 66
68 67
251 252
68 69
249 250
258 251
254 256
258 257
268 254
254 255
604 603
601 602
504 508
504 509
504 506
504 507
613 504
504 505
501 502
504 503
499 500
518 501
631 630
636 631
631 632
631 633
470 469
467 468
464 465
475 464
475 467
467 466
460 461
472 460
464 463
463 462
169 168
178 169
162 164
162 165
162 166
169 167
159 160
159 161
167 162
162 163
599 600
10 9
356 357
380 356
356 355
352 354
352 353
504 352
352 351
348 350
358 359
380 358
214 216
218 217
224 214
214 215
208 212
214 213
208 210
208 211
236 218
243 219
288 289
368 288
5 4
269 281
269 280
301 283
316 282
286 285
283 284
286 287
316 286
288 263
263 262
268 261
261 260
266 267
282 266
266 265
263 264
292 269
328 268
58 59
71 58
56 55
79 54
58 57
102 56
79 51
51 50
51 53
51 52
535 537
535 536
542 535
61 63
532 533
542 532
532 531
529 530
542 539
539 538
113 115
113 114
118 117
159 116
110 111
128 110
118 113
113 112
120 119
137 118
426 429
426 428
535 534
420 421
460 420
426 423
423 422
426 425
423 424
426 427
442 426
307 308
310 309
301 300
328 301
301 302
301 303
358 304
304 305
307 306
384 307
569 568
583 569
578 560
560 561
560 562
560 563
560 564
566 565
569 566
566 567
230 229
227 228
234 227
227 226
224 225
269 224
224 223
221 222
261 221
219 220
386 391
386 390
157 151
151 150
154 153
151 152
154 155
162 154
159 157
157 156
167 159
157 158
605 609
605 608
631 634
396 399
631 635
396 398
47 48
47 49
42 46
79 47
42 44
42 45
79 42
42 43
54 40
40 41
47 5
518 489
487 488
499 487
487 486
484 485
499 484
484 483
481 482
489 481
475 480
473 472
475 473
473 470
470 471
475 476
475 477
475 474
481 475
475 478
475 479
