473
636
636
344 545
0 80
346 16
347 19
341 585
343 351
349 241
595 74
606 242
619 302
298 188
299 119
296 55
297 453
294 466
295 341
292 79
293 401
290 506
291 177
590 600
593 222
592 616
199 144
594 237
597 129
596 509
194 537
197 262
196 458
191 44
193 200
270 0
271 56
272 513
273 627
274 443
275 391
276 568
277 522
278 135
279 541
524 173
525 278
527 306
520 527
521 41
522 27
523 6
528 577
449 62
448 267
443 521
441 353
440 407
447 490
446 334
445 550
444 523
108 450
109 512
598 90
103 400
101 160
106 176
107 547
105 132
39 559
38 406
33 315
32 88
30 445
36 387
35 293
439 388
436 72
437 396
434 367
432 622
433 528
430 247
431 596
338 398
335 325
334 360
337 576
331 7
330 552
332 225
6 382
99 1
98 553
91 465
90 432
93 514
92 213
95 274
94 533
97 571
559 36
558 249
555 289
556 97
550 235
553 312
552 531
238 220
239 106
235 317
237 146
232 606
233 620
1 608
146 565
147 498
144 449
145 365
142 17
143 602
140 87
141 91
612 427
610 124
611 139
616 422
614 354
149 483
622 66
133 179
132 216
130 425
137 515
136 279
135 20
495 486
139 634
138 574
490 69
491 344
493 147
24 207
26 455
27 83
20 277
21 349
23 191
28 53
407 210
406 561
405 321
403 479
402 193
401 588
400 546
629 485
408 508
378 257
371 421
370 54
372 273
375 23
374 300
377 153
393 329
392 92
88 374
89 9
397 505
396 619
395 145
82 166
83 567
80 26
81 469
86 99
87 370
84 516
85 593
7 392
607 60
587 386
584 14
585 503
582 594
581 150
588 156
245 337
244 299
247 2
241 78
240 478
242 253
249 81
248 291
519 347
511 429
510 418
513 223
512 462
515 170
514 152
517 64
516 614
458 117
459 76
620 549
627 138
626 496
624 477
450 4
452 283
453 111
455 459
456 199
179 570
177 480
176 424
174 440
173 287
172 439
171 517
170 70
253 581
183 196
181 412
186 357
187 366
185 303
188 468
189 416
11 474
10 573
13 322
14 330
17 538
16 582
19 229
322 434
323 556
320 491
321 130
326 323
327 204
324 544
325 308
329 452
200 141
202 8
204 161
207 285
206 504
209 239
77 633
76 265
75 52
74 206
73 297
72 10
70 587
79 419
78 408
2 520
543 524
540 67
541 335
546 89
547 326
544 433
545 389
8 165
549 476
121 103
122 378
124 93
126 338
127 399
129 298
414 446
415 270
416 519
410 626
411 536
412 320
498 447
418 164
419 45
319 359
318 305
312 3
311 260
317 35
315 632
314 149
496 259
497 448
3 38
366 57
367 497
364 495
365 393
363 50
360 282
361 39
381 82
382 482
383 271
385 355
386 405
387 276
388 49
389 228
579 540
573 611
571 500
570 311
577 105
576 240
574 140
60 158
62 510
259 390
64 543
66 115
67 86
252 255
69 507
250 84
256 94
257 324
255 59
602 211
508 233
509 471
506 564
507 411
504 294
505 85
502 403
503 309
500 32
632 202
633 428
469 63
468 296
465 598
466 75
461 217
462 441
168 525
164 13
165 502
166 143
160 244
161 332
163 43
9 361
357 48
355 181
354 444
353 172
351 107
350 101
359 127
358 385
216 245
217 605
215 350
212 375
213 264
210 126
211 171
289 137
4 189
281 252
280 461
283 21
282 109
285 122
284 133
287 343
262 372
260 584
267 114
265 284
264 24
59 381
55 603
54 436
57 256
56 331
51 280
50 530
53 364
52 174
537 430
536 456
63 488
533 136
531 142
530 212
538 597
115 197
114 377
117 250
111 609
112 226
119 290
429 420
428 194
534 187
421 383
420 28
422 281
425 33
424 183
427 318
308 121
309 534
300 410
302 562
303 30
305 248
306 397
568 555
561 77
562 563
563 629
564 292
565 73
567 493
229 215
228 635
226 579
225 275
223 414
222 168
220 431
391 327
390 511
605 590
150 415
153 209
152 402
155 11
600 437
603 163
156 272
158 314
609 155
608 358
634 95
399 238
635 558
398 51
48 624
49 592
46 346
44 185
45 371
43 395
41 295
488 595
486 98
485 232
483 363
482 46
480 319
471 186
476 612
477 108
474 607
478 610
479 112
345 344
1 0
345 346
348 347
365 340
342 341
368 342
342 343
379 348
348 349
605 595
605 606
595 594
618 619
292 298
292 299
292 296
292 297
292 294
292 295
304 292
292 293
288 290
288 291
617 591
589 590
591 593
591 592
198 199
227 198
595 597
595 596
219 195
195 194
198 197
195 196
190 191
192 190
192 193
203 192
269 270
269 271
269 272
269 273
269 274
269 275
269 276
269 277
269 278
269 279
518 524
526 525
557 526
526 527
518 520
518 521
518 522
518 523
623 599
529 528
542 529
442 449
442 448
442 443
475 442
442 441
441 440
442 447
442 446
442 445
442 444
104 108
110 109
116 102
104 103
125 100
102 101
104 106
104 107
116 104
104 105
40 39
37 38
34 33
31 32
79 31
29 30
71 37
37 36
34 35
79 34
472 438
438 439
435 436
438 437
435 434
472 435
463 432
432 433
431 430
451 431
340 339
339 338
336 335
333 334
336 337
369 336
339 331
328 330
344 333
331 332
356 345
5 6
100 99
96 98
79 91
79 90
79 93
79 92
96 95
79 94
96 97
100 96
560 559
557 558
554 555
591 554
569 557
557 556
554 551
548 550
554 553
551 552
236 238
236 239
243 234
236 235
269 236
236 237
243 230
243 231
231 232
234 233
51 1
613 614
137 146
137 147
137 144
137 145
137 142
137 143
137 140
137 141
613 612
618 613
605 610
605 611
615 616
618 617
157 148
148 149
631 623
621 622
134 133
131 132
137 131
131 130
159 137
137 136
134 135
148 134
501 494
494 495
137 139
137 138
489 490
492 491
501 492
492 493
25 24
71 25
25 26
25 27
51 20
22 21
31 22
22 23
29 28
47 29
406 407
409 406
404 405
494 404
404 403
401 402
504 401
401 400
630 629
442 409
409 408
631 628
380 379
379 378
369 371
369 370
504 373
373 372
376 375
373 374
376 377
504 376
625 618
386 393
386 392
79 88
79 89
396 397
504 396
394 395
504 394
79 82
79 83
79 80
79 81
79 86
79 87
79 84
79 85
42 7
605 601
605 607
613 586
586 587
583 584
586 585
580 582
591 583
615 580
580 581
589 588
604 589
246 245
243 244
246 247
269 246
236 241
236 240
251 243
236 242
617 615
269 249
249 248
518 519
580 518
504 511
504 510
504 513
504 512
504 515
504 514
504 517
504 516
457 458
460 459
628 621
621 620
628 627
625 626
630 625
623 624
442 450
467 451
451 452
454 453
475 454
454 455
457 456
464 457
180 179
180 178
178 177
175 176
184 175
175 174
175 173
173 172
169 171
169 170
254 253
201 182
184 183
182 180
182 181
184 186
184 187
190 184
184 185
184 188
184 189
12 11
79 10
12 13
79 12
61 15
15 14
18 17
15 16
20 19
71 18
61 62
316 322
316 323
316 320
316 321
340 326
326 327
316 324
316 325
365 328
328 329
231 201
201 200
221 203
203 202
218 205
205 204
208 207
205 206
208 209
230 208
71 77
71 76
71 75
71 74
71 73
71 72
79 71
71 70
110 79
79 78
3 2
548 542
542 543
539 540
542 541
542 546
542 547
542 544
542 545
7 8
551 548
548 549
113 68
599 598
137 120
120 121
123 122
137 123
123 124
137 125
125 126
128 127
137 128
128 129
413 414
413 415
417 416
442 417
411 410
442 411
413 412
442 413
499 498
417 418
420 419
518 499
316 319
316 318
352 313
313 312
310 311
331 310
316 317
333 316
316 315
313 314
494 496
494 497
18 3
380 368
504 369
365 366
365 367
362 364
504 365
504 362
362 363
358 360
362 361
504 380
380 381
380 382
384 383
394 384
386 385
504 386
386 387
386 388
386 389
623 605
580 579
591 578
605 604
572 573
583 572
572 571
569 570
578 577
575 576
601 575
575 574
61 60
118 61
269 258
258 259
65 64
79 65
65 66
68 67
251 252
68 69
249 250
258 251
254 256
258 257
268 254
254 255
604 603
601 602
504 508
504 509
504 506
504 507
613 504
504 505
501 502
504 503
499 500
518 501
631 630
636 631
631 632
631 633
470 469
467 468
464 465
475 464
475 467
467 466
460 461
472 460
464 463
463 462
169 168
178 169
162 164
162 165
162 166
169 167
159 160
159 161
167 162
162 163
599 600
10 9
356 357
380 356
356 355
352 354
352 353
504 352
352 351
348 350
358 359
380 358
214 216
218 217
224 214
214 215
208 212
214 213
208 210
208 211
236 218
243 219
288 289
368 288
5 4
269 281
269 280
301 283
316 282
286 285
283 284
286 287
316 286
288 263
263 262
268 261
261 260
266 267
282 266
266 265
263 264
292 269
328 268
58 59
71 58
56 55
79 54
58 57
102 56
79 51
51 50
51 53
51 52
535 537
535 536
542 535
61 63
532 533
542 532
532 531
529 530
542 539
539 538
113 115
113 114
118 117
159 116
110 111
128 110
118 113
113 112
120 119
137 118
426 429
426 428
535 534
420 421
460 420
426 423
423 422
426 425
423 424
426 427
442 426
307 308
310 309
301 300
328 301
301 302
301 303
358 304
304 305
307 306
384 307
569 568
583 569
578 560
560 561
560 562
560 563
560 564
566 565
569 566
566 567
230 229
227 228
234 227
227 226
224 225
269 224
224 223
221 222
261 221
219 220
386 391
386 390
157 151
151 150
154 153
151 152
154 155
162 154
159 157
157 156
167 159
157 158
605 609
605 608
631 634
396 399
631 635
396 398
47 48
47 49
42 46
79 47
42 44
42 45
79 42
42 43
54 40
40 41
47 5
518 489
487 488
499 487
487 486
484 485
499 484
484 483
481 482
489 481
475 480
473 472
475 473
473 470
470 471
475 476
475 477
475 474
481 475
475 478
475 479
