473
636
636
344 166
0 477
346 323
347 239
341 609
343 129
349 319
595 573
606 596
619 57
298 90
299 538
296 189
297 627
294 524
295 508
292 552
293 23
290 428
291 216
590 279
593 570
592 177
199 256
594 229
597 585
596 612
194 347
197 416
196 85
191 386
193 305
270 93
271 225
272 509
273 48
274 439
275 543
276 200
277 207
278 337
279 168
524 303
525 206
527 242
520 91
521 155
522 502
523 237
528 550
449 10
448 86
443 312
441 619
440 420
447 381
446 434
445 75
444 257
108 363
109 300
598 132
103 13
101 14
106 244
107 209
105 510
39 38
38 351
33 411
32 107
30 396
36 98
35 119
439 83
436 220
437 450
434 485
432 593
433 360
430 54
431 105
338 171
335 146
334 400
337 598
331 358
330 33
332 594
6 287
99 122
98 406
91 344
90 387
93 115
92 558
95 62
94 507
97 77
559 401
558 139
555 280
556 284
550 429
553 60
552 462
238 56
239 544
235 446
237 275
232 471
233 383
1 498
146 153
147 410
144 355
145 49
142 559
143 549
140 127
141 517
612 531
610 325
611 399
616 126
614 64
149 217
622 385
133 405
132 449
130 388
137 249
136 19
135 581
495 265
139 117
138 262
490 459
491 402
493 391
24 364
26 306
27 525
20 99
21 443
23 418
28 283
407 530
406 0
405 158
403 181
402 534
401 616
400 72
629 51
408 486
378 469
371 335
370 326
372 4
375 302
374 436
377 456
393 17
392 635
88 315
89 318
397 277
396 482
395 174
82 247
83 140
80 392
81 353
86 488
87 260
84 448
85 579
7 84
607 414
587 299
584 497
585 108
582 537
581 540
588 577
245 634
244 21
247 564
241 202
240 66
242 233
249 30
248 142
519 76
511 191
510 185
513 331
512 395
515 444
514 87
517 341
516 297
458 555
459 503
620 412
627 59
626 73
624 39
450 584
452 455
453 523
455 431
456 424
179 427
177 6
176 565
174 160
173 232
172 101
171 1
170 478
253 194
183 587
181 390
186 563
187 522
185 620
188 512
189 547
11 290
10 556
13 393
14 176
17 170
16 223
19 106
322 322
323 371
320 165
321 172
326 149
327 9
324 69
325 211
329 295
200 590
202 78
204 199
207 50
206 27
209 43
77 173
76 292
75 163
74 505
73 235
72 374
70 32
79 458
78 183
2 582
543 349
540 359
541 3
546 562
547 366
544 343
545 453
8 74
549 541
121 259
122 519
124 370
126 204
127 16
129 147
414 89
415 513
416 193
410 250
411 188
412 378
498 152
418 545
419 94
319 156
318 26
312 611
311 490
317 329
315 421
314 521
496 496
497 516
3 334
366 88
367 179
364 145
365 430
363 614
360 354
361 143
381 161
382 197
383 97
385 398
386 133
387 281
388 330
389 240
579 274
573 273
571 52
570 493
577 361
576 215
574 67
60 350
62 45
259 425
64 136
66 114
67 79
252 186
69 314
250 70
256 571
257 403
255 597
602 187
508 515
509 138
506 474
507 622
504 44
505 533
502 141
503 483
500 606
632 255
633 367
469 576
468 602
465 465
466 212
461 607
462 103
168 309
164 222
165 121
166 600
160 2
161 375
163 248
9 574
357 8
355 210
354 332
353 282
351 338
350 164
359 112
358 95
216 372
217 289
215 24
212 495
213 226
210 317
211 397
289 461
4 452
281 595
280 63
283 629
282 245
285 568
284 28
287 632
262 610
260 270
267 11
265 422
264 468
59 466
55 624
54 588
57 137
56 514
51 633
50 271
53 408
52 267
537 80
536 479
63 536
533 440
531 55
530 504
538 603
115 447
114 546
117 561
111 124
112 308
119 500
429 252
428 592
534 36
421 445
420 150
422 608
425 46
424 553
427 82
308 480
309 321
300 311
302 213
303 506
305 491
306 253
568 241
561 276
562 389
563 476
564 407
565 357
567 92
229 285
228 109
226 327
225 415
223 272
222 605
220 365
391 528
390 144
605 527
150 81
153 567
152 441
155 196
600 291
603 293
156 296
158 437
609 520
608 228
634 377
399 324
635 41
398 294
48 53
49 264
46 320
44 278
45 346
43 626
41 135
488 382
486 7
485 298
483 35
482 433
480 432
471 130
476 419
477 111
474 238
478 20
479 511
345 344
1 0
345 346
348 347
365 340
342 341
368 342
342 343
379 348
348 349
605 595
605 606
595 594
618 619
292 298
292 299
292 296
292 297
292 294
292 295
304 292
292 293
288 290
288 291
617 591
589 590
591 593
591 592
198 199
227 198
595 597
595 596
219 195
195 194
198 197
195 196
190 191
192 190
192 193
203 192
269 270
269 271
269 272
269 273
269 274
269 275
269 276
269 277
269 278
269 279
518 524
526 525
557 526
526 527
518 520
518 521
518 522
518 523
623 599
529 528
542 529
442 449
442 448
442 443
475 442
442 441
441 440
442 447
442 446
442 445
442 444
104 108
110 109
116 102
104 103
125 100
102 101
104 106
104 107
116 104
104 105
40 39
37 38
34 33
31 32
79 31
29 30
71 37
37 36
34 35
79 34
472 438
438 439
435 436
438 437
435 434
472 435
463 432
432 433
431 430
451 431
340 339
339 338
336 335
333 334
336 337
369 336
339 331
328 330
344 333
331 332
356 345
5 6
100 99
96 98
79 91
79 90
79 93
79 92
96 95
79 94
96 97
100 96
560 559
557 558
554 555
591 554
569 557
557 556
554 551
548 550
554 553
551 552
236 238
236 239
243 234
236 235
269 236
236 237
243 230
243 231
231 232
234 233
51 1
613 614
137 146
137 147
137 144
137 145
137 142
137 143
137 140
137 141
613 612
618 613
605 610
605 611
615 616
618 617
157 148
148 149
631 623
621 622
134 133
131 132
137 131
131 130
159 137
137 136
134 135
148 134
501 494
494 495
137 139
137 138
489 490
492 491
501 492
492 493
25 24
71 25
25 26
25 27
51 20
22 21
31 22
22 23
29 28
47 29
406 407
409 406
404 405
494 404
404 403
401 402
504 401
401 400
630 629
442 409
409 408
631 628
380 379
379 378
369 371
369 370
504 373
373 372
376 375
373 374
376 377
504 376
625 618
386 393
386 392
79 88
79 89
396 397
504 396
394 395
504 394
79 82
79 83
79 80
79 81
79 86
79 87
79 84
79 85
42 7
605 601
605 607
613 586
586 587
583 584
586 585
580 582
591 583
615 580
580 581
589 588
604 589
246 245
243 244
246 247
269 246
236 241
236 240
251 243
236 242
617 615
269 249
249 248
518 519
580 518
504 511
504 510
504 513
504 512
504 515
504 514
504 517
504 516
457 458
460 459
628 621
621 620
628 627
625 626
630 625
623 624
442 450
467 451
451 452
454 453
475 454
454 455
457 456
464 457
180 179
180 178
178 177
175 176
184 175
175 174
175 173
173 172
169 171
169 170
254 253
201 182
184 183
182 180
182 181
184 186
184 187
190 184
184 185
184 188
184 189
12 11
79 10
12 13
79 12
61 15
15 14
18 17
15 16
20 19
71 18
61 62
316 322
316 323
316 320
316 321
340 326
326 327
316 324
316 325
365 328
328 329
231 201
201 200
221 203
203 202
218 205
205 204
208 207
205 206
208 209
230 208
71 77
71 76
71 75
71 74
71 73
71 72
79 71
71 70
110 79
79 78
3 2
548 542
542 543
539 540
542 541
542 546
542 547
542 544
542 545
7 8
551 548
548 549
113 68
599 598
137 120
120 121
123 122
137 123
123 124
137 125
125 126
128 127
137 128
128 129
413 414
413 415
417 416
442 417
411 410
442 411
413 412
442 413
499 498
417 418
420 419
518 499
316 319
316 318
352 313
313 312
310 311
331 310
316 317
333 316
316 315
313 314
494 496
494 497
18 3
380 368
504 369
365 366
365 367
362 364
504 365
504 362
362 363
358 360
362 361
504 380
380 381
380 382
384 383
394 384
386 385
504 386
386 387
386 388
386 389
623 605
580 579
591 578
605 604
572 573
583 572
572 571
569 570
578 577
575 576
601 575
575 574
61 60
118 61
269 258
258 259
65 64
79 65
65 66
68 67
251 252
68 69
249 250
258 251
254 256
258 257
268 254
254 255
604 603
601 602
504 508
504 509
504 506
504 507
613 504
504 505
501 502
504 503
499 500
518 501
631 630
636 631
631 632
631 633
470 469
467 468
464 465
475 464
475 467
467 466
460 461
472 460
464 463
463 462
169 168
178 169
162 164
162 165
162 166
169 167
159 160
159 161
167 162
162 163
599 600
10 9
356 357
380 356
356 355
352 354
352 353
504 352
352 351
348 350
358 359
380 358
214 216
218 217
224 214
214 215
208 212
214 213
208 210
208 211
236 218
243 219
288 289
368 288
5 4
269 281
269 280
301 283
316 282
286 285
283 284
286 287
316 286
288 263
263 262
268 261
261 260
266 267
282 266
266 265
263 264
292 269
328 268
58 59
71 58
56 55
79 54
58 57
102 56
79 51
51 50
51 53
51 52
535 537
535 536
542 535
61 63
532 533
542 532
532 531
529 530
542 539
539 538
113 115
113 114
118 117
159 116
110 111
128 110
118 113
113 112
120 119
137 118
426 429
426 428
535 534
420 421
460 420
426 423
423 422
426 425
423 424
426 427
442 426
307 308
310 309
301 300
328 301
301 302
301 303
358 304
304 305
307 306
384 307
569 568
583 569
578 560
560 561
560 562
560 563
560 564
566 565
569 566
566 567
230 229
227 228
234 227
227 226
224 225
269 224
224 223
221 222
261 221
219 220
386 391
386 390
157 151
151 150
154 153
151 152
154 155
162 154
159 157
157 156
167 159
157 158
605 609
605 608
631 634
396 399
631 635
396 398
47 48
47 49
42 46
79 47
42 44
42 45
79 42
42 43
54 40
40 41
47 5
518 489
487 488
499 487
487 486
484 485
499 484
484 483
481 482
489 481
475 480
473 472
475 473
473 470
470 471
475 476
475 477
475 474
481 475
475 478
475 479
