473
636
636
344 344
0 0
346 346
347 347
341 341
343 343
349 349
595 595
606 606
619 619
298 298
299 299
296 296
297 297
294 294
295 295
292 292
293 293
290 290
291 291
590 590
593 593
592 592
199 199
594 594
597 597
596 596
194 194
197 197
196 196
191 191
193 193
270 270
271 271
272 272
273 273
274 274
275 275
276 276
277 277
278 278
279 279
524 524
525 525
527 527
520 520
521 521
522 522
523 523
528 528
449 449
448 448
443 443
441 441
440 440
447 447
446 446
445 445
444 444
108 108
109 109
598 598
103 103
101 101
106 106
107 107
105 105
39 39
38 38
33 33
32 32
30 30
36 36
35 35
439 439
436 436
437 437
434 434
432 432
433 433
430 430
431 431
338 338
335 335
334 334
337 337
331 331
330 330
332 332
6 6
99 99
98 98
91 91
90 90
93 93
92 92
95 95
94 94
97 97
559 559
558 558
555 555
556 556
550 550
553 553
552 552
238 238
239 239
235 235
237 237
232 232
233 233
1 1
146 146
147 147
144 144
145 145
142 142
143 143
140 140
141 141
612 612
610 610
611 611
616 616
614 614
149 149
622 622
133 133
132 132
130 130
137 137
136 136
135 135
495 495
139 139
138 138
490 490
491 491
493 493
24 24
26 26
27 27
20 20
21 21
23 23
28 28
407 407
406 406
405 405
403 403
402 402
401 401
400 400
629 629
408 408
378 378
371 371
370 370
372 372
375 375
374 374
377 377
393 393
392 392
88 88
89 89
397 397
396 396
395 395
82 82
83 83
80 80
81 81
86 86
87 87
84 84
85 85
7 7
607 607
587 587
584 584
585 585
582 582
581 581
588 588
245 245
244 244
247 247
241 241
240 240
242 242
249 249
248 248
519 519
511 511
510 510
513 513
512 512
515 515
514 514
517 517
516 516
458 458
459 459
620 620
627 627
626 626
624 624
450 450
452 452
453 453
455 455
456 456
179 179
177 177
176 176
174 174
173 173
172 172
171 171
170 170
253 253
183 183
181 181
186 186
187 187
185 185
188 188
189 189
11 11
10 10
13 13
14 14
17 17
16 16
19 19
322 322
323 323
320 320
321 321
326 326
327 327
324 324
325 325
329 329
200 200
202 202
204 204
207 207
206 206
209 209
77 77
76 76
75 75
74 74
73 73
72 72
70 70
79 79
78 78
2 2
543 543
540 540
541 541
546 546
547 547
544 544
545 545
8 8
549 549
121 121
122 122
124 124
126 126
127 127
129 129
414 414
415 415
416 416
410 410
411 411
412 412
498 498
418 418
419 419
319 319
318 318
312 312
311 311
317 317
315 315
314 314
496 496
497 497
3 3
366 366
367 367
364 364
365 365
363 363
360 360
361 361
381 381
382 382
383 383
385 385
386 386
387 387
388 388
389 389
579 579
573 573
571 571
570 570
577 577
576 576
574 574
60 60
62 62
259 259
64 64
66 66
67 67
252 252
69 69
250 250
256 256
257 257
255 255
602 602
508 508
509 509
506 506
507 507
504 504
505 505
502 502
503 503
500 500
632 632
633 633
469 469
468 468
465 465
466 466
461 461
462 462
168 168
164 164
165 165
166 166
160 160
161 161
163 163
9 9
357 357
355 355
354 354
353 353
351 351
350 350
359 359
358 358
216 216
217 217
215 215
212 212
213 213
210 210
211 211
289 289
4 4
281 281
280 280
283 283
282 282
285 285
284 284
287 287
262 262
260 260
267 267
265 265
264 264
59 59
55 55
54 54
57 57
56 56
51 51
50 50
53 53
52 52
537 537
536 536
63 63
533 533
531 531
530 530
538 538
115 115
114 114
117 117
111 111
112 112
119 119
429 429
428 428
534 534
421 421
420 420
422 422
425 425
424 424
427 427
308 308
309 309
300 300
302 302
303 303
305 305
306 306
568 568
561 561
562 562
563 563
564 564
565 565
567 567
229 229
228 228
226 226
225 225
223 223
222 222
220 220
391 391
390 390
605 605
150 150
153 153
152 152
155 155
600 600
603 603
156 156
158 158
609 609
608 608
634 634
399 399
635 635
398 398
48 48
49 49
46 46
44 44
45 45
43 43
41 41
488 488
486 486
485 485
483 483
482 482
480 480
471 471
476 476
477 477
474 474
478 478
479 479
345 344
1 0
345 346
348 347
365 340
342 341
368 342
342 343
379 348
348 349
605 595
605 606
595 594
618 619
292 298
292 299
292 296
292 297
292 294
292 295
304 292
292 293
288 290
288 291
617 591
589 590
591 593
591 592
198 199
227 198
595 597
595 596
219 195
195 194
198 197
195 196
190 191
192 190
192 193
203 192
269 270
269 271
269 272
269 273
269 274
269 275
269 276
269 277
269 278
269 279
518 524
526 525
557 526
526 527
518 520
518 521
518 522
518 523
623 599
529 528
542 529
442 449
442 448
442 443
475 442
442 441
441 440
442 447
442 446
442 445
442 444
104 108
110 109
116 102
104 103
125 100
102 101
104 106
104 107
116 104
104 105
40 39
37 38
34 33
31 32
79 31
29 30
71 37
37 36
34 35
79 34
472 438
438 439
435 436
438 437
435 434
472 435
463 432
432 433
431 430
451 431
340 339
339 338
336 335
333 334
336 337
369 336
339 331
328 330
344 333
331 332
356 345
5 6
100 99
96 98
79 91
79 90
79 93
79 92
96 95
79 94
96 97
100 96
560 559
557 558
554 555
591 554
569 557
557 556
554 551
548 550
554 553
551 552
236 238
236 239
243 234
236 235
269 236
236 237
243 230
243 231
231 232
234 233
51 1
613 614
137 146
137 147
137 144
137 145
137 142
137 143
137 140
137 141
613 612
618 613
605 610
605 611
615 616
618 617
157 148
148 149
631 623
621 622
134 133
131 132
137 131
131 130
159 137
137 136
134 135
148 134
501 494
494 495
137 139
137 138
489 490
492 491
501 492
492 493
25 24
71 25
25 26
25 27
51 20
22 21
31 22
22 23
29 28
47 29
406 407
409 406
404 405
494 404
404 403
401 402
504 401
401 400
630 629
442 409
409 408
631 628
380 379
379 378
369 371
369 370
504 373
373 372
376 375
373 374
376 377
504 376
625 618
386 393
386 392
79 88
79 89
396 397
504 396
394 395
504 394
79 82
79 83
79 80
79 81
79 86
79 87
79 84
79 85
42 7
605 601
605 607
613 586
586 587
583 584
586 585
580 582
591 583
615 580
580 581
589 588
604 589
246 245
243 244
246 247
269 246
236 241
236 240
251 243
236 242
617 615
269 249
249 248
518 519
580 518
504 511
504 510
504 513
504 512
504 515
504 514
504 517
504 516
457 458
460 459
628 621
621 620
628 627
625 626
630 625
623 624
442 450
467 451
451 452
454 453
475 454
454 455
457 456
464 457
180 179
180 178
178 177
175 176
184 175
175 174
175 173
173 172
169 171
169 170
254 253
201 182
184 183
182 180
182 181
184 186
184 187
190 184
184 185
184 188
184 189
12 11
79 10
12 13
79 12
61 15
15 14
18 17
15 16
20 19
71 18
61 62
316 322
316 323
316 320
316 321
340 326
326 327
316 324
316 325
365 328
328 329
231 201
201 200
221 203
203 202
218 205
205 204
208 207
205 206
208 209
230 208
71 77
71 76
71 75
71 74
71 73
71 72
79 71
71 70
110 79
79 78
3 2
548 542
542 543
539 540
542 541
542 546
542 547
542 544
542 545
7 8
551 548
548 549
113 68
599 598
137 120
120 121
123 122
137 123
123 124
137 125
125 126
128 127
137 128
128 129
413 414
413 415
417 416
442 417
411 410
442 411
413 412
442 413
499 498
417 418
420 419
518 499
316 319
316 318
352 313
313 312
310 311
331 310
316 317
333 316
316 315
313 314
494 496
494 497
18 3
380 368
504 369
365 366
365 367
362 364
504 365
504 362
362 363
358 360
362 361
504 380
380 381
380 382
384 383
394 384
386 385
504 386
386 387
386 388
386 389
623 605
580 579
591 578
605 604
572 573
583 572
572 571
569 570
578 577
575 576
601 575
575 574
61 60
118 61
269 258
258 259
65 64
79 65
65 66
68 67
251 252
68 69
249 250
258 251
254 256
258 257
268 254
254 255
604 603
601 602
504 508
504 509
504 506
504 507
613 504
504 505
501 502
504 503
499 500
518 501
631 630
636 631
631 632
631 633
470 469
467 468
464 465
475 464
475 467
467 466
460 461
472 460
464 463
463 462
169 168
178 169
162 164
162 165
162 166
169 167
159 160
159 161
167 162
162 163
599 600
10 9
356 357
380 356
356 355
352 354
352 353
504 352
352 351
348 350
358 359
380 358
214 216
218 217
224 214
214 215
208 212
214 213
208 210
208 211
236 218
243 219
288 289
368 288
5 4
269 281
269 280
301 283
316 282
286 285
283 284
286 287
316 286
288 263
263 262
268 261
261 260
266 267
282 266
266 265
263 264
292 269
328 268
58 59
71 58
56 55
79 54
58 57
102 56
79 51
51 50
51 53
51 52
535 537
535 536
542 535
61 63
532 533
542 532
532 531
529 530
542 539
539 538
113 115
113 114
118 117
159 116
110 111
128 110
118 113
113 112
120 119
137 118
426 429
426 428
535 534
420 421
460 420
426 423
423 422
426 425
423 424
426 427
442 426
307 308
310 309
301 300
328 301
301 302
301 303
358 304
304 305
307 306
384 307
569 568
583 569
578 560
560 561
560 562
560 563
560 564
566 565
569 566
566 567
230 229
227 228
234 227
227 226
224 225
269 224
224 223
221 222
261 221
219 220
386 391
386 390
157 151
151 150
154 153
151 152
154 155
162 154
159 157
157 156
167 159
157 158
605 609
605 608
631 634
396 399
631 635
396 398
47 48
47 49
42 46
79 47
42 44
42 45
79 42
42 43
54 40
40 41
47 5
518 489
487 488
499 487
487 486
484 485
499 484
484 483
481 482
489 481
475 480
473 472
475 473
473 470
470 471
475 476
475 477
475 474
481 475
475 478
475 479
