471
613
612
344 344
0 0
346 346
347 347
340 340
341 341
342 342
343 343
348 348
349 349
298 298
299 299
296 296
297 297
294 294
295 295
292 292
291 291
590 590
593 593
592 592
199 199
198 198
597 597
195 195
194 194
197 197
191 191
190 190
193 193
192 192
270 270
271 271
273 273
274 274
276 276
277 277
278 278
524 524
526 526
521 521
522 522
599 599
528 528
449 449
441 441
440 440
447 447
444 444
108 108
102 102
103 103
101 101
106 106
105 105
39 39
38 38
33 33
31 31
30 30
36 36
35 35
438 438
436 436
437 437
434 434
433 433
430 430
431 431
338 338
334 334
337 337
336 336
331 331
330 330
333 333
345 345
6 6
99 99
98 98
91 91
90 90
93 93
92 92
94 94
96 96
559 559
555 555
554 554
557 557
550 550
552 552
239 239
234 234
236 236
237 237
230 230
231 231
232 232
233 233
146 146
147 147
144 144
143 143
141 141
612 612
613 613
610 610
611 611
148 148
149 149
133 133
132 132
130 130
137 137
499 499
135 135
494 494
495 495
139 139
138 138
491 491
492 492
24 24
26 26
21 21
22 22
28 28
29 29
407 407
406 406
405 405
404 404
402 402
401 401
400 400
409 409
379 379
378 378
371 371
370 370
373 373
372 372
375 375
377 377
376 376
393 393
88 88
89 89
397 397
396 396
394 394
82 82
83 83
80 80
81 81
86 86
87 87
84 84
85 85
7 7
601 601
607 607
586 586
584 584
585 585
582 582
581 581
588 588
245 245
244 244
247 247
246 246
241 241
240 240
243 243
242 242
249 249
248 248
519 519
518 518
510 510
513 513
512 512
514 514
516 516
459 459
450 450
452 452
453 453
454 454
455 455
456 456
457 457
179 179
177 177
176 176
174 174
172 172
171 171
253 253
182 182
183 183
181 181
186 186
187 187
184 184
185 185
188 188
189 189
11 11
10 10
13 13
12 12
15 15
17 17
16 16
19 19
18 18
322 322
320 320
321 321
326 326
327 327
324 324
328 328
201 201
200 200
203 203
205 205
204 204
207 207
206 206
209 209
208 208
77 77
76 76
75 75
74 74
73 73
72 72
71 71
70 70
79 79
78 78
2 2
542 542
543 543
540 540
541 541
547 547
545 545
8 8
548 548
549 549
68 68
598 598
121 121
122 122
124 124
126 126
127 127
129 129
415 415
416 416
410 410
412 412
413 413
418 418
319 319
318 318
313 313
312 312
311 311
310 310
317 317
316 316
315 315
497 497
3 3
369 369
366 366
367 367
364 364
365 365
362 362
363 363
360 360
361 361
380 380
382 382
383 383
384 384
385 385
387 387
388 388
579 579
578 578
604 604
573 573
571 571
570 570
577 577
576 576
574 574
60 60
61 61
258 258
606 606
64 64
65 65
66 66
252 252
69 69
251 251
256 256
257 257
255 255
603 603
602 602
509 509
506 506
507 507
504 504
502 502
501 501
469 469
465 465
464 464
467 467
466 466
461 461
460 460
463 463
462 462
168 168
169 169
164 164
165 165
167 167
160 160
161 161
163 163
357 357
356 356
355 355
354 354
353 353
352 352
351 351
350 350
359 359
358 358
216 216
217 217
214 214
215 215
212 212
213 213
210 210
219 219
289 289
288 288
281 281
280 280
283 283
282 282
284 284
286 286
263 263
261 261
260 260
266 266
265 265
264 264
269 269
268 268
59 59
58 58
54 54
57 57
56 56
51 51
62 62
53 53
52 52
537 537
536 536
535 535
534 534
533 533
532 532
530 530
539 539
538 538
114 114
116 116
111 111
110 110
113 113
112 112
119 119
118 118
428 428
421 421
420 420
423 423
422 422
425 425
427 427
308 308
309 309
300 300
301 301
302 302
303 303
304 304
306 306
307 307
568 568
560 560
561 561
562 562
564 564
565 565
567 567
229 229
228 228
227 227
225 225
224 224
223 223
222 222
220 220
391 391
390 390
605 605
150 150
153 153
152 152
155 155
600 600
157 157
156 156
158 158
608 608
399 399
48 48
49 49
46 46
44 44
45 45
43 43
40 40
41 41
5 5
489 489
488 488
487 487
486 486
484 484
482 482
481 481
480 480
472 472
470 470
477 477
474 474
475 475
478 478
479 479
370 344
1 0
344 346
344 347
339 340
342 341
344 342
344 343
344 348
344 349
612 595
605 606
595 594
297 298
307 299
297 296
323 297
293 294
293 295
293 292
307 293
307 290
290 291
595 591
591 590
594 593
591 592
238 199
196 198
596 597
612 596
196 195
193 194
196 197
238 196
190 191
196 190
229 193
190 192
275 270
270 271
299 272
272 273
272 274
277 275
275 276
370 277
279 278
323 279
523 524
531 525
525 526
531 527
525 520
520 521
523 522
525 523
612 599
529 528
531 529
448 449
458 448
445 443
443 442
439 441
439 440
446 447
448 446
446 445
443 444
107 108
120 109
100 102
104 103
128 100
100 101
107 106
151 107
128 104
104 105
40 39
37 38
32 33
82 32
32 31
29 30
72 37
37 36
34 35
82 34
439 438
443 439
435 436
435 437
435 434
439 435
442 432
432 433
429 430
432 431
461 339
337 338
344 335
335 334
461 337
335 336
332 331
329 330
332 333
344 332
344 345
7 6
100 99
97 98
82 91
82 90
82 93
82 92
109 95
82 94
115 97
97 96
558 559
589 558
556 555
553 554
558 557
599 556
609 551
551 550
599 553
553 552
248 238
238 239
235 234
238 235
235 236
238 237
229 230
229 231
229 232
229 233
9 1
145 146
145 147
145 144
154 145
154 142
142 143
145 140
142 141
612 613
609 610
612 611
145 148
145 149
134 133
131 132
145 131
131 130
136 137
140 136
136 135
140 134
493 494
496 495
136 139
136 138
498 490
490 491
493 492
498 493
23 24
67 25
27 26
82 27
25 20
20 21
23 22
82 23
27 28
47 29
408 407
403 406
403 405
403 404
429 403
403 402
398 401
398 400
408 409
439 408
378 379
461 378
370 371
461 370
374 373
370 372
374 375
381 374
376 377
381 376
392 393
432 392
82 88
82 89
398 397
395 396
435 395
395 394
95 82
82 83
72 80
82 81
82 86
82 87
82 84
82 85
9 7
599 601
605 607
587 586
594 587
599 584
584 585
583 582
609 583
596 580
580 581
589 588
596 589
238 245
238 244
238 247
238 246
238 241
238 240
238 243
238 242
250 249
254 248
520 519
517 518
520 511
511 510
511 513
511 512
520 515
511 514
525 517
517 516
473 458
458 459
451 450
454 451
451 452
454 453
458 454
454 455
454 456
458 457
178 179
196 178
178 177
175 176
180 175
173 174
180 173
173 172
170 171
175 170
250 253
180 182
180 183
214 180
180 181
180 186
180 187
180 184
180 185
180 188
190 189
9 11
9 10
14 13
9 12
14 15
34 14
72 17
17 16
20 19
17 18
63 62
344 322
339 323
344 320
322 321
325 326
325 327
325 324
370 325
329 328
344 329
202 201
199 200
202 203
207 202
207 205
205 204
229 207
207 206
207 209
207 208
72 77
72 76
72 75
72 74
72 73
95 72
67 71
67 70
72 79
72 78
1 2
538 542
544 543
538 540
538 541
561 546
546 547
551 544
544 545
7 8
549 548
605 549
67 68
599 598
123 120
120 121
123 122
128 123
125 124
136 125
125 126
128 127
151 128
128 129
435 414
414 415
417 416
419 417
411 410
417 411
411 412
414 413
515 498
419 418
429 419
500 499
314 319
314 318
307 313
307 312
307 311
307 310
314 317
314 316
314 315
332 314
498 496
496 497
4 3
461 368
368 369
344 366
368 367
344 364
344 365
344 362
344 363
344 360
344 361
381 380
461 381
381 382
384 383
424 384
386 385
445 386
386 387
389 388
435 389
612 605
580 579
575 578
599 604
572 573
589 572
572 571
569 570
575 577
575 576
587 575
575 574
56 60
56 61
275 258
299 259
63 64
63 65
67 66
72 67
250 252
67 69
281 250
250 251
254 256
258 257
299 254
254 255
599 603
599 602
511 508
508 509
505 506
508 507
503 504
511 505
503 502
515 503
508 500
500 501
468 469
471 468
461 465
461 464
468 467
461 466
591 461
461 460
461 463
461 462
166 168
170 169
180 164
166 165
175 166
166 167
159 160
162 161
170 162
164 163
599 600
25 9
344 357
344 356
344 355
344 354
344 353
344 352
344 351
344 350
344 359
344 358
214 216
218 217
238 214
214 215
211 212
211 213
211 210
238 211
221 218
218 219
290 289
287 288
67 4
307 281
279 280
281 283
281 282
314 285
285 284
305 287
285 286
262 263
272 262
262 261
259 260
287 267
267 266
275 265
265 264
270 269
267 268
56 59
56 58
72 55
55 54
56 57
72 56
50 51
82 50
50 53
50 52
534 537
534 536
534 535
82 63
534 533
531 532
546 531
529 530
538 539
556 538
128 115
115 114
134 117
117 116
112 111
109 110
112 113
128 112
120 119
117 118
442 429
429 428
553 534
435 421
421 420
424 423
421 422
426 425
439 424
426 427
432 426
307 308
307 309
299 300
299 301
299 302
299 303
305 304
320 305
305 306
329 307
566 568
583 569
561 560
594 561
563 562
569 563
563 564
566 565
584 566
566 567
238 229
229 228
226 227
259 226
226 225
221 224
221 223
221 222
238 221
221 220
392 391
389 390
159 151
151 150
154 153
151 152
154 155
162 154
154 157
154 156
170 159
154 158
612 609
609 608
398 399
435 398
47 48
50 49
47 46
67 47
42 44
42 45
82 42
42 43
55 40
42 41
4 5
490 489
485 488
485 487
485 486
505 485
485 484
527 483
483 482
479 481
479 480
473 472
527 473
471 470
476 471
527 476
476 477
473 474
476 475
479 478
483 479
