465
929
0
615 2
613 4
611 6
458 13
456 14
465 15
470 17
466 19
468 20
517 22
509 29
512 30
511 32
471 35
473 36
472 37
507 38
475 39
494 43
504 45
496 46
488 47
491 52
493 53
497 55
498 56
502 57
506 60
490 61
505 62
513 63
499 66
603 68
598 74
606 76
600 77
604 78
599 80
501 82
500 83
608 87
605 88
514 91
515 92
516 93
602 94
596 96
601 97
609 98
478 106
483 107
484 108
485 111
479 113
480 114
481 115
482 119
476 120
607 121
486 122
444 124
442 125
453 127
455 128
459 131
462 133
461 135
463 136
487 138
451 141
439 146
389 148
391 149
379 156
377 157
368 159
367 161
369 162
380 164
431 166
382 168
430 170
429 172
427 174
428 176
432 177
436 178
395 181
394 183
392 184
372 188
370 189
434 191
375 195
376 197
374 198
373 199
425 201
423 202
360 205
358 206
401 208
437 209
409 213
398 216
399 218
388 219
386 221
397 222
406 225
405 228
385 232
383 233
366 234
407 235
404 238
408 239
364 240
363 242
361 243
419 246
421 247
417 249
422 253
420 254
411 255
415 257
414 259
413 260
446 261
447 263
449 264
594 266
518 274
547 276
549 277
545 279
530 282
532 283
546 286
548 287
531 288
526 292
544 293
524 294
520 297
542 298
523 300
521 301
541 304
540 305
538 306
559 309
561 310
555 313
557 315
558 316
552 319
550 320
536 324
529 325
533 326
527 329
537 330
535 331
591 333
589 335
586 337
584 338
158 346
161 347
160 348
164 350
175 351
191 355
192 356
167 359
169 360
180 362
179 363
173 364
343 369
268 372
266 373
243 375
245 376
281 377
573 385
318 386
335 388
579 393
319 395
320 396
280 398
278 399
312 402
310 403
566 405
306 406
346 409
568 413
577 414
583 415
317 416
296 418
298 419
333 423
336 424
338 426
337 427
331 428
569 429
352 437
354 438
351 439
353 440
303 443
301 444
321 445
572 446
283 447
330 448
355 453
357 454
341 456
340 457
304 461
339 462
316 464
300 465
347 471
348 474
327 476
326 477
350 478
323 481
325 482
349 484
293 486
295 487
578 490
581 491
571 492
575 498
567 499
329 500
291 502
313 503
564 504
570 506
307 508
309 509
565 515
576 516
290 517
587 519
286 521
284 522
574 524
580 525
288 527
287 528
315 529
344 531
334 532
221 542
223 544
227 547
225 549
226 550
229 552
222 553
170 556
172 557
177 558
224 561
230 562
228 563
184 565
254 566
218 570
186 572
251 574
220 576
256 577
253 580
255 582
252 583
249 584
239 588
241 589
240 590
204 594
205 595
210 597
208 598
237 601
242 602
238 603
217 605
276 606
215 609
211 611
213 614
206 615
214 616
262 617
265 621
247 624
248 625
263 626
236 631
235 632
270 634
260 635
275 639
277 640
272 641
273 642
274 644
257 647
259 648
216 649
233 651
234 653
231 654
181 659
183 660
194 661
201 664
196 668
195 670
197 672
193 673
199 676
198 677
200 678
202 679
187 681
189 682
207 683
149 687
146 688
139 693
133 694
131 695
101 699
99 700
136 702
134 704
137 705
138 707
129 709
140 710
141 714
143 715
121 721
127 723
122 724
119 725
113 726
85 734
95 736
94 737
83 739
92 740
17 745
88 747
81 748
19 752
84 753
20 754
21 756
89 757
90 759
86 760
91 762
32 766
34 767
37 770
39 773
35 774
87 775
93 776
25 780
27 781
7 784
9 785
49 786
53 789
52 790
50 791
77 794
76 796
75 798
74 799
38 800
10 806
11 807
46 808
54 810
56 811
45 814
42 817
43 818
44 819
60 820
58 823
59 825
61 826
62 827
4 830
6 831
111 836
3 839
2 840
120 842
114 843
116 846
125 848
128 849
115 850
118 851
123 853
117 854
24 855
22 856
144 858
107 862
110 863
109 864
40 867
73 869
72 871
41 872
66 880
68 881
64 882
1 885
0 886
63 888
28 889
65 892
67 894
70 895
69 897
31 898
30 900
12 903
16 904
14 906
15 907
80 909
79 910
106 913
105 915
103 916
98 918
96 919
152 921
154 924
155 926
157 927
166 928
593 929
0 1
1 2
1 3
3 4
3 5
5 6
5 7
7 8
8 9
9 10
10 11
11 12
12 13
12 14
11 15
10 16
16 17
16 18
18 19
18 20
9 21
21 22
21 23
23 24
24 25
25 26
26 27
27 28
28 29
28 30
27 31
31 32
31 33
33 34
34 35
34 36
33 37
26 38
25 39
24 40
40 41
41 42
42 43
42 44
44 45
44 46
41 47
40 48
48 49
49 50
50 51
51 52
51 53
50 54
54 55
54 56
49 57
48 58
58 59
59 60
59 61
58 62
23 63
8 64
64 65
65 66
65 67
67 68
67 69
69 70
70 71
71 72
72 73
73 74
73 75
75 76
75 77
72 78
71 79
79 80
79 81
81 82
81 83
70 84
84 85
85 86
86 87
86 88
85 89
89 90
90 91
90 92
89 93
84 94
69 95
95 96
95 97
64 98
7 99
99 100
100 101
101 102
102 103
103 104
104 105
105 106
105 107
104 108
103 109
109 110
110 111
110 112
112 113
112 114
109 115
102 116
116 117
117 118
118 119
118 120
117 121
116 122
101 123
123 124
123 125
100 126
126 127
126 128
99 129
129 130
130 131
130 132
132 133
132 134
134 135
134 136
129 137
137 138
137 139
139 140
140 141
140 142
142 143
143 144
144 145
145 146
145 147
147 148
147 149
144 150
150 151
151 152
152 153
153 154
154 155
155 156
155 157
154 158
158 159
158 160
160 161
160 162
153 163
163 164
163 165
165 166
165 167
167 168
167 169
169 170
169 171
171 172
171 173
173 174
173 175
175 176
175 177
152 178
151 179
179 180
180 181
180 182
182 183
182 184
179 185
185 186
186 187
187 188
187 189
186 190
190 191
190 192
192 193
193 194
194 195
194 196
196 197
196 198
193 199
192 200
200 201
200 202
185 203
203 204
204 205
204 206
203 207
207 208
207 209
150 210
210 211
211 212
212 213
212 214
214 215
215 216
215 217
217 218
217 219
214 220
220 221
220 222
211 223
223 224
224 225
224 226
226 227
227 228
227 229
229 230
230 231
231 232
231 233
230 234
229 235
226 236
236 237
237 238
237 239
236 240
223 241
241 242
241 243
210 244
244 245
245 246
245 247
244 248
248 249
248 250
250 251
251 252
252 253
252 254
251 255
250 256
256 257
256 258
258 259
258 260
143 261
142 262
262 263
262 264
139 265
265 266
265 267
267 268
268 269
269 270
270 271
271 272
272 273
273 274
273 275
275 276
275 277
272 278
278 279
278 280
280 281
281 282
281 283
280 284
284 285
285 286
285 287
284 288
271 289
289 290
290 291
291 292
291 293
290 294
289 295
295 296
296 297
296 298
295 299
299 300
299 301
270 302
302 303
303 304
303 305
302 306
269 307
307 308
308 309
308 310
307 311
311 312
312 313
312 314
314 315
314 316
311 317
317 318
318 319
318 320
317 321
321 322
322 323
323 324
323 325
322 326
321 327
327 328
328 329
328 330
327 331
268 332
332 333
332 334
334 335
334 336
336 337
336 338
267 339
339 340
340 341
341 342
342 343
343 344
344 345
345 346
345 347
344 348
343 349
349 350
349 351
342 352
352 353
353 354
354 355
354 356
353 357
357 358
358 359
358 360
357 361
361 362
361 363
352 364
341 365
365 366
366 367
367 368
368 369
368 370
370 371
371 372
371 373
370 374
374 375
374 376
367 377
366 378
378 379
379 380
380 381
381 382
382 383
383 384
384 385
384 386
383 387
387 388
387 389
389 390
390 391
391 392
392 393
392 394
394 395
394 396
391 397
397 398
397 399
390 400
400 401
401 402
401 403
400 404
404 405
404 406
389 407
407 408
408 409
408 410
410 411
411 412
412 413
412 414
411 415
410 416
407 417
417 418
417 419
382 420
420 421
421 422
422 423
422 424
421 425
425 426
425 427
420 428
381 429
380 430
430 431
431 432
432 433
433 434
434 435
435 436
436 437
436 438
435 439
434 440
433 441
441 442
442 443
442 444
441 445
432 446
431 447
430 448
379 449
449 450
450 451
451 452
452 453
452 454
451 455
455 456
455 457
450 458
458 459
459 460
460 461
460 462
459 463
463 464
463 465
458 466
466 467
467 468
468 469
469 470
470 471
470 472
472 473
473 474
473 475
475 476
475 477
472 478
469 479
479 480
480 481
480 482
479 483
483 484
483 485
485 486
485 487
468 488
488 489
489 490
489 491
488 492
467 493
493 494
494 495
495 496
496 497
497 498
497 499
496 500
495 501
501 502
501 503
494 504
493 505
505 506
505 507
507 508
507 509
466 510
510 511
511 512
512 513
513 514
514 515
514 516
513 517
512 518
518 519
518 520
520 521
520 522
511 523
523 524
523 525
510 526
526 527
526 528
449 529
378 530
530 531
530 532
365 533
533 534
534 535
535 536
536 537
537 538
538 539
539 540
540 541
541 542
541 543
543 544
543 545
545 546
546 547
546 548
548 549
548 550
545 551
551 552
551 553
540 554
554 555
555 556
555 557
554 558
539 559
559 560
560 561
560 562
559 563
538 564
564 565
564 566
537 567
567 568
568 569
569 570
569 571
571 572
571 573
573 574
573 575
575 576
575 577
568 578
578 579
579 580
579 581
581 582
581 583
578 584
567 585
585 586
586 587
587 588
587 589
586 590
585 591
591 592
592 593
593 594
593 595
592 596
596 597
596 598
591 599
599 600
600 601
600 602
599 603
536 604
604 605
604 606
535 607
607 608
608 609
608 610
610 611
610 612
612 613
613 614
613 615
612 616
607 617
534 618
618 619
619 620
620 621
620 622
622 623
623 624
623 625
622 626
619 627
627 628
628 629
629 630
630 631
630 632
629 633
633 634
633 635
628 636
636 637
637 638
638 639
638 640
637 641
636 642
627 643
643 644
643 645
645 646
646 647
646 648
645 649
618 650
650 651
650 652
652 653
652 654
533 655
655 656
656 657
657 658
658 659
658 660
657 661
656 662
662 663
663 664
663 665
665 666
666 667
667 668
667 669
669 670
669 671
671 672
671 673
666 674
674 675
675 676
675 677
674 678
665 679
662 680
680 681
680 682
655 683
340 684
684 685
685 686
686 687
686 688
685 689
689 690
690 691
691 692
692 693
692 694
691 695
690 696
696 697
697 698
698 699
698 700
697 701
701 702
701 703
703 704
703 705
696 706
706 707
706 708
708 709
708 710
689 711
711 712
712 713
713 714
713 715
712 716
716 717
717 718
718 719
719 720
720 721
720 722
722 723
722 724
719 725
718 726
717 727
727 728
728 729
729 730
730 731
731 732
732 733
733 734
733 735
735 736
735 737
732 738
738 739
738 740
731 741
741 742
742 743
743 744
744 745
744 746
746 747
746 748
743 749
749 750
750 751
751 752
751 753
750 754
749 755
755 756
755 757
742 758
758 759
758 760
741 761
761 762
761 763
763 764
764 765
765 766
765 767
764 768
768 769
769 770
769 771
771 772
772 773
772 774
771 775
768 776
763 777
777 778
778 779
779 780
779 781
778 782
782 783
783 784
783 785
782 786
777 787
787 788
788 789
788 790
787 791
730 792
792 793
793 794
793 795
795 796
795 797
797 798
797 799
792 800
729 801
801 802
802 803
803 804
804 805
805 806
805 807
804 808
803 809
809 810
809 811
802 812
812 813
813 814
813 815
815 816
816 817
816 818
815 819
812 820
801 821
821 822
822 823
822 824
824 825
824 826
821 827
728 828
828 829
829 830
829 831
828 832
832 833
833 834
834 835
835 836
835 837
837 838
838 839
838 840
837 841
841 842
841 843
834 844
844 845
845 846
845 847
847 848
847 849
844 850
833 851
832 852
852 853
852 854
727 855
716 856
711 857
857 858
857 859
859 860
860 861
861 862
861 863
860 864
859 865
865 866
866 867
866 868
868 869
868 870
870 871
870 872
865 873
873 874
874 875
875 876
876 877
877 878
878 879
879 880
879 881
878 882
877 883
883 884
884 885
884 886
883 887
887 888
887 889
876 890
890 891
891 892
891 893
893 894
893 895
890 896
896 897
896 898
875 899
899 900
899 901
901 902
902 903
902 904
901 905
905 906
905 907
874 908
908 909
908 910
873 911
911 912
912 913
912 914
914 915
914 916
911 917
917 918
917 919
684 920
920 921
920 922
922 923
923 924
923 925
925 926
925 927
922 928
339 929
