465
625
1
186 6
41 9
73 10
157 14
428 22
367 23
374 24
480 27
473 29
500 32
515 33
506 35
557 62
561 65
615 74
343 85
468 89
64 92
79 95
1 96
260 102
565 103
300 104
194 106
288 107
577 116
295 120
344 122
327 123
319 127
584 129
281 135
352 137
262 142
206 146
199 148
189 149
201 150
193 151
146 157
133 164
89 173
83 181
81 182
34 183
75 184
116 187
38 189
60 192
42 193
10 194
58 196
238 199
252 201
204 204
222 208
170 210
254 214
216 215
217 216
276 217
521 219
546 222
0 225
2 226
3 227
4 228
6 229
7 230
9 231
11 232
12 233
14 234
15 235
16 236
17 237
19 238
20 239
21 240
22 241
24 242
25 243
27 244
28 245
30 246
31 247
32 248
35 249
37 250
39 251
40 252
43 253
44 254
45 255
46 256
49 257
50 258
52 259
53 260
54 261
56 262
59 263
61 264
62 265
63 266
65 267
66 268
67 269
68 270
69 271
70 272
72 273
74 274
76 275
77 276
80 277
84 278
85 279
86 280
87 281
88 282
90 283
91 284
92 285
93 286
94 287
95 288
96 289
98 290
99 291
101 292
103 293
105 294
106 295
107 296
109 297
110 298
111 299
113 300
114 301
115 302
117 303
118 304
119 305
120 306
121 307
122 308
123 309
125 310
127 311
128 312
129 313
131 314
134 315
136 316
137 317
138 318
139 319
140 320
141 321
143 322
144 323
149 324
152 325
154 326
155 327
158 328
160 329
161 330
164 331
166 332
167 333
169 334
172 335
173 336
175 337
177 338
179 339
180 340
181 341
183 342
184 343
187 344
191 345
192 346
195 347
196 348
197 349
198 350
200 351
202 352
205 353
207 354
208 355
210 356
211 357
213 358
214 359
215 360
218 361
220 362
221 363
223 364
224 365
225 366
226 367
227 368
228 369
229 370
230 371
231 372
233 373
234 374
235 375
236 376
237 377
239 378
240 379
241 380
242 381
243 382
245 383
247 384
248 385
249 386
251 387
253 388
255 389
256 390
257 391
259 392
263 393
265 394
266 395
268 396
270 397
272 398
273 399
274 400
275 401
277 402
278 403
280 404
283 405
284 406
286 407
287 408
290 409
291 410
293 411
296 412
298 413
301 414
303 415
304 416
306 417
307 418
309 419
310 420
312 421
313 422
315 423
316 424
317 425
318 426
320 427
321 428
323 429
325 430
326 431
329 432
330 433
331 434
333 435
334 436
335 437
336 438
337 439
338 440
339 441
340 442
341 443
346 444
347 445
348 446
349 447
350 448
351 449
353 450
354 451
355 452
357 453
358 454
360 455
361 456
363 457
364 458
366 459
368 460
369 461
370 462
372 463
373 464
375 465
376 466
377 467
379 468
380 469
382 470
383 471
385 472
386 473
388 474
389 475
391 476
392 477
394 478
395 479
397 480
398 481
399 482
401 483
404 484
405 485
406 486
407 487
408 488
409 489
411 490
413 491
414 492
415 493
417 494
419 495
420 496
421 497
422 498
423 499
425 500
427 501
429 502
430 503
431 504
432 505
434 506
436 507
437 508
439 509
442 510
444 511
446 512
447 513
449 514
451 515
453 516
455 517
456 518
458 519
459 520
461 521
462 522
463 523
465 524
466 525
470 526
471 527
472 528
475 529
476 530
478 531
479 532
481 533
482 534
483 535
484 536
485 537
486 538
487 539
488 540
490 541
491 542
493 543
494 544
496 545
497 546
498 547
499 548
501 549
502 550
504 551
505 552
507 553
509 554
511 555
512 556
513 557
514 558
516 559
517 560
518 561
520 562
523 563
524 564
526 565
527 566
529 567
530 568
531 569
532 570
533 571
535 572
536 573
537 574
538 575
540 576
541 577
542 578
544 579
545 580
547 581
548 582
549 583
550 584
552 585
555 586
558 587
559 588
564 589
566 590
567 591
568 592
569 593
570 594
571 595
572 596
573 597
574 598
575 599
576 600
578 601
579 602
580 603
581 604
583 605
586 606
587 607
589 608
591 609
593 610
594 611
596 612
598 613
599 614
600 615
601 616
602 617
603 618
604 619
605 620
606 621
607 622
608 623
609 624
611 625
613 626
1 2
2 3
2 4
2 5
2 6
6 7
2 8
8 9
9 10
8 11
11 12
11 13
13 14
8 15
8 16
2 17
17 18
18 19
19 20
20 21
21 22
22 23
21 24
20 25
19 26
18 27
27 28
27 29
27 30
27 31
31 32
31 33
33 34
31 35
35 36
35 37
37 38
35 39
39 40
35 41
35 42
35 43
27 44
17 45
2 46
46 47
47 48
48 49
46 50
2 51
2 52
52 53
52 54
2 55
55 56
56 57
56 58
58 59
55 60
60 61
60 62
55 63
63 64
55 65
2 66
2 67
67 68
67 69
67 70
2 71
2 72
2 73
73 74
73 75
75 76
75 77
75 78
78 79
73 80
2 81
81 82
81 83
2 84
2 85
2 86
86 87
87 88
88 89
88 90
87 91
91 92
92 93
92 94
94 95
94 96
86 97
97 98
98 99
98 100
100 101
100 102
98 103
103 104
103 105
105 106
103 107
103 108
108 109
103 110
103 111
111 112
112 113
112 114
111 115
111 116
111 117
111 118
103 119
119 120
119 121
119 122
119 123
103 124
103 125
103 126
103 127
103 128
128 129
103 130
103 131
103 132
103 133
133 134
134 135
134 136
133 137
133 138
138 139
139 140
98 141
141 142
98 143
98 144
97 145
97 146
146 147
147 148
148 149
148 150
148 151
146 152
97 153
153 154
154 155
154 156
156 157
156 158
154 159
159 160
159 161
154 162
154 163
163 164
154 165
165 166
165 167
167 168
168 169
168 170
167 171
171 172
172 173
171 174
174 175
174 176
171 177
171 178
171 179
171 180
180 181
180 182
171 183
171 184
184 185
184 186
165 187
187 188
187 189
165 190
190 191
190 192
190 193
190 194
190 195
190 196
153 197
197 198
197 199
199 200
197 201
197 202
197 203
197 204
204 205
153 206
206 207
153 208
208 209
208 210
210 211
208 212
208 213
153 214
97 215
97 216
97 217
2 218
218 219
218 220
220 221
218 222
218 223
218 224
92 225
165 226
165 227
188 228
188 229
175 230
175 231
194 232
93 233
93 234
93 235
93 236
172 237
172 238
172 239
172 240
166 241
165 242
174 243
176 244
91 245
91 246
91 247
171 248
179 249
179 250
179 251
9 252
193 253
193 254
193 255
191 256
174 257
177 258
177 259
177 260
195 261
195 262
190 263
190 264
190 265
92 266
94 267
92 268
94 269
92 270
54 271
92 272
9 273
184 274
185 275
186 276
158 277
172 278
171 279
171 280
179 281
180 282
171 283
171 284
171 285
178 286
171 287
171 288
168 289
170 290
161 291
161 292
168 293
168 294
168 295
160 296
207 297
160 298
165 299
166 300
165 301
165 302
165 303
165 304
166 305
165 306
166 307
166 308
165 309
167 310
166 311
165 312
159 313
163 314
53 315
154 316
154 317
154 318
163 319
113 320
5 321
169 322
162 323
155 324
11 325
13 326
13 327
70 328
70 329
70 330
67 331
12 332
15 333
69 334
211 335
67 336
68 337
209 338
69 339
69 340
7 341
4 342
153 343
51 344
67 345
67 346
151 347
151 348
151 349
148 350
148 351
147 352
204 353
146 354
205 355
202 356
101 357
97 358
97 359
97 360
198 361
198 362
208 363
212 364
209 365
213 366
209 367
213 368
209 369
208 370
3 371
144 372
144 373
144 374
143 375
98 376
199 377
200 378
203 379
200 380
199 381
83 382
81 383
97 384
100 385
197 386
206 387
197 388
197 389
198 390
141 391
100 392
141 393
72 394
82 395
82 396
100 397
99 398
98 399
98 400
98 401
98 402
16 403
115 404
133 405
128 406
128 407
107 408
103 409
110 410
110 411
118 412
118 413
136 414
134 415
105 416
105 417
103 418
124 419
114 420
111 421
126 422
131 423
103 424
111 425
66 426
127 427
134 428
121 429
121 430
123 431
126 432
133 433
108 434
108 435
109 436
145 437
108 438
108 439
108 440
105 441
125 442
125 443
117 444
119 445
119 446
119 447
130 448
137 449
137 450
137 451
125 452
125 453
20 454
20 455
79 456
79 457
75 458
75 459
23 460
23 461
21 462
21 463
24 464
24 465
24 466
22 467
22 468
22 469
22 470
76 471
76 472
77 473
77 474
47 475
47 476
20 477
20 478
20 479
77 480
77 481
59 482
20 483
75 484
75 485
75 486
75 487
75 488
75 489
78 490
78 491
78 492
78 493
78 494
78 495
78 496
78 497
78 498
21 499
21 500
22 501
22 502
22 503
22 504
22 505
21 506
20 507
21 508
58 509
80 510
80 511
48 512
26 513
26 514
49 515
50 516
30 517
38 518
38 519
90 520
28 521
28 522
28 523
37 524
37 525
37 526
29 527
29 528
40 529
27 530
27 531
27 532
27 533
27 534
27 535
27 536
27 537
27 538
27 539
39 540
35 541
41 542
41 543
39 544
39 545
35 546
35 547
32 548
32 549
43 550
39 551
42 552
40 553
36 554
36 555
36 556
40 557
33 558
33 559
34 560
222 561
223 562
219 563
221 564
45 565
139 566
139 567
222 568
222 569
222 570
139 571
139 572
139 573
139 574
224 575
224 576
224 577
223 578
220 579
222 580
222 581
222 582
222 583
61 584
61 585
138 586
140 587
65 588
110 589
111 590
126 591
111 592
103 593
103 594
103 595
110 596
71 597
103 598
126 599
103 600
132 601
111 602
103 603
103 604
111 605
63 606
128 607
64 608
63 609
17 610
84 611
31 612
31 613
31 614
31 615
31 616
31 617
31 618
31 619
31 620
31 621
44 622
31 623
31 624
57 625
31 626
