465
616
616
344 429
0 338
346 15
347 226
340 91
341 502
343 243
348 101
349 593
606 481
594 199
298 160
296 425
295 81
293 17
290 430
291 602
591 276
593 186
199 542
198 98
596 74
195 606
194 480
197 248
196 39
191 348
193 196
192 598
270 383
272 497
273 355
274 284
275 373
276 459
277 40
278 404
524 20
526 361
527 66
520 116
521 241
523 483
599 423
529 368
449 394
442 293
447 92
446 95
444 280
109 111
103 565
101 567
106 336
107 89
105 4
39 202
38 41
32 234
31 498
30 113
37 25
35 536
34 85
439 406
436 210
437 323
434 360
432 586
430 307
431 137
339 117
338 14
335 511
334 56
337 370
336 526
331 540
330 28
333 320
6 105
99 164
98 110
91 270
90 134
93 11
92 552
95 326
94 385
96 288
559 615
558 613
555 123
557 527
550 172
552 413
238 573
239 118
234 140
235 347
236 274
237 468
230 369
231 52
233 46
1 221
146 207
144 496
143 177
140 475
141 482
613 352
611 239
149 546
133 603
131 300
137 69
136 242
134 558
494 473
139 201
138 197
490 222
491 455
493 377
24 486
25 346
27 127
20 548
21 265
22 175
28 408
407 437
406 504
405 60
404 321
401 257
409 260
408 88
379 277
370 578
373 228
372 169
375 419
374 3
377 230
376 462
392 409
88 341
89 254
397 334
395 325
394 281
83 505
399 30
81 465
86 485
87 374
84 447
85 557
7 572
601 268
586 79
587 490
584 45
583 533
580 298
581 27
589 581
245 555
247 317
241 530
240 520
243 515
242 564
615 213
249 541
248 463
518 487
511 523
513 580
512 158
515 139
514 575
517 249
516 318
458 434
459 170
451 415
453 54
455 121
456 0
179 44
177 420
175 577
173 363
172 252
170 231
183 600
180 488
181 67
186 431
187 531
184 343
598 350
189 309
11 49
10 478
12 570
15 211
14 90
17 392
16 236
19 476
323 574
320 458
321 568
326 235
327 470
325 237
329 509
201 333
200 436
202 397
205 106
204 608
207 128
206 224
208 22
77 73
76 545
75 218
74 161
73 253
72 198
70 32
79 191
2 398
542 58
540 6
541 129
546 310
547 351
544 414
545 208
548 399
549 559
68 77
120 493
121 143
122 94
123 193
125 432
127 611
128 68
129 306
414 180
415 358
417 34
411 561
413 506
498 584
419 566
499 263
319 220
318 514
313 225
312 114
310 587
317 339
316 407
315 133
496 494
497 331
3 290
368 372
369 529
366 120
367 119
364 31
363 61
360 10
361 427
380 507
382 301
383 59
385 357
386 7
388 518
389 442
579 296
578 330
573 204
572 386
571 256
570 295
577 439
576 604
575 327
574 453
60 12
61 547
62 238
259 103
64 205
65 86
66 217
67 512
252 389
253 146
251 549
256 195
257 157
254 417
255 286
603 411
509 569
506 451
507 216
504 107
505 591
502 144
500 335
501 405
468 349
465 329
466 255
461 524
463 173
462 53
169 262
164 183
166 422
167 62
160 152
161 35
600 376
9 461
357 122
355 446
354 315
353 233
352 93
351 513
350 287
358 535
216 589
217 340
214 313
215 65
213 109
210 449
211 24
218 167
288 63
4 517
281 366
280 206
283 96
284 99
287 75
286 125
263 303
262 479
260 472
266 37
265 80
268 273
59 19
58 466
54 484
56 87
50 571
53 304
52 379
537 601
536 316
535 576
63 594
533 382
532 72
531 388
530 141
538 179
115 544
114 283
117 421
116 76
111 380
110 187
113 537
69 70
119 192
118 64
429 319
428 50
421 136
420 259
423 501
422 391
425 367
427 43
309 444
300 344
301 84
303 266
304 291
306 184
307 215
568 154
569 1
561 181
564 599
565 364
566 9
567 500
229 131
228 516
227 138
226 337
225 609
224 166
223 38
222 278
221 229
220 521
391 214
605 471
604 272
607 456
152 499
155 532
154 607
157 189
602 2
158 538
609 21
608 245
80 312
398 200
49 83
46 605
44 596
45 16
42 42
43 155
40 251
41 401
488 240
487 353
486 247
485 491
484 583
483 115
482 227
481 354
480 579
472 375
473 223
470 550
471 428
476 275
475 194
478 149
479 395
345 344
64 0
345 346
345 347
341 340
356 341
345 342
342 343
345 348
345 349
610 595
597 606
595 594
297 298
565 299
297 296
565 297
345 294
294 295
565 292
294 293
289 290
292 291
590 591
592 590
592 593
595 592
203 199
199 198
612 597
597 596
193 195
193 194
193 197
193 196
190 191
246 190
199 193
190 192
271 270
565 271
271 272
271 273
271 274
271 275
271 276
271 277
279 278
565 279
525 524
543 525
525 526
528 527
519 520
522 521
553 522
522 523
597 599
534 528
528 529
448 449
450 448
480 443
443 442
445 441
441 440
448 447
445 446
450 445
443 444
130 108
108 109
125 102
104 103
135 100
100 101
104 106
108 107
124 104
104 105
36 39
36 38
82 33
33 32
29 31
29 30
36 37
82 36
36 35
33 34
440 438
438 439
435 436
435 437
435 434
440 435
428 432
440 433
428 430
428 431
332 339
332 338
332 335
332 334
332 337
332 336
332 331
328 330
332 333
565 332
565 345
5 6
100 99
97 98
82 91
82 90
82 93
82 92
82 95
82 94
104 97
97 96
560 559
556 558
556 555
556 554
556 557
562 556
554 551
551 550
563 553
551 552
250 238
238 239
232 234
236 235
271 236
238 237
222 230
232 231
271 232
232 233
0 1
616 614
145 146
148 147
145 144
148 145
150 142
142 143
135 140
142 141
614 612
612 613
614 610
610 611
150 148
148 149
132 133
135 132
132 131
135 130
135 137
135 136
147 135
135 134
495 494
506 495
135 139
135 138
489 490
492 491
506 492
492 493
23 24
26 25
48 26
26 27
18 20
18 21
23 22
57 23
29 28
64 29
403 407
403 406
403 405
403 404
416 403
428 402
400 401
435 400
410 409
403 408
378 379
402 378
435 371
371 370
374 373
371 372
374 375
400 374
378 377
374 376
426 393
393 392
82 88
82 89
396 397
416 396
393 395
393 394
102 82
82 83
78 80
82 81
82 86
82 87
82 84
82 85
8 7
597 601
597 607
585 586
592 587
585 584
588 585
587 582
582 583
565 580
565 581
590 588
588 589
244 245
269 244
246 247
264 246
238 241
238 240
244 243
238 242
614 615
250 249
246 248
546 519
519 518
510 511
597 510
510 513
510 512
597 515
515 514
515 517
515 516
457 458
460 459
452 450
452 451
480 452
454 453
480 454
454 455
457 456
464 457
178 179
190 178
176 177
222 176
174 175
190 174
174 173
171 172
176 171
171 170
250 253
199 182
182 183
178 180
182 181
185 186
188 187
185 184
250 185
199 188
188 189
10 11
47 10
64 13
13 12
13 15
13 14
18 17
13 16
18 19
82 18
57 62
328 322
324 323
319 320
322 321
327 326
345 327
342 324
324 325
565 328
328 329
199 201
199 200
206 203
203 202
204 205
250 204
206 207
271 206
238 209
209 208
75 77
75 76
102 75
75 74
72 73
135 72
78 71
71 70
78 79
124 78
3 2
543 542
553 543
539 540
539 541
553 546
546 547
543 544
546 545
48 8
546 548
546 549
64 68
597 598
112 120
112 121
112 122
112 123
135 124
126 125
147 126
126 127
126 128
130 129
412 414
412 415
433 416
418 417
416 410
412 411
418 412
412 413
497 498
433 418
418 419
500 499
565 319
314 318
314 313
311 312
565 311
311 310
314 317
314 316
314 315
565 314
495 496
506 497
112 3
367 368
367 369
365 366
402 367
365 364
403 365
410 362
362 363
359 360
362 361
381 380
428 381
381 382
384 383
403 384
384 385
387 386
396 387
387 388
390 389
597 605
565 579
565 578
597 604
565 573
565 572
565 571
565 570
565 577
565 576
565 575
565 574
57 60
57 61
271 258
258 259
71 64
64 65
64 66
64 67
250 252
64 69
271 250
250 251
250 256
258 257
250 254
250 255
597 603
597 602
510 508
510 509
510 506
508 507
503 504
506 505
503 502
506 503
597 500
500 501
597 469
469 468
464 465
467 464
469 467
467 466
460 461
480 460
460 463
460 462
178 168
168 169
163 164
271 165
165 166
168 167
159 160
159 161
165 162
190 163
597 600
8 9
356 357
565 356
356 355
352 354
352 353
565 352
352 351
345 350
426 359
359 358
212 216
212 217
212 214
212 215
271 212
212 213
209 210
212 211
219 218
250 219
299 289
565 288
5 4
282 281
279 280
282 283
328 282
289 285
285 284
288 287
285 286
264 263
261 262
271 261
261 260
269 267
267 266
264 265
271 264
292 269
267 268
57 59
57 58
57 55
55 54
112 57
55 56
82 51
51 50
51 53
51 52
534 537
534 536
534 535
64 63
534 533
530 532
530 531
546 530
553 539
539 538
112 115
112 114
112 117
112 116
112 111
108 110
112 113
126 112
112 119
112 118
428 429
441 428
554 534
418 421
418 420
424 423
418 422
424 425
435 424
428 427
435 426
565 308
308 309
299 300
302 301
322 302
302 303
305 304
565 305
305 306
308 307
565 568
565 569
562 560
560 561
563 562
585 563
565 564
582 565
565 566
565 567
222 229
222 228
222 227
222 226
222 225
222 224
222 223
238 222
222 221
219 220
390 391
438 390
153 151
151 150
162 153
151 152
156 155
153 154
156 157
162 156
163 159
159 158
597 609
597 608
396 399
396 398
82 48
48 49
47 46
57 47
42 44
42 45
57 42
42 43
41 40
72 41
112 5
510 489
489 488
480 487
480 486
480 485
480 484
480 483
480 482
480 481
597 480
471 472
471 473
469 470
474 471
477 476
480 477
508 474
474 475
477 478
480 479
