465
648
0
615 2
613 4
602 9
605 10
604 15
601 16
596 18
451 27
439 32
391 34
389 35
419 39
409 43
361 45
363 46
406 48
364 51
366 53
385 55
383 56
407 59
408 60
404 62
405 63
397 65
399 68
388 70
398 71
386 72
413 78
414 79
415 80
417 82
420 84
422 85
411 86
421 87
436 89
437 91
401 96
358 98
360 99
392 101
395 103
394 104
434 107
370 109
372 110
423 113
425 114
375 117
374 115
376 120
373 121
431 125
380 127
382 128
429 132
427 133
369 137
367 136
368 140
379 142
377 143
432 144
428 122
430 146
446 147
449 149
447 150
442 152
444 153
461 156
463 158
462 159
459 160
484 162
607 163
487 166
482 167
453 170
455 171
486 172
480 19
479 176
481 177
476 179
478 181
483 182
485 183
599 185
608 186
600 189
516 191
514 194
517 195
515 190
598 199
499 201
501 203
500 200
603 207
609 208
509 211
512 212
466 219
470 221
468 222
456 225
458 226
465 227
496 228
488 231
498 235
497 234
490 240
493 241
505 242
506 232
491 245
502 246
494 248
504 249
475 252
471 254
473 256
472 258
511 259
507 260
513 261
606 262
611 264
594 266
591 269
589 271
586 274
584 275
559 277
561 279
558 283
557 284
550 288
552 289
536 293
535 295
527 297
537 298
529 299
533 300
555 301
526 307
524 308
544 309
542 310
540 312
541 314
538 315
545 319
520 321
518 322
546 316
532 327
531 329
530 326
548 331
549 333
523 336
521 335
547 338
593 340
286 343
284 344
587 345
564 349
291 351
266 354
268 355
245 357
243 358
304 360
570 364
567 366
575 368
313 370
329 371
333 374
334 375
331 378
338 380
335 382
336 383
337 385
339 386
576 389
309 392
307 393
580 394
565 359
290 400
316 402
300 403
287 406
288 405
283 411
572 412
330 414
354 416
353 419
351 420
352 415
281 424
301 426
303 427
321 428
581 432
315 434
574 436
357 438
355 440
341 441
340 443
577 450
568 451
346 452
310 454
312 455
317 458
278 461
280 462
296 464
298 465
306 467
583 468
319 471
320 472
579 473
344 476
350 477
327 480
326 482
348 483
323 487
325 488
343 490
293 492
295 493
347 495
349 496
578 499
569 500
571 503
573 505
318 506
566 508
274 511
273 512
272 515
275 517
277 516
265 523
248 525
191 528
164 532
175 533
158 535
160 537
161 538
180 542
179 544
167 546
169 547
192 548
173 549
247 550
263 551
257 552
231 556
233 558
234 559
213 562
206 565
207 567
276 570
217 571
215 573
221 576
225 580
226 582
227 583
223 584
229 587
224 591
230 592
228 593
177 595
170 597
172 598
222 575
254 602
255 606
220 608
251 611
256 612
218 614
186 615
237 619
239 624
241 625
240 626
242 627
238 618
204 630
205 632
210 634
208 635
249 637
253 638
252 639
184 640
211 643
262 644
214 645
216 646
235 649
236 648
270 652
260 655
259 656
194 660
200 662
196 668
195 669
193 665
197 671
187 675
202 676
198 678
201 679
199 664
189 681
183 683
181 684
154 687
157 689
155 690
166 692
152 694
146 696
149 698
136 700
138 705
137 706
99 710
101 711
129 712
140 713
131 716
139 718
133 719
134 720
141 724
143 725
73 728
41 727
40 731
72 726
109 737
107 738
110 739
144 740
22 743
121 747
119 748
122 751
127 752
117 758
111 759
120 761
24 762
115 764
118 766
59 769
54 774
56 775
62 776
60 778
11 781
10 780
46 783
43 786
42 785
45 790
44 791
61 792
58 793
3 796
2 798
128 801
125 800
38 804
85 811
34 813
32 814
52 817
50 819
53 820
91 822
90 823
92 828
83 829
81 831
88 832
93 833
86 834
49 837
9 840
7 841
25 843
27 844
35 847
37 849
87 850
39 851
21 854
84 856
89 859
19 860
17 862
20 863
95 865
94 866
74 868
76 871
77 872
75 867
4 876
6 878
116 875
123 880
114 881
113 882
103 884
106 886
105 888
98 891
96 892
80 895
79 896
70 898
69 902
31 903
67 905
65 906
66 908
28 911
30 913
16 917
12 918
14 919
15 920
64 907
63 925
68 926
1 928
0 927
0 1
1 2
1 3
3 4
3 6
6 9
6 10
6 15
6 16
16 18
6 19
19 24
24 26
26 27
26 28
28 29
29 30
30 31
31 32
31 33
33 34
33 35
30 36
36 37
37 39
37 40
40 43
40 44
44 45
44 46
40 48
40 49
49 51
49 52
52 53
52 54
54 55
54 56
49 59
49 60
49 62
49 63
40 64
64 65
64 68
64 69
69 70
69 71
64 72
37 73
73 76
76 78
76 79
76 80
73 82
73 83
83 84
83 85
73 86
73 87
36 88
88 89
88 90
90 91
90 93
93 94
94 96
94 97
97 98
97 99
94 100
100 101
100 103
100 104
93 107
93 108
108 109
108 110
93 111
111 113
111 114
111 115
115 117
115 120
115 121
90 122
122 125
122 126
126 127
126 128
122 132
122 133
122 135
135 136
136 137
136 140
135 141
141 142
141 143
122 144
122 146
29 147
28 148
148 149
148 150
24 151
151 152
151 153
24 154
154 155
155 156
155 158
155 159
154 160
19 161
161 162
161 163
19 165
165 166
165 167
19 168
168 169
169 170
169 171
168 172
19 176
19 177
19 179
19 180
180 181
180 182
19 183
6 185
6 186
6 189
6 190
190 191
190 194
190 195
6 199
6 200
200 201
200 203
6 206
206 207
206 208
6 209
209 210
210 211
210 212
209 213
213 215
215 217
217 219
217 221
217 222
217 223
223 224
224 225
224 226
223 227
215 228
215 231
215 232
232 234
234 235
232 239
239 240
239 241
232 242
232 244
244 245
244 246
215 248
215 249
213 252
213 253
253 254
254 256
256 258
253 259
213 260
213 261
6 262
3 263
263 264
263 265
265 266
265 267
267 268
268 269
268 270
270 271
270 272
272 273
273 274
273 275
272 276
276 277
276 279
276 280
280 281
281 282
282 283
282 284
281 285
285 286
286 287
287 288
287 289
286 290
290 293
290 295
290 296
296 297
296 298
290 299
290 300
285 301
280 302
302 304
304 306
306 307
306 308
304 309
304 310
302 311
311 312
311 314
311 315
302 316
316 319
316 320
320 321
320 322
316 326
326 327
326 329
316 331
316 332
332 333
332 335
335 336
332 338
267 339
339 340
339 341
341 342
342 343
342 344
341 345
345 347
347 349
347 350
350 351
350 352
352 353
353 354
353 355
352 356
356 357
356 358
347 359
359 360
359 364
359 365
365 366
365 368
365 370
365 371
359 372
372 374
372 375
372 378
372 379
379 380
379 382
379 383
372 385
372 386
359 389
359 391
391 392
391 393
359 394
359 400
359 401
401 402
401 403
359 405
405 406
359 408
408 411
408 412
408 414
408 415
415 416
415 419
415 420
408 422
422 424
422 425
425 426
425 427
422 428
359 432
359 434
359 435
435 436
435 437
437 438
437 440
437 441
441 443
359 445
445 449
449 450
449 451
445 452
445 453
453 454
453 455
445 458
445 459
459 460
460 461
460 462
459 463
463 464
463 465
445 467
445 468
445 469
469 470
470 471
470 472
469 473
359 474
474 475
475 476
475 477
474 480
480 482
474 483
474 486
486 487
486 488
474 489
489 490
489 491
491 492
491 493
474 495
474 496
359 498
498 499
498 500
359 501
501 503
501 504
504 505
504 506
501 508
501 509
509 510
510 511
510 512
509 515
509 516
516 517
509 521
521 523
521 524
524 525
524 527
527 528
527 530
530 532
530 533
530 534
534 535
534 537
534 538
527 541
541 542
541 544
541 545
545 546
545 547
527 548
527 549
524 550
521 551
509 552
509 555
555 556
555 558
555 559
509 560
560 562
560 565
565 567
560 568
568 569
569 570
569 571
568 573
568 574
574 575
575 576
575 579
579 580
579 582
579 583
575 584
575 587
575 589
589 591
589 592
589 593
575 594
594 595
594 596
596 597
596 598
574 602
574 603
603 606
603 607
607 608
607 611
607 612
607 614
607 615
603 618
618 619
618 622
622 623
623 624
623 625
622 626
618 627
603 629
629 630
630 632
629 633
633 634
633 635
603 637
603 638
603 639
574 640
560 642
642 643
642 644
560 645
560 646
509 648
648 649
509 651
651 652
651 655
651 656
651 657
657 658
658 660
658 661
661 662
661 664
664 665
665 668
665 669
665 671
664 675
664 676
664 678
664 679
661 681
658 682
682 683
682 684
657 685
685 686
686 687
686 689
686 690
685 691
691 692
691 693
693 694
693 695
695 696
695 698
695 699
699 700
699 704
704 705
704 706
699 708
708 709
709 710
709 711
708 712
699 713
699 715
715 716
715 718
715 719
699 720
699 721
721 723
723 724
723 725
721 726
726 727
727 728
727 731
721 735
735 737
735 738
735 739
721 740
721 742
742 743
742 744
744 747
744 748
744 750
750 751
750 752
744 753
753 758
753 759
753 761
753 762
753 764
753 766
753 767
767 769
767 773
773 774
773 775
767 776
767 778
767 779
779 780
780 781
779 783
767 785
785 786
785 790
785 791
767 792
767 793
753 796
796 798
753 799
799 800
800 801
799 804
799 805
805 811
805 812
812 813
812 814
805 816
816 817
816 819
816 820
805 821
821 822
821 823
805 826
826 827
827 828
827 829
826 831
826 832
805 833
805 834
805 836
836 837
836 839
839 840
839 841
836 842
842 843
842 844
805 845
845 847
845 849
845 850
845 851
805 853
853 854
853 856
853 859
853 860
853 862
853 863
805 864
864 865
864 866
805 867
867 868
867 871
867 872
753 875
875 876
876 878
753 880
753 881
744 882
721 883
883 884
883 886
883 888
883 889
889 890
890 891
890 892
889 893
893 894
894 895
894 896
893 897
897 898
897 899
899 901
901 902
901 903
899 905
899 906
899 907
907 908
907 911
907 912
912 913
912 914
914 916
916 917
916 918
914 919
914 920
907 925
907 926
907 927
927 928
