95
169
0
146 3
135 6
137 7
144 9
141 11
140 13
139 15
129 18
126 20
124 22
122 24
121 26
119 27
134 29
131 31
118 34
116 35
114 37
111 39
113 40
110 42
108 43
107 45
106 47
105 49
90 51
88 52
92 53
91 54
101 56
103 58
98 61
100 62
95 64
93 65
97 67
96 68
86 71
84 72
82 74
73 76
74 77
71 78
75 80
69 84
68 85
65 86
67 88
70 89
76 91
80 92
78 93
81 95
79 96
58 99
60 100
61 102
64 103
63 105
43 107
41 108
56 110
50 111
57 112
44 115
46 116
47 118
48 119
53 121
54 122
51 123
38 125
40 126
36 128
28 130
16 133
35 135
32 136
33 137
30 139
31 141
21 145
19 146
27 148
24 150
17 152
10 154
12 155
22 157
6 160
0 162
13 164
3 166
8 168
5 169
0 1
1 2
2 3
2 4
4 5
5 6
5 7
4 8
8 9
8 10
10 11
10 12
12 13
12 14
14 15
14 16
16 17
17 18
17 19
19 20
19 21
21 22
21 23
23 24
23 25
25 26
25 27
16 28
28 29
28 30
30 31
30 32
32 33
33 34
33 35
33 36
36 37
36 38
38 39
38 40
36 41
41 42
41 43
32 44
44 45
44 46
46 47
46 48
48 49
48 50
50 51
50 52
50 53
50 54
46 55
55 56
55 57
57 58
57 59
59 60
60 61
60 62
59 63
63 64
63 65
63 66
66 67
66 68
63 69
69 70
70 71
70 72
69 73
73 74
73 75
75 76
75 77
75 78
75 79
79 80
79 81
81 82
82 83
83 84
83 85
83 86
83 87
87 88
87 89
82 90
90 91
90 92
90 93
90 94
94 95
94 96
81 97
97 98
98 99
98 100
97 101
101 102
101 103
101 104
104 105
104 106
106 107
106 108
97 109
109 110
109 111
109 112
109 113
113 114
114 115
114 116
113 117
117 118
117 119
109 120
120 121
120 122
120 123
120 124
124 125
124 126
124 127
127 128
127 129
129 130
129 131
131 132
132 133
131 134
134 135
134 136
134 137
134 138
138 139
138 140
140 141
140 142
142 143
143 144
144 145
144 146
143 147
147 148
147 149
149 150
149 151
151 152
151 153
153 154
153 155
142 156
156 157
156 158
158 159
159 160
159 161
161 162
158 163
163 164
163 165
165 166
165 167
167 168
167 169
