99
162
0
76 25
77 22
78 28
80 29
79 30
81 31
70 34
67 35
69 38
65 39
68 40
64 44
63 47
43 49
41 50
61 51
57 53
56 56
48 59
47 60
46 62
44 63
54 67
53 69
51 70
40 73
38 75
36 76
31 82
22 84
6 87
2 88
0 90
13 92
8 95
5 96
3 97
35 102
33 103
32 104
16 106
15 105
30 108
28 109
27 111
24 113
17 114
12 117
10 118
21 120
19 121
50 122
60 124
58 125
75 126
74 129
73 130
71 131
82 132
86 134
84 135
97 138
96 139
95 141
93 142
100 144
98 145
92 148
91 150
90 151
88 152
103 153
101 154
106 157
105 158
107 160
104 9
118 163
116 165
114 167
113 170
111 171
110 173
108 174
134 176
131 177
129 179
126 181
124 183
122 185
121 187
119 188
140 190
139 191
141 192
144 193
146 194
137 196
135 197
0 1
1 2
2 3
3 4
4 5
5 6
6 7
7 8
8 9
9 10
10 11
11 12
12 13
13 14
14 15
15 16
16 17
17 18
18 19
19 20
20 22
22 25
22 28
22 29
22 30
20 31
20 32
32 33
33 34
33 35
32 38
32 39
32 40
19 41
41 43
43 44
43 46
46 47
46 48
48 49
48 50
43 51
41 52
52 53
52 56
52 57
57 58
58 59
58 60
57 61
61 62
61 63
52 64
64 67
64 69
64 70
64 71
71 72
72 73
72 75
72 76
71 77
77 78
78 79
79 81
81 82
81 83
83 84
83 85
85 86
86 87
86 88
88 90
85 91
91 92
91 94
94 95
94 96
91 97
79 99
99 102
99 103
99 104
99 105
105 106
79 108
79 109
78 111
78 112
112 113
112 114
114 116
116 117
116 118
77 119
119 120
119 121
64 122
41 123
123 124
123 125
18 126
17 129
17 130
17 131
16 132
15 133
133 134
133 135
14 137
137 138
137 139
14 141
14 142
13 143
143 144
143 145
12 146
146 147
147 148
147 150
147 151
146 152
11 153
10 154
9 156
156 157
156 158
9 160
8 162
162 163
162 165
162 166
166 167
166 169
169 170
169 171
166 172
172 173
172 174
7 175
175 176
175 177
6 178
178 179
178 180
180 181
180 182
182 183
182 184
184 185
184 186
186 187
186 188
5 190
5 191
4 192
3 193
2 194
1 195
195 196
195 197
