99
99
99
0 0
2 1
3 2
5 3
6 4
8 5
10 6
12 7
13 8
15 9
16 10
17 11
19 12
21 13
22 14
24 15
27 16
28 17
30 18
31 19
32 20
33 21
35 22
36 23
38 24
40 25
41 26
43 27
44 28
46 29
47 30
48 31
50 32
51 33
53 34
54 35
56 36
57 37
58 38
60 39
61 40
63 41
64 42
65 43
67 44
68 45
69 46
70 47
71 48
73 49
74 50
75 51
76 52
78 53
77 54
79 55
80 56
81 57
82 58
84 59
86 60
88 61
90 62
91 63
92 64
93 65
95 66
96 67
97 68
98 69
100 70
101 71
103 72
105 73
106 74
104 75
107 76
108 77
110 78
111 79
113 80
114 81
116 82
118 83
119 84
121 85
122 86
124 87
126 88
129 89
131 90
134 91
135 92
137 93
139 94
140 95
141 96
144 97
146 98
99 98
99 97
99 93
99 94
94 90
90 91
90 75
75 73
75 71
75 72
75 76
75 74
73 81
81 77
77 78
77 80
77 82
77 83
72 65
65 68
65 58
58 48
48 50
58 54
54 56
54 52
54 53
54 55
65 66
48 49
54 43
43 46
43 47
43 45
54 57
68 67
48 51
54 32
32 33
33 34
33 35
32 37
32 29
29 28
33 27
27 26
26 41
29 30
32 36
48 38
38 39
68 60
60 59
80 79
26 42
72 69
69 70
73 62
62 63
94 95
26 40
32 31
47 44
62 61
62 64
91 89
33 25
25 23
25 24
23 20
20 21
20 22
20 16
16 15
15 11
11 6
11 7
16 18
16 19
20 17
21 14
14 8
8 3
3 5
8 1
1 0
1 4
3 2
11 12
12 13
15 9
9 10
89 88
88 86
86 84
84 85
86 87
94 96
99 92
