99
147
147
131 98
137 71
135 100
134 118
139 51
24 129
27 75
21 28
22 8
28 80
0 82
8 21
119 111
121 134
122 146
124 104
126 46
129 108
58 15
54 141
57 140
56 36
51 103
50 84
53 16
114 73
88 101
116 48
111 122
110 27
113 68
82 139
80 6
81 40
86 58
118 19
84 22
3 116
108 38
103 95
100 90
101 44
106 0
107 70
104 17
105 92
38 113
33 43
32 106
31 47
30 74
36 60
35 78
60 53
61 126
63 144
64 135
65 88
67 121
68 110
69 114
2 10
6 33
98 13
91 107
90 5
93 77
92 54
95 81
97 91
96 86
10 35
13 2
12 93
15 30
17 56
16 96
19 41
48 119
46 57
47 124
44 61
43 32
40 65
41 67
5 63
146 69
144 64
140 131
141 137
77 12
76 50
75 97
74 79
73 105
71 24
70 31
79 3
78 76
138 133
133 132
132 131
132 130
136 137
145 136
136 135
133 134
138 139
142 138
25 24
26 25
34 26
26 27
26 20
20 21
23 22
34 23
29 28
34 29
1 0
9 4
9 8
120 119
123 120
120 121
123 122
127 123
125 124
127 125
125 126
128 127
138 128
128 129
117 118
72 59
59 58
62 55
52 54
55 57
55 56
52 51
49 50
52 53
55 52
117 115
115 114
89 88
104 89
112 111
109 110
112 113
115 112
83 82
87 83
77 80
77 81
85 86
94 87
85 84
87 85
4 3
14 7
109 108
115 109
104 102
102 103
99 100
102 101
104 106
104 107
130 104
104 105
55 39
39 38
29 33
29 32
29 31
29 30
39 37
37 36
34 35
37 34
59 60
62 61
72 62
62 63
62 64
66 65
77 66
66 67
66 68
66 69
1 2
7 6
117 99
99 98
89 91
89 90
94 93
89 92
94 95
102 94
94 97
94 96
18 11
11 10
14 13
11 12
29 15
23 14
18 17
15 16
20 19
25 18
130 117
117 116
49 48
52 49
45 46
45 47
45 44
55 45
62 42
42 43
39 40
42 41
7 1
4 5
14 9
145 146
143 144
147 145
143 142
145 143
138 140
142 141
83 77
77 76
72 75
72 74
72 73
83 72
72 71
66 70
77 79
77 78
