99
147
147
131 75
137 63
135 69
134 44
139 126
24 40
27 122
21 8
22 144
28 71
0 139
8 92
119 118
121 3
122 88
124 58
126 28
129 134
58 124
54 56
57 105
56 79
51 119
50 67
53 73
114 113
88 2
116 38
111 78
110 48
113 70
82 10
80 0
81 47
86 97
118 5
84 21
3 96
108 68
103 6
100 95
101 16
106 116
107 104
104 76
105 135
38 36
33 131
32 57
31 137
30 46
36 41
35 35
60 31
61 84
63 65
64 103
65 19
67 141
68 108
69 50
2 106
6 82
98 111
91 86
90 33
93 15
92 74
95 30
97 140
96 12
10 60
13 64
12 17
15 43
17 27
16 107
19 54
48 81
46 77
47 121
44 101
43 32
40 24
41 53
5 100
146 61
144 93
140 146
141 114
77 90
76 91
75 51
74 129
73 22
71 80
70 13
79 98
78 110
138 133
133 132
132 131
132 130
136 137
145 136
136 135
133 134
138 139
142 138
25 24
26 25
34 26
26 27
26 20
20 21
23 22
34 23
29 28
34 29
1 0
9 4
9 8
120 119
123 120
120 121
123 122
127 123
125 124
127 125
125 126
128 127
138 128
128 129
117 118
72 59
59 58
62 55
52 54
55 57
55 56
52 51
49 50
52 53
55 52
117 115
115 114
89 88
104 89
112 111
109 110
112 113
115 112
83 82
87 83
77 80
77 81
85 86
94 87
85 84
87 85
4 3
14 7
109 108
115 109
104 102
102 103
99 100
102 101
104 106
104 107
130 104
104 105
55 39
39 38
29 33
29 32
29 31
29 30
39 37
37 36
34 35
37 34
59 60
62 61
72 62
62 63
62 64
66 65
77 66
66 67
66 68
66 69
1 2
7 6
117 99
99 98
89 91
89 90
94 93
89 92
94 95
102 94
94 97
94 96
18 11
11 10
14 13
11 12
29 15
23 14
18 17
15 16
20 19
25 18
130 117
117 116
49 48
52 49
45 46
45 47
45 44
55 45
62 42
42 43
39 40
42 41
7 1
4 5
14 9
145 146
143 144
147 145
143 142
145 143
138 140
142 141
83 77
77 76
72 75
72 74
72 73
83 72
72 71
66 70
77 79
77 78
