99
160
0
135 3
137 4
146 6
144 8
141 10
140 12
139 14
129 17
124 20
122 22
121 24
119 25
126 26
134 28
131 30
118 33
116 35
114 38
110 40
108 41
111 43
113 44
88 48
91 50
90 52
92 53
105 46
104 45
107 58
106 60
101 62
103 64
100 67
98 68
95 70
93 72
96 75
97 76
84 79
86 80
82 82
71 85
74 86
73 88
75 90
81 93
69 97
65 98
68 100
70 102
67 103
79 106
80 107
76 110
78 111
77 104
64 115
63 118
43 120
41 121
61 122
60 125
58 126
44 131
46 132
47 134
48 135
56 136
57 138
50 140
54 142
51 144
53 146
38 149
40 150
36 152
28 154
15 156
16 158
32 161
35 162
33 164
30 166
31 168
24 172
17 173
10 176
12 177
27 178
19 181
21 182
22 184
8 186
13 189
5 191
3 192
6 194
2 195
0 197
0 1
1 2
2 3
2 4
1 5
5 6
5 7
7 8
7 9
9 10
9 11
11 12
11 14
11 15
15 16
16 17
16 18
18 19
19 20
19 21
21 22
21 23
23 24
23 25
18 26
15 27
27 28
27 29
29 30
29 31
31 32
32 33
32 35
32 36
36 38
36 39
39 40
39 41
36 42
42 43
42 44
31 45
45 46
46 47
47 48
47 50
47 52
47 53
45 58
45 59
59 60
59 61
61 62
61 63
63 64
63 65
65 66
66 67
66 68
65 69
69 70
69 72
69 74
74 75
74 76
69 77
77 78
78 79
78 80
77 81
81 82
81 83
83 85
83 86
83 88
83 89
89 90
89 91
91 92
92 93
92 95
95 97
95 98
95 100
95 101
101 102
101 103
92 104
104 106
104 107
104 110
104 111
91 113
113 114
114 115
114 117
117 118
117 119
119 120
119 121
114 122
113 124
124 125
124 126
113 127
127 129
129 130
130 131
130 132
129 133
133 134
133 135
127 136
127 138
127 140
127 141
141 142
141 144
141 146
141 147
147 149
147 150
147 151
151 152
151 153
153 154
153 155
155 156
156 158
155 161
155 162
155 164
155 165
165 166
165 168
165 169
169 171
171 172
171 173
173 175
175 176
175 177
169 178
169 179
179 180
180 181
180 182
179 183
183 184
183 185
185 186
185 188
188 189
188 190
190 191
190 192
185 193
193 194
193 195
195 197
