99
147
147
131 131
137 137
135 135
134 134
139 139
24 24
27 27
21 21
22 22
28 28
0 0
8 8
119 119
121 121
122 122
124 124
126 126
129 129
58 58
54 54
57 57
56 56
51 51
50 50
53 53
114 114
88 88
116 116
111 111
110 110
113 113
82 82
80 80
81 81
86 86
118 118
84 84
3 3
108 108
103 103
100 100
101 101
106 106
107 107
104 104
105 105
38 38
33 33
32 32
31 31
30 30
36 36
35 35
60 60
61 61
63 63
64 64
65 65
67 67
68 68
69 69
2 2
6 6
98 98
91 91
90 90
93 93
92 92
95 95
97 97
96 96
10 10
13 13
12 12
15 15
17 17
16 16
19 19
48 48
46 46
47 47
44 44
43 43
40 40
41 41
5 5
146 146
144 144
140 140
141 141
77 77
76 76
75 75
74 74
73 73
71 71
70 70
79 79
78 78
138 133
133 132
132 131
132 130
136 137
145 136
136 135
133 134
138 139
142 138
25 24
26 25
34 26
26 27
26 20
20 21
23 22
34 23
29 28
34 29
1 0
9 4
9 8
120 119
123 120
120 121
123 122
127 123
125 124
127 125
125 126
128 127
138 128
128 129
117 118
72 59
59 58
62 55
52 54
55 57
55 56
52 51
49 50
52 53
55 52
117 115
115 114
89 88
104 89
112 111
109 110
112 113
115 112
83 82
87 83
77 80
77 81
85 86
94 87
85 84
87 85
4 3
14 7
109 108
115 109
104 102
102 103
99 100
102 101
104 106
104 107
130 104
104 105
55 39
39 38
29 33
29 32
29 31
29 30
39 37
37 36
34 35
37 34
59 60
62 61
72 62
62 63
62 64
66 65
77 66
66 67
66 68
66 69
1 2
7 6
117 99
99 98
89 91
89 90
94 93
89 92
94 95
102 94
94 97
94 96
18 11
11 10
14 13
11 12
29 15
23 14
18 17
15 16
20 19
25 18
130 117
117 116
49 48
52 49
45 46
45 47
45 44
55 45
62 42
42 43
39 40
42 41
7 1
4 5
14 9
145 146
143 144
147 145
143 142
145 143
138 140
142 141
83 77
77 76
72 75
72 74
72 73
83 72
72 71
66 70
77 79
77 78
