199
307
1
100 6
115 7
139 12
118 16
129 18
131 21
7 22
1 23
163 26
176 30
228 33
223 35
222 42
205 51
195 54
274 62
256 74
187 75
184 76
103 79
110 80
109 82
230 90
238 91
153 95
158 96
38 101
17 102
63 104
82 106
84 118
49 132
81 133
68 136
86 144
0 145
2 146
4 147
5 148
8 149
10 150
11 151
12 152
13 153
14 154
16 155
18 156
20 157
22 158
23 159
25 160
26 161
27 162
29 163
30 164
32 165
33 166
34 167
36 168
37 169
40 170
41 171
42 172
43 173
44 174
45 175
46 176
48 177
51 178
53 179
54 180
55 181
57 182
58 183
60 184
61 185
64 186
66 187
67 188
69 189
70 190
72 191
73 192
75 193
77 194
79 195
80 196
85 197
88 198
90 199
91 200
92 201
93 202
94 203
96 204
97 205
98 206
99 207
101 208
105 209
107 210
108 211
111 212
112 213
116 214
119 215
121 216
122 217
124 218
125 219
127 220
128 221
132 222
133 223
134 224
136 225
138 226
141 227
142 228
144 229
145 230
146 231
148 232
149 233
151 234
152 235
154 236
155 237
156 238
157 239
160 240
162 241
165 242
167 243
169 244
171 245
172 246
173 247
174 248
178 249
179 250
180 251
181 252
182 253
183 254
188 255
189 256
191 257
192 258
194 259
196 260
197 261
199 262
200 263
202 264
204 265
206 266
207 267
208 268
209 269
210 270
211 271
213 272
214 273
215 274
217 275
219 276
220 277
225 278
226 279
227 280
229 281
232 282
233 283
235 284
237 285
240 286
241 287
244 288
246 289
248 290
250 291
251 292
253 293
255 294
258 295
259 296
261 297
263 298
265 299
266 300
268 301
269 302
271 303
273 304
276 305
278 306
279 307
281 308
1 2
2 3
3 4
3 5
5 6
5 7
5 8
5 9
2 10
10 11
10 12
10 13
10 14
2 15
15 16
15 17
15 18
15 19
19 20
15 21
21 22
22 23
2 24
24 25
24 26
24 27
24 28
24 29
29 30
24 31
31 32
32 33
33 34
33 35
33 36
33 37
37 38
32 39
39 40
40 41
39 42
39 43
43 44
44 45
44 46
44 47
47 48
39 49
49 50
39 51
39 52
32 53
53 54
32 55
55 56
55 57
57 58
58 59
59 60
58 61
57 62
57 63
57 64
55 65
65 66
65 67
67 68
67 69
69 70
70 71
69 72
55 73
32 74
31 75
31 76
31 77
24 78
2 79
2 80
80 81
80 82
2 83
2 84
84 85
85 86
86 87
86 88
88 89
89 90
89 91
84 92
84 93
84 94
2 95
95 96
2 97
97 98
97 99
99 100
100 101
101 102
101 103
100 104
99 105
105 106
105 107
107 108
107 109
109 110
110 111
111 112
109 113
105 114
114 115
114 116
114 117
105 118
105 119
119 120
120 121
120 122
120 123
123 124
120 125
125 126
125 127
120 128
128 129
129 130
129 131
128 132
119 133
119 134
119 135
119 136
119 137
137 138
138 139
119 140
105 141
99 142
97 143
97 144
23 145
110 146
117 147
23 148
111 149
111 150
112 151
111 152
110 153
110 154
110 155
102 156
131 157
130 158
130 159
129 160
129 161
124 162
123 163
103 164
126 165
103 166
137 167
137 168
101 169
109 170
109 171
109 172
109 173
113 174
20 175
138 176
139 177
108 178
108 179
108 180
115 181
115 182
122 183
135 184
104 185
100 186
114 187
116 188
136 189
134 190
134 191
140 192
142 193
121 194
135 195
119 196
141 197
127 198
97 199
97 200
97 201
98 202
143 203
143 204
143 205
143 206
6 207
92 208
85 209
94 210
83 211
81 212
80 213
17 214
13 215
13 216
4 217
3 218
9 219
5 220
8 221
19 222
15 223
15 224
11 225
14 226
77 227
77 228
10 229
10 230
10 231
28 232
27 233
27 234
95 235
95 236
95 237
95 238
95 239
29 240
28 241
40 242
40 243
41 244
41 245
25 246
41 247
41 248
29 249
78 250
24 251
29 252
31 253
31 254
31 255
39 256
39 257
49 258
50 259
54 260
36 261
33 262
49 263
49 264
49 265
52 266
51 267
43 268
52 269
51 270
38 271
37 272
37 273
34 274
34 275
39 276
33 277
33 278
46 279
33 280
56 281
70 282
71 283
60 284
60 285
69 286
72 287
68 288
59 289
61 290
61 291
61 292
53 293
53 294
88 295
57 296
57 297
63 298
57 299
93 300
87 301
93 302
64 303
55 304
47 305
66 306
48 307
48 308
