199
282
282
217 98
214 152
215 23
213 66
210 238
211 13
165 139
219 60
133 225
132 179
131 279
136 86
134 162
139 208
138 205
225 268
25 176
26 85
27 12
20 84
22 204
23 195
223 127
29 118
222 42
0 153
4 112
281 108
8 202
163 229
227 251
263 223
121 192
122 149
124 206
125 131
265 41
127 191
128 133
129 142
269 157
268 105
167 158
58 93
55 64
54 220
57 178
51 77
53 8
259 259
199 213
179 281
195 171
194 274
197 53
178 94
191 51
192 122
115 119
271 256
88 36
116 45
111 167
110 246
276 44
112 226
82 70
181 230
80 138
81 129
86 80
118 14
84 199
85 222
251 38
256 26
206 25
226 103
7 111
244 197
108 258
109 107
241 253
240 46
103 156
100 34
101 209
107 240
105 210
38 211
33 180
32 146
30 232
37 134
36 121
34 69
246 32
176 57
60 11
61 97
258 181
63 241
64 75
66 269
67 54
68 141
69 233
250 20
174 207
173 215
172 165
171 183
255 266
253 219
248 90
182 115
183 125
180 1
2 55
162 136
187 67
184 40
220 33
188 124
189 196
202 5
196 217
99 228
98 250
169 29
229 100
228 7
91 173
90 261
93 110
92 2
160 37
94 184
97 68
96 27
11 248
10 263
13 188
12 145
14 163
17 99
16 30
18 17
273 63
274 116
151 96
153 273
152 148
155 73
154 278
157 109
156 276
158 144
278 4
238 151
279 255
235 235
237 189
230 22
232 187
233 92
48 49
49 0
46 132
119 271
44 61
45 244
42 174
43 72
40 160
41 237
1 48
5 200
146 194
200 155
144 128
145 182
142 154
204 227
207 79
141 81
209 265
208 18
148 214
149 172
77 101
75 58
73 10
72 169
70 91
79 16
205 43
261 82
266 88
221 216
216 217
212 214
216 215
221 212
212 213
205 210
212 211
166 165
270 264
264 265
254 218
218 219
130 133
130 132
130 131
147 130
143 137
137 136
147 135
130 134
140 139
137 138
185 166
50 24
24 25
24 26
28 27
21 20
24 21
21 22
21 23
159 160
228 198
65 28
28 29
168 161
1 0
3 4
280 281
9 8
164 163
120 119
270 271
257 258
140 120
120 121
123 122
135 123
123 124
126 125
135 126
126 127
126 128
130 129
267 269
267 268
166 167
117 118
83 59
59 58
56 55
52 54
56 57
65 56
52 51
78 50
52 53
78 52
260 259
168 164
203 201
198 199
177 179
201 200
212 195
193 194
198 197
177 178
190 191
205 190
203 193
193 192
114 115
126 114
89 88
95 89
110 111
113 110
130 113
110 112
83 82
87 83
78 80
78 81
87 86
89 87
83 84
83 85
252 251
205 207
254 256
205 206
224 226
264 257
19 3
186 177
262 254
31 7
270 247
272 273
254 255
224 225
247 245
245 244
106 108
110 109
242 241
239 240
245 243
243 242
104 102
102 103
114 100
102 101
113 106
106 107
106 104
104 105
65 39
62 38
31 33
31 32
38 31
31 30
38 37
35 36
47 35
35 34
247 246
257 252
218 205
224 223
177 176
59 60
62 61
76 62
62 63
62 64
83 65
65 66
65 67
74 68
68 69
185 175
175 174
170 173
170 172
170 171
175 170
205 203
221 222
177 181
254 253
249 248
183 182
186 183
177 180
3 2
161 162
186 187
183 184
7 6
221 220
201 186
186 188
190 189
203 202
195 196
228 221
190 185
100 99
95 98
177 168
170 169
228 229
254 228
89 91
89 90
89 93
89 92
113 95
95 94
95 97
95 96
9 11
9 10
15 13
9 12
19 15
13 14
38 17
15 16
39 19
17 18
130 117
249 250
117 116
275 274
203 204
280 275
150 151
164 150
161 153
153 152
153 155
153 154
153 157
153 156
177 159
153 158
280 277
277 278
239 238
242 239
280 279
243 234
236 235
242 236
236 237
231 230
234 231
231 232
234 233
228 224
282 280
47 48
50 49
47 46
78 47
39 44
39 45
39 42
39 43
39 40
39 41
6 1
6 5
19 9
275 272
143 146
161 147
143 144
143 145
141 142
153 143
143 140
159 141
205 209
205 208
147 148
150 149
76 77
83 76
76 75
78 74
74 73
71 72
78 71
71 70
78 79
83 78
262 263
252 249
264 262
228 227
260 261
272 270
270 260
277 276
280 267
267 266
