195
261
259
216 216
217 217
214 214
212 212
211 211
218 218
219 219
133 133
132 132
131 131
130 130
137 137
135 135
134 134
139 139
138 138
166 166
24 24
25 25
27 27
20 20
21 21
23 23
223 223
29 29
161 161
0 0
4 4
163 163
119 119
120 120
121 121
122 122
123 123
125 125
126 126
127 127
128 128
167 167
59 59
58 58
55 55
57 57
50 50
53 53
52 52
164 164
201 201
199 199
179 179
195 195
194 194
196 196
191 191
190 190
192 192
115 115
114 114
88 88
89 89
111 111
110 110
112 112
82 82
83 83
80 80
81 81
86 86
87 87
84 84
85 85
198 198
206 206
257 257
7 7
247 247
225 225
245 245
108 108
109 109
240 240
243 243
102 102
103 103
100 100
106 106
107 107
105 105
39 39
38 38
32 32
30 30
36 36
177 177
34 34
252 252
205 205
60 60
61 61
62 62
63 63
64 64
65 65
66 66
68 68
176 176
250 250
174 174
173 173
172 172
254 254
170 170
181 181
248 248
182 182
183 183
2 2
162 162
187 187
184 184
220 220
186 186
188 188
189 189
221 221
99 99
168 168
169 169
229 229
228 228
91 91
226 226
93 93
92 92
160 160
94 94
97 97
96 96
11 11
10 10
13 13
12 12
15 15
16 16
19 19
18 18
117 117
116 116
204 204
151 151
150 150
153 153
152 152
155 155
154 154
157 157
156 156
159 159
239 239
234 234
236 236
237 237
231 231
233 233
48 48
49 49
47 47
44 44
42 42
40 40
1 1
5 5
9 9
146 146
144 144
202 202
142 142
143 143
141 141
209 209
208 208
148 148
149 149
77 77
76 76
75 75
74 74
72 72
71 71
79 79
78 78
249 249
227 227
261 261
260 260
215 216
215 217
215 214
222 215
213 212
222 213
213 210
210 211
178 165
215 218
215 219
129 133
129 132
129 131
129 130
150 137
150 136
129 135
129 134
140 139
137 138
167 166
22 24
26 25
33 26
28 27
17 20
22 21
33 22
22 23
158 160
37 28
28 29
158 161
1 0
3 4
14 8
158 163
118 119
259 258
118 120
118 121
118 122
124 123
136 124
129 125
125 126
125 127
129 128
145 129
175 167
124 118
57 59
57 58
56 55
56 54
69 57
69 56
57 51
51 50
54 53
51 52
165 164
200 201
200 199
180 179
215 200
193 195
193 194
215 197
197 196
189 191
189 190
200 193
193 192
116 115
113 114
87 88
90 89
106 111
106 110
129 113
113 112
78 82
78 83
78 80
78 81
78 86
118 87
78 84
78 85
253 251
197 198
258 256
207 206
224 226
256 257
8 3
175 177
253 254
6 7
246 247
256 255
224 225
215 178
259 244
106 108
106 109
242 241
241 240
242 243
244 242
101 102
104 103
101 100
136 101
118 106
106 107
129 104
104 105
244 245
37 39
37 38
37 33
31 32
41 31
31 30
45 37
35 36
41 35
35 34
255 246
251 252
203 205
224 223
175 176
61 60
78 61
63 62
67 63
63 64
63 65
67 66
78 67
67 68
70 69
178 175
175 174
174 173
171 172
175 171
171 170
215 203
258 222
180 181
255 253
246 248
180 182
180 183
215 180
3 2
158 162
188 187
185 184
10 6
215 220
185 186
215 188
215 189
203 202
215 221
200 185
98 99
125 98
167 168
167 169
230 229
224 228
90 91
95 90
92 93
118 92
129 95
95 94
98 97
95 96
10 11
17 10
14 13
10 12
26 15
17 14
33 17
17 16
17 19
17 18
118 117
246 250
125 116
203 204
150 151
167 150
150 153
150 152
150 155
150 154
158 157
150 156
158 159
167 158
235 234
241 238
238 239
210 207
246 235
235 236
238 237
246 230
230 231
251 232
232 233
232 224
46 48
46 49
54 46
46 47
45 44
46 45
43 42
46 43
41 40
43 41
15 1
6 5
8 9
147 146
165 147
145 144
150 145
140 142
144 143
158 140
140 141
210 209
207 208
147 148
150 149
78 77
73 76
73 75
73 74
106 73
73 72
70 71
106 70
78 79
106 78
246 249
224 227
259 261
259 260
