464
927
0
39 24
38 25
104 27
112 31
53 32
109 33
82 37
81 38
80 41
79 42
77 43
72 45
70 46
115 51
55 54
50 56
11 57
14 59
13 60
111 64
45 65
110 67
68 68
92 71
73 72
58 73
60 76
10 77
113 84
49 85
51 86
54 88
52 89
37 93
35 94
34 96
36 97
33 98
25 100
23 101
48 102
102 107
95 108
93 111
75 112
5 114
3 115
67 116
101 122
86 123
8 124
84 129
89 131
87 132
85 133
88 135
27 137
2 139
0 140
22 143
20 145
18 146
21 147
99 151
90 152
91 153
97 157
83 159
76 160
96 161
94 162
100 164
56 166
98 168
44 172
43 173
42 174
40 175
106 180
62 181
103 185
46 186
63 189
7 191
6 192
61 193
64 195
30 197
28 198
17 200
15 201
107 204
69 205
32 207
31 208
116 210
114 211
108 214
105 215
65 216
125 218
123 219
132 225
131 226
135 228
134 229
136 231
126 232
128 233
122 235
130 237
120 238
119 240
117 241
139 243
138 244
147 248
145 249
143 251
141 252
144 253
157 254
149 258
155 259
158 260
151 261
159 262
198 269
194 270
181 272
180 275
178 277
177 279
175 280
168 282
167 283
196 284
209 287
189 288
171 290
169 291
221 300
218 305
217 306
216 307
215 308
214 309
220 310
219 311
203 317
211 321
173 323
172 324
188 325
190 326
210 331
202 332
208 335
205 336
200 338
197 339
201 340
204 341
207 343
206 344
186 346
184 347
199 349
183 351
182 352
174 353
166 357
162 358
163 359
164 360
161 361
154 363
152 364
165 365
212 367
192 369
191 370
408 390
388 391
386 392
389 393
390 394
403 395
407 398
400 400
398 401
406 402
360 403
361 405
359 407
358 409
356 410
402 411
362 412
405 413
412 419
404 420
419 422
395 426
394 427
427 429
529 437
530 439
531 441
527 442
558 451
561 454
536 457
533 458
535 459
563 460
526 467
525 470
486 472
484 473
523 474
514 476
512 477
520 478
522 481
483 487
459 491
455 492
458 493
457 494
415 497
414 498
416 499
450 503
441 504
418 505
440 507
417 508
376 511
364 512
374 513
446 515
444 516
436 521
422 523
420 524
464 526
409 528
381 530
379 531
482 535
476 536
481 541
473 543
472 544
478 545
480 546
477 547
479 548
393 550
391 551
497 553
495 554
488 556
397 563
372 565
370 566
454 572
424 573
453 574
451 575
452 576
378 578
377 579
466 580
462 582
460 583
437 586
432 587
431 589
429 590
426 593
369 595
367 596
423 597
555 598
552 600
546 602
539 604
500 606
498 607
549 610
515 618
518 620
516 621
471 625
470 626
469 627
467 628
443 630
442 631
434 633
433 634
517 635
447 636
448 637
550 638
553 641
543 642
545 643
494 646
493 649
492 650
491 651
489 652
541 653
532 654
508 657
506 658
505 659
511 661
509 662
504 663
503 665
501 666
428 667
384 669
382 670
413 672
410 673
387 675
385 676
350 678
348 679
338 685
323 686
335 687
336 688
334 690
332 691
320 693
337 695
324 697
319 703
316 704
313 705
315 706
318 707
317 708
355 710
340 712
330 714
329 717
328 719
325 720
327 721
353 726
347 728
346 729
232 730
345 732
342 736
343 737
341 738
225 741
222 742
224 743
231 745
230 749
228 750
226 751
229 752
351 753
354 754
310 758
241 764
263 767
265 769
267 770
239 771
298 772
248 775
235 777
233 778
282 781
280 784
274 785
272 786
271 790
255 791
279 798
252 799
269 800
273 802
238 804
236 805
244 806
278 809
254 810
253 811
277 815
262 817
260 818
250 819
276 820
275 821
242 822
292 827
287 829
286 833
283 834
247 836
245 837
285 838
291 840
259 842
258 844
256 845
289 846
290 847
307 851
301 852
295 854
293 855
297 857
296 858
306 860
305 862
303 863
375 865
366 866
568 868
566 870
564 871
574 874
573 876
571 877
569 878
587 882
585 883
584 885
581 887
578 889
577 891
575 892
583 893
594 895
592 897
590 900
589 901
588 902
612 906
614 907
615 908
596 915
598 917
599 918
602 919
605 921
603 922
607 923
610 925
608 926
611 927
0 1
1 2
2 3
3 4
4 5
5 6
6 7
7 8
8 9
9 10
10 11
11 12
12 13
13 14
14 15
15 16
16 17
17 18
18 19
19 20
20 21
21 22
22 23
23 24
23 25
22 26
26 27
26 28
28 29
29 30
30 31
30 32
29 33
28 34
34 35
35 36
36 37
36 38
35 39
39 40
40 41
40 42
39 43
34 44
44 45
44 46
21 47
47 48
48 49
49 50
50 51
50 52
52 53
53 54
53 55
55 56
55 57
52 58
58 59
58 60
49 61
61 62
62 63
63 64
63 65
62 66
66 67
66 68
61 69
69 70
70 71
70 72
69 73
48 74
74 75
75 76
75 77
74 78
78 79
79 80
80 81
81 82
82 83
83 84
83 85
82 86
81 87
87 88
87 89
80 90
90 91
91 92
92 93
92 94
91 95
95 96
95 97
90 98
79 99
99 100
99 101
78 102
47 103
103 104
104 105
105 106
106 107
106 108
105 109
109 110
110 111
110 112
109 113
113 114
113 115
104 116
103 117
117 118
118 119
119 120
120 121
121 122
121 123
120 124
119 125
125 126
126 127
127 128
128 129
128 130
130 131
130 132
127 133
126 134
134 135
134 136
136 137
136 138
138 139
138 140
125 141
141 142
142 143
142 144
144 145
144 146
141 147
118 148
148 149
149 150
150 151
150 152
149 153
148 154
154 155
155 156
156 157
156 158
158 159
158 160
155 161
154 162
117 163
163 164
163 165
165 166
165 167
167 168
167 169
169 170
170 171
171 172
171 173
170 174
169 175
20 176
176 177
177 178
178 179
179 180
179 181
178 182
182 183
183 184
184 185
184 186
183 187
187 188
188 189
188 190
190 191
190 192
187 193
182 194
194 195
194 196
196 197
196 198
177 199
199 200
199 201
176 202
202 203
203 204
203 205
202 206
206 207
206 208
19 209
209 210
209 211
18 212
212 213
213 214
213 215
212 216
17 217
217 218
217 219
16 220
220 221
221 222
222 223
223 224
224 225
224 226
223 227
227 228
227 229
222 230
230 231
230 232
221 233
220 234
234 235
234 236
236 237
236 238
15 239
239 240
239 241
14 242
242 243
242 244
13 245
245 246
246 247
247 248
247 249
246 250
250 251
250 252
245 253
12 254
11 255
255 256
256 257
257 258
257 259
256 260
255 261
10 262
9 263
263 264
264 265
265 266
266 267
267 268
268 269
268 270
267 271
271 272
271 273
273 274
274 275
274 276
276 277
276 278
278 279
278 280
273 281
281 282
281 283
266 284
265 285
285 286
286 287
286 288
285 289
289 290
289 291
264 292
292 293
293 294
294 295
295 296
296 297
297 298
298 299
299 300
299 301
301 302
302 303
303 304
304 305
304 306
303 307
302 308
301 309
298 310
297 311
296 312
312 313
313 314
314 315
315 316
316 317
316 318
318 319
319 320
320 321
320 322
322 323
322 324
319 325
318 326
315 327
327 328
328 329
329 330
330 331
330 332
329 333
333 334
334 335
334 336
333 337
337 338
337 339
328 340
327 341
314 342
342 343
342 344
313 345
345 346
345 347
312 348
348 349
348 350
350 351
350 352
295 353
294 354
354 355
355 356
356 357
356 358
355 359
354 360
293 361
292 362
362 363
362 364
263 365
8 366
366 367
366 368
368 369
368 370
7 371
371 372
372 373
373 374
374 375
375 376
376 377
377 378
378 379
379 380
380 381
381 382
382 383
383 384
384 385
385 386
386 387
387 388
388 389
389 390
389 391
388 392
387 393
386 394
385 395
384 396
396 397
397 398
397 399
399 400
399 401
396 402
383 403
382 404
404 405
404 406
406 407
406 408
408 409
408 410
381 411
380 412
379 413
378 414
414 415
415 416
416 417
417 418
418 419
418 420
417 421
421 422
421 423
423 424
424 425
425 426
425 427
424 428
428 429
428 430
430 431
431 432
432 433
433 434
434 435
435 436
436 437
436 438
438 439
438 440
440 441
440 442
435 443
443 444
444 445
445 446
446 447
447 448
448 449
449 450
450 451
450 452
452 453
453 454
453 455
455 456
456 457
456 458
455 459
452 460
449 461
461 462
462 463
463 464
464 465
465 466
466 467
466 468
468 469
469 470
469 471
471 472
471 473
468 474
465 475
475 476
475 477
464 478
463 479
479 480
480 481
480 482
482 483
483 484
484 485
485 486
486 487
486 488
488 489
489 490
490 491
490 492
489 493
488 494
485 495
495 496
496 497
496 498
495 499
484 500
500 501
501 502
502 503
502 504
501 505
500 506
506 507
506 508
483 509
509 510
510 511
510 512
509 513
482 514
514 515
514 516
479 517
517 518
518 519
519 520
520 521
520 522
522 523
522 524
519 525
525 526
525 527
527 528
527 529
529 530
529 531
518 532
532 533
533 534
534 535
534 536
533 537
537 538
538 539
539 540
540 541
540 542
542 543
542 544
539 545
538 546
537 547
532 548
517 549
549 550
549 551
462 552
552 553
552 554
461 555
555 556
555 557
557 558
558 559
559 560
560 561
561 562
562 563
562 564
564 565
564 566
561 567
567 568
568 569
569 570
570 571
571 572
571 573
570 574
569 575
568 576
567 577
577 578
577 579
560 580
559 581
581 582
581 583
558 584
584 585
585 586
585 587
584 588
588 589
588 590
557 591
591 592
592 593
592 594
594 595
594 596
591 597
448 598
447 599
599 600
599 601
601 602
601 603
603 604
603 605
605 606
605 607
446 608
608 609
609 610
609 611
611 612
612 613
613 614
614 615
615 616
616 617
617 618
617 619
619 620
619 621
616 622
622 623
623 624
624 625
624 626
623 627
622 628
615 629
629 630
629 631
614 632
632 633
632 634
613 635
612 636
611 637
608 638
445 639
639 640
640 641
640 642
639 643
444 644
644 645
645 646
645 647
647 648
648 649
648 650
647 651
644 652
443 653
434 654
433 655
655 656
656 657
656 658
655 659
432 660
660 661
660 662
431 663
430 664
664 665
664 666
423 667
416 668
668 669
668 670
415 671
671 672
671 673
414 674
674 675
674 676
377 677
677 678
677 679
376 680
680 681
681 682
682 683
683 684
684 685
684 686
683 687
682 688
681 689
689 690
689 691
680 692
692 693
692 694
694 695
694 696
696 697
696 698
698 699
699 700
700 701
701 702
702 703
702 704
701 705
700 706
699 707
698 708
375 709
709 710
709 711
711 712
711 713
713 714
713 715
715 716
716 717
716 718
718 719
718 720
715 721
374 722
722 723
723 724
724 725
725 726
725 727
727 728
727 729
724 730
723 731
731 732
731 733
733 734
734 735
735 736
735 737
734 738
733 739
739 740
740 741
740 742
739 743
722 744
744 745
744 746
746 747
747 748
748 749
748 750
747 751
746 752
373 753
372 754
371 755
755 756
756 757
757 758
757 759
759 760
760 761
761 762
762 763
763 764
763 765
765 766
766 767
766 768
768 769
768 770
765 771
762 772
761 773
773 774
774 775
774 776
776 777
776 778
773 779
779 780
780 781
780 782
782 783
783 784
783 785
782 786
779 787
787 788
788 789
789 790
789 791
788 792
792 793
793 794
794 795
795 796
796 797
797 798
797 799
796 800
795 801
801 802
801 803
803 804
803 805
794 806
793 807
807 808
808 809
808 810
807 811
792 812
812 813
813 814
814 815
814 816
816 817
816 818
813 819
812 820
787 821
760 822
759 823
823 824
824 825
825 826
826 827
826 828
828 829
828 830
830 831
831 832
832 833
832 834
831 835
835 836
835 837
830 838
825 839
839 840
839 841
841 842
841 843
843 844
843 845
824 846
823 847
756 848
848 849
849 850
850 851
850 852
849 853
853 854
853 855
848 856
856 857
856 858
755 859
859 860
859 861
861 862
861 863
6 864
864 865
864 866
5 867
867 868
867 869
869 870
869 871
4 872
872 873
873 874
873 875
875 876
875 877
872 878
3 879
879 880
880 881
881 882
881 883
880 884
884 885
884 886
886 887
886 888
888 889
888 890
890 891
890 892
879 893
2 894
894 895
894 896
896 897
896 898
898 899
899 900
899 901
898 902
1 903
903 904
904 905
905 906
905 907
904 908
903 909
909 910
910 911
911 912
912 913
913 914
914 915
914 916
916 917
916 918
913 919
912 920
920 921
920 922
911 923
910 924
924 925
924 926
909 927
