464
657
0
612 5
614 6
615 7
610 10
608 13
603 16
605 17
602 19
599 22
598 23
596 24
607 25
611 26
594 29
592 31
588 33
590 35
589 34
585 39
587 40
581 43
583 44
584 46
578 49
575 51
577 52
569 55
574 57
571 59
573 60
568 63
566 65
564 64
558 68
555 72
488 76
466 78
462 81
460 83
432 85
437 87
429 89
431 90
423 91
454 97
453 101
424 102
451 96
452 104
426 106
397 108
372 110
370 111
377 112
378 114
369 116
367 117
514 120
512 121
497 123
495 124
523 130
525 131
484 133
486 134
526 135
520 136
458 143
455 146
459 147
457 148
483 140
450 152
440 155
418 157
417 156
441 159
414 162
416 164
415 161
375 167
366 170
374 171
364 173
376 174
446 176
444 177
522 178
477 183
391 186
393 187
476 189
482 190
478 193
479 194
473 196
464 200
409 201
379 204
381 205
436 207
422 208
420 210
472 195
481 212
480 213
546 216
539 218
500 220
498 221
563 223
561 225
533 227
535 229
536 230
550 233
549 235
470 240
471 242
467 244
469 245
517 250
443 252
442 251
447 254
515 236
518 257
516 258
433 260
434 259
448 262
541 265
552 266
553 269
543 270
545 272
492 277
493 278
489 280
491 281
494 282
529 284
506 289
508 290
509 292
511 293
503 295
501 296
527 300
505 301
530 303
531 304
532 306
504 307
427 309
395 314
394 313
428 316
419 317
384 321
382 322
410 325
413 326
412 328
403 330
406 335
398 337
400 338
388 340
386 339
387 345
385 346
390 347
404 349
408 350
407 352
389 356
405 357
360 360
362 361
402 363
358 366
356 367
361 369
359 364
345 372
340 375
328 379
325 380
327 383
306 386
305 388
303 389
310 392
290 396
292 398
287 400
285 403
286 405
245 407
247 408
283 409
259 412
258 414
256 415
291 416
289 417
282 423
274 425
280 424
277 433
255 435
254 434
253 438
244 441
242 442
271 443
238 447
236 448
252 450
269 452
279 453
278 456
260 458
262 459
250 461
276 462
273 463
275 464
248 466
235 468
233 469
272 470
267 472
265 475
239 478
241 479
263 480
298 481
297 483
296 485
301 488
307 489
293 491
295 492
329 493
330 494
336 498
337 501
332 502
335 504
338 506
323 508
334 510
320 512
324 514
319 519
315 520
313 522
316 523
317 524
318 525
354 526
355 528
341 531
343 533
342 530
224 538
222 540
225 541
346 543
348 547
350 548
353 550
351 551
347 542
226 556
231 558
232 559
228 562
230 561
229 564
218 566
216 571
214 572
217 575
221 576
212 579
191 580
192 582
220 583
215 565
219 586
205 589
206 590
197 594
182 597
183 599
199 600
196 602
198 603
186 605
184 606
200 609
203 611
208 612
201 587
190 620
181 622
177 625
175 627
178 628
180 629
172 633
173 632
211 636
188 637
167 640
168 639
207 643
189 644
169 647
171 648
194 649
202 650
210 653
204 654
209 656
174 657
166 660
161 664
163 665
152 669
154 670
164 671
162 672
165 674
159 676
151 679
158 681
149 683
155 684
157 686
144 688
145 691
147 692
143 695
141 696
138 698
139 700
119 703
117 704
136 707
126 708
131 714
132 715
128 717
130 718
134 720
135 721
120 723
122 724
123 726
125 728
54 729
48 732
52 735
53 736
49 741
23 743
25 744
113 745
34 746
36 750
37 752
35 753
33 754
51 756
82 759
81 761
77 763
80 764
65 768
108 770
105 771
100 776
69 778
107 779
32 773
31 781
67 782
79 786
72 788
70 789
15 796
17 797
63 798
28 801
30 802
64 803
61 790
106 807
62 806
6 809
7 811
103 812
104 757
109 817
112 818
38 821
39 823
114 825
116 826
45 828
58 834
115 835
14 838
11 842
50 843
55 844
13 845
111 846
73 849
92 850
46 851
110 853
68 854
43 861
44 862
42 863
40 864
98 865
56 866
90 869
94 871
76 874
83 875
97 877
96 878
99 881
101 883
10 886
60 887
8 888
91 855
102 893
95 895
75 898
93 899
5 900
3 902
87 904
86 907
88 908
84 903
89 913
22 915
20 917
18 919
21 920
85 922
27 924
2 926
0 927
0 1
1 2
2 3
3 4
4 5
4 6
3 7
2 8
8 9
9 10
9 11
11 12
12 13
12 14
14 15
15 16
15 17
14 18
18 19
18 20
20 21
21 22
21 23
20 24
11 25
8 26
1 27
27 28
28 29
28 30
30 31
30 32
32 33
32 34
34 35
27 37
37 39
37 40
37 41
41 43
41 44
41 46
41 47
47 48
48 49
48 50
50 51
50 52
47 54
54 55
54 57
54 59
54 60
47 61
61 62
62 63
62 64
64 65
61 67
67 68
67 69
69 71
71 72
71 73
73 75
75 76
75 77
77 78
77 81
77 82
82 83
82 84
84 85
84 87
84 88
88 89
88 90
77 91
91 93
93 94
94 96
96 97
96 101
96 102
96 104
94 105
105 106
105 107
107 108
107 109
109 110
109 111
94 112
112 114
93 115
115 116
115 117
73 118
118 120
118 121
118 122
122 123
122 124
73 125
125 127
127 130
127 131
127 132
132 133
132 134
127 135
125 136
125 137
137 140
140 142
142 143
142 145
145 146
145 147
142 148
140 150
150 152
150 153
153 155
153 156
156 157
153 159
150 161
161 162
161 164
150 166
166 167
166 170
166 171
166 172
172 173
172 174
137 175
175 176
175 177
137 178
137 179
179 183
179 184
184 185
185 186
185 187
184 189
184 190
179 193
179 194
179 195
195 196
195 199
199 200
199 201
201 203
203 204
203 205
195 206
206 207
206 208
208 210
179 212
179 213
69 215
215 216
215 217
217 218
217 219
219 220
219 221
69 222
222 223
222 224
224 225
224 226
226 227
226 228
228 229
228 230
69 231
231 232
232 233
232 234
234 235
234 236
236 239
239 240
239 242
239 244
239 245
236 250
236 251
251 252
236 254
236 257
236 258
236 259
259 260
236 262
231 263
263 264
264 265
264 266
263 268
268 269
268 270
270 272
263 273
273 274
274 277
274 278
274 279
279 280
279 281
274 282
273 283
283 284
283 286
286 288
288 289
288 290
286 291
291 292
291 293
286 294
294 295
294 296
283 298
298 300
298 301
298 303
298 304
283 306
283 307
307 309
309 311
311 313
313 314
311 316
311 317
317 319
319 320
320 321
320 322
319 324
324 325
324 326
319 328
319 329
329 330
329 335
329 336
336 337
336 338
329 339
339 340
339 344
344 345
344 346
339 347
329 349
329 350
329 352
329 353
353 355
355 356
355 357
353 360
353 361
353 363
353 364
364 365
365 366
365 367
364 369
353 371
371 372
371 374
374 375
374 376
376 377
377 378
378 379
378 380
377 383
377 384
384 385
385 386
385 388
385 389
384 390
390 391
391 392
391 393
393 396
393 398
393 399
399 400
399 401
401 403
401 405
401 406
406 407
406 408
401 409
393 411
411 412
411 414
411 415
393 416
393 417
390 418
418 419
419 420
420 423
420 424
424 425
420 428
428 429
429 433
429 434
434 435
434 438
429 440
440 441
440 442
429 443
429 446
446 447
446 448
429 449
449 450
449 452
449 453
429 454
454 456
454 457
457 458
457 459
454 461
454 462
429 463
428 464
420 465
465 466
465 467
467 468
467 469
420 470
419 471
471 472
472 474
474 475
474 476
476 477
477 478
477 479
476 480
471 481
418 482
482 483
483 485
482 486
486 487
487 488
487 489
486 490
490 491
490 492
377 493
376 494
371 496
496 497
497 498
497 500
500 501
500 502
497 503
503 504
503 506
503 508
503 509
509 510
509 511
511 512
511 513
513 514
513 515
515 516
516 519
516 520
516 522
516 523
516 524
515 525
496 526
371 528
371 529
529 530
530 531
530 533
529 537
537 538
537 540
537 541
529 542
542 543
542 545
545 546
546 547
546 548
545 550
545 551
529 553
553 556
553 558
553 559
553 561
561 562
553 564
553 565
565 566
565 571
565 572
565 575
565 576
565 578
578 579
578 580
580 582
565 583
565 586
565 587
587 589
587 590
587 593
593 594
593 597
597 599
593 600
593 602
593 603
587 604
604 605
604 606
587 609
587 611
587 612
587 617
617 620
617 621
621 622
621 624
624 625
624 627
624 628
621 629
617 632
632 633
617 636
617 637
617 639
639 640
617 642
642 643
642 644
617 645
645 646
646 647
646 648
645 649
587 650
587 653
587 654
587 656
587 657
657 659
659 660
659 664
659 665
659 668
668 669
668 670
659 671
659 672
659 674
659 675
675 676
675 677
677 679
677 680
680 681
680 682
682 683
682 684
677 685
685 686
685 687
687 688
687 690
690 691
690 692
687 694
694 695
694 696
687 697
697 698
697 700
697 701
701 702
702 703
702 704
701 705
705 706
706 707
706 708
705 711
711 712
712 714
712 715
712 717
712 718
711 720
711 721
705 722
722 723
722 724
705 725
725 726
725 728
725 729
729 731
731 732
731 735
731 736
731 740
740 741
740 742
742 743
742 744
731 745
731 746
746 750
746 751
751 752
751 753
746 754
731 756
731 757
757 758
758 759
758 761
758 763
758 764
757 767
767 768
767 770
767 771
757 773
773 775
775 776
775 778
775 779
773 781
757 782
757 785
785 786
785 788
785 789
757 790
790 795
795 796
795 797
790 798
790 800
800 801
800 802
790 803
790 806
806 807
790 809
809 811
790 812
757 817
757 818
757 821
821 823
757 825
757 826
757 828
828 834
828 835
828 837
837 838
837 841
841 842
841 843
837 844
837 845
828 846
828 848
848 849
848 850
828 851
828 853
828 854
757 855
855 856
856 857
857 860
860 861
860 862
857 863
857 864
857 865
856 866
855 869
855 870
870 871
870 873
873 874
873 875
870 877
870 878
855 881
855 883
855 884
884 886
884 887
884 888
855 892
892 893
892 895
892 896
896 897
897 898
897 899
896 900
900 902
855 903
903 904
903 907
903 908
903 913
903 914
914 915
914 917
914 919
914 920
903 922
903 923
923 924
923 925
925 926
925 927
