49
87
0
22 6
25 9
20 10
23 12
19 14
13 19
11 20
10 22
2 26
0 27
8 30
6 31
7 33
3 34
4 35
14 36
16 37
27 39
26 40
72 41
71 43
69 45
61 51
59 52
58 54
56 55
54 57
53 62
45 64
38 70
36 71
37 73
33 74
35 75
41 77
31 80
30 82
28 83
39 84
43 85
48 87
46 88
52 89
51 90
64 47
67 93
66 94
63 96
74 97
0 1
1 2
2 4
4 5
5 6
5 8
8 9
8 10
5 11
11 12
11 13
13 14
13 15
15 16
16 17
17 18
18 19
18 20
17 21
21 22
21 23
23 25
25 26
25 27
23 29
29 30
29 31
23 32
32 33
32 34
23 35
16 36
15 37
4 39
4 40
2 41
2 42
42 43
42 44
44 45
44 46
46 47
47 48
48 49
49 51
49 52
49 53
53 54
53 55
48 56
56 57
56 58
58 59
59 60
60 61
61 62
61 63
63 64
63 65
65 66
66 67
67 70
67 71
67 72
72 73
72 74
67 75
66 76
76 77
76 78
78 79
79 80
79 81
81 82
81 83
78 84
65 85
60 86
86 87
86 88
59 89
58 90
46 92
92 93
92 94
94 96
1 97
