49
49
49
0 0
2 1
3 2
4 3
6 4
7 5
8 6
10 7
11 8
13 9
14 10
16 11
19 12
20 13
22 14
23 15
25 16
26 17
27 18
28 19
30 20
31 21
33 22
35 23
36 24
37 25
38 26
39 27
41 28
43 29
45 30
46 31
48 32
51 33
52 34
53 35
54 36
56 37
58 38
59 39
61 40
63 41
64 42
66 43
67 44
69 45
71 46
72 47
74 48
49 48
49 47
47 46
47 14
14 13
14 17
14 18
14 15
13 16
46 42
42 43
43 41
43 44
42 36
42 39
39 37
37 38
39 40
13 12
12 10
10 11
36 34
34 31
31 32
34 33
34 35
31 22
22 23
23 24
22 25
23 26
23 29
22 28
28 19
19 21
19 20
19 27
25 30
43 45
10 9
9 8
9 7
7 6
6 3
3 1
6 4
1 2
1 0
4 5
