49
76
76
56 56
51 25
61 6
63 10
64 66
53 74
66 71
67 13
69 58
25 59
26 7
27 53
20 26
22 0
23 36
46 54
45 30
28 64
43 33
41 52
0 39
3 61
2 67
4 41
7 28
6 45
8 22
39 46
74 72
72 19
71 63
58 51
11 37
10 3
13 35
38 31
59 14
14 43
16 2
19 23
54 48
31 69
30 8
37 16
36 38
35 20
52 27
33 4
48 11
57 56
55 54
44 42
47 48
42 43
65 60
60 61
65 62
62 63
65 64
50 49
65 66
65 67
73 68
68 69
50 52
50 53
70 24
24 25
24 26
24 27
21 20
24 21
21 22
21 23
47 46
49 47
49 44
44 45
29 28
32 29
42 40
42 41
5 1
1 0
1 3
1 2
9 5
5 4
5 7
5 6
12 9
5 8
50 51
40 39
68 65
76 75
34 38
75 73
70 72
70 71
73 70
60 59
57 58
12 11
9 10
12 13
17 12
17 15
15 14
18 17
15 16
18 19
24 18
32 31
29 30
34 37
34 36
34 35
42 34
34 33
62 55
75 74
40 32
60 57
55 50
