49
76
76
56 37
51 59
61 54
63 61
64 69
53 4
66 56
67 0
69 27
25 6
26 10
27 30
20 33
22 51
23 2
46 20
45 26
28 28
43 63
41 31
0 23
3 25
2 13
4 48
7 66
6 35
8 46
39 72
74 74
72 22
71 45
58 19
11 58
10 41
13 3
38 7
59 36
14 67
16 64
19 8
54 53
31 52
30 16
37 14
36 71
35 11
52 39
33 38
48 43
57 56
55 54
44 42
47 48
42 43
65 60
60 61
65 62
62 63
65 64
50 49
65 66
65 67
73 68
68 69
50 52
50 53
70 24
24 25
24 26
24 27
21 20
24 21
21 22
21 23
47 46
49 47
49 44
44 45
29 28
32 29
42 40
42 41
5 1
1 0
1 3
1 2
9 5
5 4
5 7
5 6
12 9
5 8
50 51
40 39
68 65
76 75
34 38
75 73
70 72
70 71
73 70
60 59
57 58
12 11
9 10
12 13
17 12
17 15
15 14
18 17
15 16
18 19
24 18
32 31
29 30
34 37
34 36
34 35
42 34
34 33
62 55
75 74
40 32
60 57
55 50
