49
97
0
74 2
69 5
67 8
66 10
63 11
51 16
52 18
46 20
48 22
53 24
45 26
43 28
33 32
37 33
35 36
38 37
36 38
41 40
28 44
30 45
31 46
39 47
54 48
56 51
58 52
61 54
59 55
64 56
71 58
72 60
27 62
26 64
20 67
23 69
22 70
25 72
19 74
14 76
16 78
11 81
13 82
10 84
8 86
6 89
7 90
4 92
2 94
3 96
0 97
0 1
1 2
1 3
3 4
4 5
4 6
6 7
7 8
7 9
9 10
9 11
6 12
12 13
13 14
14 15
15 16
15 17
17 18
17 19
19 20
19 21
21 22
21 23
23 24
23 25
25 26
25 27
27 28
27 29
29 30
30 31
31 32
31 33
30 34
34 35
35 36
35 37
34 38
29 39
39 40
39 41
41 42
42 43
43 44
43 45
42 46
41 47
14 48
13 49
49 50
50 51
50 52
49 53
53 54
53 55
12 56
3 57
57 58
57 59
59 60
59 61
61 62
61 63
63 64
63 65
65 66
66 67
66 68
68 69
68 70
65 71
71 72
71 73
73 74
73 75
75 76
75 77
77 78
77 79
79 80
80 81
80 82
79 83
83 84
83 85
85 86
85 87
87 88
88 89
88 90
87 91
91 92
91 93
93 94
93 95
95 96
95 97
