50
75
74
56 56
42 42
61 61
63 63
64 64
49 49
66 66
67 67
68 68
69 69
52 52
25 25
27 27
20 20
22 22
23 23
46 46
47 47
44 44
28 28
43 43
40 40
0 0
2 2
5 5
4 4
6 6
9 9
8 8
39 39
75 75
73 73
71 71
58 58
11 11
51 51
13 13
12 12
59 59
14 14
17 17
16 16
19 19
32 32
57 57
30 30
37 37
53 53
34 34
54 54
55 56
55 54
41 42
50 48
41 43
65 60
62 61
65 62
62 63
65 64
48 49
65 66
65 67
65 68
70 69
53 52
60 53
35 24
26 25
31 26
26 27
21 20
24 21
21 22
21 23
45 46
48 47
45 44
50 45
26 28
31 29
38 40
45 41
3 1
1 0
5 3
1 2
7 5
3 4
10 7
7 6
10 9
7 8
70 10
38 39
72 65
74 75
41 38
72 73
74 72
70 71
74 70
58 59
60 58
10 11
50 51
10 13
10 12
24 15
15 14
18 17
15 16
18 19
29 18
33 31
29 30
36 37
38 36
36 35
35 34
41 33
60 55
33 32
58 57
60 50
