197
296
0
214 20
218 23
133 25
132 24
212 27
217 30
211 31
216 32
209 33
126 35
213 36
215 40
103 41
104 43
101 46
98 47
100 48
131 51
129 53
128 54
130 55
122 56
120 58
219 60
107 62
105 63
220 64
223 67
221 68
95 70
90 73
88 75
81 77
79 78
93 80
91 81
225 83
119 86
117 89
113 93
108 91
112 97
110 98
111 99
116 103
114 88
97 106
85 109
67 113
65 114
63 116
62 118
56 130
50 131
55 133
53 135
47 136
54 145
43 146
45 147
21 149
20 153
18 154
19 155
4 157
2 158
51 159
44 161
30 163
28 164
38 166
36 167
41 168
42 169
12 174
16 178
14 179
13 172
15 181
7 183
5 184
24 186
22 188
11 189
10 191
1 193
0 192
49 195
52 196
39 197
48 198
35 203
34 204
26 206
9 208
8 207
31 210
33 211
60 212
58 213
71 217
68 218
73 220
78 224
76 225
77 226
74 219
69 110
70 231
75 233
72 234
87 235
115 236
84 238
82 239
201 240
253 241
255 243
257 244
258 246
125 248
123 249
206 252
261 257
197 259
195 260
208 263
204 254
205 267
203 268
200 270
198 271
207 272
189 275
188 277
176 281
174 285
154 286
142 287
141 289
164 294
162 295
163 296
160 297
157 300
155 301
151 304
149 305
148 307
146 308
136 313
134 314
140 316
139 318
138 320
137 311
152 325
181 326
179 329
184 331
182 332
185 334
171 335
170 337
159 340
145 342
143 343
167 345
168 347
165 348
173 349
175 350
194 353
191 354
193 355
249 357
248 359
238 361
241 364
240 366
230 368
228 371
226 372
227 369
243 376
234 379
231 380
233 381
245 383
237 385
235 386
264 388
262 389
265 390
267 391
270 392
272 393
0 2
2 3
3 4
4 6
6 7
7 8
8 9
9 10
10 11
11 12
12 13
13 20
13 23
13 24
24 25
13 27
13 30
13 31
13 32
13 33
33 35
13 36
13 38
38 39
39 40
39 41
38 43
38 44
44 46
44 47
44 48
13 49
49 51
49 53
49 54
49 55
13 56
13 57
57 58
57 60
57 61
61 62
61 63
12 64
11 65
65 67
65 68
65 69
69 70
69 71
71 72
72 73
72 75
72 76
76 77
76 78
71 80
71 81
10 83
10 84
84 85
85 86
85 88
88 89
89 91
91 93
91 96
96 97
96 98
91 99
88 103
88 105
105 106
105 107
107 108
108 109
108 110
110 111
111 112
112 113
112 114
111 115
115 116
115 117
117 118
117 119
119 120
120 121
121 122
122 123
123 129
129 130
129 131
123 133
123 134
134 135
134 136
123 137
137 142
142 145
142 146
142 147
142 148
148 149
148 153
148 154
148 155
148 156
156 157
156 158
137 159
137 161
137 162
162 163
162 164
137 165
165 166
165 167
137 168
137 169
123 170
170 171
171 172
172 174
172 178
172 179
172 181
172 182
182 183
182 184
171 186
171 188
171 189
189 191
170 192
192 193
123 195
123 196
123 197
122 198
121 199
199 203
199 204
199 205
205 206
205 207
207 208
199 210
199 211
120 212
119 213
110 216
216 217
216 218
110 219
219 220
219 224
219 225
219 226
110 231
110 232
232 233
232 234
107 235
88 236
85 237
237 238
237 239
84 240
9 241
8 242
242 243
242 244
7 245
245 246
245 247
247 248
247 249
6 250
250 251
251 252
251 253
253 254
254 256
256 257
256 258
258 259
258 260
254 263
254 267
254 268
254 269
269 270
269 271
254 272
253 273
273 274
274 275
274 276
276 277
276 278
278 279
279 281
279 283
283 284
284 285
284 286
283 287
287 289
279 291
291 293
293 294
293 295
291 296
291 297
279 299
299 300
299 301
279 303
303 304
303 305
279 306
306 307
306 308
279 309
309 311
311 312
312 313
312 314
311 316
311 318
311 320
309 322
322 324
324 325
324 326
322 328
328 329
328 330
330 331
330 332
322 333
333 334
333 335
322 336
336 337
336 339
339 340
339 341
341 342
341 343
336 345
336 346
346 347
346 348
309 349
278 350
273 351
351 352
352 353
352 354
351 355
250 356
356 357
356 358
358 359
358 360
360 361
360 362
362 363
363 364
363 366
363 367
367 368
367 369
369 371
369 372
362 374
374 375
375 376
375 377
377 379
377 380
377 381
374 382
382 383
382 384
384 385
384 386
4 387
387 388
387 389
4 390
3 391
2 392
0 393
