197
393
0
214 20
218 23
133 25
132 26
212 27
217 30
211 31
216 32
209 34
126 35
213 36
215 40
103 41
104 43
101 46
98 47
100 48
131 51
129 53
128 54
130 55
122 56
120 58
219 60
107 62
105 63
220 64
223 67
221 68
95 70
90 73
88 75
81 77
79 78
93 80
91 81
225 83
119 86
117 90
113 93
108 94
112 97
110 98
111 99
116 103
114 104
97 106
85 109
67 113
65 114
63 116
62 118
56 130
50 131
55 133
53 135
47 136
54 145
43 146
45 147
21 149
20 153
18 154
19 155
4 157
2 158
51 159
44 161
30 163
28 164
38 166
36 167
41 168
42 169
12 174
16 178
14 179
13 180
15 181
7 183
5 184
24 186
22 188
11 190
10 191
1 193
0 194
49 195
52 196
39 197
48 198
35 203
34 204
26 206
9 208
8 209
31 210
33 211
60 212
58 213
71 217
68 218
73 220
78 224
76 225
77 226
74 227
69 230
70 231
75 233
72 234
87 235
115 236
84 238
82 239
201 240
253 241
255 243
257 244
258 246
125 248
123 249
206 252
261 257
197 259
195 260
208 263
204 265
205 267
203 268
200 270
198 271
207 272
189 275
188 277
176 281
174 285
154 286
142 288
141 289
164 294
162 295
163 296
160 297
157 300
155 301
151 304
149 305
148 307
146 308
136 313
134 314
140 316
139 318
138 320
137 321
152 325
181 326
179 329
184 331
182 332
185 334
171 335
170 337
159 340
145 342
143 343
167 345
168 347
165 348
173 349
175 350
194 353
191 354
193 355
249 357
248 359
238 361
241 364
240 366
230 368
228 371
226 372
227 373
243 376
234 379
231 380
233 381
245 383
237 385
235 386
264 388
262 389
265 390
267 391
270 392
272 393
0 1
1 2
2 3
3 4
4 5
5 6
6 7
7 8
8 9
9 10
10 11
11 12
12 13
13 14
14 15
15 16
16 17
17 18
18 19
19 20
19 21
21 22
22 23
22 24
24 25
24 26
21 27
18 28
28 29
29 30
29 31
28 32
17 33
33 34
33 35
16 36
15 37
37 38
38 39
39 40
39 41
38 42
42 43
42 44
44 45
45 46
45 47
44 48
37 49
49 50
50 51
50 52
52 53
52 54
49 55
14 56
13 57
57 58
57 59
59 60
59 61
61 62
61 63
12 64
11 65
65 66
66 67
66 68
65 69
69 70
69 71
71 72
72 73
72 74
74 75
74 76
76 77
76 78
71 79
79 80
79 81
10 82
82 83
82 84
84 85
85 86
85 87
87 88
88 89
89 90
89 91
91 92
92 93
92 94
91 95
95 96
96 97
96 98
95 99
88 100
100 101
101 102
102 103
102 104
101 105
105 106
105 107
107 108
108 109
108 110
110 111
111 112
112 113
112 114
111 115
115 116
115 117
117 118
117 119
119 120
120 121
121 122
122 123
123 124
124 125
125 126
126 127
127 128
128 129
129 130
129 131
128 132
132 133
132 134
134 135
134 136
127 137
137 138
138 139
139 140
140 141
141 142
142 143
143 144
144 145
144 146
143 147
142 148
148 149
148 150
150 151
151 152
152 153
152 154
151 155
150 156
156 157
156 158
141 159
140 160
160 161
160 162
162 163
162 164
139 165
165 166
165 167
138 168
137 169
126 170
170 171
171 172
172 173
173 174
173 175
175 176
176 177
177 178
177 179
176 180
175 181
172 182
182 183
182 184
171 185
185 186
185 187
187 188
187 189
189 190
189 191
170 192
192 193
192 194
125 195
124 196
123 197
122 198
121 199
199 200
200 201
201 202
202 203
202 204
201 205
205 206
205 207
207 208
207 209
200 210
199 211
120 212
119 213
110 214
214 215
215 216
216 217
216 218
215 219
219 220
219 221
221 222
222 223
223 224
223 225
222 226
221 227
214 228
228 229
229 230
229 231
228 232
232 233
232 234
107 235
100 236
87 237
237 238
237 239
84 240
9 241
8 242
242 243
242 244
7 245
245 246
245 247
247 248
247 249
6 250
250 251
251 252
251 253
253 254
254 255
255 256
256 257
256 258
258 259
258 260
255 261
261 262
262 263
262 264
264 265
264 266
266 267
266 268
261 269
269 270
269 271
254 272
253 273
273 274
274 275
274 276
276 277
276 278
278 279
279 280
280 281
280 282
282 283
283 284
284 285
284 286
283 287
287 288
287 289
282 290
290 291
291 292
292 293
293 294
293 295
292 296
291 297
290 298
298 299
299 300
299 301
298 302
302 303
303 304
303 305
302 306
306 307
306 308
279 309
309 310
310 311
311 312
312 313
312 314
311 315
315 316
315 317
317 318
317 319
319 320
319 321
310 322
322 323
323 324
324 325
324 326
323 327
327 328
328 329
328 330
330 331
330 332
327 333
333 334
333 335
322 336
336 337
336 338
338 339
339 340
339 341
341 342
341 343
338 344
344 345
344 346
346 347
346 348
309 349
278 350
273 351
351 352
352 353
352 354
351 355
250 356
356 357
356 358
358 359
358 360
360 361
360 362
362 363
363 364
363 365
365 366
365 367
367 368
367 369
369 370
370 371
370 372
369 373
362 374
374 375
375 376
375 377
377 378
378 379
378 380
377 381
374 382
382 383
382 384
384 385
384 386
5 387
387 388
387 389
4 390
3 391
2 392
1 393
