197
273
273
216 272
217 209
214 215
215 212
212 67
213 185
211 168
165 213
265 119
218 21
219 230
133 49
132 16
131 18
130 134
137 241
136 9
134 117
139 93
138 235
225 265
24 129
26 206
20 234
21 267
22 39
160 41
28 195
0 221
4 219
8 7
220 26
227 4
258 113
120 104
262 216
122 198
123 253
267 101
125 163
126 130
264 84
128 139
129 133
58 175
55 184
54 228
56 110
51 261
50 155
53 188
52 132
164 62
201 45
198 145
195 123
194 181
197 72
191 164
193 77
115 87
114 176
88 98
116 270
111 138
110 5
113 2
112 204
82 105
181 208
81 95
119 73
87 165
84 191
85 143
207 225
206 262
226 146
7 91
255 126
245 1
108 167
241 141
240 34
243 115
103 243
100 60
101 75
249 51
107 116
104 159
105 214
39 245
38 154
33 107
31 50
30 160
36 237
35 220
34 189
205 56
223 48
176 207
60 54
62 55
63 174
65 258
179 44
67 151
68 264
69 43
175 231
174 36
173 11
257 238
171 171
170 240
272 85
253 79
248 125
182 162
2 227
162 97
184 223
185 22
188 179
189 12
221 194
98 120
168 76
228 173
91 42
90 148
93 140
167 226
95 24
97 128
163 81
11 68
10 217
13 90
12 114
15 13
14 200
16 65
19 142
18 182
117 35
204 33
151 170
152 58
155 52
154 249
157 28
159 70
238 103
234 31
235 88
237 108
230 136
231 111
233 157
48 233
49 63
47 122
44 14
45 69
42 82
43 257
41 100
1 53
5 47
9 211
146 19
200 8
203 30
145 193
142 38
143 0
140 255
141 74
209 197
208 205
148 137
149 149
77 248
76 203
75 201
74 112
73 131
72 78
71 152
70 218
79 15
78 71
261 20
270 10
210 216
210 217
210 214
210 215
210 212
210 213
224 210
210 211
166 165
263 264
266 265
210 218
210 219
132 133
210 132
127 131
127 130
177 137
135 136
137 135
135 134
137 139
137 138
169 166
23 24
46 25
27 26
32 27
17 20
17 21
23 22
25 23
161 160
29 28
46 29
222 94
25 0
3 4
27 8
161 163
118 119
273 271
259 258
121 120
210 121
121 122
124 123
259 124
124 125
127 126
210 127
127 128
127 129
271 269
271 268
166 167
202 118
61 59
59 58
46 55
46 54
59 57
46 56
46 51
46 50
46 53
46 52
266 259
161 164
202 201
204 199
180 179
199 200
196 195
192 194
196 197
180 178
192 191
204 203
192 193
196 192
114 115
118 114
89 88
92 89
109 111
109 110
109 113
109 112
83 82
118 83
89 80
80 81
96 86
86 87
83 84
86 85
252 251
199 198
259 256
204 206
227 226
256 257
17 3
178 177
256 254
6 7
250 247
254 255
224 225
244 245
246 244
109 108
114 109
239 241
239 240
242 243
246 242
210 102
102 103
99 100
99 101
210 106
106 107
102 104
106 105
40 39
37 38
32 33
57 32
32 31
29 30
40 37
37 36
32 35
32 34
247 246
254 252
204 205
222 223
172 176
59 60
64 61
61 62
64 63
69 64
66 65
69 66
66 67
69 68
86 69
172 175
172 174
172 173
177 172
172 171
169 170
251 222
180 181
252 253
247 248
183 182
186 183
183 180
3 2
161 162
190 187
183 184
13 6
210 220
187 186
187 188
190 189
224 202
204 196
222 221
186 185
204 190
102 99
99 98
169 168
178 169
239 229
227 228
92 91
89 90
92 93
94 92
94 95
172 161
96 97
114 96
23 11
11 10
23 13
13 12
13 15
13 14
46 17
13 16
17 19
17 18
114 117
268 250
114 116
260 204
150 151
172 150
172 153
153 152
156 155
153 154
156 157
172 156
158 159
169 158
232 234
239 238
246 239
204 207
236 235
244 236
236 237
229 230
232 231
242 232
232 233
251 224
46 48
46 49
57 46
46 47
40 44
46 45
40 42
40 43
46 40
40 41
0 1
6 5
8 9
273 272
147 146
172 147
158 144
144 145
153 142
144 143
137 140
142 141
210 209
204 208
147 148
150 149
69 77
69 76
69 75
69 74
69 73
69 72
69 71
69 70
80 79
69 78
269 263
250 249
263 262
229 227
260 261
269 270
268 260
268 267
271 266
