197
393
0
272 2
270 6
264 8
262 9
267 11
249 14
248 16
237 18
245 21
243 24
233 26
231 28
234 29
230 33
228 35
226 37
227 38
241 39
238 41
240 42
235 43
206 45
207 50
208 51
204 53
198 56
200 57
205 59
197 62
193 65
191 67
194 68
189 70
175 72
176 74
152 80
163 81
162 84
164 85
160 86
155 88
157 89
146 92
151 94
149 95
148 96
141 100
142 101
154 103
174 104
182 111
184 112
181 113
179 114
188 119
143 121
145 122
170 123
165 125
167 126
159 128
168 129
136 133
134 134
139 138
140 139
137 140
138 141
173 142
185 144
171 145
195 146
203 147
261 148
265 150
258 153
123 155
125 156
255 159
257 160
253 162
223 165
93 169
91 170
90 173
95 175
81 176
79 178
88 179
221 180
225 183
218 189
122 190
126 193
209 194
211 195
217 199
213 200
104 204
100 206
101 208
98 209
220 211
103 213
215 214
219 216
120 218
105 220
107 221
133 224
132 225
214 226
216 228
212 229
129 231
128 234
130 235
131 236
201 238
119 240
82 243
84 244
114 247
115 250
116 251
111 255
113 257
108 258
110 260
112 261
117 262
97 264
87 266
85 268
70 270
69 272
76 278
78 279
74 280
77 281
73 284
68 285
71 286
72 288
75 290
67 293
65 294
63 296
62 298
58 300
60 302
31 305
8 309
9 310
26 311
34 313
33 315
35 316
55 324
42 326
41 329
38 331
36 332
39 334
44 336
28 338
30 339
56 343
47 345
53 346
48 347
52 348
49 349
45 352
18 357
20 358
21 360
19 361
2 363
4 364
43 365
54 366
50 367
51 368
11 372
10 373
24 375
22 377
14 379
5 383
7 384
16 385
13 387
12 389
15 390
1 392
0 393
0 1
1 2
1 3
3 4
4 5
5 6
5 7
7 8
7 9
4 10
10 11
10 12
12 13
13 14
13 15
15 16
15 17
17 18
17 19
19 20
20 21
20 22
22 23
23 24
23 25
25 26
25 27
27 28
27 29
22 30
30 31
31 32
32 33
32 34
34 35
34 36
36 37
36 38
31 39
30 40
40 41
40 42
19 43
12 44
44 45
44 46
46 47
47 48
48 49
49 50
49 51
48 52
52 53
52 54
54 55
55 56
55 57
54 58
58 59
58 60
60 61
61 62
61 63
63 64
64 65
64 66
66 67
66 68
63 69
69 70
69 71
71 72
71 73
73 74
73 75
75 76
76 77
77 78
78 79
79 80
79 81
78 82
82 83
83 84
83 85
82 86
77 87
87 88
87 89
76 90
90 91
91 92
91 93
93 94
93 95
90 96
75 97
97 98
98 99
99 100
99 101
98 102
102 103
102 104
97 105
105 106
106 107
107 108
108 109
109 110
110 111
110 112
109 113
108 114
107 115
115 116
116 117
117 118
118 119
118 120
120 121
120 122
117 123
116 124
124 125
124 126
115 127
127 128
127 129
106 130
130 131
131 132
132 133
132 134
131 135
135 136
136 137
137 138
137 139
136 140
135 141
130 142
105 143
143 144
143 145
60 146
47 147
46 148
3 149
149 150
149 151
151 152
152 153
152 154
154 155
154 156
151 157
157 158
158 159
158 160
157 161
161 162
161 163
163 164
164 165
164 166
166 167
167 168
168 169
168 170
167 171
171 172
172 173
172 174
174 175
174 176
171 177
177 178
177 179
166 180
163 181
181 182
182 183
182 184
184 185
185 186
186 187
187 188
188 189
188 190
187 191
191 192
192 193
192 194
191 195
186 196
196 197
197 198
198 199
198 200
197 201
201 202
202 203
203 204
203 205
205 206
205 207
207 208
207 209
202 210
210 211
210 212
212 213
212 214
201 215
215 216
215 217
217 218
217 219
219 220
219 221
196 222
222 223
223 224
223 225
222 226
185 227
227 228
227 229
184 230
230 231
230 232
232 233
233 234
233 235
232 236
181 237
237 238
237 239
239 240
239 241
241 242
242 243
242 244
241 245
245 246
246 247
246 248
248 249
249 250
249 251
248 252
252 253
253 254
254 255
254 256
256 257
256 258
253 259
259 260
259 261
252 262
245 263
263 264
263 265
265 266
265 267
267 268
267 269
269 270
269 271
271 272
271 273
273 274
274 275
275 276
276 277
277 278
277 279
276 280
275 281
274 282
282 283
283 284
283 285
282 286
273 287
287 288
287 289
289 290
289 291
291 292
292 293
292 294
291 295
295 296
295 297
297 298
297 299
299 300
299 301
301 302
301 303
303 304
304 305
304 306
306 307
307 308
308 309
308 310
307 311
306 312
312 313
312 314
314 315
314 316
303 317
317 318
318 319
319 320
320 321
321 322
322 323
323 324
323 325
325 326
325 327
327 328
328 329
328 330
330 331
330 332
327 333
333 334
333 335
335 336
335 337
337 338
337 339
322 340
340 341
341 342
342 343
342 344
344 345
344 346
341 347
340 348
321 349
320 350
350 351
351 352
351 353
353 354
354 355
355 356
356 357
356 358
355 359
359 360
359 361
354 362
362 363
362 364
353 365
350 366
319 367
318 368
317 369
369 370
370 371
371 372
371 373
370 374
374 375
374 376
376 377
376 378
378 379
378 380
380 381
381 382
382 383
382 384
381 385
380 386
386 387
386 388
388 389
388 390
369 391
391 392
391 393
