197
295
0
272 2
270 6
264 8
262 7
267 11
249 14
248 16
237 18
245 21
243 24
233 26
231 28
234 29
230 33
228 35
226 37
227 34
241 39
238 41
240 42
235 43
206 45
207 50
208 51
204 47
198 56
200 57
205 59
197 62
193 65
191 67
194 68
189 70
175 72
176 74
152 80
163 81
162 84
164 85
160 86
155 88
157 89
146 92
151 94
149 95
148 96
141 100
142 99
154 103
174 104
182 111
184 112
181 113
179 114
188 119
143 121
145 122
170 123
165 125
167 126
159 128
168 129
136 133
134 134
139 138
140 139
137 131
138 141
173 142
185 144
171 145
195 146
203 147
261 148
265 150
258 153
123 155
125 156
255 159
257 160
253 162
223 165
93 169
91 170
90 173
95 175
81 176
79 178
88 179
221 180
225 183
218 189
122 190
126 193
209 192
211 195
217 199
213 200
104 204
100 206
101 208
98 209
220 211
103 213
215 214
219 216
120 218
105 220
107 221
133 224
132 223
214 226
216 228
212 229
129 231
128 234
130 235
131 236
201 238
119 240
82 243
84 244
114 245
115 250
116 251
111 255
113 257
108 254
110 260
112 261
117 262
97 264
87 266
85 268
70 270
69 269
76 278
78 279
74 275
77 281
73 284
68 285
71 286
72 288
75 290
67 293
65 294
63 296
62 298
58 300
60 302
31 305
8 308
9 310
26 311
34 313
33 315
35 316
55 324
42 326
41 329
38 331
36 332
39 334
44 336
28 338
30 339
56 343
47 345
53 346
48 347
52 348
49 349
45 352
18 357
20 358
21 360
19 361
2 363
4 364
43 365
54 366
50 367
51 368
11 371
10 373
24 375
22 377
14 379
5 383
7 384
16 385
13 378
12 389
15 390
1 392
0 391
0 2
0 3
3 5
5 6
5 7
7 8
3 10
10 11
10 12
12 13
13 14
13 15
15 16
15 17
17 18
17 19
19 20
20 21
20 22
22 23
23 24
23 25
25 26
25 28
25 29
22 30
30 32
32 33
32 34
34 35
34 37
30 39
30 40
40 41
40 42
19 43
12 44
44 45
44 46
46 47
47 50
47 51
47 55
55 56
55 57
47 58
58 59
58 60
60 62
60 63
63 64
64 65
64 67
64 68
63 69
69 70
69 71
71 72
71 73
73 74
73 78
78 80
78 81
78 83
83 84
83 85
78 86
73 87
87 88
87 89
73 91
91 92
91 93
93 94
93 95
73 96
73 98
98 99
99 100
98 102
102 103
102 104
73 105
105 107
107 108
108 110
110 111
110 112
108 113
108 114
107 115
115 117
117 118
118 119
118 120
120 121
120 122
117 123
115 124
124 125
124 126
115 127
127 128
127 129
105 131
131 132
132 133
132 134
131 138
131 139
131 141
105 142
105 143
143 144
143 145
60 146
47 147
46 148
3 149
149 150
149 151
151 152
152 153
152 154
154 155
154 156
151 157
157 158
158 159
158 160
157 161
161 162
161 163
163 164
164 165
164 167
167 169
167 170
167 171
171 173
171 174
174 175
174 176
171 177
177 178
177 179
164 180
163 181
181 182
182 183
182 184
184 189
184 190
184 192
192 193
184 195
184 199
184 200
184 202
202 204
202 205
205 206
205 208
205 209
202 210
210 211
210 213
210 214
184 215
215 216
215 218
215 219
219 220
219 221
184 223
223 224
184 226
184 228
184 229
184 230
230 231
230 234
230 235
230 236
181 237
237 238
237 239
239 240
239 242
242 243
242 244
239 245
245 250
245 251
245 253
253 254
254 255
254 257
253 260
253 261
245 262
245 263
263 264
263 265
265 266
265 267
267 268
267 269
269 270
269 275
275 278
275 279
275 281
269 282
282 284
282 285
282 286
269 287
287 288
287 289
289 290
289 292
292 293
292 294
289 295
295 296
295 297
297 298
297 299
299 300
299 301
301 302
301 303
303 304
304 305
304 307
307 308
308 310
307 311
304 313
304 315
304 316
303 317
317 320
320 324
320 325
325 326
325 329
325 330
330 331
330 332
325 333
333 334
333 336
333 337
337 338
337 339
320 341
341 343
341 344
344 345
344 346
341 347
320 348
320 349
320 350
350 352
350 354
354 357
354 358
354 360
354 361
354 362
362 363
362 364
350 365
350 366
317 367
317 368
317 369
369 370
370 371
371 373
370 375
370 377
370 378
378 379
378 382
382 383
382 384
378 385
378 389
378 390
369 391
391 392
