195
356
0
275 2
274 5
272 6
270 9
267 11
265 13
268 14
271 16
121 22
136 23
122 24
249 27
251 28
250 29
104 36
106 37
107 38
116 41
113 45
109 46
110 48
112 49
111 50
114 51
119 52
120 54
99 57
103 59
102 61
101 62
117 63
98 66
96 67
85 72
93 75
92 76
89 78
87 79
74 83
73 84
72 87
71 88
69 91
64 94
66 96
65 97
36 99
1 102
0 103
37 105
35 106
62 107
61 110
11 113
13 114
58 115
90 116
68 119
55 123
50 124
48 125
7 127
5 128
14 131
16 132
84 133
53 137
30 141
28 143
31 144
19 146
17 147
51 150
52 151
54 152
46 155
43 157
45 159
47 160
25 164
2 168
4 169
10 170
8 171
22 176
27 177
20 178
26 179
23 181
21 183
24 184
34 186
32 187
75 190
38 191
79 195
41 198
42 199
40 201
80 203
78 204
82 206
81 207
77 208
242 217
244 218
133 219
132 224
130 225
246 226
135 229
143 231
141 232
125 234
129 238
126 241
124 242
123 243
127 244
128 245
247 248
241 250
243 251
245 252
260 253
263 256
252 258
258 259
237 261
239 262
223 265
221 267
219 268
231 273
226 274
230 276
232 277
228 278
229 279
200 285
198 286
199 286
235 289
233 290
178 296
180 297
182 298
183 300
185 301
176 304
177 305
168 311
166 312
164 315
163 318
160 319
162 320
167 321
156 324
157 326
148 329
145 331
147 332
154 335
153 336
155 338
150 340
152 341
159 342
170 343
171 345
174 346
195 348
194 352
191 353
197 355
193 356
189 358
187 359
254 362
140 364
138 365
256 366
224 368
218 370
205 376
208 378
203 379
206 380
209 381
214 383
212 385
201 387
202 388
215 389
0 1
1 2
1 3
3 4
4 5
4 6
3 7
7 8
8 9
8 10
10 11
10 12
12 13
12 14
7 15
15 16
15 17
17 18
18 19
19 20
20 21
21 22
21 23
20 24
19 25
25 26
26 27
26 28
25 29
18 30
30 31
31 32
32 33
33 34
34 35
35 36
35 37
34 38
33 40
40 41
40 42
42 43
43 44
44 45
44 46
43 47
47 48
47 49
42 50
33 51
32 52
31 53
53 54
53 55
55 56
56 57
56 59
56 60
60 61
60 62
55 63
30 64
64 65
65 66
65 67
64 68
68 70
70 71
71 72
71 73
73 74
74 75
74 76
73 77
77 78
77 79
70 80
80 81
81 82
82 83
82 84
81 85
85 86
86 87
86 88
85 89
89 91
89 92
92 94
92 95
95 96
95 97
92 98
98 99
98 100
100 101
101 102
101 103
100 105
100 106
89 107
80 109
109 110
109 111
111 112
112 113
112 114
111 115
80 116
68 117
117 118
118 119
118 120
120 121
121 122
122 123
122 124
121 125
120 126
126 127
126 128
117 129
129 130
130 131
130 132
129 133
68 134
134 135
135 136
136 137
136 138
138 140
140 141
140 143
140 144
138 145
145 146
145 147
138 148
148 149
149 150
149 151
148 152
135 153
153 154
154 155
154 157
154 159
154 160
153 161
161 162
162 163
163 164
163 166
166 167
167 168
167 169
166 170
163 171
162 172
172 173
173 176
173 177
173 178
173 179
172 181
172 182
182 183
182 184
161 185
185 186
185 187
134 189
189 190
189 191
134 193
193 194
194 195
194 196
196 197
197 198
197 199
196 200
200 201
200 203
200 204
193 205
205 206
205 207
134 208
17 209
209 210
210 211
211 212
212 213
213 214
214 215
215 216
216 217
216 218
215 219
214 220
220 221
221 222
222 223
223 224
223 225
222 226
221 227
227 229
227 230
230 231
230 232
227 233
233 234
233 236
236 238
236 239
239 240
240 241
240 242
239 243
236 244
233 245
220 246
246 247
247 248
247 249
249 250
249 251
246 252
213 253
212 254
254 256
254 257
257 258
257 259
254 260
260 261
260 262
211 263
263 264
264 265
264 266
266 267
266 268
263 269
269 270
270 271
271 272
272 273
272 274
271 275
275 276
275 277
270 278
269 279
210 280
280 281
281 282
282 283
283 284
284 285
284 286
283 289
282 290
281 291
291 292
292 293
293 294
294 295
295 296
295 297
294 298
293 299
299 300
299 301
292 302
302 304
302 305
302 306
306 307
307 308
308 309
309 310
310 311
310 312
309 314
314 315
314 318
314 319
314 320
309 321
308 322
322 323
323 324
323 326
323 328
328 329
328 330
330 331
330 332
323 333
333 334
334 335
334 336
333 337
337 338
337 340
337 341
322 342
307 343
306 344
344 345
344 346
291 347
347 348
347 349
349 350
350 351
351 352
351 353
350 355
350 356
349 357
357 358
357 359
280 360
360 362
360 363
363 364
363 365
360 366
209 367
367 368
367 369
369 370
369 371
371 372
372 373
373 374
374 375
375 376
375 377
377 378
377 379
374 380
373 381
372 382
382 383
382 384
384 385
384 386
386 387
386 388
371 389
