195
295
0
54 26
19 28
17 29
52 22
51 31
31 34
30 35
28 36
53 37
47 40
45 41
46 43
43 45
34 48
32 49
27 56
24 57
20 50
21 59
26 63
25 64
23 65
22 66
4 68
2 69
10 71
8 72
82 75
81 76
80 79
78 80
41 82
40 83
75 85
38 86
79 88
42 89
77 90
61 94
58 96
13 98
11 99
90 101
37 107
35 104
36 109
1 110
0 112
65 113
74 119
71 120
66 123
62 124
64 125
69 126
73 127
72 128
92 132
89 133
87 134
84 138
16 140
14 141
68 143
55 146
48 147
50 149
7 151
5 152
85 153
93 154
98 155
99 158
103 161
102 162
101 163
113 164
117 165
120 166
119 167
112 169
107 171
106 174
96 175
104 176
116 179
110 178
111 183
109 184
114 185
251 189
249 190
250 191
136 193
122 195
121 192
260 201
258 203
239 205
237 206
252 208
235 212
233 213
197 215
195 218
177 223
168 229
164 230
167 233
166 234
159 236
156 239
155 244
154 246
150 247
153 248
148 250
147 252
145 253
152 254
157 255
163 257
162 259
160 260
171 261
174 263
170 264
176 265
178 268
180 269
182 270
185 272
183 273
194 275
193 277
191 279
189 281
187 282
200 283
199 285
198 287
232 294
231 295
230 296
226 297
229 298
228 299
223 301
221 303
219 304
247 312
243 314
241 315
245 316
244 319
242 320
133 321
143 325
141 326
135 327
129 332
124 329
123 335
126 336
127 337
128 339
125 340
246 341
132 343
130 344
224 346
218 348
215 350
214 353
209 356
205 359
206 360
208 362
203 363
202 365
201 366
212 367
140 371
138 370
256 373
254 374
263 375
275 376
274 378
271 381
270 383
268 386
265 387
267 388
272 389
0 3
3 4
4 5
5 6
6 7
7 10
10 12
12 13
13 14
14 15
15 16
16 20
20 22
22 26
22 27
27 28
27 29
22 31
22 32
32 34
32 35
32 36
20 37
20 38
38 40
38 41
38 43
38 44
44 45
44 46
46 48
46 49
46 50
50 56
50 57
50 59
50 63
50 64
50 65
50 66
50 67
67 68
67 69
50 70
70 71
70 72
16 75
16 76
16 77
77 79
77 80
77 81
81 82
81 83
16 84
84 85
84 86
16 87
87 88
87 89
16 90
15 92
92 93
93 94
93 95
95 96
95 97
97 98
97 99
92 101
92 102
102 103
103 104
104 107
104 109
104 110
110 112
103 113
102 119
102 120
102 121
121 123
121 124
121 125
102 126
102 127
102 128
15 131
131 132
131 133
15 134
15 135
135 136
136 137
137 138
137 139
139 140
139 141
136 142
142 143
142 144
144 146
144 147
144 149
144 150
150 151
150 152
135 153
14 154
13 155
12 157
157 158
157 161
157 162
157 163
12 164
10 165
10 166
7 167
7 168
168 169
168 171
168 172
172 173
173 174
173 175
172 176
7 178
178 179
178 183
178 184
7 185
6 186
186 189
186 190
186 191
186 192
192 193
192 195
5 200
200 201
200 202
202 203
202 204
204 205
204 206
5 207
207 208
207 209
209 212
209 213
209 214
214 215
214 216
216 217
217 218
217 219
219 220
220 221
221 222
222 223
222 224
224 225
225 226
226 228
228 229
228 230
226 233
226 234
226 235
235 236
235 238
238 239
238 240
240 244
240 246
240 247
240 248
240 249
249 250
249 251
251 252
251 253
240 254
235 255
226 256
256 257
256 259
256 260
225 261
224 263
224 264
221 265
220 266
266 267
267 268
267 269
266 270
219 271
271 272
271 273
216 275
216 277
216 279
216 280
280 281
280 282
209 283
283 285
285 287
5 288
288 289
289 291
291 294
291 295
291 296
291 297
289 298
289 299
288 300
300 301
300 302
302 303
302 304
5 305
305 306
306 309
309 312
309 314
309 315
309 316
309 317
317 318
318 319
318 320
317 321
306 322
322 324
324 325
324 326
322 327
322 328
328 329
329 332
329 335
329 336
329 337
328 339
328 340
306 341
306 342
342 343
342 344
305 345
345 346
345 347
347 348
347 349
349 350
349 351
351 352
352 353
352 354
354 355
355 356
355 357
357 358
358 359
358 360
357 361
361 362
361 363
354 364
364 365
364 366
351 367
4 368
368 370
370 371
368 373
368 374
3 375
0 376
0 377
377 378
377 379
379 380
380 381
380 383
380 384
384 385
385 386
385 387
384 388
379 389
