195
276
276
214 37
215 71
212 268
265 256
218 226
219 191
133 206
132 229
130 214
136 271
135 11
226 23
138 133
166 274
24 47
25 272
26 2
27 10
20 200
21 31
22 270
23 129
223 187
28 79
0 72
4 155
8 103
163 53
258 92
120 254
121 241
122 42
123 107
124 50
125 159
126 183
127 117
128 34
129 41
268 114
58 132
55 74
54 120
51 78
50 119
53 7
52 153
199 265
198 218
200 263
195 5
194 110
197 164
191 152
193 20
270 26
114 148
117 111
89 168
111 180
110 28
113 51
112 22
82 205
80 246
81 162
119 21
87 75
84 35
85 38
251 251
206 224
254 171
7 230
245 1
244 245
247 237
109 121
241 219
243 252
242 69
102 104
103 176
167 157
101 143
106 275
107 197
104 32
38 212
32 163
31 232
30 235
37 177
36 221
35 101
34 150
246 122
252 203
271 201
176 55
61 68
62 156
64 98
65 209
66 81
178 123
68 125
69 154
250 40
174 85
256 65
177 24
171 87
170 174
249 17
182 126
183 258
180 64
2 19
187 27
185 249
189 198
202 124
221 93
99 77
98 45
168 58
229 13
228 147
164 193
90 61
93 102
92 194
160 109
162 208
96 239
11 244
10 96
13 166
14 231
17 160
16 185
19 25
272 8
116 136
274 82
275 127
224 112
150 113
153 170
152 189
155 62
154 43
157 195
156 223
159 250
239 0
235 4
237 30
230 182
231 167
232 73
233 138
48 99
46 215
47 202
45 228
42 247
43 243
40 84
41 66
1 233
5 46
201 135
147 16
203 80
145 106
205 36
143 48
140 128
141 141
209 242
208 178
148 116
77 267
75 14
74 130
73 54
72 145
71 140
79 90
78 260
263 199
260 52
267 89
217 216
225 217
213 214
216 215
211 212
216 213
213 210
213 211
169 165
273 264
266 265
217 218
220 219
131 133
131 132
240 131
131 130
248 137
137 136
134 135
144 134
255 139
139 138
165 166
20 24
20 25
20 26
20 27
33 20
20 21
20 22
20 23
161 160
29 28
52 29
165 161
1 0
3 4
9 8
161 163
118 119
269 271
259 258
118 120
137 121
121 122
124 123
134 124
124 125
124 126
124 127
124 128
124 129
273 269
266 268
165 167
248 118
76 59
57 58
56 55
52 54
60 57
67 56
52 51
49 50
52 53
59 52
262 259
165 164
211 201
200 199
181 179
234 200
192 195
192 194
196 197
179 178
190 191
192 190
192 193
196 192
118 115
115 114
91 88
88 89
110 111
118 110
110 113
110 112
76 82
86 83
76 80
76 81
91 86
88 87
83 84
86 85
248 251
199 198
255 256
204 206
227 226
261 257
20 3
175 177
255 254
6 7
240 247
276 273
264 255
257 225
240 245
240 244
118 108
110 109
240 241
257 240
240 243
240 242
100 102
100 103
110 100
100 101
105 106
108 107
105 104
108 105
76 39
39 38
44 33
33 32
29 31
29 30
35 37
35 36
63 35
33 34
240 246
253 252
204 205
222 223
175 176
88 60
60 61
63 62
70 63
63 64
63 65
63 66
83 67
67 68
70 69
184 175
173 174
175 173
173 172
172 171
169 170
236 222
186 181
259 253
262 248
181 182
184 183
179 180
3 2
161 162
188 187
186 184
49 6
222 220
190 186
192 188
188 189
201 202
234 196
220 221
184 185
100 99
97 98
165 168
172 169
227 229
227 228
95 91
88 90
94 93
91 92
110 95
95 94
105 97
97 96
12 11
9 10
12 13
57 12
83 15
15 14
18 17
15 16
18 19
52 18
118 117
248 250
115 116
273 274
207 204
276 275
158 151
151 150
151 153
151 152
151 155
151 154
151 157
151 156
158 159
165 158
253 234
262 238
238 239
210 207
234 235
262 236
238 237
227 230
227 231
227 232
234 233
225 224
49 48
56 49
44 46
44 47
59 44
44 45
39 42
44 43
39 40
39 41
35 1
6 5
20 9
269 272
149 146
146 147
204 203
146 145
144 142
142 143
139 140
142 141
210 209
207 208
149 148
151 149
76 77
94 76
76 75
70 74
70 73
70 72
70 71
91 70
76 79
76 78
262 263
240 144
248 249
264 262
236 227
262 261
269 270
261 260
266 267
269 266
