195
276
276
214 40
215 31
212 241
265 159
218 42
219 30
133 174
132 36
130 62
136 96
135 55
226 187
138 156
166 206
24 122
25 22
26 147
27 34
20 201
21 101
22 229
23 82
223 26
28 23
0 51
4 126
8 0
163 107
258 168
120 116
121 19
122 4
123 45
124 66
125 21
126 271
127 81
128 136
129 166
268 24
58 127
55 75
54 218
51 215
50 197
53 1
52 154
199 89
198 16
200 74
195 17
194 272
197 135
191 167
193 242
270 141
114 243
117 200
89 198
111 235
110 69
113 224
112 228
82 145
80 155
81 230
119 61
87 104
84 46
85 189
251 194
206 64
254 132
7 25
245 246
244 153
247 185
109 117
241 10
243 260
242 84
102 237
103 54
167 205
101 98
106 58
107 109
104 11
38 8
32 43
31 77
30 79
37 93
36 209
35 191
34 85
246 251
252 182
271 114
176 140
61 121
62 48
64 123
65 163
66 226
178 152
68 38
69 133
250 232
174 202
256 110
177 263
171 268
170 106
249 254
182 195
183 37
180 183
2 249
187 256
185 177
189 231
202 233
221 112
99 13
98 212
168 14
229 32
228 119
164 138
90 53
93 80
92 178
160 20
162 2
96 164
11 5
10 258
13 90
14 247
17 223
16 176
19 111
272 214
116 171
274 128
275 208
224 41
150 250
153 72
152 252
155 103
154 28
157 73
156 130
159 170
239 275
235 245
237 27
230 274
231 68
232 199
233 239
48 157
46 120
47 219
45 47
42 193
43 160
40 150
41 129
1 180
5 78
201 65
147 148
203 203
145 7
205 87
143 162
140 265
141 267
209 125
208 99
148 143
77 92
75 102
74 124
73 71
72 244
71 52
79 35
78 221
263 270
260 50
267 113
217 216
225 217
213 214
216 215
211 212
216 213
213 210
213 211
169 165
273 264
266 265
217 218
220 219
131 133
131 132
240 131
131 130
248 137
137 136
134 135
144 134
255 139
139 138
165 166
20 24
20 25
20 26
20 27
33 20
20 21
20 22
20 23
161 160
29 28
52 29
165 161
1 0
3 4
9 8
161 163
118 119
269 271
259 258
118 120
137 121
121 122
124 123
134 124
124 125
124 126
124 127
124 128
124 129
273 269
266 268
165 167
248 118
76 59
57 58
56 55
52 54
60 57
67 56
52 51
49 50
52 53
59 52
262 259
165 164
211 201
200 199
181 179
234 200
192 195
192 194
196 197
179 178
190 191
192 190
192 193
196 192
118 115
115 114
91 88
88 89
110 111
118 110
110 113
110 112
76 82
86 83
76 80
76 81
91 86
88 87
83 84
86 85
248 251
199 198
255 256
204 206
227 226
261 257
20 3
175 177
255 254
6 7
240 247
276 273
264 255
257 225
240 245
240 244
118 108
110 109
240 241
257 240
240 243
240 242
100 102
100 103
110 100
100 101
105 106
108 107
105 104
108 105
76 39
39 38
44 33
33 32
29 31
29 30
35 37
35 36
63 35
33 34
240 246
253 252
204 205
222 223
175 176
88 60
60 61
63 62
70 63
63 64
63 65
63 66
83 67
67 68
70 69
184 175
173 174
175 173
173 172
172 171
169 170
236 222
186 181
259 253
262 248
181 182
184 183
179 180
3 2
161 162
188 187
186 184
49 6
222 220
190 186
192 188
188 189
201 202
234 196
220 221
184 185
100 99
97 98
165 168
172 169
227 229
227 228
95 91
88 90
94 93
91 92
110 95
95 94
105 97
97 96
12 11
9 10
12 13
57 12
83 15
15 14
18 17
15 16
18 19
52 18
118 117
248 250
115 116
273 274
207 204
276 275
158 151
151 150
151 153
151 152
151 155
151 154
151 157
151 156
158 159
165 158
253 234
262 238
238 239
210 207
234 235
262 236
238 237
227 230
227 231
227 232
234 233
225 224
49 48
56 49
44 46
44 47
59 44
44 45
39 42
44 43
39 40
39 41
35 1
6 5
20 9
269 272
149 146
146 147
204 203
146 145
144 142
142 143
139 140
142 141
210 209
207 208
149 148
151 149
76 77
94 76
76 75
70 74
70 73
70 72
70 71
91 70
76 79
76 78
262 263
240 144
248 249
264 262
236 227
262 261
269 270
261 260
266 267
269 266
