195
389
0
274 3
270 6
267 9
265 11
268 12
271 13
272 14
275 16
197 23
189 26
187 27
191 31
182 35
180 37
178 38
176 40
177 42
171 45
174 46
170 48
168 50
164 54
162 57
160 58
163 59
167 61
166 62
156 64
159 66
157 68
148 73
147 75
145 76
155 77
152 79
150 80
153 82
154 83
183 85
185 86
195 87
193 89
194 90
233 93
235 94
200 96
199 98
198 99
252 100
258 101
254 105
138 108
140 109
256 110
263 111
237 113
239 114
260 117
224 120
218 122
215 124
209 127
206 129
208 132
203 133
205 134
212 137
201 139
202 140
214 141
241 145
245 146
246 150
130 152
132 153
135 155
125 159
128 160
129 163
123 164
126 167
127 168
124 169
143 171
141 172
243 174
247 175
133 177
244 179
242 180
223 184
221 186
219 187
229 189
228 191
226 193
232 195
231 197
230 198
251 200
136 204
122 206
121 207
249 208
250 210
107 213
96 217
98 218
106 219
104 220
120 224
117 225
114 226
119 228
109 230
110 232
112 235
111 236
116 238
113 240
101 244
103 246
102 247
99 248
93 250
77 253
80 258
40 261
42 263
41 264
78 265
81 266
24 280
10 283
22 284
26 285
23 288
21 289
27 290
20 291
25 293
2 295
4 296
8 297
34 298
32 299
43 300
45 302
47 303
46 304
53 305
51 307
30 310
28 312
31 313
19 317
17 318
54 319
52 320
82 321
38 324
75 325
79 326
87 329
89 332
92 333
85 335
7 340
5 341
55 344
50 345
48 346
68 347
84 349
16 351
14 352
90 354
61 357
13 360
11 361
58 362
72 364
74 368
73 369
71 370
69 372
62 374
65 377
66 378
64 380
36 382
35 384
37 386
1 388
0 389
0 1
1 2
2 3
2 4
4 5
5 6
5 7
7 8
8 9
8 10
10 11
10 12
7 13
4 14
1 15
15 16
15 17
17 18
18 19
19 20
20 21
21 22
22 23
22 24
24 25
25 26
25 27
24 28
28 29
29 30
30 31
30 32
32 33
33 34
34 35
34 36
36 37
36 38
33 39
39 40
39 41
41 42
41 43
43 44
44 45
44 46
43 47
47 48
47 49
49 50
49 51
51 52
52 53
53 54
53 55
55 56
56 57
56 58
55 59
52 60
60 61
60 62
51 63
63 64
63 65
65 66
65 67
67 68
67 69
69 70
70 71
71 72
72 73
72 74
74 75
74 76
71 77
70 78
78 79
78 80
69 81
81 82
81 83
32 84
84 85
84 86
29 87
28 88
88 89
88 90
21 91
91 92
92 93
92 94
91 95
95 96
95 97
97 98
97 99
20 100
19 101
18 102
102 103
103 104
104 105
104 106
106 107
107 108
107 109
106 110
103 111
102 112
112 113
112 114
17 115
115 116
116 117
116 118
118 119
119 120
119 121
121 122
121 123
123 124
123 125
125 126
126 127
126 128
128 129
128 130
130 131
131 132
131 133
130 134
125 135
135 136
136 137
136 138
138 139
138 140
135 141
118 142
142 143
143 144
144 145
144 146
143 147
147 148
148 149
149 150
149 151
151 152
151 153
148 154
154 155
154 156
156 157
157 158
158 159
158 160
157 161
161 162
162 163
162 164
161 165
165 166
166 167
166 168
165 169
156 170
170 171
170 172
147 173
173 174
173 175
142 176
176 177
176 178
178 179
178 180
115 181
181 182
182 183
183 184
183 185
185 186
185 187
182 188
188 189
188 190
190 191
190 192
192 193
192 194
194 195
194 196
196 197
196 198
181 199
199 200
199 201
201 202
202 203
203 204
203 205
205 206
205 207
202 208
201 209
209 210
209 211
211 212
212 213
212 214
214 215
215 216
216 217
216 218
215 219
214 220
211 221
221 222
222 223
223 224
223 225
222 226
221 227
227 228
227 229
229 230
229 231
231 232
231 233
233 234
234 235
234 236
233 237
237 238
237 239
239 240
239 241
241 242
242 243
243 244
243 245
245 246
245 247
242 248
241 249
249 250
249 251
251 252
252 253
252 254
254 255
255 256
256 257
257 258
257 259
259 260
260 261
260 262
262 263
262 264
259 265
256 266
255 267
267 268
268 269
269 270
270 271
271 272
272 273
273 274
274 275
275 276
276 277
277 278
278 279
279 280
279 281
281 282
282 283
282 284
281 285
278 286
286 287
287 288
287 289
286 290
277 291
276 292
292 293
292 294
294 295
294 296
275 297
274 298
273 299
272 300
271 301
301 302
301 303
270 304
269 305
268 306
306 307
306 308
308 309
309 310
309 311
311 312
311 313
308 314
314 315
315 316
316 317
316 318
315 319
314 320
267 321
254 322
322 323
323 324
323 325
322 326
251 327
327 328
328 329
328 330
330 331
331 332
331 333
330 334
334 335
334 336
336 337
337 338
338 339
339 340
339 341
338 342
342 343
343 344
343 345
342 346
337 347
336 348
348 349
348 350
350 351
350 352
327 353
353 354
353 355
355 356
356 357
356 358
358 359
359 360
359 361
358 362
355 363
363 364
363 365
365 366
366 367
367 368
367 369
366 370
365 371
371 372
371 373
373 374
373 375
375 376
376 377
376 378
375 379
379 380
379 381
381 382
381 383
383 384
383 385
385 386
385 387
387 388
387 389
