185
240
237
216 216
215 215
212 212
213 213
211 211
218 218
219 219
133 133
132 132
136 136
135 135
165 165
139 139
225 225
24 24
25 25
26 26
224 224
20 20
21 21
22 22
23 23
223 223
28 28
29 29
161 161
0 0
4 4
163 163
227 227
120 120
121 121
122 122
123 123
124 124
125 125
126 126
127 127
128 128
129 129
118 118
59 59
58 58
55 55
54 54
57 57
51 51
50 50
52 52
164 164
199 199
179 179
195 195
194 194
196 196
191 191
190 190
193 193
192 192
115 115
114 114
88 88
111 111
110 110
113 113
112 112
83 83
81 81
119 119
87 87
84 84
204 204
207 207
206 206
226 226
3 3
177 177
7 7
108 108
109 109
240 240
103 103
100 100
101 101
106 106
107 107
104 104
39 39
38 38
33 33
31 31
30 30
37 37
35 35
34 34
176 176
61 61
63 63
64 64
65 65
66 66
178 178
68 68
69 69
175 175
174 174
173 173
172 172
171 171
198 198
203 203
222 222
181 181
183 183
180 180
2 2
186 186
187 187
184 184
6 6
188 188
189 189
99 99
98 98
168 168
169 169
228 228
91 91
90 90
166 166
92 92
95 95
94 94
221 221
96 96
11 11
10 10
13 13
15 15
14 14
17 17
16 16
19 19
18 18
117 117
151 151
150 150
153 153
152 152
155 155
154 154
156 156
159 159
158 158
238 238
239 239
234 234
236 236
230 230
233 233
48 48
47 47
44 44
45 45
42 42
41 41
5 5
9 9
201 201
147 147
144 144
145 145
143 143
140 140
141 141
209 209
148 148
149 149
76 76
75 75
74 74
72 72
71 71
70 70
78 78
217 216
232 217
220 214
214 215
210 212
214 213
220 210
210 211
185 165
217 218
220 219
131 133
131 132
134 131
131 130
138 137
137 136
134 135
137 134
138 139
146 138
221 93
22 24
22 25
27 26
46 27
19 20
19 21
40 22
22 23
220 160
27 28
27 29
162 161
1 0
79 4
67 8
162 163
120 119
130 120
120 121
120 122
120 123
120 124
120 125
120 126
120 127
120 128
130 129
221 224
116 118
56 59
56 58
56 55
53 54
56 57
73 56
49 51
49 50
73 53
53 52
162 164
200 201
200 199
174 179
202 200
188 195
188 194
205 197
174 178
188 191
188 190
188 193
188 192
116 115
109 114
86 88
93 89
109 111
109 110
109 113
109 112
85 82
82 83
82 80
80 81
89 86
86 87
85 84
86 85
197 198
205 206
221 226
4 3
174 177
8 7
221 225
109 108
120 109
237 240
229 102
102 103
97 100
102 101
105 106
108 107
105 104
210 105
36 39
36 38
32 33
36 32
27 31
27 30
36 37
67 36
36 35
32 34
208 205
221 223
174 176
67 60
60 61
79 62
62 63
62 64
62 65
67 66
79 67
67 68
67 69
174 175
188 174
174 173
170 172
170 171
174 170
202 203
221 222
182 181
231 182
182 183
174 180
1 2
174 167
185 187
185 184
27 6
232 220
185 186
196 188
188 189
205 202
202 196
232 221
221 97
197 185
97 99
97 98
167 168
170 169
232 229
229 228
89 91
89 90
167 166
93 92
93 95
93 94
165 162
97 96
10 11
32 10
12 13
36 12
14 15
62 14
16 17
36 16
36 19
19 18
116 117
120 116
205 204
149 151
149 150
152 153
174 152
152 155
152 154
160 157
157 156
160 159
157 158
232 234
237 238
237 239
208 207
237 235
235 236
229 230
232 231
235 232
232 233
49 48
67 49
60 46
46 47
43 44
46 45
43 42
62 43
62 40
40 41
12 1
6 5
8 9
152 146
146 147
157 144
144 145
152 142
142 143
138 140
142 141
210 209
231 208
146 148
152 149
79 77
73 76
73 75
73 74
77 73
67 72
67 71
67 70
80 79
77 78
221 227
