480
859
0
654 2
653 5
651 6
620 9
621 11
622 12
648 15
614 20
612 21
610 23
611 26
608 28
609 29
606 30
650 32
615 33
617 35
619 36
558 43
556 44
559 46
562 48
564 49
561 51
637 53
633 57
636 58
634 59
566 61
565 61
635 64
552 68
549 69
540 74
543 75
542 76
546 78
544 80
528 85
511 86
513 87
478 91
479 92
509 95
503 97
501 98
519 99
522 103
508 107
506 108
526 109
525 110
529 115
497 116
493 118
498 119
499 122
494 125
491 126
496 127
495 128
524 130
523 131
517 135
516 136
514 137
518 139
531 140
538 141
536 144
533 147
534 148
477 153
472 154
475 157
474 158
476 159
469 164
467 166
482 167
484 168
486 169
490 171
488 172
470 176
480 177
471 178
504 180
505 181
551 182
553 184
555 185
646 187
630 193
632 196
631 197
628 198
642 199
643 200
645 201
638 204
640 205
626 208
627 209
623 211
625 212
600 216
405 224
404 226
402 227
397 229
418 230
421 233
399 234
410 237
411 238
407 240
408 242
409 243
420 245
383 247
385 248
414 252
400 255
380 259
378 260
382 261
394 262
388 265
386 266
396 267
424 270
422 271
417 272
413 274
415 276
391 278
393 280
389 281
440 286
442 287
445 290
429 293
447 294
427 295
444 297
446 298
454 300
463 304
462 305
464 306
455 309
452 310
453 311
590 317
579 318
581 318
465 321
582 322
460 324
317 328
315 329
458 331
459 332
456 333
580 334
592 335
598 338
434 344
370 345
340 350
341 352
312 354
310 355
360 358
437 359
438 361
359 362
436 363
433 365
432 370
346 371
345 372
368 375
431 376
439 377
435 379
430 380
313 384
288 385
287 385
274 391
273 392
286 393
269 395
270 396
267 399
262 403
266 404
260 405
263 407
264 408
265 410
268 411
450 413
448 414
583 416
585 417
597 420
588 422
586 423
332 429
292 432
293 433
334 434
330 436
333 437
595 438
593 439
603 440
324 445
571 448
283 451
281 452
302 456
299 458
298 459
241 462
243 462
244 466
277 468
280 470
279 471
305 472
249 477
250 479
251 480
296 482
256 484
259 486
258 487
301 489
297 490
276 493
272 496
271 497
303 498
300 500
285 502
284 503
338 508
337 509
335 510
348 511
374 516
371 517
289 520
291 521
373 525
319 526
320 527
321 528
578 532
576 534
573 537
367 540
577 542
572 543
567 544
377 546
375 547
364 552
363 553
362 554
361 555
366 557
365 558
574 561
575 562
569 563
349 568
329 572
322 574
328 575
327 576
323 579
325 580
326 581
352 584
351 588
307 589
353 590
342 592
344 593
309 594
570 595
354 597
356 600
357 601
358 602
254 606
253 608
255 609
245 611
247 612
236 616
217 619
214 621
216 622
237 623
231 626
233 627
234 629
227 631
224 633
222 634
294 636
304 637
221 643
220 644
218 645
226 646
213 649
211 650
230 651
238 653
240 654
175 659
177 660
153 666
128 667
126 668
138 670
136 672
134 675
6 677
7 678
135 680
133 681
155 684
141 686
112 687
104 696
46 697
103 698
44 699
62 703
19 705
60 706
31 708
29 709
61 713
79 714
18 715
92 717
17 720
15 721
38 723
40 724
84 732
85 733
82 734
99 735
96 740
97 741
95 742
8 744
9 745
22 747
20 748
72 754
69 757
74 759
71 760
73 761
35 762
98 764
100 766
94 767
93 769
52 771
50 772
101 774
37 777
90 779
88 780
53 781
12 785
13 788
11 789
14 789
3 793
5 794
0 796
2 797
59 799
26 801
28 802
49 805
47 806
87 807
34 812
33 813
32 814
63 816
55 817
65 818
150 821
151 822
114 827
116 828
149 829
58 832
43 834
41 835
56 836
146 838
148 839
105 844
158 848
156 849
162 851
110 853
129 855
132 856
159 857
108 859
160 861
131 864
157 865
66 868
68 869
81 870
161 872
122 875
120 876
143 878
145 879
77 883
75 884
125 886
123 888
139 889
142 891
107 892
173 895
170 896
117 900
119 901
167 903
169 905
166 907
172 909
164 910
23 912
25 913
202 919
206 920
200 924
197 925
199 926
196 930
194 931
205 932
191 935
193 936
204 937
183 939
181 940
208 943
210 944
190 947
189 949
187 950
184 952
186 954
180 956
178 957
203 958
306 959
0 1
1 2
1 3
3 5
3 6
3 7
7 8
8 9
8 10
10 11
10 12
7 13
13 14
14 15
14 16
16 17
17 18
18 19
19 20
19 21
18 22
22 23
22 25
25 26
25 27
27 28
27 29
22 30
17 31
31 32
31 33
16 34
34 35
34 36
13 37
37 38
38 39
39 40
40 41
41 42
42 43
42 44
41 45
45 46
45 47
47 48
47 49
40 50
50 51
50 52
52 53
52 56
56 57
56 58
52 59
52 60
60 61
60 64
39 65
65 66
66 67
67 68
67 69
66 70
70 71
71 72
72 73
73 74
73 75
72 76
71 77
77 78
77 79
79 80
79 81
81 82
82 83
83 84
84 85
84 86
83 87
82 89
89 90
90 91
90 92
89 93
93 94
94 95
94 96
96 97
96 98
93 99
82 100
100 101
101 102
102 103
102 105
105 106
106 107
106 108
105 109
102 110
101 111
111 112
112 113
113 115
113 116
113 117
117 118
117 119
112 121
121 122
121 123
123 125
123 126
123 127
112 128
111 129
129 130
129 131
100 132
132 133
133 134
134 135
134 136
133 137
132 138
138 139
138 140
81 141
70 142
142 143
143 144
143 145
145 146
146 147
146 148
145 149
149 150
150 152
152 153
152 154
150 155
155 156
156 157
156 158
155 159
150 160
160 161
161 162
162 163
163 164
163 165
165 166
165 167
162 168
161 169
160 171
160 172
149 173
173 174
174 176
174 177
174 178
173 179
179 180
179 181
142 182
65 183
183 184
183 185
38 186
186 187
186 188
188 189
189 190
190 191
191 192
192 193
192 194
194 195
195 196
195 197
194 198
191 199
190 200
189 201
188 202
202 203
203 204
203 205
202 206
206 207
207 208
207 209
206 210
210 211
210 212
37 213
213 214
214 215
215 216
215 217
217 218
218 219
219 220
220 223
223 224
223 225
225 226
225 227
220 228
228 229
228 230
220 231
231 232
232 233
232 234
231 235
235 237
235 238
235 239
239 240
239 241
241 242
241 243
220 244
244 245
244 246
246 247
246 248
219 249
249 251
251 252
251 253
253 255
253 257
257 258
258 259
258 260
257 261
253 262
253 263
263 264
264 265
264 266
263 267
249 268
268 269
269 270
269 271
268 272
249 273
273 274
273 276
273 277
277 278
277 279
279 280
279 281
218 282
282 283
283 284
284 285
285 286
285 287
284 288
288 289
289 290
289 292
292 293
292 294
289 295
288 296
296 297
296 298
283 299
299 300
299 301
301 302
302 304
302 305
302 306
301 307
307 308
308 309
308 310
307 311
282 312
312 314
314 315
315 317
315 318
315 321
314 322
312 323
323 324
323 325
325 326
326 327
327 328
327 329
326 330
330 331
330 332
325 333
312 334
217 335
214 336
336 337
337 338
337 339
339 340
340 341
341 342
342 343
343 344
343 345
342 346
346 347
347 348
348 349
349 350
349 352
349 353
353 354
353 355
348 356
356 357
357 358
357 359
356 360
360 361
360 362
347 363
346 364
364 365
364 366
366 368
368 369
369 370
369 371
368 372
366 373
373 374
374 375
374 376
373 377
366 379
366 380
341 381
381 383
383 384
383 385
381 388
388 389
389 390
390 391
390 392
389 393
388 394
394 395
394 396
381 397
397 398
398 399
398 401
401 402
402 403
402 404
401 405
398 406
406 407
406 408
397 409
409 410
409 411
340 412
412 413
412 414
339 415
415 416
415 417
336 418
418 419
419 420
419 421
421 422
421 423
418 424
424 425
425 426
426 427
427 429
427 430
430 431
431 432
431 433
430 434
427 436
427 437
426 438
425 439
424 440
213 441
441 442
442 443
443 444
444 445
444 446
446 447
447 448
447 449
449 450
450 451
450 452
449 453
453 454
454 455
455 456
455 458
455 459
454 461
461 462
462 466
461 468
461 470
461 471
454 472
453 475
475 476
476 477
476 479
476 480
475 481
481 482
481 483
483 484
483 485
485 486
485 487
453 488
488 489
488 490
453 491
491 493
491 495
495 496
495 497
491 498
491 499
499 500
499 501
501 502
501 503
446 505
505 506
506 507
507 508
507 509
506 510
505 511
446 512
512 514
514 515
515 516
515 517
514 518
518 519
519 520
519 521
518 522
522 523
523 524
524 525
524 526
523 527
522 528
512 529
529 530
530 531
531 532
531 533
533 534
533 535
535 536
536 537
536 539
539 540
539 541
541 542
541 543
536 544
535 545
545 546
545 547
530 548
548 549
549 550
550 551
551 552
551 553
550 554
549 555
548 556
556 557
556 558
529 559
559 560
560 561
560 562
559 563
512 564
564 566
566 568
566 569
569 570
570 572
570 573
573 574
573 575
570 576
569 577
577 578
578 579
578 580
577 581
566 582
582 583
583 584
583 585
585 586
586 587
587 588
587 589
586 590
585 591
591 592
591 593
582 594
564 595
564 596
596 597
596 598
598 599
599 600
599 601
598 602
443 603
603 604
604 605
605 606
605 607
607 608
607 609
604 610
610 611
610 612
603 613
613 614
614 615
615 616
615 617
617 618
618 619
618 621
618 622
617 623
614 624
624 625
625 626
625 627
624 628
628 629
628 630
630 631
630 632
632 633
632 634
613 635
635 636
635 637
442 638
638 639
639 640
640 641
641 642
642 643
642 644
641 645
640 646
639 648
648 649
648 650
639 651
638 652
652 653
652 654
441 655
655 656
656 657
657 658
658 659
658 660
657 661
661 662
662 663
663 664
664 665
665 666
665 667
664 668
663 670
663 671
671 672
671 674
674 675
674 676
676 677
676 678
671 679
679 680
679 681
662 682
682 683
683 684
683 686
683 687
682 688
688 690
690 692
692 693
693 695
695 696
695 697
693 698
693 699
692 700
700 701
701 702
702 703
702 704
704 705
704 706
701 707
707 708
707 709
700 710
710 711
711 712
712 713
712 714
711 715
710 717
710 718
718 719
719 720
719 721
718 723
718 724
690 726
726 728
728 730
730 731
731 732
731 733
730 734
728 735
728 736
736 738
738 739
739 740
739 741
738 742
736 743
743 744
743 745
736 746
746 747
746 748
726 751
751 753
753 754
753 755
755 757
755 758
758 759
758 760
755 761
751 762
751 763
763 764
763 765
765 766
765 767
726 769
726 770
770 771
770 772
726 773
773 774
773 777
773 779
773 780
773 781
726 782
782 783
783 785
783 786
786 787
787 788
787 789
786 792
792 793
792 794
783 795
795 796
795 797
782 798
798 799
798 800
800 801
800 802
690 803
803 804
804 805
804 806
803 807
690 808
808 810
810 811
811 812
811 813
810 814
808 816
808 817
808 818
688 819
819 821
819 822
819 824
824 825
825 826
826 827
826 828
825 829
824 830
830 832
830 833
833 834
833 835
830 836
819 837
837 838
837 839
688 841
841 842
842 844
842 845
845 846
846 847
847 848
847 849
846 851
846 852
852 853
852 855
852 856
845 857
842 859
842 861
842 862
862 863
863 864
863 865
862 866
866 867
867 868
867 869
866 870
841 872
841 873
873 875
873 876
873 877
877 878
877 879
688 882
882 883
882 884
688 885
885 886
885 887
887 888
887 889
688 891
688 892
661 893
893 894
894 895
894 896
893 897
897 898
898 899
899 900
899 901
898 902
902 903
902 905
902 906
906 907
906 908
908 909
908 910
897 911
911 912
911 913
656 914
914 915
915 916
916 917
917 918
918 919
918 920
917 922
922 923
923 924
923 925
922 926
917 928
928 929
929 930
929 931
928 932
917 934
934 935
934 936
917 937
916 938
938 939
938 940
915 942
942 943
942 944
915 945
945 946
946 947
946 948
948 949
948 950
945 951
951 952
951 953
953 954
953 955
955 956
955 957
914 958
655 959
