480
959
0
95 49
94 50
97 51
96 52
98 54
59 56
28 59
26 60
14 62
13 66
11 67
5 69
3 70
2 72
12 74
0 75
37 80
35 81
141 86
50 87
52 88
53 89
99 90
85 94
84 95
82 96
22 98
20 99
101 102
90 104
88 105
74 110
73 111
72 112
69 113
71 114
100 117
65 120
55 122
33 125
34 126
32 127
63 128
93 129
92 130
9 132
8 133
79 136
61 137
62 141
60 143
31 145
29 146
19 148
18 149
40 152
38 153
17 155
15 156
87 158
49 160
47 161
44 164
46 166
104 167
103 168
162 170
105 171
151 176
149 178
148 179
146 180
116 182
114 183
58 186
43 188
41 189
56 190
161 191
142 193
139 196
112 197
125 200
107 201
123 203
77 205
75 206
160 212
158 213
159 214
156 215
157 219
131 220
132 222
129 223
81 225
68 227
66 228
110 230
108 231
145 235
122 237
120 238
143 239
150 240
155 241
126 244
138 246
134 251
136 252
7 254
6 255
135 257
133 258
128 259
153 260
172 263
164 264
166 265
25 267
23 268
119 270
117 271
169 273
167 274
170 275
173 276
175 277
177 278
183 280
181 281
210 284
208 285
190 287
189 290
187 291
186 293
184 295
180 297
178 298
203 299
205 302
193 304
191 305
200 308
197 309
199 310
206 314
202 315
204 316
196 318
194 319
306 320
237 323
217 325
216 327
214 328
236 329
304 331
294 332
245 336
247 337
255 339
254 341
253 342
240 345
238 346
230 349
213 351
211 352
220 355
221 357
218 358
226 359
324 360
251 363
249 364
250 365
276 368
234 373
233 375
231 376
227 378
224 380
222 381
244 384
241 385
243 386
280 389
277 390
279 391
305 394
303 404
298 405
285 407
284 408
272 410
271 411
297 412
299 413
302 414
300 415
301 416
283 418
281 419
296 421
259 424
258 425
256 426
348 428
338 431
337 432
335 433
374 438
373 439
291 442
320 445
319 446
321 447
289 448
371 449
570 454
357 455
353 460
352 462
351 463
309 465
307 466
344 468
342 469
349 471
329 476
328 477
323 480
325 481
326 482
322 483
327 484
358 485
361 488
354 489
356 490
571 493
578 501
572 502
367 503
567 504
576 506
573 507
577 508
366 511
365 512
364 514
362 516
363 517
375 518
575 522
574 523
569 524
377 525
603 529
595 535
332 537
330 538
293 540
292 541
334 542
333 543
593 544
598 546
266 557
262 559
260 560
264 562
263 563
267 564
268 566
265 567
286 570
274 572
273 573
313 575
288 577
287 578
270 580
269 581
439 594
430 595
434 596
438 598
435 599
433 600
431 601
437 603
345 604
432 606
346 607
360 608
341 610
340 612
312 614
310 615
370 617
368 618
359 619
436 620
450 622
448 623
585 624
583 625
597 627
588 629
586 630
600 632
590 640
582 642
579 643
460 645
459 647
456 648
458 650
465 652
447 658
429 659
427 660
454 662
446 665
444 666
445 667
442 669
440 670
464 674
463 675
455 678
452 679
453 680
462 681
580 682
581 683
315 686
317 687
424 691
422 692
417 696
415 699
413 700
414 701
393 704
389 705
391 706
388 710
386 711
400 714
394 715
396 716
378 719
380 720
382 721
385 724
383 725
421 730
420 732
399 733
411 736
410 738
409 741
408 742
407 743
418 744
404 747
402 748
405 749
397 750
592 751
625 758
623 759
626 761
627 762
640 764
638 765
646 766
645 768
643 770
642 772
632 774
631 777
628 778
630 779
635 781
637 784
634 789
566 791
565 792
633 793
564 795
562 797
561 799
559 800
636 801
552 806
549 807
536 810
480 815
471 817
470 818
505 821
504 822
476 827
475 828
474 829
477 831
472 832
490 834
488 836
486 838
482 842
467 843
469 844
484 845
533 846
534 847
551 849
529 863
498 864
496 866
495 869
493 870
494 872
491 873
499 874
525 875
531 878
517 881
516 882
514 883
526 886
524 887
522 888
519 890
479 892
478 893
523 894
508 896
506 897
509 899
503 901
501 902
497 903
513 906
528 908
511 909
518 910
546 913
538 914
544 915
542 917
543 919
540 920
555 922
553 923
558 925
556 926
650 929
648 932
619 934
617 935
615 936
614 939
612 940
611 945
606 946
608 947
610 948
609 949
621 952
622 953
620 954
654 957
653 958
651 959
0 1
1 2
2 3
3 4
4 5
5 6
6 7
7 8
8 9
9 10
10 11
11 12
12 13
13 14
14 15
15 16
16 17
17 18
18 19
19 20
20 21
21 22
22 23
23 24
24 25
25 26
26 27
27 28
28 29
29 30
30 31
31 32
32 33
33 34
34 35
35 36
36 37
37 38
38 39
39 40
40 41
41 42
42 43
43 44
44 45
45 46
46 47
47 48
48 49
48 50
47 51
46 52
45 53
53 54
53 55
55 56
55 57
57 58
58 59
58 60
57 61
61 62
61 63
63 64
64 65
65 66
65 67
64 68
68 69
68 70
63 71
71 72
71 73
73 74
73 75
44 76
76 77
77 78
78 79
79 80
79 81
78 82
82 83
83 84
84 85
85 86
85 87
84 88
83 89
82 90
77 91
91 92
92 93
93 94
93 95
92 96
91 97
97 98
97 99
76 100
100 101
101 102
101 103
103 104
103 105
100 106
106 107
107 108
108 109
109 110
109 111
108 112
107 113
106 114
43 115
115 116
116 117
116 118
118 119
119 120
119 121
121 122
121 123
123 124
124 125
124 126
123 127
118 128
115 129
42 130
41 131
131 132
131 133
40 134
134 135
135 136
135 137
134 138
138 139
139 140
140 141
140 142
142 143
142 144
144 145
144 146
139 147
147 148
147 149
138 150
150 151
151 152
151 153
150 154
154 155
154 156
39 157
157 158
157 159
159 160
159 161
38 162
162 163
163 164
163 165
165 166
165 167
162 168
37 169
169 170
169 171
36 172
172 173
173 174
174 175
175 176
175 177
177 178
177 179
174 180
173 181
181 182
181 183
172 184
184 185
185 186
185 187
187 188
187 189
184 190
35 191
34 192
192 193
192 194
194 195
195 196
195 197
194 198
198 199
199 200
199 201
198 202
202 203
202 204
204 205
204 206
33 207
207 208
208 209
209 210
210 211
211 212
211 213
210 214
209 215
208 216
216 217
217 218
218 219
218 220
217 221
221 222
221 223
216 224
224 225
224 226
226 227
226 228
207 229
229 230
229 231
32 232
232 233
233 234
234 235
234 236
236 237
236 238
233 239
232 240
31 241
30 242
242 243
243 244
243 245
245 246
245 247
247 248
248 249
249 250
250 251
250 252
249 253
253 254
253 255
248 256
256 257
256 258
247 259
242 260
29 261
261 262
262 263
262 264
261 265
28 266
266 267
266 268
27 269
269 270
269 271
26 272
272 273
272 274
25 275
24 276
23 277
22 278
21 279
279 280
279 281
20 282
282 283
283 284
283 285
282 286
286 287
286 288
288 289
289 290
289 291
288 292
292 293
292 294
294 295
294 296
296 297
296 298
19 299
18 300
300 301
301 302
301 303
303 304
303 305
300 306
306 307
307 308
307 309
306 310
17 311
311 312
312 313
313 314
313 315
312 316
311 317
317 318
317 319
16 320
15 321
321 322
322 323
322 324
324 325
324 326
326 327
326 328
321 329
14 330
330 331
330 332
13 333
333 334
334 335
335 336
335 337
334 338
338 339
338 340
340 341
340 342
333 343
343 344
344 345
344 346
343 347
347 348
348 349
348 350
350 351
350 352
347 353
353 354
354 355
354 356
356 357
356 358
353 359
12 360
11 361
361 362
362 363
362 364
361 365
10 366
366 367
367 368
367 369
369 370
370 371
371 372
372 373
372 374
374 375
374 376
371 377
377 378
377 379
379 380
379 381
370 382
382 383
383 384
383 385
382 386
369 387
387 388
388 389
388 390
387 391
366 392
392 393
393 394
393 395
395 396
396 397
397 398
398 399
399 400
400 401
401 402
402 403
403 404
403 405
402 406
406 407
406 408
401 409
409 410
409 411
400 412
399 413
398 414
397 415
396 416
395 417
417 418
417 419
392 420
420 421
420 422
422 423
423 424
423 425
422 426
9 427
427 428
427 429
429 430
430 431
430 432
429 433
8 434
434 435
435 436
436 437
437 438
437 439
436 440
440 441
441 442
441 443
443 444
444 445
444 446
443 447
440 448
435 449
434 450
450 451
451 452
452 453
453 454
453 455
452 456
456 457
457 458
458 459
459 460
459 461
461 462
461 463
458 464
464 465
464 466
457 467
467 468
467 469
456 470
470 471
470 472
472 473
473 474
474 475
475 476
475 477
474 478
478 479
479 480
479 481
478 482
473 483
472 484
451 485
450 486
486 487
487 488
487 489
486 490
7 491
491 492
492 493
492 494
494 495
495 496
496 497
497 498
498 499
499 500
500 501
500 502
499 503
498 504
497 505
505 506
505 507
496 508
495 509
509 510
510 511
510 512
509 513
513 514
513 515
515 516
515 517
494 518
491 519
519 520
520 521
521 522
521 523
520 524
519 525
6 526
526 527
527 528
528 529
528 530
530 531
531 532
532 533
533 534
534 535
534 536
536 537
536 538
533 539
539 540
539 541
532 542
531 543
530 544
527 545
545 546
545 547
547 548
548 549
549 550
550 551
551 552
552 553
553 554
554 555
555 556
556 557
556 558
558 559
558 560
555 561
561 562
561 563
554 564
553 565
565 566
565 567
552 568
568 569
569 570
569 571
571 572
571 573
568 574
574 575
574 576
576 577
576 578
551 579
579 580
579 581
550 582
582 583
583 584
584 585
585 586
586 587
587 588
588 589
589 590
590 591
591 592
592 593
593 594
593 595
592 596
591 597
597 598
597 599
590 600
589 601
588 602
602 603
602 604
587 605
605 606
605 607
586 608
585 609
609 610
609 611
611 612
611 613
613 614
613 615
584 616
616 617
616 618
583 619
582 620
549 621
621 622
621 623
548 624
547 625
526 626
626 627
626 628
628 629
628 630
5 631
631 632
631 633
633 634
634 635
635 636
636 637
637 638
638 639
639 640
639 641
641 642
641 643
638 644
644 645
644 646
646 647
646 648
637 649
649 650
649 651
651 652
651 653
653 654
654 655
655 656
656 657
657 658
657 659
656 660
655 661
661 662
661 663
663 664
664 665
664 666
663 667
654 668
668 669
668 670
653 671
671 672
672 673
673 674
673 675
672 676
676 677
677 678
677 679
676 680
671 681
636 682
635 683
634 684
684 685
685 686
685 687
684 688
688 689
689 690
690 691
690 692
689 693
693 694
694 695
695 696
695 697
697 698
698 699
698 700
697 701
694 702
702 703
703 704
703 705
702 706
693 707
707 708
708 709
709 710
709 711
708 712
712 713
713 714
713 715
712 716
707 717
717 718
718 719
718 720
717 721
688 722
722 723
723 724
723 725
722 726
726 727
727 728
728 729
729 730
729 731
731 732
731 733
728 734
734 735
735 736
735 737
737 738
737 739
739 740
740 741
740 742
739 743
734 744
727 745
745 746
746 747
746 748
745 749
726 750
633 751
4 752
752 753
753 754
754 755
755 756
756 757
757 758
757 759
756 760
760 761
760 762
755 763
763 764
763 765
754 766
753 767
767 768
767 769
769 770
769 771
771 772
771 773
773 774
773 775
775 776
776 777
776 778
775 779
752 780
780 781
780 782
782 783
783 784
783 785
785 786
786 787
787 788
788 789
788 790
790 791
790 792
787 793
786 794
794 795
794 796
796 797
796 798
798 799
798 800
785 801
782 802
802 803
803 804
804 805
805 806
805 807
804 808
808 809
809 810
809 811
811 812
812 813
813 814
814 815
814 816
816 817
816 818
813 819
819 820
820 821
820 822
819 823
823 824
824 825
825 826
826 827
826 828
825 829
824 830
830 831
830 832
823 833
833 834
833 835
835 836
835 837
837 838
837 839
839 840
840 841
841 842
841 843
840 844
839 845
812 846
811 847
808 848
848 849
848 850
850 851
851 852
852 853
853 854
854 855
855 856
856 857
857 858
858 859
859 860
860 861
861 862
862 863
862 864
861 865
865 866
865 867
867 868
868 869
868 870
867 871
871 872
871 873
860 874
859 875
858 876
876 877
877 878
877 879
879 880
880 881
880 882
879 883
876 884
884 885
885 886
885 887
884 888
857 889
889 890
889 891
891 892
891 893
856 894
855 895
895 896
895 897
854 898
898 899
898 900
900 901
900 902
853 903
852 904
904 905
905 906
905 907
907 908
907 909
904 910
851 911
911 912
912 913
912 914
911 915
850 916
916 917
916 918
918 919
918 920
803 921
921 922
921 923
802 924
924 925
924 926
3 927
927 928
928 929
928 930
930 931
931 932
931 933
933 934
933 935
930 936
927 937
937 938
938 939
938 940
937 941
941 942
942 943
943 944
944 945
944 946
943 947
942 948
941 949
2 950
950 951
951 952
951 953
950 954
1 955
955 956
956 957
956 958
955 959
