480
694
0
95 49
94 50
97 51
96 52
98 53
59 55
28 59
26 60
14 62
13 66
11 67
5 69
3 70
2 72
12 74
0 75
37 80
35 81
141 86
50 87
52 88
53 89
99 90
85 94
84 95
82 96
22 97
20 99
101 102
90 104
88 105
74 110
73 111
72 112
69 113
71 114
100 117
65 120
55 122
33 123
34 126
32 127
63 128
93 129
92 130
9 132
8 131
79 136
61 137
62 141
60 138
31 145
29 146
19 147
18 149
40 152
38 153
17 155
15 156
87 158
49 160
47 161
44 164
46 166
104 167
103 168
162 170
105 171
151 176
149 178
148 179
146 180
116 182
114 183
58 186
43 188
41 189
56 190
161 191
142 193
139 196
112 197
125 200
107 201
123 203
77 205
75 206
160 212
158 213
159 214
156 215
157 219
131 220
132 222
129 223
81 225
68 227
66 228
110 230
108 231
145 235
122 237
120 238
143 239
150 240
155 241
126 244
138 246
134 248
136 252
7 253
6 255
135 257
133 258
128 259
153 260
172 263
164 264
166 265
25 267
23 268
119 270
117 271
169 273
167 274
170 275
173 276
175 277
177 278
183 280
181 281
210 284
208 285
190 287
189 290
187 291
186 293
184 295
180 297
178 298
203 299
205 302
193 304
191 305
200 308
197 309
199 310
206 314
202 313
204 316
196 318
194 319
306 320
237 323
217 325
216 327
214 328
236 329
304 331
294 332
245 336
247 337
255 339
254 341
253 342
240 345
238 346
230 349
213 351
211 352
220 355
221 357
218 358
226 359
324 360
251 363
249 361
250 365
276 368
234 373
233 375
231 376
227 378
224 380
222 381
244 384
241 385
243 386
280 389
277 390
279 391
305 394
303 404
298 405
285 407
284 406
272 409
271 411
297 412
299 413
302 414
300 415
301 416
283 418
281 419
296 421
259 424
258 425
256 426
348 428
338 431
337 432
335 433
374 438
373 439
291 442
320 445
319 446
321 447
289 448
371 449
570 454
357 455
353 460
352 462
351 463
309 465
307 466
344 467
342 469
349 471
329 476
328 477
323 478
325 481
326 482
322 483
327 484
358 485
361 488
354 489
356 490
571 493
578 501
572 502
367 503
567 504
576 506
573 507
577 508
366 511
365 509
364 514
362 513
363 517
375 518
575 522
574 523
569 524
377 525
603 529
595 535
332 537
330 538
293 540
292 539
334 542
333 543
593 544
598 546
266 557
262 558
260 560
264 562
263 563
267 564
268 566
265 567
286 569
274 572
273 571
313 575
288 576
287 578
270 580
269 579
439 594
430 595
434 596
438 597
435 599
433 600
431 550
437 603
345 604
432 606
346 605
360 608
341 610
340 612
312 614
310 615
370 617
368 618
359 619
436 620
450 622
448 623
585 624
583 625
597 627
588 629
586 628
600 632
590 640
582 642
579 634
460 645
459 647
456 648
458 650
465 652
447 658
429 659
427 660
454 662
446 665
444 666
445 667
442 669
440 670
464 674
463 653
455 678
452 679
453 680
462 681
580 682
581 683
315 686
317 687
424 691
422 692
417 696
415 699
413 700
414 701
393 704
389 705
391 706
388 710
386 711
400 714
394 715
396 716
378 719
380 720
382 721
385 724
383 725
421 730
420 732
399 733
411 736
410 738
409 741
408 735
407 743
418 744
404 747
402 748
405 749
397 750
592 751
625 758
623 759
626 761
627 762
640 764
638 765
646 766
645 768
643 770
642 772
632 774
631 777
628 778
630 779
635 781
637 784
634 782
566 791
565 790
633 793
564 795
562 797
561 799
559 800
636 801
552 806
549 807
536 810
480 815
471 817
470 818
505 819
504 822
476 827
475 828
474 829
477 831
472 832
490 834
488 836
486 838
482 842
467 843
469 844
484 845
533 846
534 847
551 849
529 863
498 864
496 866
495 869
493 870
494 872
491 873
499 874
525 875
531 878
517 881
516 882
514 883
526 886
524 887
522 888
519 890
479 892
478 891
523 894
508 896
506 897
509 899
503 901
501 902
497 903
513 906
528 908
511 909
518 910
546 913
538 914
544 915
542 917
543 919
540 920
555 922
553 923
558 925
556 926
650 929
648 932
619 934
617 935
615 936
614 939
612 940
611 945
606 946
608 947
610 948
609 949
621 950
622 953
620 954
654 957
653 958
651 959
0 1
1 2
2 3
3 4
4 5
5 7
7 8
8 9
9 10
10 12
12 15
15 16
16 17
17 19
19 21
21 22
22 23
23 24
24 26
26 27
27 29
29 30
30 31
31 32
32 38
38 41
41 49
41 50
41 51
41 52
41 53
53 55
55 58
58 59
58 60
55 61
61 62
61 66
61 67
61 68
68 69
68 70
61 72
61 73
73 74
73 75
41 79
79 80
79 81
41 82
82 85
85 86
85 87
82 88
82 89
82 90
41 92
92 93
93 94
93 95
92 96
41 97
97 99
41 101
101 102
101 104
101 105
41 106
106 110
106 111
106 112
106 113
106 114
41 117
41 118
118 120
118 121
121 122
121 123
123 126
123 127
118 128
41 129
41 130
41 131
131 132
38 134
134 136
134 137
134 138
138 141
138 144
144 145
144 146
138 147
147 149
138 150
150 152
150 153
150 154
154 155
154 156
38 157
157 158
157 159
159 160
159 161
38 162
162 164
162 165
165 166
165 167
162 168
32 170
32 171
32 172
172 176
172 177
177 178
177 179
172 180
172 181
181 182
181 183
172 184
184 185
185 186
185 187
187 188
187 189
184 190
32 191
32 192
192 193
192 195
195 196
195 197
192 200
192 201
192 202
202 203
202 204
204 205
204 206
32 212
32 213
32 214
32 215
32 217
217 218
218 219
218 220
217 222
217 223
32 224
224 225
224 227
224 228
32 229
229 230
229 231
32 233
233 235
233 236
236 237
236 238
233 239
32 240
31 241
30 242
242 244
242 246
242 248
248 252
248 253
253 255
248 256
256 257
256 258
242 259
242 260
29 262
262 263
262 264
29 265
27 266
266 267
266 268
27 269
269 270
269 271
26 273
26 274
24 275
24 276
23 277
22 278
21 280
21 281
19 282
282 283
283 284
283 285
282 286
286 287
286 289
289 290
289 291
286 292
292 293
292 295
292 296
296 297
296 298
19 299
17 302
17 303
303 304
303 305
17 306
306 308
306 309
306 310
17 313
313 314
17 316
17 317
317 318
317 319
16 320
15 323
15 324
324 325
324 327
324 328
15 329
12 330
330 331
330 332
12 333
333 334
334 335
335 336
335 337
334 339
334 341
334 342
333 343
343 344
344 345
344 346
343 347
347 349
347 350
350 351
350 352
347 353
353 354
354 355
354 356
356 357
356 358
353 359
12 360
10 361
361 363
361 365
10 368
10 369
369 370
370 371
371 373
371 374
374 375
374 376
371 377
377 378
377 379
379 380
379 381
370 384
370 385
370 386
369 389
369 390
369 391
10 394
10 404
10 405
10 406
406 407
10 409
409 411
10 412
10 413
10 414
10 415
10 416
10 417
417 418
417 419
10 420
420 421
420 424
420 425
420 426
9 427
427 428
427 429
429 431
429 432
429 433
8 435
435 437
437 438
437 439
435 440
440 442
440 443
443 445
443 446
443 447
440 448
435 449
8 454
8 455
8 456
456 458
458 460
458 462
458 463
458 464
464 465
464 466
456 467
467 469
456 471
456 472
472 476
472 477
472 478
478 481
478 482
472 483
472 484
8 485
8 487
487 488
487 489
8 490
7 493
7 501
7 502
7 503
7 504
7 505
505 506
505 507
7 508
7 509
509 511
509 513
513 514
513 517
7 518
7 519
519 522
519 523
519 524
519 525
5 526
526 527
527 528
528 529
528 530
530 531
531 535
531 537
531 538
531 539
539 540
531 542
531 543
530 544
527 545
545 546
545 547
547 549
549 550
550 551
551 553
553 554
554 556
556 557
556 558
558 560
554 562
554 563
554 564
553 566
553 567
551 569
569 571
571 572
551 574
574 575
574 576
576 578
551 579
579 580
550 594
550 595
550 596
550 597
597 599
550 600
550 603
550 604
550 605
605 606
550 608
550 609
609 610
609 611
611 612
611 614
611 615
550 616
616 617
616 618
550 619
550 620
549 621
621 622
621 623
547 624
547 625
526 626
626 627
626 628
628 629
5 631
631 632
631 633
633 634
634 640
634 642
634 644
644 645
644 647
644 648
634 650
634 651
651 652
651 653
653 654
654 656
656 657
657 658
657 659
656 660
654 661
661 662
661 665
661 666
661 667
654 668
668 669
668 670
653 674
653 676
676 678
676 679
676 680
653 681
634 682
634 683
634 684
684 685
685 686
685 687
684 688
688 689
689 690
690 691
690 692
689 696
689 699
689 700
689 701
689 702
702 703
703 704
703 705
702 706
689 707
707 709
709 710
709 711
707 714
707 715
707 716
707 717
717 718
718 719
718 720
717 721
688 722
722 723
723 724
723 725
722 730
722 732
722 733
722 735
735 736
735 738
735 741
735 743
722 744
722 745
745 746
746 747
746 748
745 749
722 750
633 751
4 752
752 753
753 754
754 755
755 756
756 758
756 759
756 760
760 761
760 762
755 763
763 764
763 765
754 766
753 767
767 768
767 769
769 770
769 771
771 772
771 773
773 774
773 777
773 778
773 779
752 780
780 781
780 782
782 784
782 790
790 791
782 793
782 794
794 795
794 797
794 798
798 799
798 800
782 801
782 802
802 803
803 804
804 805
805 806
805 807
804 808
808 809
809 810
809 811
811 812
812 813
813 814
814 815
814 817
814 818
813 819
819 822
819 823
823 824
824 827
824 828
824 829
824 830
830 831
830 832
823 833
833 834
833 836
833 837
837 838
837 839
839 841
841 842
841 843
839 844
839 845
812 846
811 847
808 848
848 849
848 850
850 852
852 853
853 856
856 860
860 862
862 863
862 864
860 866
860 868
868 869
868 870
860 872
860 873
860 874
856 875
856 877
877 878
877 879
879 880
880 881
880 882
879 883
856 886
856 887
856 888
856 889
889 890
889 891
891 892
856 894
853 896
853 897
853 898
898 899
898 900
900 901
900 902
853 903
852 904
904 905
905 906
905 907
907 908
907 909
904 910
850 911
911 912
912 913
912 914
911 915
850 916
916 917
916 918
918 919
918 920
803 921
921 922
921 923
802 924
924 925
924 926
3 927
927 929
927 931
931 932
931 933
933 934
933 935
927 936
927 937
937 938
938 939
938 940
937 941
941 942
942 945
942 946
942 947
942 948
941 949
2 950
950 953
950 954
1 957
1 958
1 959
