480
654
1
603 4
292 11
463 19
579 25
361 37
249 39
241 42
284 45
271 46
218 53
297 54
365 63
362 64
572 65
575 67
586 73
344 76
323 77
349 79
202 83
193 84
18 89
17 91
61 92
60 93
161 103
85 106
37 108
59 110
8 113
22 114
50 115
33 117
155 120
105 123
107 130
186 139
169 149
117 152
134 153
408 157
405 158
288 166
286 167
273 168
310 170
431 171
346 173
359 174
370 175
240 176
523 185
634 201
565 202
640 204
505 218
338 223
0 233
2 234
3 235
5 236
6 237
7 238
9 239
11 240
12 241
13 242
14 243
15 244
19 245
20 246
23 247
25 248
26 249
28 250
29 251
31 252
32 253
34 254
35 255
38 256
40 257
41 258
43 259
44 260
46 261
47 262
49 263
52 264
53 265
55 266
56 267
58 268
62 269
63 270
65 271
66 272
68 273
69 274
71 275
72 276
73 277
74 278
75 279
77 280
79 281
81 282
82 283
84 284
87 285
88 286
90 287
92 288
93 289
94 290
95 291
96 292
97 293
98 294
99 295
100 296
101 297
103 298
104 299
108 300
110 301
112 302
114 303
116 304
119 305
120 306
122 307
123 308
125 309
126 310
128 311
129 312
131 313
132 314
133 315
135 316
136 317
138 318
139 319
141 320
142 321
143 322
145 323
146 324
148 325
149 326
150 327
151 328
153 329
156 330
157 331
158 332
159 333
160 334
162 335
164 336
166 337
167 338
170 339
172 340
173 341
175 342
177 343
178 344
180 345
181 346
183 347
184 348
187 349
189 350
190 351
191 352
194 353
196 354
197 355
199 356
200 357
203 358
204 359
205 360
206 361
208 362
210 363
211 364
213 365
214 366
216 367
217 368
220 369
221 370
222 371
224 372
226 373
227 374
230 375
231 376
233 377
234 378
236 379
237 380
238 381
243 382
244 383
245 384
247 385
250 386
251 387
253 388
254 389
255 390
256 391
258 392
259 393
260 394
262 395
263 396
264 397
265 398
266 399
267 400
268 401
269 402
270 403
272 404
274 405
276 406
277 407
279 408
280 409
281 410
283 411
285 412
287 413
289 414
291 415
293 416
294 417
296 418
298 419
299 420
300 421
301 422
302 423
303 424
304 425
305 426
306 427
307 428
309 429
312 430
313 431
315 432
317 433
319 434
320 435
321 436
322 437
324 438
325 439
326 440
327 441
328 442
329 443
330 444
332 445
333 446
334 447
335 448
337 449
340 450
341 451
342 452
345 453
348 454
351 455
352 456
353 457
354 458
356 459
357 460
358 461
360 462
363 463
364 464
366 465
367 466
368 467
371 468
373 469
374 470
375 471
377 472
378 473
380 474
382 475
383 476
385 477
386 478
388 479
389 480
391 481
393 482
394 483
396 484
397 485
399 486
400 487
402 488
404 489
407 490
409 491
410 492
411 493
413 494
414 495
415 496
417 497
418 498
420 499
421 500
422 501
424 502
427 503
429 504
430 505
432 506
433 507
434 508
435 509
436 510
437 511
438 512
439 513
440 514
442 515
444 516
445 517
446 518
447 519
448 520
450 521
452 522
453 523
454 524
455 525
456 526
458 527
459 528
460 529
462 530
464 531
465 532
467 533
469 534
470 535
471 536
472 537
474 538
475 539
476 540
477 541
478 542
479 543
480 544
482 545
484 546
486 547
488 548
490 549
491 550
493 551
494 552
495 553
496 554
497 555
498 556
499 557
501 558
503 559
504 560
506 561
508 562
509 563
511 564
513 565
514 566
516 567
517 568
518 569
519 570
522 571
524 572
525 573
526 574
528 575
529 576
531 577
533 578
534 579
536 580
538 581
540 582
542 583
543 584
544 585
546 586
549 587
551 588
552 589
553 590
555 591
556 592
558 593
559 594
561 595
562 596
564 597
566 598
567 599
569 600
570 601
571 602
573 603
574 604
576 605
577 606
578 607
580 608
581 609
582 610
583 611
585 612
588 613
590 614
592 615
593 616
595 617
597 618
598 619
600 620
606 621
608 622
609 623
610 624
611 625
612 626
614 627
615 628
617 629
619 630
620 631
622 632
621 633
623 634
625 635
626 636
627 637
628 638
630 639
631 640
632 641
633 642
635 643
636 644
637 645
638 646
642 647
643 648
645 649
646 650
648 651
650 652
651 653
653 654
654 655
1 2
2 3
2 4
2 5
5 6
6 7
2 8
8 9
8 10
8 11
2 12
2 13
13 14
14 15
15 16
14 17
14 18
2 19
19 20
19 21
21 22
21 23
21 24
19 25
25 26
26 27
25 28
2 29
2 30
30 31
31 32
31 33
30 34
2 35
35 36
36 37
36 38
38 39
38 40
40 41
41 42
41 43
43 44
38 45
38 46
38 47
38 48
48 49
49 50
49 51
51 52
51 53
38 54
38 55
55 56
38 57
57 58
38 59
36 60
36 61
61 62
61 63
63 64
61 65
61 66
66 67
66 68
61 69
69 70
69 71
69 72
72 73
36 74
74 75
74 76
74 77
77 78
74 79
74 80
74 81
35 82
82 83
82 84
82 85
85 86
86 87
87 88
88 89
88 90
90 91
88 92
88 93
93 94
93 95
88 96
87 97
87 98
98 99
98 100
87 101
87 102
87 103
87 104
104 105
105 106
104 107
107 108
104 109
104 110
110 111
111 112
104 113
104 114
104 115
104 116
116 117
104 118
86 119
119 120
119 121
86 122
86 123
86 124
86 125
86 126
126 127
86 128
128 129
128 130
86 131
85 132
82 133
82 134
82 135
35 136
136 137
137 138
138 139
136 140
2 141
141 142
141 143
2 144
144 145
144 146
146 147
147 148
148 149
148 150
150 151
147 152
146 153
146 154
2 155
2 156
156 157
156 158
2 159
159 160
160 161
161 162
160 163
159 164
164 165
165 166
165 167
167 168
165 169
169 170
165 171
171 172
171 173
171 174
171 175
164 176
159 177
177 178
178 179
179 180
179 181
181 182
182 183
181 184
181 185
181 186
186 187
187 188
186 189
179 190
179 191
177 192
192 193
193 194
192 195
195 196
2 197
197 198
198 199
199 200
200 201
201 202
201 203
200 204
199 205
199 206
2 207
207 208
208 209
208 210
210 211
210 212
208 213
208 214
207 215
207 216
216 217
216 218
218 219
2 220
2 221
221 222
222 223
221 224
2 225
225 226
226 227
227 228
225 229
225 230
2 231
2 232
111 233
112 234
111 235
111 236
153 237
153 238
113 239
111 240
111 241
111 242
111 243
90 244
93 245
114 246
132 247
132 248
110 249
110 250
95 251
93 252
117 253
117 254
129 255
94 256
94 257
102 258
143 259
99 260
99 261
101 262
101 263
104 264
107 265
116 266
102 267
102 268
93 269
116 270
116 271
125 272
125 273
109 274
109 275
109 276
109 277
109 278
122 279
122 280
88 281
125 282
104 283
105 284
97 285
107 286
107 287
88 288
104 289
104 290
104 291
104 292
104 293
104 294
118 295
104 296
107 297
98 298
100 299
124 300
86 301
85 302
119 303
119 304
58 305
85 306
131 307
126 308
126 309
146 310
154 311
128 312
128 313
128 314
153 315
153 316
153 317
146 318
126 319
85 320
86 321
131 322
131 323
119 324
96 325
119 326
121 327
127 328
146 329
86 330
128 331
86 332
86 333
86 334
86 335
147 336
147 337
148 338
150 339
147 340
150 341
151 342
134 343
224 344
224 345
134 346
134 347
138 348
138 349
138 350
138 351
82 352
135 353
135 354
133 355
133 356
133 357
82 358
82 359
135 360
83 361
137 362
137 363
230 364
50 365
136 366
136 367
136 368
51 369
51 370
44 371
44 372
52 373
43 374
59 375
29 376
43 377
43 378
35 379
35 380
176 381
41 382
41 383
228 384
228 385
39 386
39 387
227 388
227 389
227 390
55 391
55 392
55 393
6 394
7 395
6 396
6 397
5 398
7 399
142 400
5 401
167 402
3 403
38 404
168 405
40 406
57 407
57 408
57 409
47 410
47 411
45 412
166 413
226 414
226 415
11 416
48 417
56 418
38 419
38 420
38 421
38 422
38 423
38 424
48 425
38 426
35 427
81 428
74 429
169 430
165 431
27 432
26 433
225 434
225 435
225 436
78 437
140 438
77 439
77 440
78 441
78 442
78 443
10 444
8 445
8 446
8 447
222 448
222 449
169 450
171 451
76 452
173 453
231 454
81 455
80 456
81 457
36 458
36 459
36 460
36 461
174 462
64 463
64 464
63 465
61 466
171 467
36 468
229 469
229 470
60 471
60 472
28 473
28 474
28 475
156 476
22 477
17 478
17 479
145 480
145 481
145 482
14 483
14 484
156 485
156 486
13 487
156 488
156 489
157 490
157 491
157 492
157 493
15 494
16 495
15 496
15 497
156 498
156 499
156 500
18 501
15 502
21 503
21 504
171 505
173 506
171 507
171 508
171 509
171 510
171 511
171 512
171 513
24 514
24 515
23 516
21 517
23 518
21 519
172 520
172 521
19 522
19 523
23 524
19 525
26 526
26 527
26 528
26 529
19 530
19 531
19 532
217 533
217 534
32 535
32 536
219 537
219 538
219 539
219 540
219 541
33 542
33 543
32 544
217 545
217 546
216 547
216 548
216 549
182 550
183 551
182 552
182 553
182 554
178 555
183 556
182 557
191 558
191 559
218 560
179 561
179 562
191 563
212 564
187 565
189 566
189 567
189 568
186 569
181 570
181 571
181 572
184 573
181 574
187 575
183 576
186 577
12 578
12 579
12 580
190 581
211 582
211 583
211 584
206 585
161 586
163 587
188 588
180 589
163 590
163 591
203 592
203 593
203 594
203 595
203 596
203 597
202 598
61 599
68 600
36 601
61 602
61 603
66 604
62 605
61 606
61 607
25 608
25 609
25 610
172 611
172 612
73 613
25 614
155 615
70 616
9 617
72 618
20 619
232 620
194 621
194 622
194 623
194 624
194 625
71 626
71 627
220 628
220 629
220 630
75 631
193 632
193 633
196 634
196 635
195 636
195 637
197 638
197 639
197 640
197 641
201 642
201 643
201 644
201 645
205 646
197 647
198 648
213 649
214 650
220 651
220 652
209 653
209 654
209 655
