480
480
480
0 0
2 1
3 2
5 3
6 4
7 5
8 6
9 7
11 8
12 9
13 10
14 11
15 12
17 13
18 14
19 15
20 16
22 17
23 18
25 19
26 20
28 21
29 22
31 23
32 24
34 25
33 26
35 27
37 28
38 29
40 30
41 31
43 32
44 33
46 34
47 35
49 36
50 37
52 38
53 39
55 40
56 41
58 42
59 43
60 44
61 45
62 46
63 47
65 48
66 49
68 50
69 51
71 52
72 53
73 54
74 55
75 56
77 57
79 58
81 59
82 60
84 61
85 62
87 63
88 64
90 65
92 66
93 67
94 68
95 69
96 70
97 71
98 72
99 73
100 74
101 75
103 76
104 77
105 78
107 79
108 80
110 81
112 82
114 83
116 84
117 85
119 86
120 87
122 88
123 89
125 90
126 91
128 92
129 93
131 94
132 95
133 96
135 97
136 98
134 99
138 100
139 101
141 102
142 103
143 104
145 105
146 106
148 107
149 108
150 109
151 110
153 111
155 112
156 113
157 114
158 115
159 116
160 117
161 118
162 119
164 120
166 121
167 122
169 123
170 124
172 125
173 126
175 127
177 128
178 129
180 130
181 131
183 132
184 133
186 134
187 135
189 136
190 137
191 138
193 139
194 140
196 141
197 142
199 143
200 144
202 145
203 146
204 147
205 148
206 149
208 150
210 151
211 152
213 153
214 154
216 155
217 156
218 157
220 158
221 159
222 160
224 161
226 162
227 163
230 164
231 165
233 166
234 167
236 168
237 169
238 170
240 171
241 172
243 173
244 174
245 175
247 176
249 177
250 178
251 179
253 180
254 181
255 182
256 183
258 184
259 185
260 186
262 187
263 188
264 189
265 190
266 191
267 192
268 193
269 194
270 195
271 196
272 197
273 198
274 199
276 200
277 201
279 202
280 203
281 204
283 205
284 206
285 207
286 208
287 209
288 210
289 211
291 212
292 213
293 214
294 215
296 216
297 217
298 218
299 219
300 220
301 221
302 222
303 223
304 224
305 225
306 226
307 227
309 228
310 229
312 230
313 231
315 232
317 233
319 234
320 235
321 236
322 237
324 238
325 239
326 240
323 241
327 242
328 243
329 244
330 245
332 246
333 247
334 248
335 249
337 250
338 251
340 252
341 253
342 254
344 255
345 256
346 257
348 258
349 259
351 260
352 261
353 262
354 263
356 264
357 265
358 266
359 267
360 268
361 269
363 270
362 271
364 272
365 273
366 274
367 275
368 276
370 277
371 278
373 279
374 280
375 281
377 282
378 283
380 284
382 285
383 286
385 287
386 288
388 289
389 290
391 291
393 292
394 293
396 294
397 295
399 296
400 297
402 298
404 299
405 300
407 301
408 302
409 303
410 304
411 305
413 306
414 307
415 308
417 309
418 310
420 311
421 312
422 313
424 314
427 315
429 316
430 317
432 318
433 319
434 320
435 321
436 322
437 323
431 324
438 325
439 326
440 327
442 328
444 329
445 330
446 331
447 332
448 333
450 334
452 335
453 336
454 337
455 338
456 339
458 340
459 341
460 342
462 343
463 344
464 345
465 346
467 347
469 348
470 349
471 350
472 351
474 352
475 353
476 354
477 355
478 356
479 357
480 358
482 359
484 360
486 361
488 362
490 363
491 364
493 365
494 366
495 367
496 368
497 369
498 370
499 371
501 372
503 373
504 374
505 375
506 376
508 377
509 378
511 379
513 380
514 381
516 382
517 383
518 384
519 385
522 386
523 387
524 388
525 389
526 390
528 391
529 392
531 393
533 394
534 395
536 396
538 397
540 398
542 399
543 400
544 401
546 402
549 403
551 404
552 405
553 406
555 407
556 408
558 409
559 410
561 411
562 412
564 413
565 414
566 415
567 416
569 417
570 418
571 419
572 420
573 421
574 422
575 423
576 424
577 425
578 426
580 427
581 428
579 429
582 430
583 431
585 432
586 433
588 434
590 435
592 436
593 437
595 438
597 439
598 440
600 441
603 442
606 443
608 444
609 445
610 446
611 447
612 448
614 449
615 450
617 451
619 452
620 453
622 454
621 455
623 456
625 457
626 458
627 459
628 460
630 461
631 462
632 463
633 464
635 465
636 466
634 467
637 468
638 469
640 470
642 471
643 472
645 473
646 474
648 475
650 476
651 477
653 478
654 479
480 479
480 455
455 454
480 478
455 453
480 475
475 450
450 452
450 476
452 451
480 477
450 445
445 447
447 443
447 444
447 446
450 448
448 449
480 440
440 431
431 324
324 257
324 267
324 319
324 323
324 325
267 268
324 208
208 198
324 321
324 326
208 210
210 209
210 231
257 256
257 318
324 229
229 230
324 253
324 317
324 320
198 199
208 194
324 276
324 322
324 333
208 252
324 277
208 190
190 187
187 191
187 186
187 189
190 193
187 188
333 334
324 432
187 192
194 195
431 439
439 433
433 434
440 213
213 214
213 248
213 246
213 245
213 247
213 438
213 437
439 220
220 197
197 196
197 206
206 207
197 219
197 222
197 225
197 177
177 178
197 185
185 183
185 184
197 200
197 203
197 217
197 221
203 201
203 202
197 205
197 218
197 223
197 266
266 264
264 260
260 240
240 241
241 239
241 244
260 262
241 237
241 242
241 243
260 227
260 275
275 273
273 271
273 274
271 270
271 272
273 420
273 425
273 421
200 172
172 173
172 174
227 228
273 279
273 281
273 416
273 426
279 234
234 211
211 212
234 235
279 280
172 167
167 160
160 161
167 166
185 169
197 204
220 265
228 259
266 278
271 269
273 422
281 282
167 163
169 154
154 156
154 155
154 139
139 138
139 145
145 149
145 144
139 141
139 147
141 140
144 142
139 146
144 143
147 151
151 150
151 134
134 136
136 135
136 137
177 179
185 216
197 181
181 180
180 182
220 255
255 254
234 236
266 263
273 423
134 133
136 132
132 131
141 148
169 168
180 175
180 176
264 424
177 215
241 261
266 418
273 419
425 249
249 250
250 251
132 128
134 130
130 129
167 165
177 224
234 170
170 171
273 417
156 226
170 158
158 159
158 162
158 157
158 164
158 152
152 153
250 258
128 126
126 124
124 120
120 125
120 121
120 99
99 5
5 4
99 100
99 111
99 91
99 96
99 97
99 92
120 122
122 123
4 112
112 81
81 95
95 93
95 94
94 114
81 106
81 113
81 115
81 116
95 49
49 50
81 105
81 117
81 119
105 44
44 15
44 46
44 23
44 58
15 70
70 68
68 69
68 71
68 72
44 30
30 29
68 6
6 7
68 38
72 43
43 20
20 21
15 14
21 8
8 10
8 11
8 2
2 3
8 0
23 22
30 12
44 45
44 66
68 17
17 16
17 60
68 65
65 64
6 76
12 13
38 37
38 73
60 61
65 51
51 52
51 55
51 53
51 54
76 33
33 34
105 104
106 42
42 31
106 83
0 1
0 9
34 77
49 59
60 78
65 28
65 75
68 74
83 84
95 79
105 88
106 102
106 108
113 89
115 56
6 26
26 25
26 40
26 24
26 48
26 47
6 35
35 36
6 101
38 39
42 41
68 67
72 27
81 82
88 87
106 107
106 118
6 62
6 63
56 57
99 98
106 110
81 80
81 90
120 85
85 86
6 103
31 32
124 127
104 109
241 238
211 428
428 429
429 341
429 344
344 343
344 336
344 346
429 435
336 338
341 342
344 345
429 427
429 430
336 335
341 339
341 340
341 233
336 327
327 328
327 331
327 332
332 316
331 329
336 337
341 232
329 330
332 315
346 436
99 19
19 18
346 441
213 442
342 287
287 286
287 302
302 303
302 301
302 296
302 305
296 312
296 295
302 304
302 298
298 299
298 300
302 310
296 288
288 289
288 294
288 297
288 306
306 308
288 293
306 290
290 291
306 314
288 284
284 283
284 285
288 309
290 292
296 311
297 307
314 313
480 461
461 462
462 463
462 460
462 472
462 471
472 473
462 465
465 467
467 464
467 466
467 412
412 413
467 414
414 415
412 410
467 468
412 409
409 408
410 411
412 406
406 407
406 403
403 405
467 470
470 469
470 456
456 457
456 459
459 458
468 474
403 395
395 358
358 350
350 349
350 375
375 374
375 353
353 352
353 354
353 355
355 351
375 362
362 359
359 347
347 348
362 361
362 363
375 394
348 360
375 404
395 396
403 398
398 400
398 399
399 377
377 376
377 364
364 366
364 368
364 390
364 365
364 367
364 370
364 388
364 371
364 386
364 387
364 389
364 393
366 356
356 357
393 382
382 383
364 369
388 385
366 372
372 373
377 378
364 392
376 380
382 381
380 379
377 397
364 384
398 402
365 401
379 391
