480
655
655
344 496
0 49
346 452
340 479
341 159
342 434
348 172
349 307
298 189
299 631
296 592
297 437
294 63
292 513
293 142
291 326
590 291
593 299
592 573
199 169
597 469
194 373
197 374
196 453
191 440
190 141
193 123
270 590
271 303
272 474
273 145
274 645
276 202
277 97
279 562
524 650
525 404
526 486
522 610
523 495
528 386
529 87
448 454
442 55
440 620
447 31
446 564
445 348
444 370
108 417
103 99
100 293
101 100
107 399
104 128
105 233
38 462
33 203
32 238
31 85
37 654
35 643
34 119
640 146
643 444
642 459
645 166
438 583
439 458
436 294
437 551
434 181
435 245
432 465
433 177
430 190
431 528
338 117
335 105
334 150
337 576
330 352
333 149
332 5
345 170
6 208
99 296
98 353
90 259
93 581
92 2
95 206
94 29
97 6
96 488
559 435
558 628
555 447
556 529
551 598
553 402
552 569
238 101
234 533
236 122
237 329
230 385
231 582
233 484
614 523
146 8
145 321
142 543
143 571
141 351
612 32
610 187
611 445
617 277
148 90
149 371
623 380
622 50
133 103
132 333
131 18
498 251
136 413
135 460
134 244
494 9
495 68
139 414
138 561
490 553
491 134
493 409
25 17
26 82
20 15
22 609
23 422
28 226
29 33
407 552
405 619
404 227
402 93
400 615
409 317
408 13
628 578
378 197
371 477
370 286
373 132
375 519
374 611
377 633
393 603
391 346
619 472
397 546
396 334
394 269
82 357
399 258
81 621
87 20
84 433
85 450
7 247
586 254
585 173
582 642
583 196
580 467
581 455
588 456
245 595
244 153
247 570
241 255
240 439
243 131
615 211
249 22
519 627
518 73
511 60
513 577
514 432
517 193
516 220
458 92
459 360
621 281
620 337
627 66
626 349
625 442
450 213
452 470
453 44
454 574
455 407
456 139
178 638
177 306
595 566
175 14
173 448
172 116
170 276
654 95
253 431
183 325
180 75
181 356
186 526
187 156
184 341
598 464
189 421
653 26
650 389
651 534
11 635
13 366
12 65
15 164
14 71
17 260
19 490
18 394
62 482
322 274
323 138
320 463
321 178
326 324
327 424
324 517
325 580
328 143
329 25
200 614
203 61
202 315
205 420
204 375
206 194
208 11
77 358
75 79
74 646
73 309
72 436
71 359
79 302
2 288
542 240
543 279
540 320
546 107
544 253
8 418
549 588
120 391
122 388
123 110
125 280
126 81
128 393
129 597
414 491
415 408
417 498
410 108
411 367
413 516
418 263
499 585
319 626
313 34
312 556
310 136
317 292
315 313
496 104
497 410
3 505
368 191
366 344
367 549
364 364
365 214
362 120
363 304
360 368
361 47
380 362
382 268
383 43
385 283
386 96
388 46
389 77
579 157
578 218
573 52
572 544
571 625
570 56
577 300
576 222
575 230
574 237
60 397
61 210
258 319
259 555
65 471
66 503
68 493
69 345
250 7
251 310
256 129
254 499
255 429
603 37
508 332
509 446
506 72
504 475
505 204
503 342
501 565
630 361
631 494
632 328
633 256
469 524
635 538
636 266
637 241
465 69
464 298
467 504
460 506
463 19
462 612
169 112
164 340
166 637
167 335
160 558
161 234
162 250
9 514
646 23
648 216
357 0
356 175
354 12
353 125
352 297
351 183
359 617
358 180
216 249
217 148
214 540
213 199
210 606
211 186
218 508
289 236
288 405
281 559
280 285
283 354
285 476
284 608
287 84
286 135
263 330
262 531
260 522
267 383
266 38
265 184
264 338
269 579
268 287
59 567
58 430
55 28
56 382
50 265
53 231
52 480
536 221
63 264
533 640
531 271
538 497
114 400
117 158
116 74
110 322
112 623
119 509
429 126
534 270
421 653
420 161
422 53
424 217
427 284
309 634
300 327
301 536
302 162
303 630
304 262
305 200
306 160
307 511
569 62
561 575
562 415
564 636
565 41
566 3
567 378
227 167
226 88
224 59
222 478
221 323
220 648
88 396
151 593
150 622
153 94
606 267
155 289
600 58
157 205
156 438
159 377
158 272
609 224
608 243
634 632
49 273
46 35
47 525
44 427
43 363
40 651
41 600
638 114
5 518
488 98
486 312
484 40
482 542
480 365
472 411
470 572
471 133
476 586
477 305
474 501
475 151
478 155
479 301
343 344
1 0
431 346
568 347
339 340
339 341
343 342
350 343
347 348
350 349
594 595
607 606
602 594
618 619
295 298
295 299
295 296
295 297
295 294
355 295
331 292
292 293
318 290
290 291
601 591
589 590
594 593
591 592
198 199
201 198
596 597
602 596
201 195
195 194
198 197
195 196
192 191
188 190
192 193
201 192
269 270
272 271
295 272
286 273
273 274
295 275
275 276
278 277
295 278
278 279
521 524
521 525
521 526
539 527
521 520
530 521
521 522
521 523
602 599
527 528
530 529
461 449
449 448
451 443
441 442
443 441
441 440
443 447
443 446
443 445
443 444
109 108
154 109
113 102
102 103
91 100
91 101
154 106
106 107
102 104
106 105
60 39
39 38
54 33
33 32
30 31
60 30
36 37
91 36
36 35
33 34
644 641
639 640
641 643
641 642
644 645
647 644
431 438
431 439
431 436
431 437
431 434
431 435
431 432
431 433
431 430
461 431
431 339
336 338
336 335
331 334
336 337
347 336
594 331
331 330
331 333
331 332
346 345
7 6
91 99
91 98
113 91
89 90
91 93
91 92
91 95
91 94
91 97
91 96
560 559
557 558
554 555
563 554
563 557
557 556
550 551
554 550
554 553
550 552
239 238
248 239
232 234
278 235
235 236
235 237
229 230
232 231
242 232
232 233
10 1
613 614
147 146
154 147
154 144
144 145
140 142
144 143
154 140
140 141
613 612
649 613
607 610
607 611
649 616
618 617
147 148
147 149
624 623
621 622
134 133
130 132
130 131
154 130
152 137
134 136
134 135
137 134
492 494
492 495
140 139
137 138
489 490
492 491
530 492
492 493
165 24
24 25
27 26
59 27
21 20
91 21
21 22
24 23
27 28
30 29
408 407
412 406
403 405
403 404
419 403
403 402
406 401
401 400
641 629
408 409
419 408
629 628
381 379
379 378
372 371
369 370
372 373
568 372
376 375
372 374
376 377
568 376
649 618
392 393
412 392
89 88
91 89
398 397
395 396
406 395
395 394
83 82
91 83
154 80
80 81
113 86
86 87
83 84
83 85
134 7
605 601
616 607
587 586
596 587
599 584
584 585
579 582
584 583
579 580
579 581
587 588
591 589
246 245
242 244
246 247
252 246
242 241
239 240
242 243
275 242
616 615
295 249
318 248
520 519
515 518
512 511
520 510
512 513
527 512
530 515
515 514
515 517
515 516
457 458
457 459
652 621
621 620
624 627
624 626
624 625
647 624
449 450
463 451
451 452
451 453
451 454
451 455
457 456
579 457
185 179
179 178
176 177
182 176
174 175
176 174
171 173
171 172
174 171
171 170
652 654
252 253
201 182
182 183
179 180
182 181
185 186
188 187
185 184
188 185
655 652
207 188
188 189
652 653
649 650
652 651
10 11
59 10
10 13
10 12
16 15
10 14
16 17
39 16
60 19
19 18
60 62
323 322
350 323
318 320
318 321
323 326
323 327
323 324
323 325
323 328
323 329
207 201
198 200
201 203
201 202
201 205
201 204
215 207
201 206
215 209
209 208
76 77
111 76
76 75
70 74
70 73
70 72
70 71
91 70
78 79
113 78
1 2
541 542
541 543
541 540
547 541
545 546
548 547
545 544
547 545
113 8
550 548
550 549
67 68
599 598
121 120
144 121
121 122
124 123
140 124
124 125
127 126
137 127
127 128
130 129
412 414
416 415
425 416
416 417
408 410
408 411
416 412
412 413
492 498
419 418
426 419
492 499
318 319
372 318
314 313
311 312
339 311
311 310
316 317
457 316
316 315
431 314
492 496
492 497
4 3
369 368
431 369
365 366
568 367
362 364
568 365
365 362
362 363
359 360
362 361
379 380
401 381
381 382
384 383
419 384
384 385
387 386
406 387
387 388
390 389
616 605
589 579
568 578
605 604
568 573
568 572
568 571
568 570
568 577
568 576
568 575
568 574
78 60
60 61
257 258
257 259
91 64
64 65
67 66
80 67
295 252
70 69
249 250
249 251
257 256
295 257
252 254
252 255
604 603
604 602
507 508
510 509
507 506
521 507
505 504
532 505
510 502
502 503
505 500
502 501
629 630
629 631
629 632
634 633
468 469
483 468
634 636
634 637
466 465
463 464
468 467
579 466
584 461
457 460
466 463
463 462
171 168
168 169
163 164
171 165
165 166
168 167
154 160
154 161
154 162
171 163
601 600
8 9
652 647
647 646
652 649
649 648
355 357
355 356
568 355
355 354
350 353
350 352
350 351
367 350
431 359
355 358
215 216
215 217
215 214
235 215
229 212
212 213
209 210
212 211
219 218
225 219
290 289
314 288
10 4
282 281
278 280
282 283
295 282
284 285
295 284
288 287
431 286
261 263
261 262
431 261
261 260
261 267
261 266
261 265
261 264
359 269
261 268
91 59
57 58
54 55
64 54
147 57
57 56
91 51
51 50
51 53
51 52
548 537
537 536
537 535
64 63
532 533
535 532
530 531
539 530
547 539
539 538
147 115
115 114
118 117
115 116
140 111
109 110
154 113
111 112
118 119
163 118
428 429
443 428
535 534
419 421
419 420
425 423
423 422
426 425
423 424
428 427
579 426
350 308
308 309
295 300
295 301
295 302
295 303
295 304
295 305
295 306
308 307
602 568
568 569
563 560
560 561
563 562
634 563
563 564
634 565
565 566
568 567
248 229
232 228
228 227
225 226
229 225
223 224
228 223
223 222
219 221
219 220
390 391
392 390
147 151
147 150
152 153
171 152
154 155
171 154
154 157
154 156
154 159
154 158
607 609
607 608
647 634
398 399
634 635
419 398
86 48
48 49
45 46
48 47
45 44
102 45
57 42
42 43
39 40
42 41
639 638
4 5
644 639
500 489
489 488
489 487
487 486
487 485
485 484
485 483
483 482
505 481
481 480
473 472
500 473
471 470
481 471
473 476
473 477
473 474
473 475
520 478
478 479
