480
701
0
654 2
653 4
651 6
622 9
621 8
620 12
648 16
617 18
619 19
609 23
610 25
608 28
606 29
611 30
614 32
612 33
650 35
615 36
646 40
637 42
635 44
564 49
558 53
556 54
553 57
555 58
549 61
552 62
551 65
536 67
534 69
533 71
470 74
471 76
480 77
505 78
504 81
474 84
475 87
476 88
472 90
477 91
490 93
488 95
486 97
484 99
482 101
467 103
469 104
543 108
540 109
542 110
544 113
538 115
501 121
503 122
509 123
508 125
506 126
522 128
495 135
494 136
496 138
499 139
491 141
498 144
529 146
497 147
493 148
525 149
519 152
524 153
526 155
478 156
479 158
523 160
531 162
518 164
514 166
517 168
516 169
513 171
511 173
528 174
546 175
562 177
559 179
561 180
633 181
634 43
636 184
565 185
566 187
645 189
643 192
642 194
632 197
628 199
631 200
630 201
623 204
627 207
626 208
625 209
640 211
638 212
600 216
592 218
590 220
581 222
582 226
460 231
417 234
391 239
393 241
389 242
413 243
415 245
396 249
394 251
382 253
378 255
380 256
386 258
388 259
400 260
414 262
424 264
422 265
385 268
383 269
407 274
411 275
409 278
410 279
408 272
418 281
405 284
404 286
402 287
397 290
420 292
399 293
421 294
456 295
459 297
317 299
315 300
458 301
580 303
465 305
452 310
453 311
455 312
445 316
427 318
429 320
447 321
446 324
444 325
442 327
440 328
454 329
462 332
464 333
463 306
579 219
603 338
593 340
330 344
333 345
293 349
292 348
334 351
332 352
595 353
598 355
583 357
585 359
448 362
450 363
359 365
431 364
430 372
438 373
435 375
313 380
287 382
288 381
268 385
264 389
263 390
266 393
262 394
260 396
267 397
265 398
286 399
274 403
273 402
270 406
269 405
360 409
437 408
439 413
345 415
432 417
346 414
436 420
310 424
312 425
340 426
341 427
368 430
370 432
434 433
433 434
586 437
588 439
597 440
567 447
578 448
367 450
571 451
574 454
569 456
575 457
377 459
375 460
572 462
361 465
362 464
364 469
363 470
366 472
365 463
573 476
576 477
577 478
373 485
374 486
371 488
291 490
320 493
321 496
240 499
238 500
230 502
211 505
213 506
218 510
221 511
220 512
226 513
319 514
289 515
570 516
309 520
349 521
324 524
328 528
325 530
326 533
352 534
323 529
327 537
322 538
329 539
344 540
342 542
351 544
307 546
353 547
356 550
357 551
354 553
358 554
337 558
338 560
335 561
348 562
276 564
299 569
272 570
271 572
284 574
285 576
305 577
301 580
256 582
258 584
296 586
259 587
297 590
298 591
303 593
300 594
302 597
254 600
255 602
253 604
247 606
245 607
281 609
283 610
304 614
294 615
251 617
250 619
249 616
279 623
280 624
277 626
243 630
244 632
241 633
234 635
224 639
222 640
227 641
233 643
231 644
306 646
237 649
236 650
216 652
217 654
214 656
206 662
202 661
199 665
197 667
200 668
191 670
193 671
204 673
194 676
196 677
205 678
208 682
210 683
184 687
178 689
180 690
186 691
187 694
189 695
190 696
203 698
183 700
181 702
177 704
175 706
173 708
170 710
167 713
169 715
25 718
23 719
119 721
117 722
164 726
172 727
166 728
136 735
7 736
6 738
134 732
135 741
133 742
126 745
128 746
138 747
153 748
155 750
112 752
141 754
149 757
151 760
150 761
114 764
116 765
56 768
58 770
41 772
43 773
148 775
146 766
105 781
142 783
123 786
139 788
125 789
77 791
75 792
143 794
145 796
120 798
122 799
108 803
110 804
162 805
107 808
129 811
157 813
131 814
81 817
66 819
68 820
132 815
158 822
156 825
159 826
160 828
161 830
79 833
61 835
18 839
19 838
29 844
31 845
38 847
17 850
15 851
40 852
60 836
62 854
103 857
44 859
104 861
46 862
87 865
49 867
47 868
63 871
65 873
55 875
32 877
34 879
33 876
8 882
9 884
97 886
92 890
99 892
53 894
52 896
50 897
100 899
94 900
93 905
72 909
69 910
74 912
71 913
73 914
82 917
85 919
84 920
22 921
20 923
96 925
37 927
101 929
88 931
90 932
95 934
35 937
98 935
59 939
26 942
28 943
11 946
5 950
3 951
13 952
14 954
12 956
2 958
0 959
0 1
1 2
1 3
3 4
3 6
3 7
7 8
8 9
8 12
7 13
13 14
14 16
14 17
17 18
17 19
14 20
20 21
21 22
22 23
22 24
24 25
24 28
24 29
24 30
21 31
31 32
31 33
20 35
20 36
13 37
37 38
38 39
39 40
39 41
41 42
41 43
43 44
43 48
48 49
48 52
52 53
52 54
48 55
55 56
56 57
56 58
55 59
59 60
60 61
60 62
59 63
63 64
64 65
64 66
66 67
66 68
68 69
68 70
70 71
70 72
72 73
73 74
73 76
73 77
72 78
78 81
78 82
82 83
83 84
83 87
83 88
83 89
89 90
89 91
82 92
92 93
92 95
92 96
96 97
96 98
98 99
98 101
98 102
102 103
102 104
63 105
105 106
106 108
106 109
106 110
105 111
111 112
112 113
112 114
114 115
114 116
116 117
117 119
119 120
120 121
120 122
119 123
117 125
117 126
117 127
127 128
127 132
132 135
132 136
132 138
132 139
132 141
132 142
142 144
142 145
145 146
145 147
142 148
127 149
127 151
151 152
151 153
127 155
127 156
156 158
127 160
127 161
161 162
161 163
163 164
163 165
165 166
165 167
167 168
167 169
116 170
170 171
170 172
172 173
172 174
111 175
48 177
48 178
178 179
178 180
43 181
43 184
43 185
185 187
38 188
188 189
188 190
190 191
191 192
191 193
193 194
193 195
195 197
195 199
195 200
195 201
190 202
202 203
203 204
203 206
206 207
206 208
203 209
202 210
210 211
210 212
37 213
213 214
214 215
215 216
215 217
217 218
217 219
219 220
219 222
219 226
219 227
227 230
230 231
230 232
232 233
233 234
233 238
238 239
238 240
240 241
240 242
233 243
233 245
233 246
246 249
246 250
250 251
250 252
252 253
252 254
254 255
254 256
246 257
257 258
257 259
246 260
233 262
233 263
263 264
263 265
232 266
266 267
267 268
267 269
266 272
272 274
272 275
272 278
272 279
266 281
266 283
283 284
283 285
285 286
285 287
266 289
289 290
289 292
289 293
266 294
227 295
227 297
227 298
298 299
298 300
227 301
219 303
219 304
304 305
304 306
306 307
307 310
307 311
307 312
307 313
313 314
314 315
315 316
315 318
315 319
319 320
319 321
314 323
323 324
323 325
314 326
326 327
326 328
313 329
306 332
306 333
214 336
336 337
337 338
337 339
339 340
339 341
341 344
341 345
341 348
348 349
341 351
341 352
341 353
336 354
354 355
354 356
356 357
356 359
356 360
360 361
361 362
361 363
360 364
364 365
364 372
364 373
373 375
364 377
377 379
379 380
379 381
381 382
377 384
384 385
384 387
387 389
387 390
387 392
392 393
392 394
394 396
387 397
384 398
377 399
399 402
402 403
399 405
405 406
364 408
408 409
364 413
364 414
414 415
414 417
364 420
364 421
421 422
422 424
422 425
422 426
421 427
364 430
364 431
431 432
431 433
364 434
213 435
435 436
436 437
437 439
436 440
435 441
441 447
441 448
441 450
441 451
441 453
453 454
453 456
453 457
441 458
458 459
458 460
441 462
441 463
463 464
464 465
464 469
464 470
463 472
441 475
475 476
475 477
441 478
441 479
479 483
483 484
484 485
484 486
483 488
483 489
489 490
489 492
492 493
492 495
495 496
495 497
497 498
498 499
498 500
497 501
501 502
501 504
504 505
504 506
501 507
507 508
508 509
509 510
509 511
508 512
507 513
492 514
489 515
479 516
479 517
517 520
517 521
517 523
523 524
523 528
523 529
529 530
529 533
529 534
523 537
523 538
523 539
517 540
540 542
517 543
543 544
543 546
543 547
479 550
479 551
479 553
479 554
479 555
555 556
556 557
557 558
557 560
557 561
556 562
555 563
563 564
563 569
563 570
570 572
563 574
574 576
563 577
563 580
563 581
581 582
581 584
581 586
581 587
563 590
563 591
563 593
563 594
563 597
563 599
599 600
599 601
601 602
601 604
601 605
605 606
605 607
563 608
608 609
608 610
563 612
612 613
613 614
613 615
612 616
616 617
616 619
563 621
621 623
621 624
621 626
621 627
627 628
628 630
628 632
628 633
628 634
634 635
634 637
637 638
638 639
638 640
637 641
634 642
642 643
642 644
627 645
645 646
645 647
647 648
648 649
648 650
647 651
651 652
651 654
651 656
651 657
657 661
661 662
657 664
664 665
664 667
664 668
657 669
669 670
669 671
657 673
657 674
674 676
674 677
674 678
657 679
679 680
680 681
681 682
681 683
680 684
684 685
685 687
685 688
688 689
688 690
685 691
684 693
693 694
693 695
684 696
679 698
679 699
699 700
699 702
699 703
703 704
703 705
705 706
705 707
707 708
707 710
707 711
711 712
712 713
712 715
712 716
716 717
717 718
717 719
716 720
720 721
720 722
711 724
724 725
725 726
725 727
724 728
711 729
729 730
730 731
731 732
732 735
732 736
736 738
732 740
740 741
740 742
731 744
744 745
744 746
731 747
730 748
729 749
749 750
749 752
749 754
749 755
755 756
756 757
756 759
759 760
759 761
756 763
763 764
763 765
756 766
766 767
767 768
767 769
769 770
769 771
771 772
771 773
766 775
755 781
755 782
782 783
782 785
785 786
785 788
785 789
782 790
790 791
790 792
755 793
793 794
793 796
793 797
797 798
797 799
755 802
802 803
802 804
755 805
755 807
807 808
807 811
807 812
812 813
812 814
807 815
815 816
816 817
816 819
816 820
755 822
755 825
755 826
755 828
755 829
829 830
829 831
831 832
832 833
832 835
832 836
836 838
838 839
836 843
843 844
843 845
836 846
846 847
846 849
849 850
849 851
846 852
836 854
831 856
856 857
856 859
856 860
860 861
860 862
831 864
864 865
864 866
866 867
866 868
831 870
870 871
870 873
870 874
874 875
874 876
876 877
876 879
831 881
881 882
882 884
881 886
881 890
881 891
891 892
891 894
891 896
891 897
881 899
881 900
881 905
881 906
906 909
906 910
906 912
906 913
906 914
881 916
916 917
916 918
918 919
918 920
881 921
921 923
881 925
881 926
926 927
926 929
926 931
926 932
881 934
881 935
935 937
935 939
939 941
941 942
941 943
943 945
945 946
945 949
949 950
949 951
945 952
945 954
945 956
945 957
957 958
957 959
