50
99
0
80 3
78 5
76 6
63 12
65 13
66 14
62 17
61 18
59 19
69 20
75 22
72 24
50 27
48 29
45 32
43 33
41 36
42 37
46 38
34 44
31 46
28 48
30 49
39 51
40 53
37 54
36 56
35 57
21 62
17 66
15 67
4 70
2 72
0 73
3 74
19 76
9 80
6 82
8 83
10 85
13 86
14 88
12 89
22 90
24 91
25 93
27 94
53 97
55 98
57 99
0 1
1 2
2 3
2 4
4 5
4 6
1 7
7 8
8 9
9 10
10 11
11 12
11 13
10 14
9 15
15 16
16 17
16 18
15 19
8 20
7 21
21 22
21 23
23 24
23 25
25 26
26 27
26 28
28 29
28 30
30 31
31 32
31 33
30 34
34 35
35 36
35 37
34 38
25 39
39 40
40 41
41 42
42 43
43 44
43 45
45 46
45 47
47 48
47 49
42 50
50 51
50 52
52 53
52 54
41 55
55 56
55 57
40 58
58 59
59 60
60 61
61 62
61 63
63 64
64 65
65 66
65 67
64 68
68 69
69 70
69 71
71 72
71 73
68 74
63 75
75 76
75 77
77 78
78 79
79 80
79 81
81 82
81 83
78 84
84 85
84 86
77 87
87 88
87 89
60 90
59 91
58 92
92 93
92 94
39 95
95 96
96 97
96 98
95 99
