50
99
0
78 4
76 5
80 6
69 9
63 11
65 13
59 16
61 18
62 19
66 20
75 22
72 24
50 27
48 29
45 32
43 33
46 35
42 37
41 38
55 42
53 43
57 44
36 47
35 48
39 50
40 53
37 54
34 57
28 60
30 61
31 62
25 64
27 66
24 68
22 70
21 72
19 74
6 81
8 82
9 83
13 84
10 85
12 87
14 88
15 91
17 92
3 94
4 96
2 98
0 99
0 1
1 2
2 3
3 4
3 5
2 6
1 7
7 8
8 9
8 10
10 11
10 12
12 13
12 14
14 15
15 16
15 17
17 18
17 19
14 20
7 21
21 22
21 23
23 24
23 25
25 26
26 27
26 28
28 29
28 30
30 31
31 32
31 33
30 34
34 35
34 36
36 37
36 38
25 39
39 40
40 41
41 42
41 43
40 44
39 45
45 46
46 47
46 48
45 49
49 50
49 51
51 52
52 53
52 54
51 55
55 56
56 57
56 58
58 59
59 60
59 61
58 62
55 63
63 64
63 65
65 66
65 67
67 68
67 69
69 70
69 71
71 72
71 73
73 74
73 75
75 76
76 77
77 78
78 79
79 80
80 81
80 82
79 83
78 84
77 85
76 86
86 87
86 88
75 89
89 90
90 91
90 92
89 93
93 94
93 95
95 96
95 97
97 98
97 99
