49
74
73
56 56
42 42
43 43
61 61
62 62
53 53
66 66
67 67
68 68
69 69
24 24
26 26
21 21
22 22
49 49
46 46
44 44
45 45
28 28
29 29
40 40
41 41
0 0
2 2
5 5
4 4
7 7
9 9
51 51
38 38
71 71
59 59
10 10
13 13
12 12
15 15
58 58
17 17
16 16
33 33
32 32
30 30
37 37
50 50
35 35
34 34
74 74
54 54
65 65
57 56
55 54
39 42
50 48
39 43
63 60
60 61
63 62
73 63
72 64
48 49
64 66
64 67
64 68
70 69
54 52
52 53
23 24
27 25
25 26
31 27
25 20
20 21
23 22
27 23
47 46
48 47
39 44
39 45
29 28
36 29
39 40
39 41
3 1
1 0
8 3
1 2
6 5
3 4
6 7
18 6
8 9
11 8
52 51
47 39
64 65
39 38
73 72
70 71
72 70
60 59
57 58
19 11
11 10
14 13
11 12
14 15
18 14
18 17
14 16
20 19
19 18
36 31
31 30
36 37
39 36
31 35
31 34
31 33
64 55
73 74
31 32
73 57
55 50
