197
357
0
275 3
274 5
273 6
276 8
270 12
265 14
263 16
267 17
269 18
262 20
256 24
205 27
203 28
195 34
190 36
193 39
194 40
192 41
184 46
180 48
178 49
186 51
191 52
181 53
183 54
177 56
175 57
201 58
200 60
197 63
188 65
187 66
198 67
134 73
132 74
163 76
164 77
225 81
227 82
255 86
232 88
230 89
257 90
228 91
258 92
247 94
137 97
135 98
223 102
220 104
222 105
216 106
218 107
90 115
91 116
94 118
96 119
98 120
112 122
114 123
110 127
109 128
104 130
86 132
88 134
89 135
111 137
77 141
78 143
83 146
81 147
92 149
85 150
80 151
61 157
63 161
68 162
65 163
60 164
67 166
64 167
48 172
50 173
53 174
58 177
56 178
66 179
57 182
55 183
46 187
47 188
38 191
33 192
41 197
26 198
28 199
18 205
19 209
16 210
9 212
7 213
17 215
10 217
12 218
6 220
5 221
4 222
3 222
0 227
2 228
21 230
23 233
22 234
25 236
20 238
24 239
44 244
43 245
39 246
45 247
42 248
37 250
29 254
35 255
31 256
40 260
15 261
13 262
32 263
51 264
75 266
73 267
71 270
69 271
72 272
144 277
142 278
146 279
121 281
115 282
120 283
128 287
126 288
152 291
150 292
168 297
158 299
160 300
157 302
155 303
169 305
161 308
139 310
141 311
214 316
215 319
212 320
211 323
207 324
210 326
213 327
209 328
172 332
167 333
170 334
165 336
166 337
174 338
171 339
129 342
131 343
125 347
124 348
107 352
100 354
106 355
102 356
123 357
138 358
253 363
251 364
252 365
154 368
148 370
149 371
116 373
118 374
248 376
236 379
238 380
243 382
244 384
242 388
233 390
235 391
240 392
245 393
0 1
1 2
2 3
2 4
4 5
4 6
1 7
7 8
7 9
9 10
10 11
11 12
11 13
13 14
13 15
15 16
15 17
10 18
9 19
19 20
19 21
21 22
22 23
23 24
23 25
25 26
26 27
26 28
25 29
29 30
30 31
31 32
32 33
33 34
33 35
35 36
35 37
37 38
38 39
38 40
37 41
32 42
42 44
44 45
45 46
45 47
47 48
47 49
44 50
50 51
50 52
42 53
42 54
31 55
55 56
55 57
30 58
29 59
59 60
59 61
61 62
62 63
62 64
64 65
64 66
61 67
22 69
69 70
70 71
71 72
72 73
72 74
71 75
75 76
75 77
70 78
78 79
79 80
80 81
80 82
79 83
83 84
84 85
85 86
85 87
87 88
87 89
84 90
83 91
78 92
69 93
93 94
93 95
95 96
96 97
96 98
95 99
99 100
100 101
101 102
101 103
103 104
103 105
100 106
99 107
22 108
108 109
109 110
110 111
111 112
112 113
113 114
114 115
114 116
113 117
117 118
117 119
112 120
111 121
121 122
121 123
110 124
124 125
125 126
126 127
126 128
125 129
129 130
129 131
131 132
131 133
133 134
133 135
124 136
136 137
136 138
138 139
139 140
140 141
140 142
142 143
142 144
144 145
145 146
145 147
144 149
144 150
139 151
138 154
154 155
155 156
156 157
156 158
158 161
158 162
158 163
158 164
155 165
165 166
165 167
154 168
168 169
169 170
170 171
171 172
171 173
170 174
169 175
175 176
176 177
176 178
175 179
168 182
168 183
168 184
184 185
185 186
186 187
186 188
185 190
190 191
190 192
185 195
195 196
196 197
196 198
195 199
185 201
201 205
201 207
207 209
207 210
207 212
207 213
201 215
201 216
216 217
216 218
201 219
219 220
219 221
201 222
201 226
226 227
226 228
201 229
229 230
229 232
232 233
232 234
229 235
235 236
235 238
235 239
185 241
241 242
242 243
243 244
243 245
242 246
241 247
185 248
185 250
185 251
251 252
252 253
253 254
253 255
252 256
251 257
257 258
258 260
258 261
258 262
257 263
184 264
138 265
265 266
265 267
138 268
268 269
269 270
269 271
268 272
109 273
273 274
274 275
275 276
276 277
276 278
275 279
274 281
274 282
273 283
108 284
284 285
285 286
286 287
286 288
285 289
289 290
290 291
290 292
289 293
293 294
294 295
295 296
296 297
296 298
298 299
298 300
295 301
301 302
301 303
294 305
294 306
306 307
307 308
307 309
309 310
309 311
306 312
312 314
314 316
314 318
318 319
318 320
314 323
314 324
314 325
325 326
325 327
314 328
312 329
329 330
330 331
331 332
331 333
330 334
329 335
335 336
335 337
312 338
293 339
284 340
340 341
341 342
341 343
340 344
344 345
345 346
346 347
346 348
345 349
349 350
350 351
351 352
351 353
353 354
353 355
350 356
349 357
344 358
21 359
359 360
360 361
361 362
362 363
362 364
361 365
360 366
366 367
367 368
367 369
369 370
369 371
366 372
372 373
372 374
359 375
375 376
375 377
377 378
378 379
378 380
377 381
381 382
381 383
383 384
383 386
386 387
387 388
387 389
389 390
389 391
386 392
383 393
