197
393
0
274 4
273 5
275 6
276 8
269 11
263 14
267 16
265 17
270 18
262 20
118 25
116 26
148 29
149 30
154 31
236 37
238 38
244 41
243 43
245 44
240 46
233 49
235 50
242 51
248 52
253 54
251 55
252 56
200 64
197 66
187 68
188 69
198 70
194 74
186 77
181 78
184 81
178 83
180 84
183 86
191 87
190 89
193 92
195 93
192 94
177 96
175 97
201 98
205 100
203 101
256 104
255 106
164 110
163 111
134 113
132 114
258 118
225 120
227 121
257 123
228 124
232 126
230 127
121 132
115 133
142 137
144 138
146 139
120 140
112 144
114 145
98 147
91 150
90 151
94 153
96 154
110 159
109 160
111 161
104 163
86 165
88 167
89 168
55 173
58 180
56 181
53 182
48 184
50 185
57 186
66 187
47 191
46 192
40 198
35 199
13 201
15 202
29 205
31 206
32 207
37 208
17 213
12 217
10 218
18 219
9 221
7 222
19 224
16 225
6 228
5 229
20 232
22 233
4 237
3 238
21 239
24 241
23 244
25 245
0 247
2 248
43 250
41 255
28 256
26 257
42 258
45 260
44 263
39 264
38 266
33 267
51 268
67 272
61 273
64 274
63 277
68 278
65 280
60 281
73 283
75 284
72 288
69 289
71 290
81 296
83 297
92 299
85 300
77 301
78 302
80 303
168 310
169 311
171 312
158 314
160 315
157 318
155 319
161 321
141 323
139 324
126 328
128 329
211 333
212 335
210 337
209 339
213 340
214 342
215 344
207 345
150 347
152 348
174 352
167 353
172 354
170 356
165 358
166 359
102 365
100 366
106 368
107 369
125 371
123 372
124 373
129 376
131 377
138 378
135 382
137 383
223 386
220 388
222 389
218 391
216 392
247 393
0 1
1 2
2 3
3 4
3 5
2 6
1 7
7 8
7 9
9 10
10 11
10 12
12 13
13 14
13 15
15 16
15 17
12 18
9 19
19 20
19 21
21 22
22 23
23 24
24 25
24 26
23 27
27 28
28 29
28 30
27 31
22 32
32 33
33 34
34 35
35 36
36 37
36 38
35 39
39 40
40 41
40 42
42 43
42 44
39 45
45 46
45 47
47 48
48 49
48 50
47 51
34 52
33 53
53 54
53 55
32 56
21 57
57 58
58 59
59 60
60 61
61 62
62 63
63 64
63 65
65 66
65 67
67 68
67 69
62 70
61 71
71 72
72 73
73 74
73 75
75 76
76 77
76 78
75 79
79 80
80 81
80 82
82 83
82 84
79 85
85 86
85 87
72 88
88 89
88 90
90 91
91 92
91 93
90 94
71 95
95 96
95 97
60 98
59 99
99 100
99 101
58 102
102 103
103 104
103 105
105 106
105 107
107 108
108 109
109 110
109 111
108 112
112 113
112 114
107 115
115 116
116 117
117 118
117 119
119 120
119 121
116 122
122 123
122 124
115 125
125 126
125 127
102 128
128 129
129 130
130 131
131 132
131 133
130 134
134 135
135 136
136 137
136 138
135 139
134 140
129 141
141 142
142 143
143 144
143 145
142 146
146 147
146 148
148 149
149 150
149 151
148 152
152 153
152 154
141 155
155 156
156 157
157 158
158 159
158 160
157 161
156 162
162 163
162 164
164 165
164 166
166 167
166 168
155 169
169 170
170 171
171 172
172 173
172 174
174 175
175 176
176 177
177 178
178 179
179 180
179 181
178 182
177 183
183 184
183 185
176 186
175 187
174 188
188 189
189 190
190 191
190 192
189 193
193 194
194 195
195 196
196 197
197 198
197 199
196 200
200 201
200 202
195 203
203 204
204 205
204 206
203 207
194 208
193 209
209 210
210 211
211 212
212 213
212 214
214 215
215 216
216 217
216 218
215 219
214 220
220 221
220 222
211 223
223 224
223 225
210 226
226 227
227 228
227 229
226 230
230 231
231 232
231 233
230 234
234 235
235 236
236 237
236 238
235 239
234 240
240 241
240 242
242 243
243 244
243 245
242 246
246 247
246 248
209 249
249 250
249 251
251 252
252 253
253 254
254 255
254 256
253 257
252 258
251 259
259 260
259 261
261 262
262 263
262 264
261 265
265 266
265 267
188 268
171 269
269 270
270 271
271 272
271 273
270 274
269 275
275 276
276 277
276 278
275 279
279 280
279 281
170 282
282 283
282 284
169 285
285 286
286 287
287 288
287 289
286 290
285 291
291 292
292 293
293 294
294 295
295 296
295 297
294 298
298 299
298 300
293 301
292 302
291 303
128 304
304 305
305 306
306 307
307 308
308 309
309 310
309 311
308 312
307 313
313 314
313 315
306 316
316 317
317 318
317 319
316 320
320 321
320 322
322 323
322 324
305 325
325 326
326 327
327 328
327 329
326 330
330 331
331 332
332 333
332 334
334 335
334 336
336 337
336 338
338 339
338 340
331 341
341 342
341 343
343 344
343 345
330 346
346 347
346 348
325 349
349 350
350 351
351 352
351 353
350 354
349 355
355 356
355 357
357 358
357 359
304 360
360 361
361 362
362 363
363 364
364 365
364 366
363 367
367 368
367 369
362 370
370 371
370 372
361 373
360 374
374 375
375 376
375 377
374 378
57 379
379 380
380 381
381 382
381 383
380 384
384 385
385 386
385 387
387 388
387 389
384 390
390 391
390 392
379 393
