197
292
0
210 17
209 18
215 19
213 20
207 21
214 23
212 24
211 26
152 28
150 29
174 31
172 36
170 37
167 30
166 39
165 41
171 48
161 50
141 52
139 53
168 54
169 55
157 57
155 58
160 60
158 61
146 66
121 70
115 71
114 75
111 78
92 80
85 84
83 86
81 87
77 90
80 93
75 95
73 97
57 104
55 106
51 108
47 115
33 116
39 109
44 124
28 126
26 127
43 128
42 130
38 131
37 133
31 136
35 138
29 137
15 141
13 142
45 143
41 144
46 145
25 153
23 156
21 157
2 159
0 160
6 161
5 163
22 164
20 146
4 167
3 166
19 174
12 176
10 177
16 169
17 179
9 181
7 182
18 183
24 184
40 186
32 187
58 190
56 191
53 193
50 195
48 196
68 200
63 201
60 202
65 203
64 204
67 206
61 207
66 208
72 211
71 212
69 213
78 214
89 217
88 218
86 219
110 222
104 223
109 224
112 225
98 226
96 230
94 231
91 232
90 234
120 235
144 237
142 238
131 242
125 246
123 247
124 248
107 251
106 253
100 254
102 255
129 256
138 239
128 259
126 260
258 261
256 263
205 266
203 267
200 270
198 273
188 274
187 276
197 277
201 279
195 283
181 284
194 288
192 289
193 290
191 295
183 296
186 297
190 300
180 301
184 302
178 303
177 305
175 306
257 312
228 313
227 315
225 316
232 318
230 319
255 320
164 323
163 324
134 326
132 327
253 331
251 333
248 335
245 340
242 343
235 345
233 346
240 347
243 348
244 349
238 351
236 352
252 353
154 356
149 358
148 355
118 361
116 362
137 365
135 366
247 368
223 370
222 373
220 374
218 376
216 377
262 378
270 381
267 384
263 385
265 386
269 387
276 388
275 390
274 389
273 393
0 1
1 2
2 3
3 4
4 5
5 6
6 7
7 8
8 10
10 17
10 18
10 19
10 20
10 21
10 23
10 24
10 25
25 26
25 27
27 28
27 29
10 30
30 31
30 36
30 37
30 39
39 41
30 43
43 48
43 49
49 50
49 51
51 52
51 53
43 54
43 55
43 56
56 57
56 58
43 59
59 60
59 61
30 62
62 64
64 66
64 67
67 70
67 71
67 72
72 75
72 76
76 78
76 79
79 80
80 82
82 84
82 85
85 86
85 87
82 88
88 90
88 91
91 93
91 94
94 95
94 97
94 98
98 102
102 103
103 104
103 106
103 107
107 108
107 109
109 114
114 115
114 116
109 124
109 125
125 126
125 127
109 128
109 130
109 131
109 132
132 133
132 134
134 135
135 136
135 137
137 138
134 140
140 141
140 142
109 143
109 144
109 145
109 146
146 153
146 156
146 157
146 158
158 159
158 160
146 161
161 163
146 164
146 166
166 167
146 169
169 174
169 175
175 176
175 177
169 179
169 180
180 181
180 182
169 183
146 184
109 185
185 186
185 187
102 188
188 189
189 190
189 191
188 193
188 194
194 195
194 196
98 200
98 201
98 202
98 203
98 204
98 205
205 206
205 207
98 208
91 209
209 211
209 212
209 213
88 214
79 215
215 217
215 218
215 219
76 222
76 223
76 224
72 225
72 226
226 228
228 229
229 230
229 231
228 232
232 234
67 235
64 236
236 237
236 238
62 239
239 240
240 241
241 242
241 243
243 246
243 247
243 248
243 249
249 250
250 251
250 252
252 253
252 254
249 255
240 256
62 258
258 259
258 260
8 261
8 262
262 263
262 264
264 266
264 267
264 268
268 269
269 270
269 271
271 273
271 274
274 276
271 277
268 278
278 279
278 280
280 282
282 283
282 284
280 288
280 289
280 290
280 291
291 294
294 295
294 296
291 297
291 299
299 300
299 301
291 302
291 303
280 304
304 305
304 306
7 309
309 312
309 313
309 314
314 315
314 316
309 317
317 318
317 319
7 320
7 321
321 322
322 323
322 324
321 325
325 326
325 327
6 328
328 330
330 331
330 333
330 334
334 335
334 336
336 337
337 340
337 341
341 342
342 343
342 344
344 345
344 346
341 347
337 348
337 349
336 350
350 351
350 352
328 353
328 354
354 355
355 356
355 358
354 360
360 361
360 362
5 363
363 364
364 365
364 366
363 368
363 369
369 370
370 372
372 373
372 374
369 375
375 376
375 377
4 378
3 379
379 380
380 381
380 382
382 383
383 384
383 385
382 386
379 387
2 388
1 389
389 390
389 393
