197
302
1
235 14
167 42
166 44
91 66
46 81
47 82
39 83
37 87
20 88
3 89
16 92
56 99
58 100
73 101
86 103
148 108
257 111
163 118
164 119
188 126
0 127
2 128
4 129
5 130
6 131
7 132
9 133
10 134
12 135
13 136
15 137
17 138
18 139
19 140
21 141
22 142
23 143
24 144
25 145
26 146
28 147
29 148
31 149
32 150
33 151
35 152
38 153
40 154
41 155
42 156
43 157
44 158
45 159
48 160
50 161
51 162
53 163
55 164
57 165
60 166
61 167
63 168
64 169
65 170
66 171
67 172
68 173
69 174
71 175
72 176
75 177
77 178
78 179
80 180
81 181
83 182
85 183
88 184
89 185
90 186
92 187
94 188
96 189
98 190
100 191
102 192
104 193
106 194
107 195
109 196
110 197
111 198
112 199
114 200
115 201
116 202
118 203
120 204
121 205
123 206
124 207
125 208
126 209
128 210
129 211
131 212
132 213
134 214
135 215
137 216
138 217
139 218
141 219
142 220
144 221
146 222
149 223
150 224
152 225
154 226
155 227
157 228
158 229
160 230
161 231
165 232
168 233
169 234
170 235
171 236
172 237
174 238
175 239
177 240
178 241
180 242
181 243
183 244
184 245
186 246
187 247
190 248
191 249
192 250
193 251
194 252
195 253
197 254
198 255
200 256
201 257
203 258
205 259
207 260
209 261
210 262
211 263
212 264
213 265
214 266
215 267
216 268
218 269
220 270
222 271
223 272
225 273
227 274
228 275
230 276
232 277
233 278
236 279
238 280
240 281
242 282
243 283
244 284
245 285
247 286
248 287
251 288
252 289
253 290
255 291
256 292
258 293
262 294
263 295
265 296
267 297
269 298
270 299
273 300
274 301
275 302
276 303
1 2
2 3
2 4
2 5
2 6
6 7
7 8
8 9
8 10
7 11
11 12
12 13
13 14
12 15
12 16
12 17
12 18
7 19
7 20
6 21
21 22
22 23
23 24
22 25
21 26
21 27
6 28
28 29
28 30
2 31
31 32
31 33
31 34
31 35
31 36
2 37
37 38
2 39
39 40
39 41
39 42
42 43
42 44
42 45
45 46
46 47
47 48
48 49
47 50
47 51
46 52
46 53
45 54
45 55
45 56
45 57
42 58
58 59
59 60
58 61
58 62
62 63
62 64
64 65
65 66
64 67
64 68
64 69
69 70
69 71
71 72
72 73
71 74
69 75
75 76
75 77
75 78
78 79
79 80
80 81
81 82
81 83
83 84
84 85
83 86
83 87
83 88
88 89
88 90
88 91
88 92
92 93
92 94
81 95
79 96
79 97
79 98
98 99
98 100
75 101
69 102
64 103
62 104
104 105
39 106
2 107
2 108
2 109
2 110
110 111
111 112
112 113
112 114
112 115
112 116
110 117
117 118
118 119
110 120
120 121
121 122
122 123
122 124
121 125
125 126
90 127
90 128
89 129
91 130
88 131
94 132
94 133
93 134
93 135
86 136
86 137
92 138
92 139
92 140
88 141
88 142
88 143
88 144
88 145
84 146
84 147
86 148
95 149
86 150
83 151
86 152
83 153
86 154
85 155
83 156
83 157
83 158
83 159
97 160
97 161
80 162
96 163
79 164
70 165
78 166
78 167
78 168
78 169
78 170
76 171
68 172
78 173
102 174
102 175
102 176
75 177
77 178
69 179
69 180
72 181
73 182
71 183
74 184
74 185
66 186
71 187
65 188
65 189
65 190
49 191
38 192
67 193
49 194
49 195
67 196
67 197
64 198
104 199
67 200
104 201
19 202
19 203
63 204
105 205
48 206
51 207
50 208
43 209
43 210
52 211
53 212
107 213
107 214
23 215
24 216
46 217
37 218
37 219
61 220
61 221
59 222
108 223
41 224
60 225
108 226
54 227
54 228
55 229
55 230
57 231
44 232
45 233
45 234
42 235
56 236
42 237
42 238
123 239
33 240
122 241
122 242
122 243
122 244
122 245
122 246
126 247
123 248
124 249
123 250
123 251
123 252
123 253
35 254
125 255
36 256
32 257
34 258
34 259
40 260
39 261
39 262
39 263
39 264
39 265
106 266
39 267
21 268
25 269
26 270
26 271
21 272
5 273
120 274
110 275
117 276
117 277
13 278
16 279
29 280
17 281
12 282
18 283
15 284
12 285
27 286
30 287
11 288
20 289
7 290
120 291
109 292
4 293
116 294
114 295
9 296
10 297
3 298
115 299
113 300
113 301
113 302
113 303
