197
278
278
216 150
214 188
215 21
212 77
213 187
210 166
211 66
265 58
218 152
132 228
131 112
137 172
135 157
134 45
139 48
138 17
225 78
24 276
25 5
26 154
167 168
20 118
21 86
22 135
23 71
223 235
28 223
29 28
161 220
0 238
4 96
163 106
227 242
120 131
121 141
123 39
124 98
125 75
126 252
128 123
129 116
269 236
220 38
58 148
55 89
57 128
56 91
51 53
50 4
53 245
164 129
201 215
198 19
195 253
194 110
197 256
178 40
191 100
190 92
193 83
192 146
115 90
114 205
88 7
89 72
111 218
110 50
276 85
112 195
83 227
80 222
81 73
86 44
118 174
165 6
85 18
251 193
256 57
257 209
3 15
177 175
7 24
255 212
245 216
244 232
181 265
109 144
240 201
243 225
242 170
102 248
100 23
106 12
107 257
104 46
39 88
38 51
33 251
32 169
31 37
37 142
247 80
35 125
252 273
205 126
60 121
61 230
258 107
63 200
64 210
65 190
66 164
67 132
68 20
69 165
175 158
174 47
253 42
172 263
171 60
170 3
203 211
222 139
248 207
183 269
180 155
2 160
186 16
187 31
184 274
6 178
188 183
273 9
98 213
168 275
169 35
228 41
91 247
90 186
166 134
92 32
160 270
94 120
96 244
10 43
13 171
12 67
15 111
17 55
16 233
19 56
18 194
116 214
274 25
275 69
150 255
152 203
155 137
154 81
157 104
158 243
238 10
235 180
236 2
230 115
232 26
233 64
48 163
46 13
47 124
44 29
45 94
42 177
43 191
40 197
41 65
5 184
9 0
146 198
200 258
144 33
142 68
207 109
141 102
209 22
148 138
149 181
77 61
75 63
73 262
72 167
71 267
78 149
263 161
262 114
270 240
267 192
217 216
224 217
208 214
208 215
208 212
208 213
208 210
208 211
166 165
266 264
264 265
217 218
254 219
219 133
133 132
130 131
138 130
136 137
246 136
136 135
133 134
140 139
167 138
167 166
20 24
20 25
27 26
39 27
39 20
20 21
20 22
20 23
159 160
27 28
30 29
162 161
1 0
3 4
16 8
219 163
145 119
272 271
254 258
119 120
119 121
138 122
122 123
122 124
122 125
127 126
167 127
127 128
130 129
268 269
271 268
221 220
117 118
62 59
59 58
54 55
62 54
54 57
54 56
52 51
49 50
54 53
62 52
260 259
163 164
202 201
202 199
185 179
199 200
189 195
189 194
196 197
179 178
189 191
189 190
189 193
189 192
113 115
113 114
87 88
87 89
108 111
108 110
119 113
113 112
84 82
82 83
79 80
82 81
87 86
103 87
93 84
84 85
250 251
196 198
254 256
229 206
254 226
254 257
20 3
176 177
260 254
8 7
246 247
274 273
254 255
226 225
241 245
241 244
113 108
108 109
249 241
241 240
241 243
241 242
101 102
108 103
101 100
105 101
105 106
105 107
103 104
122 105
46 39
39 38
34 33
30 32
30 31
36 30
36 37
39 36
34 35
39 34
259 246
167 162
250 252
204 205
224 223
189 176
59 60
62 61
74 62
62 63
62 64
62 65
62 66
62 67
62 68
70 69
176 175
173 174
208 173
167 172
167 171
167 170
204 203
221 222
182 181
250 253
249 248
185 182
182 183
179 180
1 2
208 167
188 187
185 184
20 6
185 186
196 188
202 189
206 202
199 196
246 221
189 185
113 99
99 98
167 168
167 169
254 229
229 228
95 91
91 90
108 93
93 92
97 95
95 94
99 97
97 96
16 11
11 10
14 13
11 12
14 15
30 14
16 17
20 16
16 19
16 18
147 117
259 250
117 116
277 274
206 204
274 275
173 151
151 150
250 153
151 152
156 155
153 154
156 157
167 156
167 159
159 158
278 277
239 234
237 238
241 239
208 207
234 235
237 236
239 237
231 230
254 231
231 232
234 233
246 224
49 48
54 49
52 46
46 47
39 44
39 45
39 42
39 43
39 40
39 41
20 1
6 5
8 9
277 272
145 146
153 147
143 144
167 145
143 142
145 143
162 140
140 141
208 209
231 208
147 148
147 149
76 77
79 76
74 75
79 74
74 73
70 72
70 71
76 70
84 79
79 78
264 263
250 249
261 262
226 227
272 261
271 270
261 260
277 276
266 267
268 266
