197
278
278
216 39
214 92
215 163
212 253
213 106
210 3
211 252
265 172
218 9
132 218
131 75
137 257
135 275
134 228
139 270
138 184
225 47
24 58
25 98
26 57
167 6
20 186
21 198
22 41
23 86
223 60
28 267
29 126
161 195
0 88
4 45
163 276
227 170
120 53
121 114
123 43
124 213
125 167
126 190
128 180
129 274
269 210
220 154
58 35
55 146
57 89
56 248
51 149
50 214
53 112
164 251
201 205
198 5
195 265
194 144
197 2
178 85
191 48
190 100
193 12
192 255
115 56
114 66
88 135
89 90
111 123
110 38
276 21
112 128
83 132
80 40
81 152
86 256
118 91
165 240
85 10
251 141
256 177
257 22
3 19
177 244
7 23
255 65
245 160
244 197
181 178
109 263
240 220
243 166
242 116
102 32
100 157
106 187
107 94
104 63
39 158
38 230
33 111
32 129
31 7
37 110
247 164
35 183
252 78
205 64
60 26
61 24
258 16
63 55
64 61
65 169
66 150
67 235
68 69
69 18
175 83
174 4
253 142
172 33
171 148
170 68
203 37
222 107
248 71
183 80
180 0
2 46
186 31
187 188
184 225
6 200
188 171
273 51
98 121
168 139
169 238
228 242
91 28
90 118
166 25
92 96
160 29
94 50
96 165
10 17
13 207
12 67
15 209
17 81
16 273
19 227
18 161
116 269
274 134
275 222
150 211
152 262
155 181
154 236
157 247
158 155
238 125
235 245
236 20
230 72
232 203
233 232
48 193
46 201
47 194
44 212
45 102
42 216
43 168
40 243
41 233
5 120
9 191
146 137
200 258
144 44
142 124
207 104
141 15
209 77
148 115
149 174
77 192
75 109
73 175
72 131
71 42
78 215
263 223
262 73
270 13
267 138
217 216
224 217
208 214
208 215
208 212
208 213
208 210
208 211
166 165
266 264
264 265
217 218
254 219
219 133
133 132
130 131
138 130
136 137
246 136
136 135
133 134
140 139
167 138
167 166
20 24
20 25
27 26
39 27
39 20
20 21
20 22
20 23
159 160
27 28
30 29
162 161
1 0
3 4
16 8
219 163
145 119
272 271
254 258
119 120
119 121
138 122
122 123
122 124
122 125
127 126
167 127
127 128
130 129
268 269
271 268
221 220
117 118
62 59
59 58
54 55
62 54
54 57
54 56
52 51
49 50
54 53
62 52
260 259
163 164
202 201
202 199
185 179
199 200
189 195
189 194
196 197
179 178
189 191
189 190
189 193
189 192
113 115
113 114
87 88
87 89
108 111
108 110
119 113
113 112
84 82
82 83
79 80
82 81
87 86
103 87
93 84
84 85
250 251
196 198
254 256
229 206
254 226
254 257
20 3
176 177
260 254
8 7
246 247
274 273
254 255
226 225
241 245
241 244
113 108
108 109
249 241
241 240
241 243
241 242
101 102
108 103
101 100
105 101
105 106
105 107
103 104
122 105
46 39
39 38
34 33
30 32
30 31
36 30
36 37
39 36
34 35
39 34
259 246
167 162
250 252
204 205
224 223
189 176
59 60
62 61
74 62
62 63
62 64
62 65
62 66
62 67
62 68
70 69
176 175
173 174
208 173
167 172
167 171
167 170
204 203
221 222
182 181
250 253
249 248
185 182
182 183
179 180
1 2
208 167
188 187
185 184
20 6
185 186
196 188
202 189
206 202
199 196
246 221
189 185
113 99
99 98
167 168
167 169
254 229
229 228
95 91
91 90
108 93
93 92
97 95
95 94
99 97
97 96
16 11
11 10
14 13
11 12
14 15
30 14
16 17
20 16
16 19
16 18
147 117
259 250
117 116
277 274
206 204
274 275
173 151
151 150
250 153
151 152
156 155
153 154
156 157
167 156
167 159
159 158
278 277
239 234
237 238
241 239
208 207
234 235
237 236
239 237
231 230
254 231
231 232
234 233
246 224
49 48
54 49
52 46
46 47
39 44
39 45
39 42
39 43
39 40
39 41
20 1
6 5
8 9
277 272
145 146
153 147
143 144
167 145
143 142
145 143
162 140
140 141
208 209
231 208
147 148
147 149
76 77
79 76
74 75
79 74
74 73
70 72
70 71
76 70
84 79
79 78
264 263
250 249
261 262
226 227
272 261
271 270
261 260
277 276
266 267
268 266
