197
393
0
275 3
273 5
274 6
276 8
269 11
270 13
265 15
267 17
263 18
262 20
216 25
218 26
223 28
222 30
220 31
247 33
135 35
137 36
252 40
116 43
118 44
154 46
149 48
148 49
253 51
251 53
248 55
240 57
244 59
243 61
245 63
236 66
238 67
242 69
235 71
233 72
257 75
228 78
230 81
164 83
163 84
232 85
225 88
227 89
258 90
132 93
134 94
255 97
205 100
203 102
200 105
187 108
188 109
197 111
198 112
192 117
193 118
177 122
175 123
194 124
190 126
195 127
184 129
186 132
183 134
191 135
181 137
178 139
180 140
201 141
256 142
138 145
131 148
129 149
125 151
102 155
107 157
106 159
100 160
123 161
124 162
210 172
215 173
209 176
211 177
207 179
212 181
214 182
213 183
172 184
167 185
174 188
160 191
158 192
155 196
157 197
171 198
168 201
141 204
139 205
161 206
169 207
170 208
166 210
165 211
126 213
128 214
150 217
152 218
146 221
142 223
144 224
120 226
115 229
121 230
114 232
98 236
96 239
94 240
91 242
90 243
112 244
110 247
109 249
111 250
104 252
86 255
89 257
88 258
92 260
85 262
83 265
81 266
78 268
77 270
80 273
69 275
71 277
72 278
73 280
75 282
60 284
64 287
67 289
61 290
65 293
63 294
68 296
48 300
50 301
53 303
58 306
56 307
57 308
66 310
55 312
51 314
47 316
46 318
43 320
26 324
41 326
28 327
44 328
39 330
33 335
38 336
42 337
37 339
35 343
29 344
31 345
15 348
13 350
40 351
32 352
45 354
3 357
4 358
24 361
25 362
23 365
5 367
6 368
20 371
19 374
18 377
7 379
9 380
17 383
12 385
10 386
16 387
22 388
21 390
2 392
0 393
0 1
1 2
2 3
2 4
4 5
4 6
1 7
7 8
7 9
9 10
10 11
10 12
12 13
12 14
14 15
14 16
16 17
16 18
9 19
19 20
19 21
21 22
22 23
23 24
24 25
24 26
23 27
27 28
27 29
29 30
29 31
22 32
32 33
32 34
34 35
34 36
21 37
37 38
38 39
39 40
39 41
41 42
42 43
42 44
41 45
45 46
45 47
47 48
47 49
38 50
50 51
50 52
52 53
52 54
54 55
54 56
56 57
56 58
58 59
58 60
60 61
60 62
62 63
62 64
64 65
65 66
65 67
64 68
68 69
68 70
70 71
70 72
37 73
73 74
74 75
74 76
76 77
77 78
77 79
79 80
80 81
80 82
82 83
82 84
79 85
76 86
86 87
87 88
87 89
86 90
73 91
91 92
92 93
92 94
91 95
95 96
96 97
96 98
98 99
99 100
99 101
101 102
101 103
103 104
104 105
104 106
106 107
107 108
107 109
106 110
110 111
110 112
103 113
113 114
114 115
115 116
116 117
116 118
115 119
119 120
120 121
121 122
121 123
120 124
119 125
125 126
125 127
114 128
128 129
128 130
130 131
131 132
131 133
133 134
133 135
130 136
136 137
136 138
138 139
138 140
113 141
98 142
95 143
143 144
144 145
144 146
146 147
147 148
147 149
146 150
150 151
150 152
152 153
153 154
154 155
154 156
156 157
156 158
158 159
158 160
153 161
152 162
143 163
163 164
164 165
165 166
166 167
167 168
168 169
169 170
170 171
171 172
171 173
170 174
174 175
175 176
175 177
174 178
178 179
178 180
180 181
180 182
169 183
168 184
167 185
166 186
186 187
187 188
187 189
189 190
190 191
190 192
189 193
193 194
194 195
195 196
195 197
194 198
193 199
199 200
200 201
200 202
202 203
203 204
203 205
202 206
199 207
186 208
165 209
209 210
209 211
164 212
212 213
212 214
163 215
215 216
216 217
216 218
215 219
219 220
220 221
220 222
222 223
222 224
219 225
225 226
225 227
227 228
228 229
228 230
227 231
231 232
231 233
233 234
234 235
235 236
235 237
237 238
238 239
238 240
237 241
241 242
241 243
234 244
233 245
245 246
246 247
246 248
248 249
248 250
245 251
251 252
251 253
253 254
254 255
254 256
256 257
256 258
253 259
259 260
259 261
261 262
261 263
263 264
264 265
264 266
263 267
267 268
267 269
269 270
269 271
271 272
272 273
272 274
274 275
274 276
276 277
276 278
271 279
279 280
279 281
281 282
281 283
283 284
283 285
285 286
286 287
286 288
288 289
288 290
285 291
291 292
292 293
292 294
291 295
295 296
295 297
297 298
298 299
299 300
299 301
298 302
302 303
302 304
304 305
305 306
305 307
304 308
297 309
309 310
309 311
311 312
311 313
313 314
313 315
315 316
315 317
317 318
317 319
319 320
319 321
321 322
322 323
323 324
323 325
325 326
325 327
322 328
321 329
329 330
329 331
331 332
332 333
333 334
334 335
334 336
333 337
332 338
338 339
338 340
340 341
341 342
342 343
342 344
341 345
340 346
346 347
347 348
347 349
349 350
349 351
346 352
331 353
353 354
353 355
355 356
356 357
356 358
355 359
359 360
360 361
360 362
359 363
363 364
364 365
364 366
366 367
366 368
363 369
369 370
370 371
370 372
372 373
373 374
373 375
375 376
376 377
376 378
378 379
378 380
375 381
381 382
382 383
382 384
384 385
384 386
381 387
372 388
369 389
389 390
389 391
391 392
391 393
