197
278
278
216 216
214 214
215 215
212 212
213 213
210 210
211 211
265 265
218 218
132 132
131 131
137 137
135 135
134 134
139 139
138 138
225 225
24 24
25 25
26 26
167 167
20 20
21 21
22 22
23 23
223 223
28 28
29 29
161 161
0 0
4 4
163 163
227 227
120 120
121 121
123 123
124 124
125 125
126 126
128 128
129 129
269 269
220 220
58 58
55 55
57 57
56 56
51 51
50 50
53 53
164 164
201 201
198 198
195 195
194 194
197 197
178 178
191 191
190 190
193 193
192 192
115 115
114 114
88 88
89 89
111 111
110 110
276 276
112 112
83 83
80 80
81 81
86 86
118 118
165 165
85 85
251 251
256 256
257 257
3 3
177 177
7 7
255 255
245 245
244 244
181 181
109 109
240 240
243 243
242 242
102 102
100 100
106 106
107 107
104 104
39 39
38 38
33 33
32 32
31 31
37 37
247 247
35 35
252 252
205 205
60 60
61 61
258 258
63 63
64 64
65 65
66 66
67 67
68 68
69 69
175 175
174 174
253 253
172 172
171 171
170 170
203 203
222 222
248 248
183 183
180 180
2 2
186 186
187 187
184 184
6 6
188 188
273 273
98 98
168 168
169 169
228 228
91 91
90 90
166 166
92 92
160 160
94 94
96 96
10 10
13 13
12 12
15 15
17 17
16 16
19 19
18 18
116 116
274 274
275 275
150 150
152 152
155 155
154 154
157 157
158 158
238 238
235 235
236 236
230 230
232 232
233 233
48 48
46 46
47 47
44 44
45 45
42 42
43 43
40 40
41 41
5 5
9 9
146 146
200 200
144 144
142 142
207 207
141 141
209 209
148 148
149 149
77 77
75 75
73 73
72 72
71 71
78 78
263 263
262 262
270 270
267 267
217 216
224 217
208 214
208 215
208 212
208 213
208 210
208 211
166 165
266 264
264 265
217 218
254 219
219 133
133 132
130 131
138 130
136 137
246 136
136 135
133 134
140 139
167 138
167 166
20 24
20 25
27 26
39 27
39 20
20 21
20 22
20 23
159 160
27 28
30 29
162 161
1 0
3 4
16 8
219 163
145 119
272 271
254 258
119 120
119 121
138 122
122 123
122 124
122 125
127 126
167 127
127 128
130 129
268 269
271 268
221 220
117 118
62 59
59 58
54 55
62 54
54 57
54 56
52 51
49 50
54 53
62 52
260 259
163 164
202 201
202 199
185 179
199 200
189 195
189 194
196 197
179 178
189 191
189 190
189 193
189 192
113 115
113 114
87 88
87 89
108 111
108 110
119 113
113 112
84 82
82 83
79 80
82 81
87 86
103 87
93 84
84 85
250 251
196 198
254 256
229 206
254 226
254 257
20 3
176 177
260 254
8 7
246 247
274 273
254 255
226 225
241 245
241 244
113 108
108 109
249 241
241 240
241 243
241 242
101 102
108 103
101 100
105 101
105 106
105 107
103 104
122 105
46 39
39 38
34 33
30 32
30 31
36 30
36 37
39 36
34 35
39 34
259 246
167 162
250 252
204 205
224 223
189 176
59 60
62 61
74 62
62 63
62 64
62 65
62 66
62 67
62 68
70 69
176 175
173 174
208 173
167 172
167 171
167 170
204 203
221 222
182 181
250 253
249 248
185 182
182 183
179 180
1 2
208 167
188 187
185 184
20 6
185 186
196 188
202 189
206 202
199 196
246 221
189 185
113 99
99 98
167 168
167 169
254 229
229 228
95 91
91 90
108 93
93 92
97 95
95 94
99 97
97 96
16 11
11 10
14 13
11 12
14 15
30 14
16 17
20 16
16 19
16 18
147 117
259 250
117 116
277 274
206 204
274 275
173 151
151 150
250 153
151 152
156 155
153 154
156 157
167 156
167 159
159 158
278 277
239 234
237 238
241 239
208 207
234 235
237 236
239 237
231 230
254 231
231 232
234 233
246 224
49 48
54 49
52 46
46 47
39 44
39 45
39 42
39 43
39 40
39 41
20 1
6 5
8 9
277 272
145 146
153 147
143 144
167 145
143 142
145 143
162 140
140 141
208 209
231 208
147 148
147 149
76 77
79 76
74 75
79 74
74 73
70 72
70 71
76 70
84 79
79 78
264 263
250 249
261 262
226 227
272 261
271 270
261 260
277 276
266 267
268 266
