50
92
0
70 2
77 6
56 9
52 11
53 13
54 15
50 17
48 18
43 21
39 23
30 26
28 27
23 29
22 31
14 33
12 34
5 36
3 38
25 40
15 42
17 44
9 46
2 48
11 50
0 51
8 53
6 54
20 56
19 57
35 59
32 60
41 62
45 64
38 66
36 67
51 69
49 70
79 72
59 73
80 75
57 76
75 78
74 80
72 81
62 84
65 86
64 88
60 89
69 91
67 92
0 1
1 2
1 3
3 4
4 5
5 6
5 7
7 8
8 9
8 10
10 11
10 12
12 13
12 14
14 15
14 16
16 17
16 18
16 19
19 20
20 21
20 22
22 23
22 24
24 25
25 26
25 27
25 28
28 29
28 30
30 31
30 32
32 33
32 34
32 35
35 36
35 37
37 38
37 39
39 40
39 41
41 42
41 43
43 44
43 45
45 46
45 47
47 48
47 49
49 50
49 51
43 52
52 53
52 54
52 55
55 56
55 57
24 58
58 59
58 60
19 61
61 62
61 63
63 64
63 65
65 66
65 67
10 68
68 69
68 70
7 71
71 72
71 73
7 74
74 75
74 76
4 77
77 78
77 79
79 80
79 81
3 82
82 83
83 84
83 85
85 86
85 87
87 88
87 89
82 90
90 91
90 92
