50
83
83
56 3
54 30
50 41
60 23
62 74
64 79
49 8
67 48
69 9
80 28
53 38
25 56
20 65
22 25
23 0
45 64
28 22
43 54
41 59
0 72
3 2
2 43
5 14
6 11
9 49
8 70
77 35
75 77
38 80
72 45
70 57
59 17
79 51
11 50
39 60
12 5
15 75
14 67
17 6
19 15
32 53
57 32
30 69
51 36
36 52
35 39
52 20
74 12
48 19
65 62
55 56
78 77
47 54
46 42
47 48
42 43
61 60
63 61
61 62
66 63
63 64
47 49
71 66
68 67
82 68
68 69
78 80
55 34
47 53
27 24
26 25
31 26
29 27
18 20
24 21
21 22
24 23
47 46
55 47
46 44
44 45
27 28
31 29
44 40
42 41
10 1
1 0
4 3
1 2
4 5
13 4
18 7
7 6
10 9
7 8
81 78
47 51
83 82
40 39
66 65
81 76
76 75
37 38
76 73
73 72
82 71
71 70
58 59
78 79
78 58
10 11
16 10
21 13
13 12
16 15
13 14
16 17
18 16
18 19
26 18
33 31
29 30
40 37
37 36
34 35
47 52
34 33
78 55
73 74
33 32
82 81
58 57
47 50
