197
337
0
261 5
259 6
266 7
264 8
279 10
277 12
275 14
125 21
142 27
141 28
147 30
143 32
145 33
138 34
136 35
139 36
117 39
118 41
119 43
120 45
107 47
109 48
115 49
112 53
110 54
122 56
103 60
105 61
113 62
106 64
124 65
78 70
80 71
76 76
58 79
56 80
31 82
33 83
17 87
18 90
15 91
16 92
40 99
14 100
42 101
51 103
49 104
8 107
45 108
19 111
21 112
52 114
43 115
11 119
38 120
36 122
39 124
34 125
7 128
5 130
3 131
53 132
22 135
24 136
27 139
25 140
37 141
10 146
46 147
44 149
13 151
41 152
50 155
0 158
2 159
48 160
47 161
30 163
28 164
66 168
73 174
64 175
68 176
67 177
63 179
62 180
75 181
71 184
69 185
70 186
55 189
54 190
61 191
79 192
86 194
83 196
84 197
100 198
152 202
151 203
149 204
129 207
131 208
89 215
87 216
92 217
90 218
93 220
96 221
99 223
97 224
135 227
127 229
128 229
134 232
132 233
153 239
155 240
216 243
208 246
205 248
203 250
215 251
207 254
206 255
171 257
202 259
172 261
267 262
211 267
173 268
170 269
212 271
213 272
214 275
166 276
159 280
158 280
157 280
164 285
165 286
204 287
209 288
160 291
162 292
210 293
169 294
273 296
233 304
230 306
232 307
235 308
242 312
238 313
237 315
229 317
227 318
240 319
239 320
244 321
245 325
248 327
247 328
257 331
252 332
254 333
256 336
251 339
249 340
226 342
224 343
263 344
191 348
189 351
182 356
179 358
181 359
183 360
178 362
174 364
176 365
187 367
186 369
184 370
193 372
190 373
196 374
270 376
201 380
219 381
199 382
198 387
223 388
220 389
222 390
217 392
221 393
0 1
1 4
4 5
4 6
1 7
1 8
1 9
9 10
9 11
11 12
11 13
13 14
13 15
15 16
16 17
17 18
18 19
19 20
20 21
20 25
25 26
26 27
26 28
25 29
29 30
29 31
31 32
31 33
20 34
20 35
20 36
19 37
37 38
38 39
38 41
38 42
42 43
42 44
44 45
44 46
46 47
46 48
37 49
18 50
50 52
52 53
52 54
50 55
55 56
55 58
58 59
59 60
59 61
58 62
55 64
55 65
50 67
67 68
68 69
69 70
69 71
68 72
72 73
73 75
75 76
75 78
78 79
78 80
75 81
81 82
81 83
73 84
84 85
85 86
86 87
86 89
89 90
89 91
86 92
85 95
95 99
95 100
95 101
95 102
102 103
102 104
95 105
105 106
106 107
106 108
105 109
109 111
109 112
109 113
113 114
113 115
85 116
116 117
117 119
117 120
117 122
117 123
123 124
123 125
116 127
127 128
127 129
129 130
129 131
116 132
85 134
134 135
134 136
85 139
85 140
85 141
84 144
144 145
145 146
145 147
144 148
148 149
148 150
150 151
150 152
84 155
84 157
157 158
157 159
84 160
84 161
84 162
162 163
162 164
73 165
165 166
166 167
167 168
167 169
169 173
173 174
173 175
169 176
169 177
169 178
178 179
178 180
169 181
166 182
182 183
183 184
183 185
182 186
165 187
187 188
188 189
188 190
187 191
72 192
67 193
193 194
193 195
195 196
195 197
50 198
17 200
200 201
201 202
201 203
200 204
17 205
205 206
206 207
206 208
205 209
209 210
210 211
211 212
212 213
213 215
213 216
213 217
212 218
211 219
219 220
219 221
210 222
222 223
222 224
209 225
225 227
225 228
228 229
228 232
225 233
16 234
234 235
235 237
237 238
238 239
238 240
237 241
241 242
242 243
242 245
245 246
245 247
247 248
247 249
249 250
249 251
242 254
242 255
242 256
256 257
256 259
256 261
256 262
241 263
263 265
265 266
266 267
266 268
265 269
263 270
270 271
270 272
263 274
274 275
274 276
263 277
277 278
278 280
278 285
278 286
277 287
235 288
235 289
289 290
290 291
290 292
289 293
234 294
15 295
295 296
295 297
297 298
298 299
299 300
300 301
301 302
302 303
303 304
303 305
305 306
305 307
302 308
301 311
311 312
311 313
301 314
314 315
314 316
316 317
316 318
301 319
300 320
299 321
298 322
322 323
323 324
324 325
324 326
326 327
326 328
323 329
329 331
329 332
329 333
322 335
335 336
335 337
337 338
338 339
338 340
337 341
341 342
341 343
322 344
297 345
345 346
346 347
347 348
347 349
349 350
350 351
350 353
353 354
354 355
355 356
355 357
357 358
357 359
354 360
353 361
361 362
361 363
363 364
363 365
350 366
366 367
366 368
368 369
368 370
349 371
371 372
371 373
346 374
345 375
375 376
375 377
377 378
378 379
379 380
379 381
378 382
377 383
383 384
384 385
385 386
386 387
386 388
385 389
384 390
383 391
391 392
391 393
