197
393
0
266 3
261 6
259 7
264 8
279 11
275 13
277 14
242 22
237 26
227 28
229 29
235 32
238 33
239 34
232 37
230 38
233 39
240 40
244 41
245 46
248 48
247 49
257 52
252 53
254 54
263 55
256 57
251 60
249 61
224 63
226 64
201 69
219 70
199 72
198 75
223 76
221 80
217 81
220 82
222 83
183 87
179 90
178 92
181 93
182 95
176 97
174 98
191 101
193 103
190 104
189 106
184 109
186 110
187 111
196 112
270 113
273 114
153 118
155 119
172 126
267 129
202 130
171 131
203 133
215 134
208 137
205 138
206 139
216 141
207 142
212 145
213 146
204 149
159 152
158 154
157 155
164 157
131 160
129 161
165 162
166 164
214 165
173 169
170 171
211 172
162 175
160 176
210 177
209 179
169 180
120 186
115 190
117 191
119 193
118 194
107 196
109 197
141 201
142 202
143 205
145 206
147 207
136 210
139 211
125 213
138 214
100 217
83 221
84 222
86 223
79 227
78 228
71 234
69 235
70 236
62 239
63 240
75 242
73 243
61 246
54 248
55 249
68 252
64 254
67 255
66 256
56 261
58 262
76 263
31 265
33 266
28 270
40 271
30 272
22 279
24 280
18 284
10 286
8 287
17 289
15 291
16 292
45 293
41 296
51 297
25 299
27 301
37 302
50 306
2 308
0 309
48 310
38 313
11 314
39 317
34 318
36 320
5 324
3 325
7 326
53 327
43 331
47 332
19 334
21 335
46 337
13 340
14 341
42 342
44 344
52 346
49 347
80 348
110 352
112 353
124 355
106 357
103 359
113 361
105 362
122 363
97 367
99 368
96 370
89 374
87 375
90 377
92 378
93 379
128 383
127 384
132 386
135 387
134 388
149 390
152 392
151 393
0 1
1 2
2 3
2 4
4 5
5 6
5 7
4 8
1 9
9 10
10 11
10 12
12 13
12 14
9 15
15 16
16 17
17 18
18 19
19 20
20 21
21 22
21 23
23 24
24 25
25 26
25 27
27 28
27 29
24 30
30 31
31 32
31 33
30 34
23 35
35 36
36 37
36 38
35 39
20 40
19 41
18 42
42 43
43 44
44 45
45 46
45 47
47 48
47 49
44 50
50 51
51 52
51 53
50 54
43 55
42 56
56 57
56 58
58 59
59 60
59 61
58 62
62 63
62 64
17 65
65 66
66 67
67 68
68 69
68 70
67 71
71 72
71 73
73 74
74 75
74 76
73 77
77 78
78 79
79 80
79 81
78 82
77 83
66 84
84 85
85 86
86 87
86 88
88 89
89 90
89 91
91 92
91 93
88 94
94 95
94 96
96 97
96 98
85 99
99 100
100 101
100 102
102 103
102 104
99 105
105 106
105 107
107 108
108 109
108 110
107 111
84 112
65 113
16 114
15 115
115 116
116 117
117 118
117 119
116 120
120 121
121 122
122 123
123 124
124 125
125 126
125 127
127 128
128 129
128 130
127 131
124 132
132 133
132 134
123 135
135 136
136 137
136 138
135 139
122 140
140 141
140 142
121 143
143 144
144 145
144 146
143 147
147 148
148 149
148 150
150 151
151 152
151 153
153 154
153 155
150 156
156 157
156 158
158 159
159 160
159 161
158 162
147 163
163 164
163 165
120 166
166 167
167 168
168 169
168 170
170 171
170 172
167 173
173 174
174 175
174 176
173 177
166 178
178 179
178 180
115 181
181 182
182 183
183 184
184 185
185 186
185 187
187 188
188 189
189 190
189 191
188 192
192 193
192 194
187 195
195 196
195 197
184 198
198 199
199 200
200 201
200 202
199 203
203 204
204 205
204 206
203 207
198 208
208 209
209 210
209 211
208 212
212 213
212 214
183 215
215 216
216 217
216 218
218 219
219 220
220 221
220 222
219 223
218 224
224 225
225 226
226 227
226 228
225 229
229 230
230 231
231 232
232 233
233 234
233 235
232 236
231 237
237 238
238 239
238 240
237 241
241 242
241 243
230 244
244 245
245 246
245 247
247 248
247 249
244 250
250 251
251 252
251 253
253 254
253 255
250 256
229 257
257 258
258 259
259 260
260 261
260 262
259 263
258 264
264 265
264 266
257 267
267 268
268 269
269 270
269 271
268 272
267 273
273 274
274 275
275 276
276 277
277 278
278 279
278 280
277 281
281 282
282 283
283 284
283 285
285 286
285 287
282 288
288 289
288 290
290 291
290 292
281 293
276 294
294 295
295 296
295 297
294 298
298 299
298 300
300 301
300 302
275 303
303 304
304 305
305 306
305 307
307 308
307 309
304 310
303 311
311 312
312 313
312 314
311 315
315 316
316 317
316 318
315 319
319 320
319 321
321 322
322 323
323 324
323 325
322 326
321 327
274 328
328 329
329 330
330 331
330 332
329 333
333 334
333 335
328 336
336 337
336 338
338 339
339 340
339 341
338 342
273 343
343 344
343 345
345 346
345 347
224 348
215 349
349 350
350 351
351 352
351 353
350 354
354 355
354 356
356 357
356 358
358 359
358 360
360 361
360 362
349 363
182 364
364 365
365 366
366 367
366 368
365 369
369 370
369 371
371 372
372 373
373 374
373 375
372 376
376 377
376 378
371 379
364 380
380 381
381 382
382 383
382 384
381 385
385 386
385 387
380 388
181 389
389 390
389 391
391 392
391 393
