197
197
197
0 0
2 1
3 2
5 3
7 4
8 5
10 6
11 7
13 8
14 9
15 10
17 11
18 12
16 13
19 14
21 15
22 16
24 17
25 18
27 19
28 20
30 21
31 22
33 23
34 24
36 25
37 26
38 27
39 28
40 29
42 30
43 31
44 32
45 33
46 34
47 35
48 36
49 37
41 38
50 39
51 40
52 41
53 42
54 43
55 44
56 45
58 46
61 47
62 48
63 49
64 50
66 51
67 52
68 53
69 54
70 55
71 56
73 57
75 58
76 59
78 60
79 61
80 62
83 63
84 64
86 65
87 66
89 67
90 68
92 69
93 70
96 71
97 72
99 73
100 74
103 75
105 76
106 77
107 78
109 79
110 80
112 81
113 82
115 83
117 84
118 85
119 86
120 87
122 88
124 89
125 90
127 91
128 92
129 93
131 94
132 95
134 96
135 97
136 98
138 99
139 100
141 101
142 102
143 103
145 104
147 105
149 106
151 107
152 108
153 109
155 110
157 111
158 112
159 113
160 114
162 115
164 116
165 117
166 118
169 119
170 120
171 121
173 122
172 123
174 124
176 125
178 126
179 127
181 128
183 129
182 130
184 131
186 132
187 133
189 134
190 135
191 136
193 137
196 138
198 139
199 140
201 141
202 142
204 143
205 144
206 145
207 146
208 147
203 148
209 149
210 150
211 151
212 152
213 153
214 154
215 155
216 156
217 157
219 158
220 159
221 160
222 161
223 162
224 163
226 164
227 165
229 166
230 167
232 168
233 169
235 170
237 171
238 172
239 173
240 174
242 175
244 176
245 177
247 178
248 179
249 180
251 181
252 182
254 183
256 184
257 185
259 186
261 187
263 188
264 189
266 190
267 191
270 192
273 193
275 194
277 195
279 196
197 190
190 187
187 186
190 189
197 196
196 195
195 194
197 184
184 181
184 178
178 182
178 177
182 183
178 179
181 163
181 180
182 185
163 164
184 188
184 176
184 139
139 162
162 161
161 157
157 160
161 158
158 141
141 140
162 159
158 192
160 138
162 136
136 135
135 131
131 132
131 133
131 130
130 129
130 128
130 127
129 126
130 125
125 124
135 137
131 134
176 172
172 168
168 169
168 167
169 170
170 175
170 171
175 174
170 165
165 166
168 173
158 151
151 148
148 123
148 144
148 155
148 147
123 121
144 118
148 145
148 156
151 120
151 122
123 191
144 116
116 112
112 111
112 113
116 117
144 143
144 154
148 146
148 152
151 101
101 102
101 99
99 98
99 86
86 78
78 79
86 87
86 88
88 75
88 77
101 103
103 104
103 105
77 89
86 84
86 85
99 100
101 150
123 142
144 110
110 109
148 114
75 82
88 90
148 153
86 83
88 74
112 93
93 94
123 115
151 108
108 107
107 106
74 64
64 63
64 65
93 91
91 92
91 95
91 97
91 96
91 72
72 73
72 71
71 66
66 67
66 69
66 68
66 70
123 119
75 76
88 81
63 62
62 60
60 58
58 48
48 50
48 53
48 52
48 49
48 57
48 46
48 43
43 44
43 47
48 51
48 56
52 22
22 23
48 54
46 45
48 38
38 8
38 13
13 10
13 12
38 31
38 32
38 34
34 6
38 40
38 41
13 11
38 30
38 39
10 9
38 14
38 15
38 19
38 28
38 35
38 37
6 5
10 7
13 2
2 3
28 24
38 17
38 18
2 4
38 25
38 27
38 29
38 33
38 42
13 0
0 1
38 21
38 26
38 16
38 20
48 55
38 36
48 59
148 149
58 61
81 80
157 193
