197
281
281
216 174
217 252
214 159
215 142
212 11
213 53
210 187
211 16
165 263
264 131
219 62
132 33
131 139
136 157
135 52
134 199
139 79
138 37
166 89
24 40
25 106
27 84
21 34
22 214
223 198
28 135
0 209
162 45
8 153
220 160
119 171
120 149
122 80
124 217
125 249
127 10
128 90
129 39
224 211
118 162
58 125
55 242
54 36
227 46
56 38
51 254
50 230
53 86
52 61
259 2
199 54
179 212
178 21
191 138
190 206
193 210
115 68
252 71
117 277
89 41
110 151
113 66
112 238
83 120
80 184
86 42
87 204
84 229
204 248
251 109
198 247
256 143
206 127
226 183
257 189
3 13
254 27
7 190
247 166
245 132
244 216
181 136
109 73
240 83
242 30
103 25
100 134
106 17
107 267
105 235
39 3
38 117
33 141
31 266
30 245
37 240
36 213
34 219
205 64
176 15
61 182
62 115
63 110
64 244
66 208
67 31
68 22
69 43
174 220
173 147
172 145
171 259
170 273
249 8
248 203
182 51
183 224
2 152
186 251
187 97
184 215
189 92
202 233
196 93
221 205
99 113
169 55
229 270
164 275
90 186
93 237
92 56
160 44
222 173
97 155
96 227
11 78
10 170
13 221
15 112
14 118
17 222
16 63
19 87
18 24
273 193
275 181
151 119
153 67
152 5
155 164
157 279
159 122
158 47
277 256
238 191
239 105
279 28
235 0
237 70
230 261
232 196
233 257
48 124
49 158
46 7
47 169
44 176
45 202
42 179
43 58
40 129
41 76
5 232
201 223
147 18
203 14
145 107
142 178
143 226
207 49
141 96
209 48
208 50
149 239
76 100
75 165
73 128
71 201
70 207
79 103
78 69
263 99
261 75
270 264
267 172
266 19
203 216
218 217
203 214
203 215
203 212
203 213
203 210
203 211
163 165
265 264
280 265
269 218
218 219
156 133
133 132
130 131
156 130
140 137
137 136
133 135
133 134
140 139
137 138
167 166
23 24
26 25
41 26
26 27
41 20
20 21
23 22
41 23
161 160
29 28
41 29
203 161
1 0
6 4
9 8
203 163
116 119
272 271
262 258
116 120
123 121
121 122
126 123
123 124
126 125
137 126
133 127
127 128
130 129
271 269
272 268
203 167
116 118
65 59
57 58
54 55
60 54
59 57
57 56
41 51
41 50
41 53
41 52
260 259
163 164
200 201
200 199
180 179
218 200
197 195
195 194
218 197
177 178
192 191
188 190
194 193
194 192
116 115
121 114
91 88
88 89
121 111
111 110
114 113
111 112
85 82
82 83
81 80
82 81
85 86
88 87
85 84
101 85
250 251
197 198
262 256
203 206
225 226
258 257
4 3
182 177
253 254
6 7
246 247
272 273
258 255
250 225
246 245
243 244
116 108
108 109
243 241
236 240
262 243
241 242
133 102
104 103
101 100
121 101
104 106
108 107
114 104
104 105
35 39
35 38
32 33
59 32
32 31
29 30
35 37
35 36
41 35
35 34
255 246
253 252
203 205
218 223
175 176
65 60
60 61
65 62
62 63
65 64
74 65
65 66
65 67
65 68
65 69
177 175
175 174
172 173
203 172
172 171
168 170
268 203
218 222
180 181
255 253
246 248
188 182
182 183
182 180
1 2
161 162
185 187
185 184
35 6
218 220
185 186
192 188
188 189
203 202
195 196
218 221
188 185
98 99
102 98
203 168
168 169
228 229
236 228
94 91
91 90
94 93
91 92
102 95
95 94
98 97
95 96
12 11
9 10
12 13
41 12
16 15
12 14
16 17
41 16
20 19
16 18
116 117
256 250
137 116
276 274
203 204
274 275
150 151
168 150
154 153
150 152
154 155
167 154
158 157
163 156
158 159
163 158
276 277
236 234
236 238
236 239
278 279
203 207
236 235
241 236
236 237
231 230
234 231
231 232
234 233
225 224
281 280
41 48
41 49
41 46
41 47
41 44
41 45
41 42
41 43
41 40
65 41
16 1
4 5
41 9
274 272
148 146
146 147
146 144
144 145
140 142
144 143
148 140
140 141
203 209
203 208
168 148
150 149
81 77
74 76
74 75
77 74
72 73
74 72
72 71
65 70
280 278
77 79
77 78
262 263
250 249
271 262
228 227
260 261
269 270
265 260
278 276
268 267
265 266
