197
281
281
216 216
217 217
214 214
215 215
212 212
213 213
210 210
211 211
165 165
264 264
219 219
132 132
131 131
136 136
135 135
134 134
139 139
138 138
166 166
24 24
25 25
27 27
21 21
22 22
223 223
28 28
0 0
162 162
8 8
220 220
119 119
120 120
122 122
124 124
125 125
127 127
128 128
129 129
224 224
118 118
58 58
55 55
54 54
227 227
56 56
51 51
50 50
53 53
52 52
259 259
199 199
179 179
178 178
191 191
190 190
193 193
115 115
252 252
117 117
89 89
110 110
113 113
112 112
83 83
80 80
86 86
87 87
84 84
204 204
251 251
198 198
256 256
206 206
226 226
257 257
3 3
254 254
7 7
247 247
245 245
244 244
181 181
109 109
240 240
242 242
103 103
100 100
106 106
107 107
105 105
39 39
38 38
33 33
31 31
30 30
37 37
36 36
34 34
205 205
176 176
61 61
62 62
63 63
64 64
66 66
67 67
68 68
69 69
174 174
173 173
172 172
171 171
170 170
249 249
248 248
182 182
183 183
2 2
186 186
187 187
184 184
189 189
202 202
196 196
221 221
99 99
169 169
229 229
164 164
90 90
93 93
92 92
160 160
222 222
97 97
96 96
11 11
10 10
13 13
15 15
14 14
17 17
16 16
19 19
18 18
273 273
275 275
151 151
153 153
152 152
155 155
157 157
159 159
158 158
277 277
238 238
239 239
279 279
235 235
237 237
230 230
232 232
233 233
48 48
49 49
46 46
47 47
44 44
45 45
42 42
43 43
40 40
41 41
5 5
201 201
147 147
203 203
145 145
142 142
143 143
207 207
141 141
209 209
208 208
149 149
76 76
75 75
73 73
71 71
70 70
79 79
78 78
263 263
261 261
270 270
267 267
266 266
203 216
218 217
203 214
203 215
203 212
203 213
203 210
203 211
163 165
265 264
280 265
269 218
218 219
156 133
133 132
130 131
156 130
140 137
137 136
133 135
133 134
140 139
137 138
167 166
23 24
26 25
41 26
26 27
41 20
20 21
23 22
41 23
161 160
29 28
41 29
203 161
1 0
6 4
9 8
203 163
116 119
272 271
262 258
116 120
123 121
121 122
126 123
123 124
126 125
137 126
133 127
127 128
130 129
271 269
272 268
203 167
116 118
65 59
57 58
54 55
60 54
59 57
57 56
41 51
41 50
41 53
41 52
260 259
163 164
200 201
200 199
180 179
218 200
197 195
195 194
218 197
177 178
192 191
188 190
194 193
194 192
116 115
121 114
91 88
88 89
121 111
111 110
114 113
111 112
85 82
82 83
81 80
82 81
85 86
88 87
85 84
101 85
250 251
197 198
262 256
203 206
225 226
258 257
4 3
182 177
253 254
6 7
246 247
272 273
258 255
250 225
246 245
243 244
116 108
108 109
243 241
236 240
262 243
241 242
133 102
104 103
101 100
121 101
104 106
108 107
114 104
104 105
35 39
35 38
32 33
59 32
32 31
29 30
35 37
35 36
41 35
35 34
255 246
253 252
203 205
218 223
175 176
65 60
60 61
65 62
62 63
65 64
74 65
65 66
65 67
65 68
65 69
177 175
175 174
172 173
203 172
172 171
168 170
268 203
218 222
180 181
255 253
246 248
188 182
182 183
182 180
1 2
161 162
185 187
185 184
35 6
218 220
185 186
192 188
188 189
203 202
195 196
218 221
188 185
98 99
102 98
203 168
168 169
228 229
236 228
94 91
91 90
94 93
91 92
102 95
95 94
98 97
95 96
12 11
9 10
12 13
41 12
16 15
12 14
16 17
41 16
20 19
16 18
116 117
256 250
137 116
276 274
203 204
274 275
150 151
168 150
154 153
150 152
154 155
167 154
158 157
163 156
158 159
163 158
276 277
236 234
236 238
236 239
278 279
203 207
236 235
241 236
236 237
231 230
234 231
231 232
234 233
225 224
281 280
41 48
41 49
41 46
41 47
41 44
41 45
41 42
41 43
41 40
65 41
16 1
4 5
41 9
274 272
148 146
146 147
146 144
144 145
140 142
144 143
148 140
140 141
203 209
203 208
168 148
150 149
81 77
74 76
74 75
77 74
72 73
74 72
72 71
65 70
280 278
77 79
77 78
262 263
250 249
271 262
228 227
260 261
269 270
265 260
278 276
268 267
265 266
