193
263
262
217 217
214 214
215 215
212 212
211 211
165 165
218 218
133 133
131 131
130 130
137 137
136 136
135 135
134 134
139 139
138 138
166 166
24 24
25 25
250 250
27 27
20 20
21 21
22 22
23 23
160 160
28 28
29 29
222 222
0 0
162 162
8 8
163 163
119 119
263 263
121 121
122 122
123 123
124 124
126 126
128 128
129 129
118 118
58 58
55 55
54 54
57 57
50 50
53 53
52 52
199 199
198 198
200 200
194 194
197 197
196 196
190 190
193 193
192 192
114 114
88 88
116 116
111 111
110 110
113 113
112 112
181 181
81 81
86 86
87 87
84 84
85 85
256 256
226 226
257 257
3 3
177 177
247 247
225 225
244 244
108 108
109 109
241 241
242 242
102 102
100 100
101 101
106 106
104 104
105 105
39 39
38 38
33 33
32 32
31 31
30 30
37 37
36 36
35 35
34 34
246 246
252 252
205 205
223 223
60 60
61 61
258 258
63 63
64 64
66 66
178 178
68 68
176 176
175 175
174 174
173 173
172 172
254 254
170 170
203 203
249 249
180 180
2 2
186 186
187 187
6 6
188 188
189 189
202 202
185 185
98 98
168 168
169 169
229 229
227 227
90 90
93 93
95 95
94 94
97 97
96 96
11 11
10 10
220 220
12 12
15 15
14 14
17 17
18 18
89 89
204 204
151 151
150 150
153 153
152 152
155 155
154 154
156 156
159 159
158 158
238 238
239 239
235 235
236 236
231 231
232 232
233 233
49 49
47 47
44 44
45 45
43 43
41 41
5 5
9 9
146 146
147 147
144 144
145 145
142 142
143 143
207 207
141 141
208 208
148 148
149 149
77 77
75 75
73 73
72 72
70 70
78 78
260 260
219 216
216 217
213 214
216 215
213 212
228 213
231 210
210 211
164 165
219 218
255 219
132 133
146 132
127 131
127 130
132 137
132 136
132 135
132 134
140 139
132 138
167 166
23 24
26 25
40 26
26 27
19 20
19 21
19 22
26 23
161 160
26 28
26 29
187 161
1 0
10 4
7 8
164 163
120 119
259 258
132 120
120 121
120 122
120 123
125 124
132 125
125 126
132 127
127 128
127 129
182 167
117 118
69 59
59 58
51 55
51 54
56 57
62 56
71 51
51 50
51 53
51 52
262 259
182 164
206 201
198 199
183 179
201 200
209 195
195 194
198 197
179 178
193 191
191 190
209 193
191 192
127 115
115 114
91 88
88 89
107 111
107 110
107 113
107 112
83 82
92 83
82 80
82 81
83 86
83 87
83 84
83 85
253 251
201 198
255 256
207 206
224 226
255 257
4 3
171 177
255 254
33 7
248 247
262 255
224 225
255 245
245 244
107 108
107 109
240 241
261 240
255 243
243 242
103 102
107 103
99 100
99 101
107 106
115 107
103 104
103 105
33 39
33 38
40 33
26 32
26 31
26 30
33 37
33 36
33 35
33 34
245 246
251 252
206 205
224 223
171 176
59 60
62 61
65 62
62 63
65 64
67 65
67 66
74 67
67 68
71 69
171 175
171 174
171 173
171 172
179 171
171 170
201 203
221 222
179 181
262 253
253 248
183 182
184 183
179 180
1 2
161 162
248 187
209 184
7 6
221 220
187 186
187 188
187 189
201 202
195 196
230 221
184 185
107 99
99 98
167 168
167 169
230 229
255 228
97 91
91 90
92 93
107 92
94 95
107 94
107 97
97 96
10 11
13 10
23 13
10 12
16 15
13 14
16 17
33 16
33 19
19 18
157 117
248 250
117 116
201 204
146 151
146 150
146 153
146 152
146 155
146 154
187 157
146 156
157 159
157 158
251 234
237 238
240 239
210 207
234 235
237 236
243 237
259 230
251 231
231 232
234 233
259 224
56 48
48 49
51 46
48 47
42 44
46 45
51 42
42 43
46 40
42 41
4 1
4 5
10 9
157 146
146 147
146 144
146 145
143 142
146 143
144 140
140 141
210 209
207 208
146 148
146 149
76 77
83 76
76 75
79 74
74 73
71 72
80 71
69 70
80 79
79 78
262 263
248 249
228 227
262 261
261 260
