97
170
0
140 3
137 6
136 7
119 9
86 16
91 19
48 22
14 24
18 26
20 29
13 33
0 34
11 36
9 37
6 39
5 40
3 41
8 43
2 44
21 46
16 47
43 50
41 51
44 53
42 54
45 57
40 58
32 62
31 63
30 64
28 65
25 67
26 69
23 70
35 72
33 73
38 75
36 76
54 78
53 80
51 81
57 83
59 85
50 87
49 88
62 90
65 92
63 93
69 95
56 97
55 98
75 100
73 101
71 103
68 104
66 105
116 107
89 108
84 110
85 112
83 113
81 114
88 116
61 117
92 119
80 121
77 122
76 123
113 125
114 126
115 128
110 129
111 130
123 132
95 135
101 139
100 140
99 141
97 142
96 143
103 145
98 146
106 148
104 150
93 151
118 153
109 155
108 156
121 158
112 159
133 161
134 163
131 164
129 166
128 168
126 169
124 170
0 1
1 2
2 3
2 4
4 5
5 6
5 7
5 8
8 9
8 10
10 11
11 12
12 13
13 14
14 15
15 16
15 17
17 18
18 19
18 20
20 21
21 22
21 23
23 24
23 25
25 26
25 27
27 28
28 29
28 30
30 31
31 32
32 33
32 34
31 35
35 36
35 37
30 38
38 39
38 40
38 41
30 42
42 43
42 44
27 45
45 46
45 47
20 48
48 49
49 50
49 51
48 52
52 53
52 54
18 55
55 56
56 57
56 58
56 59
59 60
60 61
61 62
61 63
61 64
61 65
61 66
66 67
66 68
68 69
68 70
60 71
71 72
71 73
59 74
74 75
74 76
55 77
77 78
77 79
79 80
79 81
17 82
82 83
82 84
84 85
84 86
86 87
86 88
17 89
89 90
89 91
91 92
91 93
15 94
94 95
94 96
96 97
96 98
14 99
99 100
99 101
99 102
102 103
102 104
102 105
13 106
106 107
106 108
106 109
109 110
109 111
111 112
111 113
111 114
106 115
115 116
115 117
12 118
118 119
118 120
120 121
120 122
120 123
11 124
124 125
124 126
10 127
127 128
127 129
127 130
5 131
131 132
131 133
133 134
134 135
134 136
136 137
137 138
138 139
138 140
138 141
138 142
138 143
137 144
144 145
144 146
136 147
147 148
147 149
149 150
149 151
133 152
152 153
152 154
154 155
154 156
5 157
157 158
157 159
4 160
160 161
160 162
162 163
162 164
1 165
165 166
165 167
167 168
167 169
167 170
