97
193
0
110 12
115 14
111 15
92 16
119 18
113 19
116 21
114 24
89 25
88 27
61 28
85 33
83 34
81 35
84 36
80 39
76 40
77 41
91 48
54 51
53 53
51 54
45 57
25 59
26 61
23 62
35 66
33 67
38 70
36 71
40 72
32 75
30 76
31 78
28 79
48 82
21 84
18 87
13 91
0 92
11 96
9 97
2 98
6 100
5 102
3 103
8 104
20 106
16 108
14 109
42 112
44 113
43 115
41 116
65 119
63 120
62 121
59 124
50 126
49 127
57 128
69 130
56 132
55 133
86 134
75 136
73 138
71 140
68 142
66 143
112 144
137 147
136 149
118 152
104 157
93 158
106 159
103 162
98 163
101 168
99 169
100 170
97 171
96 172
95 173
109 175
108 176
123 178
121 179
134 182
131 183
133 184
129 187
128 189
126 191
124 192
140 193
0 1
1 2
2 3
3 4
4 5
5 6
6 7
7 8
8 9
9 10
10 11
11 12
11 13
13 14
13 15
10 16
9 17
17 18
17 19
8 20
20 21
20 22
22 23
23 24
23 25
22 26
26 27
26 28
7 29
29 30
30 31
31 32
32 33
32 34
31 35
30 36
29 37
37 38
38 39
38 40
37 41
6 42
42 43
43 44
44 45
45 46
46 47
47 48
47 49
49 50
50 51
50 52
52 53
52 54
49 55
55 56
56 57
56 58
58 59
58 60
60 61
60 62
55 63
63 64
64 65
65 66
65 67
64 68
68 69
69 70
69 71
68 72
63 73
73 74
74 75
74 76
73 77
77 78
77 79
46 80
80 81
81 82
81 83
83 84
83 85
85 86
86 87
86 88
88 89
89 90
90 91
90 92
89 93
93 94
94 95
95 96
95 97
94 98
93 99
99 100
99 101
101 102
101 103
88 104
85 105
105 106
105 107
107 108
107 109
80 110
110 111
111 112
111 113
110 114
114 115
114 116
45 117
117 118
118 119
118 120
117 121
44 122
122 123
123 124
123 125
125 126
125 127
122 128
43 129
129 130
129 131
131 132
131 133
42 134
5 135
135 136
135 137
137 138
137 139
139 140
139 141
141 142
141 143
4 144
3 145
145 146
146 147
146 148
148 149
148 150
150 151
151 152
151 153
153 154
154 155
155 156
156 157
156 158
155 159
154 160
160 161
161 162
161 163
160 164
164 165
165 166
166 167
167 168
167 169
166 170
165 171
164 172
153 173
150 174
174 175
174 176
145 177
177 178
177 179
2 180
180 181
181 182
181 183
180 184
1 185
185 186
186 187
186 188
188 189
188 190
190 191
190 192
185 193
