97
154
1
86 2
97 11
108 14
65 17
41 23
26 31
110 48
76 56
77 57
55 61
66 65
71 66
0 71
2 72
3 73
5 74
6 75
8 76
9 77
11 78
13 79
14 80
16 81
18 82
20 83
21 84
23 85
25 86
28 87
30 88
31 89
32 90
33 91
35 92
36 93
38 94
40 95
42 96
43 97
44 98
45 99
48 100
49 101
50 102
51 103
53 104
54 105
56 106
57 107
59 108
61 109
62 110
63 111
68 112
69 113
73 114
75 115
80 116
81 117
83 118
84 119
85 120
88 121
89 122
91 123
92 124
93 125
95 126
96 127
98 128
99 129
100 130
101 131
103 132
104 133
106 134
109 135
111 136
112 137
113 138
114 139
115 140
116 141
118 142
119 143
121 144
123 145
124 146
126 147
128 148
129 149
131 150
133 151
134 152
136 153
137 154
140 155
1 2
2 3
2 4
4 5
2 6
6 7
7 8
8 9
8 10
10 11
10 12
7 13
13 14
7 15
6 16
2 17
2 18
18 19
18 20
18 21
21 22
21 23
21 24
18 25
25 26
26 27
27 28
28 29
25 30
30 31
25 32
25 33
18 34
34 35
35 36
35 37
35 38
35 39
35 40
35 41
41 42
41 43
35 44
34 45
18 46
2 47
47 48
48 49
48 50
47 51
47 52
47 53
53 54
53 55
47 56
56 57
2 58
58 59
58 60
2 61
2 62
2 63
63 64
64 65
64 66
64 67
63 68
68 69
69 70
38 71
37 72
36 73
36 74
36 75
43 76
44 77
42 78
35 79
69 80
68 81
70 82
39 83
40 84
30 85
30 86
32 87
25 88
25 89
25 90
26 91
26 92
27 93
27 94
28 95
21 96
24 97
22 98
28 99
45 100
46 101
46 102
33 103
29 104
29 105
61 106
51 107
2 108
51 109
2 110
19 111
64 112
6 113
3 114
67 115
56 116
53 117
55 118
54 119
53 120
47 121
52 122
20 123
50 124
10 125
12 126
11 127
11 128
11 129
11 130
11 131
11 132
10 133
10 134
14 135
48 136
16 137
49 138
47 139
48 140
47 141
13 142
7 143
8 144
9 145
59 146
59 147
59 148
60 149
5 150
4 151
5 152
62 153
7 154
15 155
