97
142
142
133 42
131 85
137 14
136 57
134 9
25 54
26 13
20 59
21 91
23 109
28 61
0 18
8 51
121 93
123 30
124 56
126 26
128 71
129 112
59 103
55 114
54 55
57 31
56 140
51 50
50 119
53 89
115 101
114 49
88 44
116 108
111 84
110 126
113 118
112 110
83 88
80 3
81 121
86 83
118 76
84 115
85 136
3 131
108 33
109 43
103 113
100 129
101 99
106 36
104 128
38 6
33 65
32 2
31 111
30 0
36 77
35 53
61 28
62 133
63 23
65 75
66 98
68 41
69 45
2 134
6 96
99 123
98 21
91 97
93 48
92 124
95 104
97 92
96 100
11 73
13 35
14 5
16 86
18 20
89 16
48 69
49 32
119 25
44 40
45 106
42 137
43 11
40 80
41 62
5 95
9 8
140 38
77 63
76 116
75 68
73 81
71 66
132 133
138 132
132 131
139 130
135 137
135 136
138 135
132 134
141 139
139 138
27 24
24 25
27 26
29 27
19 20
22 21
47 22
24 23
29 28
39 29
1 0
12 4
7 8
120 119
135 120
122 121
135 122
122 123
125 124
127 125
125 126
130 127
127 128
130 129
117 118
58 59
60 58
70 55
52 54
58 57
55 56
52 51
49 50
52 53
90 52
110 115
110 114
87 88
87 89
110 111
120 110
110 113
110 112
110 82
82 83
79 80
82 81
87 86
110 87
82 84
82 85
4 3
12 7
117 108
108 109
107 102
102 103
97 100
97 101
105 106
135 107
105 104
107 105
46 39
37 38
34 33
29 32
29 31
29 30
46 37
37 36
34 35
37 34
87 60
60 61
60 62
64 63
90 64
64 65
67 66
72 67
67 68
70 69
1 2
4 6
97 99
97 98
90 91
110 90
94 93
90 92
94 95
105 94
102 97
97 96
10 11
12 10
12 13
17 12
19 15
15 14
22 17
15 16
22 19
17 18
135 117
110 116
47 48
135 49
52 46
76 47
42 44
46 45
60 42
42 43
39 40
42 41
7 1
4 5
10 9
141 140
142 141
76 77
79 76
74 75
78 74
74 73
78 72
72 71
110 70
90 79
135 78
