97
142
142
133 133
131 131
137 137
136 136
134 134
25 25
26 26
20 20
21 21
23 23
28 28
0 0
8 8
121 121
123 123
124 124
126 126
128 128
129 129
59 59
55 55
54 54
57 57
56 56
51 51
50 50
53 53
115 115
114 114
88 88
116 116
111 111
110 110
113 113
112 112
83 83
80 80
81 81
86 86
118 118
84 84
85 85
3 3
108 108
109 109
103 103
100 100
101 101
106 106
104 104
38 38
33 33
32 32
31 31
30 30
36 36
35 35
61 61
62 62
63 63
65 65
66 66
68 68
69 69
2 2
6 6
99 99
98 98
91 91
93 93
92 92
95 95
97 97
96 96
11 11
13 13
14 14
16 16
18 18
89 89
48 48
49 49
119 119
44 44
45 45
42 42
43 43
40 40
41 41
5 5
9 9
140 140
77 77
76 76
75 75
73 73
71 71
132 133
138 132
132 131
139 130
135 137
135 136
138 135
132 134
141 139
139 138
27 24
24 25
27 26
29 27
19 20
22 21
47 22
24 23
29 28
39 29
1 0
12 4
7 8
120 119
135 120
122 121
135 122
122 123
125 124
127 125
125 126
130 127
127 128
130 129
117 118
58 59
60 58
70 55
52 54
58 57
55 56
52 51
49 50
52 53
90 52
110 115
110 114
87 88
87 89
110 111
120 110
110 113
110 112
110 82
82 83
79 80
82 81
87 86
110 87
82 84
82 85
4 3
12 7
117 108
108 109
107 102
102 103
97 100
97 101
105 106
135 107
105 104
107 105
46 39
37 38
34 33
29 32
29 31
29 30
46 37
37 36
34 35
37 34
87 60
60 61
60 62
64 63
90 64
64 65
67 66
72 67
67 68
70 69
1 2
4 6
97 99
97 98
90 91
110 90
94 93
90 92
94 95
105 94
102 97
97 96
10 11
12 10
12 13
17 12
19 15
15 14
22 17
15 16
22 19
17 18
135 117
110 116
47 48
135 49
52 46
76 47
42 44
46 45
60 42
42 43
39 40
42 41
7 1
4 5
10 9
141 140
142 141
76 77
79 76
74 75
78 74
74 73
78 72
72 71
110 70
90 79
135 78
