48
83
0
74 4
72 5
75 6
68 9
70 10
60 16
62 17
52 19
50 20
55 25
56 26
53 27
58 31
38 32
44 33
43 37
45 38
46 40
40 41
41 43
42 45
37 47
34 49
36 50
47 52
49 53
33 56
67 57
65 59
31 60
13 64
12 65
0 67
2 68
3 73
5 75
18 77
6 78
7 79
14 81
16 82
10 87
8 88
21 89
22 91
24 92
27 94
25 95
0 1
1 2
2 3
3 4
3 5
2 6
1 7
7 8
8 9
8 10
7 11
11 12
12 13
13 14
14 15
15 16
15 17
14 18
18 19
18 20
13 21
21 23
23 24
24 25
24 26
23 27
21 28
28 29
29 30
30 31
30 32
29 33
28 35
35 36
36 37
36 38
35 40
35 41
28 43
28 45
28 47
28 49
28 50
21 51
51 52
51 53
12 54
54 55
55 56
55 57
54 58
58 59
58 60
11 61
61 62
62 64
62 65
62 66
66 67
66 68
61 69
69 70
70 71
71 72
72 73
72 75
72 77
72 78
71 79
70 80
80 81
80 82
69 83
83 85
85 86
86 87
86 88
85 89
83 90
90 91
90 92
83 94
83 95
