48
83
0
67 5
65 7
58 11
45 12
43 13
46 14
40 15
44 16
38 17
42 19
41 20
37 22
36 23
34 24
53 26
56 28
55 29
49 31
47 32
60 34
62 36
52 38
50 39
33 41
31 42
27 45
25 47
7 50
3 52
6 54
18 56
5 57
16 59
14 60
21 63
10 65
8 66
24 68
22 69
13 71
12 72
2 74
0 75
70 77
68 78
75 80
74 82
72 83
0 1
1 2
2 3
3 4
4 5
4 6
6 7
6 8
8 9
9 10
10 11
10 12
10 13
10 14
10 15
10 16
10 17
10 18
18 19
18 20
18 21
21 22
21 23
21 24
10 25
25 26
25 27
27 28
27 29
9 30
30 31
30 32
8 33
33 34
33 35
35 36
35 37
37 38
37 39
4 40
40 41
40 42
3 43
43 44
44 45
44 46
46 47
46 48
48 49
49 50
49 51
51 52
51 53
53 54
53 55
55 56
55 57
48 58
58 59
58 60
46 61
61 62
62 63
62 64
64 65
64 66
61 67
67 68
67 69
43 70
70 71
70 72
70 73
73 74
73 75
2 76
76 77
76 78
1 79
79 80
79 81
81 82
81 83
