48
48
48
0 0
2 1
3 2
5 3
6 4
7 5
8 6
10 7
12 8
13 9
14 10
16 11
18 12
21 13
22 14
24 15
25 16
27 17
31 18
33 19
34 20
36 21
37 22
38 23
40 24
42 25
41 26
43 27
44 28
45 29
46 30
47 31
49 32
50 33
52 34
53 35
55 36
56 37
58 38
60 39
62 40
65 41
67 42
68 43
70 44
72 45
74 46
75 47
48 47
47 46
46 45
48 43
43 44
43 42
42 19
19 18
18 41
41 26
26 27
26 21
27 29
27 30
26 22
27 23
27 28
27 24
26 20
23 38
26 25
27 31
31 32
27 36
36 37
27 40
40 39
23 35
40 33
33 34
18 17
17 14
17 7
7 6
17 16
17 5
5 12
5 2
5 10
5 11
12 4
12 3
14 15
7 13
17 9
9 8
9 0
0 1
