48
78
78
50 0
60 13
62 40
65 67
67 6
68 72
52 75
24 43
25 60
27 42
21 38
22 55
49 27
46 49
47 18
44 65
45 24
42 74
43 14
40 21
41 36
0 53
3 70
2 34
5 46
7 5
6 25
8 22
75 2
38 31
72 37
70 44
58 12
10 56
13 45
12 52
14 41
16 7
33 8
18 47
31 68
56 62
37 50
36 16
53 3
34 58
55 33
74 10
54 56
78 77
41 42
61 48
57 43
61 60
63 61
63 62
64 63
66 64
48 49
71 66
66 67
69 68
71 69
51 52
54 53
23 24
26 25
28 26
28 27
23 20
20 21
23 22
26 23
43 46
48 47
43 44
43 45
29 28
30 29
39 40
43 41
11 1
1 0
4 3
1 2
4 5
17 4
4 7
4 6
20 9
9 8
63 51
43 39
64 65
77 76
76 75
39 38
76 73
73 72
77 71
69 70
61 59
66 32
57 58
29 11
9 10
11 13
11 12
19 15
15 14
19 17
15 16
26 19
17 18
30 31
32 30
35 37
35 36
41 35
35 34
32 33
54 55
73 74
59 54
59 57
51 50
