48
78
78
50 24
60 25
62 67
65 22
67 65
68 34
52 13
24 7
25 43
27 21
21 52
22 33
49 37
46 27
47 68
44 16
45 75
42 12
43 74
40 42
41 72
0 47
3 46
2 49
5 18
7 56
6 2
8 41
75 8
38 5
72 38
70 10
58 58
10 53
13 3
12 14
14 45
16 36
33 55
18 6
31 62
56 31
37 60
36 50
53 44
34 40
55 0
74 70
54 56
78 77
41 42
61 48
57 43
61 60
63 61
63 62
64 63
66 64
48 49
71 66
66 67
69 68
71 69
51 52
54 53
23 24
26 25
28 26
28 27
23 20
20 21
23 22
26 23
43 46
48 47
43 44
43 45
29 28
30 29
39 40
43 41
11 1
1 0
4 3
1 2
4 5
17 4
4 7
4 6
20 9
9 8
63 51
43 39
64 65
77 76
76 75
39 38
76 73
73 72
77 71
69 70
61 59
66 32
57 58
29 11
9 10
11 13
11 12
19 15
15 14
19 17
15 16
26 19
17 18
30 31
32 30
35 37
35 36
41 35
35 34
32 33
54 55
73 74
59 54
59 57
51 50
