48
84
0
74 4
72 5
75 6
70 9
68 10
67 13
65 15
62 18
50 20
52 21
49 25
47 26
58 29
44 31
38 33
45 36
46 37
40 40
36 45
34 46
37 47
42 48
41 41
43 34
55 53
56 54
53 55
60 56
33 58
31 60
27 63
25 66
21 69
8 71
10 72
22 74
24 75
6 80
5 82
18 83
3 84
7 85
16 87
14 88
13 90
12 92
2 94
0 95
0 1
1 2
2 3
3 4
3 5
2 6
1 7
7 8
8 9
8 10
7 11
11 12
12 13
12 14
14 15
14 16
16 18
16 19
19 20
19 21
16 22
22 23
23 24
24 25
24 26
23 27
27 28
28 29
28 30
30 31
30 33
30 34
34 36
34 37
34 40
34 41
41 42
42 45
42 46
42 47
42 48
27 51
51 52
52 53
52 54
51 55
22 56
11 57
57 58
57 59
59 60
59 61
61 62
62 63
62 64
64 66
64 67
67 68
68 69
68 70
70 71
70 72
67 73
73 74
73 75
64 76
76 77
77 78
78 79
79 80
79 81
81 82
81 83
78 84
77 85
76 86
86 87
86 88
61 89
89 90
89 92
89 93
93 94
93 95
