190
293
293
216 105
217 37
214 243
212 154
210 64
264 104
218 147
164 195
136 159
135 12
138 230
225 55
24 234
25 72
26 49
27 98
20 62
22 9
23 3
223 214
28 48
161 128
289 271
0 102
281 251
8 263
283 121
220 8
285 31
287 81
258 23
263 275
121 0
261 146
123 193
124 135
125 261
127 92
128 80
129 216
268 140
224 187
59 274
55 225
54 69
57 166
56 101
50 47
52 224
179 164
200 217
195 227
196 162
190 125
193 289
192 276
227 138
177 169
117 157
89 248
274 16
110 192
276 288
112 6
83 36
80 149
81 277
119 178
87 165
84 89
85 30
251 34
198 172
256 198
3 152
255 85
245 151
108 175
109 14
241 142
240 94
243 200
102 20
167 260
101 266
249 171
248 5
104 26
105 17
39 267
33 189
31 124
30 39
37 229
36 84
34 220
246 281
271 287
60 91
62 50
64 112
65 57
66 43
178 109
68 249
69 54
175 177
174 245
173 71
172 11
171 87
170 208
288 240
181 272
253 24
182 99
183 174
2 28
186 161
187 206
184 202
6 237
189 205
202 68
273 203
99 273
98 13
169 75
229 184
280 255
91 117
165 280
166 56
92 10
205 25
94 40
162 33
96 119
11 256
10 167
13 129
12 2
14 241
17 96
16 116
19 108
272 253
116 262
275 223
151 268
152 44
155 74
154 218
157 186
159 136
277 123
279 65
234 212
236 110
237 77
230 66
232 246
48 183
49 127
46 190
47 59
44 52
43 145
40 60
5 279
9 22
146 19
147 143
203 232
145 83
142 258
143 285
140 170
206 210
208 46
149 173
77 181
75 155
74 236
72 196
71 264
262 179
260 283
267 182
266 27
215 216
215 217
213 214
231 215
211 212
219 213
211 210
239 211
247 165
263 264
269 265
219 218
221 219
134 133
134 132
132 131
134 130
148 137
137 136
134 135
137 134
141 139
139 138
165 166
114 24
24 25
24 26
24 27
21 20
93 21
21 22
21 23
165 160
29 28
95 29
160 161
290 289
1 0
41 4
282 281
7 8
282 283
197 163
286 285
290 284
286 287
291 286
120 119
270 271
259 258
133 120
122 121
133 122
122 123
122 124
122 125
132 126
126 127
126 128
130 129
284 269
278 268
168 167
126 118
58 59
131 58
53 55
53 54
58 57
53 56
79 51
51 50
100 53
53 52
265 259
293 292
291 290
292 291
163 164
222 201
207 199
180 179
201 200
194 195
209 194
244 197
176 178
226 191
191 190
194 193
191 192
131 115
126 114
114 88
90 89
120 111
111 110
120 113
111 112
88 82
82 83
79 80
82 81
114 86
86 87
82 84
86 85
250 251
197 198
257 256
207 206
228 226
259 257
4 3
176 177
259 254
100 7
250 247
270 273
254 255
222 225
244 245
259 244
107 108
107 109
242 241
239 240
244 243
254 242
103 102
120 103
115 100
100 101
118 106
115 107
103 104
106 105
38 39
90 38
32 33
78 32
32 31
29 30
38 37
35 36
130 35
35 34
244 246
292 282
257 252
204 205
222 223
199 176
61 60
107 61
61 62
126 63
63 64
63 65
67 66
126 67
67 68
70 69
176 175
173 174
222 173
173 172
242 171
171 170
204 203
228 222
286 288
180 181
252 253
247 248
222 182
182 183
199 180
1 2
163 162
188 187
185 184
7 6
221 220
185 186
226 188
188 189
201 202
194 196
242 221
213 185
100 99
97 98
215 168
168 169
230 229
235 228
90 91
93 90
118 93
93 92
107 95
95 94
132 97
95 96
42 11
9 10
11 13
11 12
82 15
15 14
18 17
15 16
18 19
106 18
116 117
259 250
122 116
270 274
254 204
270 275
282 151
286 150
158 153
153 152
156 155
153 154
156 157
270 156
160 159
270 158
270 277
233 234
250 238
257 239
278 279
231 207
250 235
235 236
238 237
252 230
247 231
233 232
238 233
222 224
278 280
63 48
48 49
45 46
48 47
45 44
126 45
61 42
42 43
41 40
107 41
51 1
4 5
76 9
270 272
144 146
148 147
150 144
144 145
141 142
144 143
139 140
158 141
257 209
209 208
151 148
150 149
78 77
113 76
76 75
73 74
97 73
73 72
70 71
113 70
284 278
88 79
130 78
269 263
250 249
263 262
226 227
259 261
286 270
259 260
270 276
268 267
265 266
