190
313
0
276 6
275 10
272 11
273 13
277 15
152 18
155 21
271 22
154 23
274 25
140 27
142 29
138 30
157 31
288 33
285 34
149 37
146 39
145 41
143 42
287 43
289 45
280 48
279 49
268 51
267 53
266 55
262 58
264 60
263 57
249 66
208 70
195 72
196 74
193 75
240 77
210 79
212 80
260 84
255 85
220 88
218 91
186 94
184 95
214 96
170 98
171 97
203 101
205 102
245 104
198 108
162 110
164 111
246 112
243 113
237 117
232 119
234 120
236 122
227 125
187 127
192 130
190 131
189 132
183 135
182 134
174 140
173 139
172 143
223 145
224 146
225 148
202 150
200 151
241 153
159 159
161 160
166 162
165 157
248 164
169 168
167 169
217 171
216 172
206 174
181 177
179 178
175 180
178 182
177 183
251 184
258 186
256 188
253 190
229 192
230 193
261 194
281 196
283 198
151 199
147 202
136 204
23 212
22 213
20 214
92 215
91 217
89 219
39 221
37 222
105 224
17 226
19 227
64 230
65 231
48 233
47 235
49 236
46 241
44 242
66 244
68 245
127 247
128 248
129 253
36 255
34 256
135 258
77 260
33 262
31 263
6 267
8 268
99 270
55 273
54 275
52 277
56 278
101 279
98 283
72 285
74 286
112 290
123 291
116 294
121 295
124 297
117 299
125 300
71 303
69 304
75 307
9 306
10 310
104 313
102 314
119 316
110 317
40 320
94 324
96 325
28 327
30 328
3 330
5 331
109 334
108 336
62 337
13 340
12 343
43 344
11 339
60 346
87 349
85 350
57 354
59 353
27 358
24 357
25 361
26 362
80 363
84 367
83 369
14 372
16 373
81 374
50 376
2 378
0 379
0 1
1 2
2 3
3 5
5 6
5 7
7 10
7 11
7 13
7 14
14 15
14 17
17 18
17 19
19 20
20 21
20 22
19 23
14 24
24 25
24 26
26 27
26 29
26 30
7 31
3 32
32 33
32 34
3 35
35 36
36 37
36 38
38 39
38 41
38 42
35 43
2 44
44 45
44 46
46 47
47 48
47 49
46 50
50 51
51 53
50 54
54 55
54 57
57 58
57 60
54 62
62 63
63 64
64 65
65 66
65 68
68 69
69 70
69 71
71 72
71 74
71 75
68 76
76 77
76 78
78 79
78 80
65 82
82 83
83 84
83 85
82 86
86 87
87 88
87 90
90 91
90 92
92 93
93 94
93 95
92 96
87 97
97 98
86 100
100 101
100 102
65 103
103 104
103 107
107 108
107 109
109 110
109 111
103 112
103 113
64 116
116 117
116 118
118 119
118 120
64 121
121 122
121 123
123 124
124 125
124 126
126 127
126 129
129 130
129 131
126 132
123 133
133 134
134 135
133 139
139 140
139 143
133 144
144 145
144 146
133 147
147 148
147 149
149 150
149 151
64 153
64 155
155 156
156 157
157 158
158 159
158 160
157 162
156 164
155 165
165 166
166 167
167 168
167 169
166 170
170 171
170 172
165 173
173 174
173 175
175 176
176 177
176 178
175 179
179 180
179 182
179 183
64 184
63 186
63 187
187 188
187 189
189 190
189 191
191 192
191 193
62 194
1 195
195 196
195 198
195 199
199 201
201 202
201 203
203 204
203 205
205 207
207 208
208 210
210 212
210 213
210 214
208 215
208 216
216 217
216 218
218 219
218 220
220 221
220 222
207 223
223 224
223 225
225 226
225 227
205 228
228 230
228 231
228 232
232 233
232 235
232 236
205 237
237 240
240 241
240 242
237 243
243 244
243 245
237 246
246 247
246 248
237 250
250 251
251 252
252 253
252 254
254 255
254 256
251 257
257 258
257 259
259 260
259 261
261 262
261 263
250 264
264 265
265 266
266 267
266 268
265 269
269 270
269 272
272 273
272 275
272 277
272 278
269 279
264 282
282 283
282 284
284 285
284 286
264 287
287 288
288 289
289 290
289 291
288 294
288 295
288 296
296 297
296 299
296 300
287 302
302 303
302 304
287 305
305 306
306 307
306 310
305 312
312 313
312 314
305 315
315 316
315 317
264 318
318 319
319 320
319 322
322 323
323 324
323 325
322 326
326 327
326 328
319 329
329 330
329 331
318 334
318 335
335 336
335 337
318 338
338 339
339 340
339 343
339 344
338 346
237 347
347 348
348 349
348 350
347 351
351 352
352 353
353 354
352 356
356 357
357 358
357 361
356 362
351 363
363 365
365 366
366 367
367 369
366 371
371 372
371 373
366 374
365 375
375 376
375 377
377 378
377 379
