190
293
293
216 216
217 217
214 214
212 212
210 210
264 264
218 218
164 164
136 136
135 135
138 138
225 225
24 24
25 25
26 26
27 27
20 20
22 22
23 23
223 223
28 28
161 161
289 289
0 0
281 281
8 8
283 283
220 220
285 285
287 287
258 258
263 263
121 121
261 261
123 123
124 124
125 125
127 127
128 128
129 129
268 268
224 224
59 59
55 55
54 54
57 57
56 56
50 50
52 52
179 179
200 200
195 195
196 196
190 190
193 193
192 192
227 227
177 177
117 117
89 89
274 274
110 110
276 276
112 112
83 83
80 80
81 81
119 119
87 87
84 84
85 85
251 251
198 198
256 256
3 3
255 255
245 245
108 108
109 109
241 241
240 240
243 243
102 102
167 167
101 101
249 249
248 248
104 104
105 105
39 39
33 33
31 31
30 30
37 37
36 36
34 34
246 246
271 271
60 60
62 62
64 64
65 65
66 66
178 178
68 68
69 69
175 175
174 174
173 173
172 172
171 171
170 170
288 288
181 181
253 253
182 182
183 183
2 2
186 186
187 187
184 184
6 6
189 189
202 202
273 273
99 99
98 98
169 169
229 229
280 280
91 91
165 165
166 166
92 92
205 205
94 94
162 162
96 96
11 11
10 10
13 13
12 12
14 14
17 17
16 16
19 19
272 272
116 116
275 275
151 151
152 152
155 155
154 154
157 157
159 159
277 277
279 279
234 234
236 236
237 237
230 230
232 232
48 48
49 49
46 46
47 47
44 44
43 43
40 40
5 5
9 9
146 146
147 147
203 203
145 145
142 142
143 143
140 140
206 206
208 208
149 149
77 77
75 75
74 74
72 72
71 71
262 262
260 260
267 267
266 266
215 216
215 217
213 214
231 215
211 212
219 213
211 210
239 211
247 165
263 264
269 265
219 218
221 219
134 133
134 132
132 131
134 130
148 137
137 136
134 135
137 134
141 139
139 138
165 166
114 24
24 25
24 26
24 27
21 20
93 21
21 22
21 23
165 160
29 28
95 29
160 161
290 289
1 0
41 4
282 281
7 8
282 283
197 163
286 285
290 284
286 287
291 286
120 119
270 271
259 258
133 120
122 121
133 122
122 123
122 124
122 125
132 126
126 127
126 128
130 129
284 269
278 268
168 167
126 118
58 59
131 58
53 55
53 54
58 57
53 56
79 51
51 50
100 53
53 52
265 259
293 292
291 290
292 291
163 164
222 201
207 199
180 179
201 200
194 195
209 194
244 197
176 178
226 191
191 190
194 193
191 192
131 115
126 114
114 88
90 89
120 111
111 110
120 113
111 112
88 82
82 83
79 80
82 81
114 86
86 87
82 84
86 85
250 251
197 198
257 256
207 206
228 226
259 257
4 3
176 177
259 254
100 7
250 247
270 273
254 255
222 225
244 245
259 244
107 108
107 109
242 241
239 240
244 243
254 242
103 102
120 103
115 100
100 101
118 106
115 107
103 104
106 105
38 39
90 38
32 33
78 32
32 31
29 30
38 37
35 36
130 35
35 34
244 246
292 282
257 252
204 205
222 223
199 176
61 60
107 61
61 62
126 63
63 64
63 65
67 66
126 67
67 68
70 69
176 175
173 174
222 173
173 172
242 171
171 170
204 203
228 222
286 288
180 181
252 253
247 248
222 182
182 183
199 180
1 2
163 162
188 187
185 184
7 6
221 220
185 186
226 188
188 189
201 202
194 196
242 221
213 185
100 99
97 98
215 168
168 169
230 229
235 228
90 91
93 90
118 93
93 92
107 95
95 94
132 97
95 96
42 11
9 10
11 13
11 12
82 15
15 14
18 17
15 16
18 19
106 18
116 117
259 250
122 116
270 274
254 204
270 275
282 151
286 150
158 153
153 152
156 155
153 154
156 157
270 156
160 159
270 158
270 277
233 234
250 238
257 239
278 279
231 207
250 235
235 236
238 237
252 230
247 231
233 232
238 233
222 224
278 280
63 48
48 49
45 46
48 47
45 44
126 45
61 42
42 43
41 40
107 41
51 1
4 5
76 9
270 272
144 146
148 147
150 144
144 145
141 142
144 143
139 140
158 141
257 209
209 208
151 148
150 149
78 77
113 76
76 75
73 74
97 73
73 72
70 71
113 70
284 278
88 79
130 78
269 263
250 249
263 262
226 227
259 261
286 270
259 260
270 276
268 267
265 266
