478
871
0
638 3
640 4
631 8
632 9
633 10
642 12
636 15
634 16
584 18
583 21
582 22
576 26
566 31
568 32
579 33
580 35
574 37
557 39
555 40
578 43
569 45
571 46
577 48
573 49
215 63
218 64
209 65
187 68
189 69
217 70
251 71
178 76
199 77
204 79
202 80
201 81
180 86
179 86
181 89
153 91
200 92
166 95
167 96
164 97
154 98
298 108
295 109
294 110
229 114
231 115
258 116
260 117
297 119
296 121
275 124
276 125
282 127
284 128
232 130
234 131
268 135
267 136
246 140
248 141
272 144
271 146
269 147
245 148
273 149
265 151
274 153
263 154
222 156
261 159
221 161
219 162
203 165
147 169
148 170
223 171
227 173
228 176
225 177
226 178
161 180
163 180
197 183
252 185
170 191
174 193
135 196
136 197
134 198
168 199
214 201
211 205
210 206
212 207
176 209
177 209
205 212
213 213
254 214
249 216
242 218
240 219
183 222
182 223
243 224
98 231
119 232
97 233
85 236
84 237
76 240
83 241
75 245
74 246
81 247
77 248
145 249
90 252
58 254
32 257
40 259
34 261
38 262
41 263
140 264
194 270
195 273
196 274
192 275
149 278
123 282
122 283
120 284
126 286
127 288
124 289
191 294
160 295
159 296
78 303
80 306
79 307
8 309
10 311
6 312
87 313
116 314
113 316
112 318
115 320
111 321
133 322
114 325
117 327
132 328
131 329
185 331
186 332
143 336
141 337
151 339
130 341
128 342
171 345
173 346
184 347
11 351
13 353
5 355
3 356
55 360
54 363
37 365
35 366
57 368
14 370
15 371
56 372
25 376
22 378
24 379
23 380
65 381
50 384
52 385
45 391
43 392
60 393
73 394
70 399
47 400
72 401
67 403
69 404
68 406
31 409
30 410
71 411
152 414
99 416
101 417
102 418
138 422
94 424
96 425
109 429
108 431
107 433
64 435
62 436
103 439
106 440
110 442
49 444
26 447
28 450
29 451
27 452
2 455
0 456
19 460
21 462
17 464
20 465
16 466
18 467
157 470
156 472
146 473
91 475
93 476
270 477
352 481
351 483
337 485
349 486
367 487
355 489
354 490
278 492
277 493
348 499
345 500
346 503
336 504
334 506
311 508
309 510
308 512
310 513
347 514
257 516
256 518
255 519
328 527
324 529
320 530
321 532
323 533
325 535
329 536
327 539
326 540
287 542
285 544
288 545
279 550
281 552
239 554
235 555
236 555
303 559
302 561
304 562
312 563
318 565
322 566
380 567
460 571
402 576
401 577
404 579
406 580
408 581
437 584
431 586
429 587
439 588
364 592
391 595
386 596
361 598
363 599
388 601
393 604
392 605
394 607
384 609
410 611
389 612
426 615
379 616
342 618
292 622
293 623
291 625
289 626
341 628
343 629
356 632
358 633
339 635
340 636
515 641
516 642
491 644
493 645
479 647
477 648
474 650
428 654
472 655
473 657
475 658
427 659
530 662
541 665
540 668
529 671
513 673
511 674
538 675
524 678
527 680
526 681
534 682
533 684
537 690
535 691
562 692
560 693
490 695
489 696
542 701
517 704
519 705
544 707
543 708
547 710
546 711
564 715
559 716
545 718
561 721
565 722
531 724
549 726
550 727
554 731
523 733
521 734
551 735
553 736
563 737
485 743
471 745
470 747
484 748
432 751
483 754
456 756
469 757
433 758
464 761
463 762
454 764
440 765
482 771
481 772
466 773
480 774
418 778
420 780
422 782
419 786
421 787
423 788
424 789
413 792
411 794
414 795
451 796
436 798
371 801
369 803
359 805
360 806
383 807
461 810
400 813
398 814
417 820
416 822
415 823
409 824
374 826
372 827
442 829
444 830
434 831
375 834
377 835
316 841
307 842
305 842
317 845
315 846
299 848
301 849
332 852
330 853
331 855
333 856
506 858
507 860
510 862
508 863
447 870
445 871
397 873
395 874
476 875
503 877
500 878
502 880
504 881
495 886
496 887
497 888
488 891
486 892
498 893
450 896
448 897
458 898
611 902
622 904
623 905
597 912
599 913
600 914
610 915
606 919
601 920
591 923
588 926
590 928
586 930
589 931
593 932
604 933
603 934
596 936
594 937
607 938
619 942
621 943
616 946
618 948
615 949
613 950
627 952
625 954
628 955
0 1
1 2
2 3
2 4
1 5
5 6
6 8
6 9
6 10
5 11
11 12
11 13
13 14
14 15
14 16
13 17
17 18
17 19
19 20
20 21
20 22
19 23
23 24
24 25
25 26
25 27
27 28
28 29
29 30
30 31
30 32
29 33
28 34
34 35
34 36
36 37
36 38
38 39
38 40
27 41
41 42
42 43
42 44
44 45
44 46
41 47
47 48
47 49
24 50
50 51
51 52
52 53
53 54
54 55
55 56
56 58
58 59
59 60
60 62
62 63
62 64
60 65
60 67
67 68
67 69
60 70
59 71
58 72
72 73
73 76
73 77
73 78
78 79
78 80
73 81
72 82
82 83
83 84
84 85
85 86
85 89
84 90
90 91
90 92
83 93
93 95
93 96
93 97
82 98
56 99
99 102
102 103
103 104
104 105
105 106
106 107
107 108
107 109
106 110
105 111
111 113
113 114
113 115
111 116
111 117
104 118
118 119
118 120
120 121
120 122
122 123
123 124
123 125
122 126
126 127
126 128
103 129
129 130
129 131
102 132
132 133
133 134
134 135
134 136
133 137
137 139
139 140
139 141
137 143
143 144
143 145
145 146
145 147
137 148
137 149
132 150
150 151
150 153
150 154
99 155
155 156
155 157
157 158
158 159
158 160
160 161
160 162
157 164
164 165
164 167
167 168
168 169
168 170
167 171
164 172
172 173
172 174
174 175
175 176
175 177
174 178
157 179
179 180
179 183
99 184
184 185
184 186
186 187
187 189
189 191
189 192
192 193
192 194
194 195
195 196
195 197
194 198
189 199
187 200
200 201
200 202
202 204
204 205
204 206
202 207
202 208
208 209
208 212
187 213
186 214
99 215
215 216
215 217
217 218
217 219
56 220
220 221
221 222
221 223
220 224
55 225
225 227
227 228
228 229
229 230
230 231
230 232
229 233
228 234
234 235
235 236
235 237
234 239
239 240
239 241
234 243
243 244
244 245
244 246
243 247
234 248
227 249
225 250
250 251
251 252
251 253
253 254
253 255
255 256
256 257
256 258
258 259
258 260
260 261
260 262
255 263
250 264
225 266
266 267
267 268
268 269
269 270
269 271
271 272
272 273
272 274
271 275
268 276
276 277
277 278
277 279
279 281
281 282
281 283
279 284
279 285
285 286
285 288
285 289
276 291
291 292
292 293
293 294
293 295
292 296
291 297
297 298
298 299
299 302
302 303
302 304
304 305
305 306
305 307
304 308
308 309
308 311
308 312
299 313
299 314
299 316
299 317
317 318
317 320
317 321
298 322
297 323
323 324
324 325
324 327
324 328
323 329
276 330
330 331
330 332
267 333
333 334
334 335
335 336
335 337
334 339
334 340
340 341
340 342
333 343
343 344
344 345
344 346
343 347
266 348
348 350
350 351
350 352
352 353
352 354
354 355
354 356
348 357
357 359
359 360
359 361
361 362
362 363
362 364
364 365
364 366
361 367
367 368
367 369
369 370
369 371
357 372
357 373
373 374
374 375
375 376
375 378
375 379
374 380
373 381
348 382
382 383
383 384
383 385
382 386
386 388
388 389
389 390
390 391
390 392
389 393
388 394
386 395
395 397
397 398
398 399
398 400
397 401
395 402
402 403
402 404
395 405
405 406
405 407
407 408
408 409
408 410
407 411
386 412
412 414
412 416
412 417
412 418
225 419
419 420
420 421
421 422
421 423
423 424
423 425
420 426
426 427
427 428
428 429
428 430
430 431
430 432
432 433
432 434
434 435
434 436
427 437
437 438
438 439
438 440
437 441
441 442
441 444
441 445
445 446
446 447
446 449
449 450
449 451
446 452
445 453
453 454
454 455
454 456
453 458
458 459
459 460
459 461
461 462
461 463
463 464
463 465
458 466
453 467
426 468
468 469
469 470
469 471
471 472
471 473
468 474
474 475
474 476
419 477
54 478
478 480
480 481
480 482
482 483
482 484
484 485
484 486
478 487
478 488
488 489
488 490
53 491
491 492
491 493
52 494
494 495
495 496
496 499
496 500
496 501
501 502
502 503
502 504
501 506
501 507
507 508
507 509
509 510
509 512
509 513
496 514
495 515
515 516
515 517
517 518
517 519
494 520
520 521
521 522
522 523
523 525
525 526
526 527
526 528
528 529
528 530
525 531
531 532
531 533
523 534
534 535
534 536
523 538
538 539
538 540
523 541
541 542
541 543
543 544
543 545
522 546
546 547
547 548
548 549
549 550
549 552
549 553
553 554
553 555
548 558
558 559
558 560
560 561
560 562
547 563
546 564
564 565
564 566
521 567
520 568
568 570
570 571
570 572
572 573
573 574
574 575
575 576
575 577
574 578
578 579
578 580
573 581
572 582
582 583
583 584
583 585
585 586
585 587
582 588
568 589
589 590
590 591
591 592
591 593
593 594
594 595
594 596
593 597
597 598
597 599
590 600
600 601
600 602
602 603
603 604
603 605
602 607
602 608
608 609
608 610
610 611
610 612
589 613
613 614
614 615
614 616
613 617
617 618
617 619
619 620
620 622
620 623
620 624
624 625
624 626
619 627
627 628
627 629
568 630
630 631
631 632
631 633
630 634
634 635
634 636
51 637
637 638
638 639
639 640
640 641
640 642
639 643
643 644
643 645
638 646
646 647
646 648
637 649
649 650
649 651
651 652
652 653
653 654
653 655
652 656
656 657
656 658
651 659
50 660
660 661
661 662
661 663
663 664
664 665
664 667
667 668
667 669
669 670
670 671
670 672
672 673
672 674
669 675
664 676
676 677
677 678
677 679
679 680
679 681
676 682
663 683
683 684
683 685
685 686
686 688
688 689
689 690
689 691
688 692
686 693
686 694
694 695
694 696
685 697
697 699
699 700
700 701
700 702
702 703
703 704
703 705
702 706
706 707
706 708
699 709
709 710
709 711
697 712
712 713
713 714
714 715
714 716
713 718
713 720
720 721
720 722
713 724
713 725
725 726
725 727
712 728
728 729
729 730
730 731
730 732
732 733
732 734
729 735
728 736
697 737
660 738
738 739
739 740
740 741
741 742
742 743
742 744
744 745
744 746
746 747
746 748
741 749
749 750
750 751
750 754
750 755
755 756
755 757
750 758
749 759
759 760
760 761
760 762
759 763
763 764
763 765
740 766
766 767
767 768
768 770
770 771
770 772
768 773
768 774
767 775
775 776
776 777
777 778
777 779
779 780
779 781
781 782
781 783
783 785
785 786
785 787
783 788
783 789
776 791
791 792
791 794
791 795
776 796
775 797
797 798
797 799
799 800
800 801
800 802
802 803
802 804
804 805
804 806
799 807
766 808
808 809
809 810
809 811
811 812
812 813
812 814
811 816
816 817
817 818
818 819
819 820
819 821
821 822
821 823
818 824
817 825
825 826
825 827
816 828
828 829
828 830
811 831
808 832
832 833
833 834
833 835
832 836
836 837
837 839
839 841
839 842
839 845
837 846
837 847
847 848
847 849
836 850
850 851
851 852
851 853
850 854
854 855
854 856
739 857
857 858
857 859
859 860
859 861
861 862
861 863
738 864
864 865
865 866
866 867
867 868
868 869
869 870
869 871
868 872
872 873
872 874
867 875
866 877
866 878
865 879
879 880
879 881
864 882
882 883
883 884
884 885
885 886
885 887
884 888
883 889
889 890
890 891
890 892
889 893
882 894
894 895
895 896
895 897
894 898
23 899
899 900
900 901
901 902
901 903
903 904
903 905
900 906
906 908
908 909
909 910
910 912
910 913
910 914
909 915
908 916
916 917
917 918
918 919
918 920
917 921
921 922
922 923
922 924
924 925
925 926
925 928
925 930
925 931
924 932
921 933
916 934
906 935
935 936
935 937
906 938
899 939
939 940
940 941
941 942
941 943
940 944
944 945
945 946
945 948
945 949
944 950
939 951
951 952
951 953
953 954
953 955
