478
955
0
268 29
272 31
269 32
273 35
284 38
282 40
276 42
275 43
295 46
297 47
296 48
298 50
271 51
294 56
234 58
232 59
274 61
265 63
263 64
267 67
231 69
260 71
229 72
254 74
252 76
214 82
213 83
210 86
205 88
177 90
176 91
174 95
152 97
102 101
101 102
99 103
73 110
71 114
68 115
67 117
60 120
45 122
43 123
31 125
30 126
69 128
65 129
57 133
55 137
54 138
15 140
14 141
37 143
35 144
56 145
72 146
47 148
13 151
5 153
3 154
11 155
52 157
50 158
70 159
25 162
24 164
22 165
23 166
135 169
136 170
134 171
170 173
168 174
212 176
211 177
184 181
173 183
171 184
151 186
143 189
141 190
130 192
128 193
145 195
119 198
98 200
97 201
85 203
84 205
76 208
81 209
83 211
77 213
75 215
74 216
196 220
195 221
149 225
127 229
124 230
126 231
123 234
120 235
122 236
192 237
194 238
133 249
114 250
117 251
132 252
131 253
115 256
112 257
111 258
116 260
113 261
87 263
79 267
78 268
10 270
8 272
6 273
80 274
160 276
159 277
191 278
186 280
185 281
246 285
248 286
147 293
148 295
270 296
226 298
163 300
161 301
228 304
225 305
227 307
223 308
261 311
221 313
219 314
203 315
222 316
197 317
251 320
218 325
215 326
217 329
189 331
187 332
209 333
157 338
156 339
146 342
93 344
91 345
26 353
27 354
110 356
17 361
18 363
16 364
21 366
20 367
2 369
0 370
19 371
29 373
28 374
49 375
109 378
108 380
103 381
107 382
64 384
62 385
106 386
94 389
96 390
138 391
140 393
90 395
41 397
58 399
40 401
38 403
34 405
32 406
204 411
201 412
164 414
167 417
166 418
200 421
153 422
181 426
180 427
179 428
178 429
199 430
202 431
249 434
154 435
242 437
240 438
245 440
243 442
183 444
182 445
258 446
278 448
277 449
337 450
355 454
352 455
351 456
349 457
354 458
367 459
380 460
406 471
404 472
402 474
401 475
439 478
431 480
429 481
437 482
493 487
491 488
516 490
515 491
479 493
477 494
475 498
473 500
472 501
428 503
427 504
474 505
460 506
410 515
389 516
384 517
392 518
394 519
393 520
364 521
386 523
358 526
340 528
339 529
356 530
391 532
363 534
361 535
388 536
426 538
379 539
348 544
347 545
346 547
336 550
334 551
311 553
310 555
309 557
308 558
345 559
256 561
257 563
255 564
343 568
342 570
341 571
293 574
291 576
289 577
292 578
279 583
281 585
239 587
236 589
235 590
312 594
303 595
304 596
302 597
287 598
329 604
328 609
322 610
321 611
325 612
320 613
324 614
323 616
318 617
327 619
326 620
288 622
285 623
408 624
436 625
506 635
510 638
498 642
488 644
486 645
497 647
495 648
496 649
508 651
507 652
485 655
466 659
456 660
481 662
480 663
482 664
484 669
483 671
469 672
433 673
432 674
471 677
470 678
434 679
464 682
463 683
461 684
444 687
442 688
417 693
415 694
409 695
416 696
374 698
372 699
450 702
448 703
458 704
454 705
476 709
447 712
397 714
395 715
445 716
503 718
500 719
504 721
502 722
451 730
424 733
420 734
423 735
421 736
419 737
422 738
414 741
413 742
411 743
418 744
440 745
359 750
360 751
371 753
369 754
383 755
400 758
398 759
377 762
375 763
333 768
331 769
330 770
332 771
317 775
315 776
316 778
307 780
305 781
301 783
299 784
530 785
511 788
529 790
513 791
538 792
541 794
540 796
534 798
527 801
526 802
524 803
535 805
533 806
560 811
542 812
562 813
565 821
537 822
559 824
554 827
551 828
550 830
549 831
564 832
543 836
545 837
544 838
547 841
546 842
519 844
517 845
531 846
561 847
563 848
490 850
489 851
553 853
523 855
521 856
579 858
568 860
566 861
576 867
574 868
580 869
577 871
573 872
557 874
555 875
578 878
571 879
569 880
582 882
627 887
623 889
610 895
596 897
594 898
606 900
604 903
593 906
589 908
590 910
588 912
586 913
591 914
603 917
601 918
600 920
599 922
597 923
607 924
611 925
622 926
628 927
625 928
615 933
613 934
621 936
619 937
618 938
616 939
583 940
584 941
640 943
638 944
642 947
636 949
634 950
633 953
631 954
632 955
0 1
1 2
2 3
3 4
4 5
5 6
6 7
7 8
8 9
9 10
10 11
11 12
12 13
13 14
14 15
15 16
16 17
17 18
18 19
19 20
20 21
21 22
22 23
23 24
24 25
25 26
26 27
27 28
28 29
28 30
30 31
30 32
27 33
33 34
34 35
34 36
36 37
37 38
37 39
39 40
39 41
41 42
41 43
36 44
44 45
45 46
45 47
44 48
33 49
49 50
49 51
26 52
52 53
53 54
54 55
55 56
55 57
57 58
57 59
54 60
60 61
60 62
62 63
62 64
53 65
65 66
66 67
66 68
68 69
68 70
70 71
70 72
65 73
73 74
73 75
75 76
75 77
77 78
78 79
79 80
80 81
81 82
81 83
80 84
84 85
85 86
85 87
87 88
87 89
89 90
89 91
84 92
92 93
93 94
94 95
94 96
96 97
96 98
98 99
99 100
100 101
100 102
99 103
98 104
104 105
105 106
106 107
107 108
108 109
109 110
109 111
111 112
112 113
113 114
113 115
112 116
116 117
116 118
118 119
119 120
119 121
121 122
121 123
118 124
124 125
124 126
111 127
127 128
127 129
108 130
130 131
131 132
132 133
132 134
134 135
135 136
136 137
136 138
135 139
139 140
139 141
134 142
142 143
142 144
131 145
130 146
107 147
147 148
147 149
149 150
150 151
150 152
152 153
152 154
149 155
106 156
156 157
156 158
105 159
104 160
160 161
161 162
161 163
163 164
163 165
160 166
93 167
167 168
168 169
168 170
167 171
92 172
172 173
172 174
79 175
175 176
175 177
78 178
178 179
179 180
180 181
180 182
182 183
182 184
179 185
185 186
185 187
187 188
188 189
188 190
187 191
191 192
191 193
178 194
194 195
194 196
196 197
197 198
197 199
199 200
199 201
196 202
202 203
202 204
204 205
204 206
206 207
207 208
207 209
206 210
210 211
210 212
212 213
212 214
214 215
214 216
77 217
217 218
218 219
219 220
219 221
218 222
222 223
223 224
224 225
224 226
226 227
227 228
228 229
228 230
227 231
226 232
232 233
233 234
233 235
232 236
223 237
222 238
217 239
239 240
240 241
241 242
242 243
243 244
244 245
245 246
246 247
247 248
248 249
248 250
247 251
246 252
245 253
244 254
254 255
255 256
255 257
254 258
243 259
259 260
259 261
242 262
262 263
262 264
264 265
265 266
266 267
266 268
265 269
269 270
269 271
271 272
271 273
264 274
241 275
275 276
275 277
240 278
239 279
279 280
279 281
52 282
282 283
283 284
284 285
284 286
283 287
287 288
288 289
289 290
290 291
291 292
292 293
292 294
294 295
294 296
291 297
297 298
297 299
299 300
299 301
290 302
302 303
303 304
303 305
302 306
306 307
306 308
289 309
309 310
310 311
310 312
312 313
312 314
309 315
288 316
287 317
282 318
318 319
319 320
319 321
321 322
322 323
323 324
324 325
324 326
323 327
327 328
328 329
328 330
330 331
330 332
327 333
322 334
334 335
335 336
336 337
337 338
337 339
336 340
340 341
341 342
341 343
343 344
343 345
340 346
346 347
347 348
348 349
349 350
350 351
351 352
352 353
352 354
351 355
355 356
355 357
357 358
358 359
359 360
360 361
360 362
362 363
362 364
359 365
365 366
365 367
358 368
368 369
368 370
357 371
350 372
372 373
372 374
349 375
348 376
376 377
377 378
377 379
379 380
379 381
376 382
347 383
383 384
383 385
346 386
335 387
387 388
388 389
388 390
387 391
334 392
392 393
392 394
394 395
394 396
396 397
396 398
398 399
398 400
400 401
400 402
402 403
402 404
404 405
404 406
321 407
407 408
408 409
409 410
410 411
410 412
409 413
413 414
413 415
415 416
416 417
416 418
415 419
419 420
420 421
420 422
419 423
423 424
424 425
425 426
425 427
424 428
423 429
408 430
407 431
318 432
432 433
433 434
433 435
432 436
436 437
436 438
25 439
439 440
439 441
441 442
441 443
443 444
443 445
24 446
23 447
447 448
447 449
22 450
21 451
451 452
452 453
453 454
453 455
452 456
451 457
20 458
19 459
18 460
17 461
461 462
462 463
463 464
464 465
465 466
466 467
467 468
468 469
469 470
470 471
470 472
469 473
473 474
473 475
468 476
476 477
477 478
477 479
479 480
479 481
476 482
467 483
483 484
484 485
485 486
486 487
486 488
485 489
489 490
489 491
484 492
492 493
492 494
483 495
495 496
496 497
497 498
497 499
499 500
499 501
496 502
502 503
502 504
495 505
466 506
465 507
507 508
508 509
509 510
510 511
511 512
512 513
513 514
514 515
514 516
513 517
512 518
511 519
510 520
509 521
508 522
522 523
522 524
524 525
525 526
525 527
527 528
527 529
524 530
507 531
531 532
531 533
533 534
533 535
464 536
463 537
537 538
537 539
462 540
540 541
541 542
542 543
543 544
543 545
542 546
546 547
546 548
548 549
549 550
549 551
548 552
552 553
552 554
554 555
554 556
556 557
556 558
541 559
540 560
560 561
560 562
562 563
562 564
461 565
565 566
566 567
567 568
567 569
569 570
569 571
566 572
572 573
573 574
573 575
575 576
575 577
572 578
565 579
579 580
580 581
581 582
582 583
582 584
584 585
584 586
586 587
586 588
588 589
588 590
581 591
591 592
592 593
593 594
593 595
592 596
591 597
580 598
579 599
599 600
600 601
601 602
602 603
603 604
603 605
605 606
606 607
607 608
608 609
608 610
607 611
606 612
605 613
602 614
601 615
615 616
615 617
600 618
618 619
618 620
599 621
621 622
621 623
16 624
15 625
14 626
626 627
627 628
628 629
629 630
630 631
631 632
632 633
633 634
634 635
634 636
636 637
637 638
637 639
639 640
640 641
641 642
641 643
643 644
643 645
640 646
646 647
646 648
639 649
636 650
650 651
650 652
633 653
653 654
654 655
654 656
656 657
657 658
658 659
658 660
657 661
661 662
661 663
656 664
653 665
665 666
666 667
667 668
668 669
668 670
670 671
670 672
667 673
666 674
665 675
675 676
676 677
676 678
675 679
632 680
680 681
681 682
681 683
680 684
631 685
685 686
686 687
686 688
685 689
689 690
690 691
691 692
692 693
692 694
691 695
690 696
689 697
697 698
697 699
630 700
700 701
701 702
701 703
700 704
629 705
628 706
706 707
707 708
708 709
708 710
710 711
711 712
711 713
713 714
713 715
710 716
707 717
717 718
717 719
706 720
720 721
720 722
627 723
723 724
724 725
725 726
726 727
727 728
728 729
729 730
729 731
731 732
732 733
732 734
731 735
728 736
727 737
726 738
725 739
739 740
740 741
740 742
739 743
724 744
723 745
626 746
746 747
747 748
748 749
749 750
749 751
748 752
752 753
752 754
747 755
746 756
756 757
757 758
757 759
756 760
760 761
761 762
761 763
760 764
764 765
765 766
766 767
767 768
767 769
766 770
765 771
764 772
772 773
773 774
774 775
774 776
773 777
777 778
777 779
779 780
779 781
772 782
782 783
782 784
13 785
12 786
786 787
787 788
787 789
789 790
789 791
786 792
11 793
793 794
793 795
795 796
795 797
797 798
797 799
799 800
800 801
800 802
799 803
10 804
804 805
804 806
9 807
807 808
808 809
809 810
810 811
810 812
809 813
808 814
814 815
815 816
816 817
817 818
818 819
819 820
820 821
820 822
819 823
823 824
823 825
825 826
826 827
826 828
825 829
829 830
829 831
818 832
817 833
833 834
834 835
835 836
835 837
834 838
833 839
839 840
840 841
840 842
839 843
843 844
843 845
816 846
815 847
814 848
807 849
849 850
849 851
8 852
852 853
852 854
854 855
854 856
7 857
857 858
857 859
859 860
859 861
6 862
862 863
863 864
864 865
865 866
866 867
866 868
865 869
864 870
870 871
870 872
863 873
873 874
873 875
862 876
876 877
877 878
877 879
876 880
5 881
881 882
881 883
883 884
884 885
885 886
886 887
886 888
888 889
888 890
890 891
891 892
892 893
893 894
894 895
894 896
896 897
896 898
893 899
899 900
899 901
901 902
902 903
902 904
904 905
905 906
905 907
907 908
907 909
909 910
909 911
911 912
911 913
904 914
901 915
915 916
916 917
916 918
915 919
919 920
919 921
921 922
921 923
892 924
891 925
890 926
885 927
884 928
883 929
929 930
930 931
931 932
932 933
932 934
931 935
935 936
935 937
930 938
929 939
4 940
3 941
2 942
942 943
942 944
1 945
945 946
946 947
946 948
948 949
948 950
945 951
951 952
952 953
952 954
951 955
