478
689
0
268 29
272 31
269 32
273 34
284 38
282 40
276 42
275 41
295 44
297 47
296 48
298 50
271 49
294 56
234 58
232 59
274 61
265 63
263 64
267 67
231 69
260 71
229 72
254 74
252 76
214 82
213 83
210 78
205 87
177 89
176 91
174 94
152 96
102 101
101 102
99 103
73 110
71 114
68 115
67 117
60 120
45 122
43 123
31 125
30 124
69 128
65 129
57 133
55 137
54 138
15 140
14 139
37 143
35 144
56 145
72 146
47 148
13 151
5 153
3 154
11 155
52 157
50 158
70 159
25 162
24 164
22 160
23 166
135 168
136 170
134 171
170 173
168 174
212 176
211 177
184 179
173 183
171 184
151 186
143 189
141 190
130 192
128 193
145 195
119 198
98 200
97 199
85 202
84 205
76 208
81 209
83 211
77 213
75 206
74 216
196 220
195 217
149 224
127 229
124 230
126 231
123 234
120 235
122 236
192 237
194 238
133 249
114 250
117 251
132 245
131 253
115 256
112 257
111 242
116 260
113 261
87 263
79 264
78 268
10 270
8 272
6 273
80 274
160 276
159 277
191 278
186 280
185 279
246 285
248 286
147 292
148 295
270 296
226 298
163 300
161 301
228 304
225 305
227 307
223 308
261 311
221 313
219 314
203 315
222 316
197 317
251 320
218 325
215 326
217 329
189 331
187 332
209 333
157 338
156 339
146 336
93 344
91 345
26 350
27 354
110 356
17 355
18 363
16 364
21 366
20 367
2 369
0 370
19 371
29 373
28 374
49 375
109 378
108 380
103 381
107 382
64 384
62 385
106 386
94 389
96 390
138 391
140 393
90 395
41 397
58 399
40 401
38 403
34 405
32 406
204 411
201 412
164 414
167 417
166 418
200 415
153 422
181 426
180 427
179 423
178 429
199 430
202 431
249 434
154 435
242 437
240 438
245 440
243 442
183 444
182 443
258 446
278 448
277 447
337 450
355 454
352 455
351 456
349 457
354 458
367 459
380 460
406 471
404 472
402 474
401 473
439 478
431 480
429 481
437 482
493 487
491 488
516 490
515 491
479 493
477 494
475 498
473 500
472 483
428 502
427 504
474 505
460 506
410 515
389 516
384 517
392 464
394 519
393 520
364 521
386 523
358 526
340 527
339 529
356 530
391 532
363 534
361 535
388 536
426 538
379 539
348 544
347 545
346 547
336 550
334 551
311 553
310 555
309 552
308 558
345 559
256 560
257 563
255 564
343 568
342 570
341 566
293 574
291 575
289 577
292 578
279 583
281 585
239 587
236 588
235 590
312 594
303 595
304 596
302 591
287 598
329 604
328 609
322 610
321 579
325 612
320 613
324 614
323 616
318 617
327 619
326 620
288 622
285 623
408 624
436 625
506 635
510 638
498 642
488 644
486 645
497 647
495 648
496 649
508 636
507 652
485 655
466 659
456 660
481 662
480 656
482 664
484 669
483 671
469 672
433 673
432 666
471 677
470 678
434 679
464 682
463 683
461 684
444 687
442 688
417 693
415 689
409 695
416 696
374 698
372 699
450 702
448 703
458 704
454 705
476 709
447 712
397 714
395 715
445 716
503 718
500 719
504 721
502 722
451 730
424 733
420 734
423 735
421 736
419 724
422 738
414 741
413 742
411 743
418 744
440 745
359 750
360 749
371 753
369 754
383 755
400 758
398 759
377 762
375 763
333 768
331 769
330 765
332 771
317 775
315 776
316 778
307 780
305 781
301 783
299 784
530 785
511 788
529 790
513 791
538 792
541 794
540 796
534 797
527 801
526 802
524 803
535 805
533 806
560 811
542 812
562 813
565 821
537 822
559 824
554 827
551 828
550 830
549 829
564 832
543 833
545 837
544 838
547 841
546 842
519 844
517 843
531 846
561 847
563 848
490 850
489 849
553 853
523 855
521 856
579 858
568 860
566 861
576 867
574 868
580 869
577 871
573 872
557 874
555 875
578 878
571 879
569 880
582 882
627 887
623 888
610 895
596 897
594 898
606 900
604 903
593 906
589 908
590 910
588 912
586 913
591 914
603 917
601 918
600 920
599 922
597 923
607 924
611 925
622 926
628 927
625 928
615 933
613 934
621 936
619 937
618 938
616 939
583 940
584 941
640 943
638 944
642 947
636 949
634 950
633 953
631 951
632 955
0 1
1 3
3 4
4 5
5 6
6 8
8 9
9 11
11 12
12 13
13 14
14 15
15 16
16 17
17 18
18 19
19 20
20 21
21 22
22 23
23 25
25 26
26 29
26 31
26 32
26 34
34 36
36 38
36 40
36 41
41 42
36 44
44 47
44 48
26 49
49 50
26 54
54 55
55 56
55 57
57 58
57 59
54 61
54 63
54 64
26 66
66 67
66 68
68 69
68 70
70 71
70 72
26 73
73 74
73 76
73 77
77 78
78 81
81 82
81 83
78 87
87 89
89 91
78 92
92 93
93 94
94 96
96 98
98 101
98 102
98 103
98 104
104 105
105 110
105 114
105 115
105 117
105 119
119 120
119 121
121 122
121 123
105 124
124 125
105 127
127 128
127 129
105 131
131 133
131 137
131 138
131 139
139 140
131 142
142 143
142 144
131 145
105 146
105 147
147 148
147 149
149 151
149 152
152 153
152 154
149 155
105 156
156 157
156 158
105 159
104 160
160 162
160 164
160 166
93 167
167 168
168 170
167 171
92 173
92 174
78 176
78 177
78 178
178 179
179 182
182 183
182 184
179 185
185 186
185 188
188 189
188 190
185 191
191 192
191 193
178 194
194 195
194 196
196 198
196 199
199 200
196 202
202 204
204 205
204 206
206 207
207 208
207 209
206 211
206 213
206 216
77 217
217 220
217 222
222 223
223 224
224 226
226 229
226 230
226 231
226 232
232 234
232 235
232 236
223 237
222 238
217 239
239 240
240 241
241 242
242 245
245 249
245 250
245 251
245 253
242 256
242 257
242 260
242 261
242 262
262 263
262 264
264 268
264 269
269 270
269 271
271 272
271 273
264 274
241 276
241 277
240 278
239 279
279 280
26 284
284 285
284 286
26 287
287 289
289 290
290 291
291 292
292 294
294 295
294 296
291 297
297 298
297 299
299 300
299 301
290 304
290 305
290 307
290 308
289 311
289 312
312 313
312 314
289 315
287 316
287 317
26 319
319 320
319 323
323 324
324 325
324 326
323 328
328 329
328 330
330 331
330 332
323 333
319 334
334 335
335 336
336 337
337 338
337 339
336 343
343 344
343 345
336 346
346 349
349 350
350 354
350 355
355 356
355 363
355 364
355 366
355 367
355 368
368 369
368 370
355 371
350 372
372 373
372 374
349 375
346 378
346 380
346 381
346 382
346 383
383 384
383 385
346 386
335 387
387 388
388 389
388 390
387 391
334 392
392 393
392 394
394 395
394 396
396 397
396 398
398 399
398 400
400 401
400 403
400 404
404 405
404 406
319 407
407 411
407 412
407 414
407 415
415 416
416 417
416 418
415 422
415 423
423 426
423 427
423 429
407 430
407 431
26 432
432 434
432 435
432 436
436 437
436 438
25 440
25 441
441 442
441 443
443 444
23 446
23 447
447 448
22 450
21 453
453 454
453 455
21 456
21 457
20 458
19 459
18 460
17 464
464 466
466 467
467 468
468 469
469 470
470 471
470 472
469 473
473 474
468 478
468 479
479 480
479 481
468 482
467 483
483 484
484 485
485 486
486 487
486 488
485 489
489 490
489 491
484 492
492 493
492 494
483 498
483 500
483 502
502 504
483 505
466 506
464 514
514 515
514 516
464 517
464 519
464 520
464 521
464 522
522 523
522 524
524 526
524 527
527 529
524 530
464 531
531 532
531 533
533 534
533 535
464 536
17 537
537 538
537 539
17 540
540 541
541 544
541 545
541 546
546 547
546 550
546 551
546 552
552 553
552 555
552 558
541 559
540 560
560 563
560 564
17 566
566 568
566 570
566 572
572 574
572 575
575 577
572 578
17 579
579 580
580 581
581 583
581 584
584 585
584 586
586 587
586 588
588 590
581 591
591 594
591 595
591 596
580 598
579 604
579 609
579 610
579 612
579 613
579 614
579 615
615 616
615 617
579 618
618 619
618 620
579 621
621 622
621 623
16 624
15 625
14 626
626 634
634 635
634 636
636 637
637 638
637 639
639 641
641 642
641 643
643 644
643 645
639 647
639 648
639 649
636 652
626 655
626 656
656 658
658 659
658 660
656 662
656 664
626 666
666 668
668 669
668 671
668 672
666 673
626 677
626 678
626 679
626 680
680 682
680 683
680 684
626 685
685 686
686 687
686 688
685 689
689 693
689 695
689 696
689 697
697 698
697 699
626 700
700 701
701 702
701 703
700 704
626 705
626 706
706 707
707 708
708 709
708 710
710 712
710 713
713 714
713 715
710 716
707 718
707 719
706 720
720 721
720 722
626 723
723 724
724 730
724 733
724 734
724 735
724 736
724 738
724 739
739 741
739 742
739 743
724 744
723 745
626 747
747 748
748 749
749 750
748 752
752 753
752 754
747 755
626 756
756 757
757 758
757 759
756 760
760 761
761 762
761 763
760 764
764 765
765 768
765 769
765 771
764 772
772 775
772 776
772 778
772 779
779 780
779 781
772 782
782 783
782 784
13 785
12 787
787 788
787 789
789 790
789 791
12 792
11 794
11 796
11 797
797 799
799 801
799 802
799 803
9 804
804 805
804 806
9 809
809 810
810 811
810 812
809 813
9 815
815 820
820 821
820 822
815 824
815 826
826 827
826 828
815 829
829 830
815 832
815 833
833 837
833 838
833 839
839 840
840 841
840 842
839 843
843 844
815 846
815 847
9 848
9 849
849 850
8 852
852 853
852 854
854 855
854 856
6 857
857 858
857 859
859 860
859 861
6 866
866 867
866 868
6 869
6 870
870 871
870 872
6 873
873 874
873 875
6 876
876 877
877 878
877 879
876 880
5 881
881 882
881 883
883 884
884 885
885 886
886 887
886 888
888 890
890 891
891 892
892 893
893 894
894 895
894 896
896 897
896 898
893 899
899 900
899 902
902 903
902 904
904 905
905 906
905 907
907 908
907 909
909 910
909 912
909 913
904 914
899 916
916 917
916 918
899 919
919 920
919 921
921 922
921 923
892 924
891 925
890 926
885 927
884 928
883 929
929 932
932 933
932 934
929 935
935 936
935 937
929 938
929 939
4 940
3 941
1 942
942 943
942 944
1 945
945 946
946 947
946 948
948 949
948 950
945 951
951 953
951 955
