478
645
645
0 580
346 549
347 30
340 426
341 77
342 5
343 246
348 369
349 199
298 8
299 26
296 255
297 488
294 133
295 305
292 289
293 101
291 561
591 507
590 50
593 348
199 202
594 395
597 41
596 55
195 74
194 414
197 375
196 521
191 356
192 102
270 401
271 217
272 168
273 128
274 200
275 209
276 279
277 16
278 180
279 437
524 288
526 111
527 146
521 294
523 256
599 112
529 251
448 529
442 600
440 574
447 115
445 550
444 489
108 27
109 523
102 513
103 429
101 495
106 157
107 287
38 80
32 218
31 324
30 54
37 337
35 234
34 579
640 323
642 131
439 607
436 189
437 10
434 177
432 359
433 621
431 439
339 493
334 90
337 352
336 308
331 97
330 3
333 273
332 301
345 164
6 537
99 615
98 588
91 296
90 474
93 235
94 141
97 625
96 307
559 138
555 254
554 417
557 223
551 342
550 87
553 34
239 469
234 160
235 282
236 341
231 596
232 448
146 70
147 31
618 117
145 330
143 19
140 533
141 292
613 186
610 219
611 67
616 634
148 192
149 268
623 93
133 173
132 148
131 127
130 554
498 261
136 272
135 434
134 542
495 45
496 285
138 428
490 476
491 120
493 76
24 276
25 240
26 132
27 374
20 40
21 23
22 589
23 445
28 147
29 393
406 178
404 38
402 79
401 392
400 578
409 622
408 327
379 611
371 541
372 106
375 590
374 471
377 484
393 191
392 394
391 163
619 122
397 203
395 205
394 640
83 460
80 551
81 304
87 422
84 555
85 584
607 297
586 52
584 331
582 628
583 454
580 409
588 424
589 326
245 442
246 221
240 84
243 527
242 57
615 316
249 124
248 623
519 231
511 360
510 20
513 397
515 78
517 400
516 110
458 383
622 328
621 170
627 423
625 482
450 601
451 99
628 103
454 270
456 411
179 35
178 49
177 458
176 257
174 174
173 538
171 263
170 498
182 310
183 2
180 483
181 56
186 184
187 470
184 408
185 130
189 349
11 576
10 0
13 228
15 627
14 318
17 562
16 295
19 553
18 560
62 364
322 473
323 222
320 618
321 145
326 363
327 315
324 573
325 113
328 161
329 480
201 345
200 73
203 477
202 71
205 325
204 481
209 28
77 29
76 583
75 114
74 444
73 524
72 526
71 232
70 68
79 436
78 519
542 134
543 210
540 597
541 81
546 37
547 610
544 565
545 6
8 293
549 631
68 391
120 166
122 13
123 531
124 183
126 380
127 404
128 358
2 355
414 535
415 334
416 340
417 511
410 329
411 15
413 577
418 311
419 98
318 281
312 440
311 260
310 126
317 351
316 226
315 508
497 564
3 464
369 258
367 60
364 24
363 427
360 236
361 140
380 346
383 47
384 463
386 466
388 333
389 545
579 486
578 384
573 284
571 14
577 534
576 544
574 431
60 491
258 72
606 152
64 367
65 421
67 275
252 515
69 303
251 176
256 65
257 213
254 211
255 245
603 416
508 504
506 291
507 181
504 485
502 410
503 179
500 638
631 591
632 571
633 154
469 43
636 413
638 415
464 451
466 320
461 194
460 461
463 239
168 149
164 594
166 347
167 107
160 496
161 479
163 563
600 109
356 201
355 516
354 64
352 603
351 302
359 265
358 604
217 616
214 136
215 490
212 75
213 402
210 96
211 586
218 388
219 116
289 123
288 196
281 510
282 540
285 185
284 252
287 299
263 58
261 419
260 322
267 606
265 62
269 215
268 143
58 197
55 506
54 633
57 204
56 386
50 274
52 636
537 343
535 420
534 317
533 336
531 195
530 153
538 547
115 227
114 267
117 167
116 91
111 187
110 497
113 135
112 406
119 11
429 389
428 475
421 530
420 566
423 159
422 22
424 298
427 17
426 568
308 619
309 108
301 502
302 278
303 309
304 354
305 546
307 83
568 248
569 321
560 433
561 447
562 32
563 339
564 214
565 398
566 503
229 632
228 271
227 277
226 557
225 94
223 372
222 312
221 156
151 379
604 456
153 418
152 25
601 151
154 18
157 69
156 472
159 119
634 569
398 432
49 582
47 559
45 225
43 599
40 613
41 21
5 332
489 85
488 500
486 377
485 182
484 269
483 593
482 249
481 371
480 243
472 517
473 229
470 242
471 543
476 171
477 450
474 642
475 212
479 361
392 344
1 0
344 346
344 347
357 340
365 341
341 342
341 343
344 348
350 349
609 595
605 606
595 594
620 619
295 298
300 299
295 296
295 297
295 294
338 295
290 292
290 293
341 290
290 291
592 591
587 590
592 593
605 592
200 199
237 198
598 597
595 596
206 195
193 194
198 197
195 196
190 191
206 190
195 193
193 192
266 270
266 271
266 272
266 273
266 274
283 275
275 276
278 277
353 278
280 279
525 524
534 525
525 526
525 527
528 520
522 521
552 522
522 523
598 599
539 528
528 529
457 449
449 448
465 443
443 442
468 441
441 440
446 447
476 446
446 445
443 444
105 108
105 109
100 102
104 103
152 100
100 101
105 106
105 107
105 104
146 105
42 39
39 38
39 33
33 32
30 31
66 30
36 37
53 36
36 35
33 34
644 641
639 640
644 643
641 642
645 644
453 438
438 439
435 436
438 437
435 434
480 435
455 432
432 433
453 430
430 431
340 339
350 338
344 335
335 334
338 337
335 336
330 331
366 330
330 333
330 332
344 345
7 6
100 99
97 98
92 91
89 90
92 93
146 92
137 95
95 94
118 97
95 96
558 559
572 558
556 555
552 554
556 557
572 556
552 551
549 550
552 553
558 552
302 238
238 239
233 234
236 235
238 236
262 237
259 230
230 231
233 232
266 233
17 1
617 614
155 146
224 147
210 144
144 145
150 142
142 143
139 140
142 141
623 612
614 613
609 610
612 611
617 616
624 617
147 148
193 149
630 623
623 622
132 133
158 132
132 131
129 130
155 137
135 136
175 135
135 134
509 494
494 495
200 139
137 138
489 490
492 491
514 492
492 493
22 24
22 25
48 26
26 27
17 20
17 21
66 22
22 23
26 28
26 29
438 407
405 406
407 405
405 404
409 403
401 402
407 401
399 400
630 629
415 409
407 408
626 628
378 379
392 378
370 371
382 370
415 373
373 372
376 375
373 374
376 377
403 376
617 618
392 393
425 392
118 88
139 89
396 397
446 396
396 395
392 394
88 82
82 83
79 80
82 81
111 86
86 87
85 84
88 85
9 7
602 601
608 607
587 586
592 587
585 584
643 585
581 582
581 583
575 580
585 581
587 588
587 589
244 245
262 244
262 247
247 246
266 241
241 240
244 243
241 242
614 615
250 249
247 248
518 519
543 518
512 511
509 510
512 513
528 512
514 515
543 514
518 517
514 516
457 458
472 459
620 621
624 620
626 627
629 626
626 625
629 624
449 450
452 451
467 452
459 453
455 454
480 455
455 456
509 457
200 179
179 178
205 177
177 176
210 175
175 174
172 173
184 172
172 171
169 170
266 253
244 182
182 183
179 180
179 181
185 186
188 187
210 184
207 185
208 188
188 189
12 11
9 10
12 13
46 12
14 15
53 14
26 17
17 16
17 19
17 18
63 62
321 322
321 323
321 320
385 321
321 326
321 327
321 324
321 325
321 328
321 329
200 201
216 200
200 203
200 202
210 205
200 204
253 207
207 206
208 209
216 208
75 77
75 76
82 75
75 74
66 73
66 72
66 71
66 70
86 79
79 78
1 2
543 542
558 543
539 540
539 541
543 546
543 547
543 544
543 545
7 8
558 548
558 549
66 68
609 598
121 120
125 121
121 122
121 123
125 124
149 125
125 126
125 127
129 128
150 129
412 414
443 415
415 416
415 417
425 410
412 411
419 412
412 413
494 498
419 418
452 419
514 499
321 319
319 318
319 313
313 312
309 311
309 310
314 317
314 316
314 315
366 314
494 496
494 497
4 3
381 368
370 369
403 366
368 367
365 364
385 365
390 362
362 363
382 360
362 361
381 380
392 381
441 382
382 383
385 384
392 385
387 386
392 387
387 388
390 389
608 605
575 579
575 578
605 604
572 573
575 572
570 571
575 570
575 577
575 576
581 575
575 574
61 60
66 61
259 258
295 259
63 64
66 65
100 66
66 67
253 252
66 69
266 250
250 251
344 256
256 257
253 254
256 255
602 603
605 602
509 508
520 509
505 506
505 507
501 504
508 505
501 502
501 503
501 500
520 501
637 630
641 631
631 632
631 633
468 469
480 468
635 636
643 637
480 465
462 464
480 467
467 466
462 461
459 460
462 463
468 462
169 168
210 169
165 164
200 165
165 166
165 167
158 160
162 161
198 162
162 163
598 600
79 9
378 357
357 356
353 355
353 354
368 353
350 352
350 351
353 350
360 359
357 358
266 216
216 217
210 214
216 215
210 212
210 213
253 210
210 211
216 218
220 219
290 289
286 288
12 4
280 281
302 280
295 283
283 282
286 285
283 284
286 287
321 286
264 263
266 262
262 261
259 260
266 267
295 266
264 265
266 264
266 269
266 268
89 59
59 58
53 55
53 54
53 57
53 56
66 51
51 50
66 53
51 52
536 537
558 536
536 535
105 63
532 533
548 532
532 531
528 530
548 539
539 538
111 115
111 114
111 117
111 116
132 111
105 110
111 113
111 112
118 119
144 118
430 429
472 428
539 534
419 421
419 420
419 423
419 422
453 425
419 424
428 427
425 426
309 308
335 309
314 300
300 301
313 302
302 303
302 304
306 305
314 306
306 307
567 568
570 569
558 560
558 561
558 562
558 563
558 564
558 565
567 566
575 567
230 229
224 228
224 227
224 226
224 225
237 224
224 223
220 222
220 221
237 220
392 391
410 390
150 151
184 150
200 153
169 152
216 155
153 154
155 157
155 156
158 159
190 158
612 609
609 608
635 634
465 399
637 635
399 398
104 48
48 49
66 46
46 47
61 44
44 45
59 42
44 43
39 40
42 41
639 638
4 5
641 639
549 489
487 488
494 487
487 486
480 485
480 484
480 483
480 482
480 481
505 480
499 472
472 473
468 470
468 471
501 476
478 477
472 474
472 475
499 478
478 479
