478
645
645
0 0
346 346
347 347
340 340
341 341
342 342
343 343
348 348
349 349
298 298
299 299
296 296
297 297
294 294
295 295
292 292
293 293
291 291
591 591
590 590
593 593
199 199
594 594
597 597
596 596
195 195
194 194
197 197
196 196
191 191
192 192
270 270
271 271
272 272
273 273
274 274
275 275
276 276
277 277
278 278
279 279
524 524
526 526
527 527
521 521
523 523
599 599
529 529
448 448
442 442
440 440
447 447
445 445
444 444
108 108
109 109
102 102
103 103
101 101
106 106
107 107
38 38
32 32
31 31
30 30
37 37
35 35
34 34
640 640
642 642
439 439
436 436
437 437
434 434
432 432
433 433
431 431
339 339
334 334
337 337
336 336
331 331
330 330
333 333
332 332
345 345
6 6
99 99
98 98
91 91
90 90
93 93
94 94
97 97
96 96
559 559
555 555
554 554
557 557
551 551
550 550
553 553
239 239
234 234
235 235
236 236
231 231
232 232
146 146
147 147
618 618
145 145
143 143
140 140
141 141
613 613
610 610
611 611
616 616
148 148
149 149
623 623
133 133
132 132
131 131
130 130
498 498
136 136
135 135
134 134
495 495
496 496
138 138
490 490
491 491
493 493
24 24
25 25
26 26
27 27
20 20
21 21
22 22
23 23
28 28
29 29
406 406
404 404
402 402
401 401
400 400
409 409
408 408
379 379
371 371
372 372
375 375
374 374
377 377
393 393
392 392
391 391
619 619
397 397
395 395
394 394
83 83
80 80
81 81
87 87
84 84
85 85
607 607
586 586
584 584
582 582
583 583
580 580
588 588
589 589
245 245
246 246
240 240
243 243
242 242
615 615
249 249
248 248
519 519
511 511
510 510
513 513
515 515
517 517
516 516
458 458
622 622
621 621
627 627
625 625
450 450
451 451
628 628
454 454
456 456
179 179
178 178
177 177
176 176
174 174
173 173
171 171
170 170
182 182
183 183
180 180
181 181
186 186
187 187
184 184
185 185
189 189
11 11
10 10
13 13
15 15
14 14
17 17
16 16
19 19
18 18
62 62
322 322
323 323
320 320
321 321
326 326
327 327
324 324
325 325
328 328
329 329
201 201
200 200
203 203
202 202
205 205
204 204
209 209
77 77
76 76
75 75
74 74
73 73
72 72
71 71
70 70
79 79
78 78
542 542
543 543
540 540
541 541
546 546
547 547
544 544
545 545
8 8
549 549
68 68
120 120
122 122
123 123
124 124
126 126
127 127
128 128
2 2
414 414
415 415
416 416
417 417
410 410
411 411
413 413
418 418
419 419
318 318
312 312
311 311
310 310
317 317
316 316
315 315
497 497
3 3
369 369
367 367
364 364
363 363
360 360
361 361
380 380
383 383
384 384
386 386
388 388
389 389
579 579
578 578
573 573
571 571
577 577
576 576
574 574
60 60
258 258
606 606
64 64
65 65
67 67
252 252
69 69
251 251
256 256
257 257
254 254
255 255
603 603
508 508
506 506
507 507
504 504
502 502
503 503
500 500
631 631
632 632
633 633
469 469
636 636
638 638
464 464
466 466
461 461
460 460
463 463
168 168
164 164
166 166
167 167
160 160
161 161
163 163
600 600
356 356
355 355
354 354
352 352
351 351
359 359
358 358
217 217
214 214
215 215
212 212
213 213
210 210
211 211
218 218
219 219
289 289
288 288
281 281
282 282
285 285
284 284
287 287
263 263
261 261
260 260
267 267
265 265
269 269
268 268
58 58
55 55
54 54
57 57
56 56
50 50
52 52
537 537
535 535
534 534
533 533
531 531
530 530
538 538
115 115
114 114
117 117
116 116
111 111
110 110
113 113
112 112
119 119
429 429
428 428
421 421
420 420
423 423
422 422
424 424
427 427
426 426
308 308
309 309
301 301
302 302
303 303
304 304
305 305
307 307
568 568
569 569
560 560
561 561
562 562
563 563
564 564
565 565
566 566
229 229
228 228
227 227
226 226
225 225
223 223
222 222
221 221
151 151
604 604
153 153
152 152
601 601
154 154
157 157
156 156
159 159
634 634
398 398
49 49
47 47
45 45
43 43
40 40
41 41
5 5
489 489
488 488
486 486
485 485
484 484
483 483
482 482
481 481
480 480
472 472
473 473
470 470
471 471
476 476
477 477
474 474
475 475
479 479
392 344
1 0
344 346
344 347
357 340
365 341
341 342
341 343
344 348
350 349
609 595
605 606
595 594
620 619
295 298
300 299
295 296
295 297
295 294
338 295
290 292
290 293
341 290
290 291
592 591
587 590
592 593
605 592
200 199
237 198
598 597
595 596
206 195
193 194
198 197
195 196
190 191
206 190
195 193
193 192
266 270
266 271
266 272
266 273
266 274
283 275
275 276
278 277
353 278
280 279
525 524
534 525
525 526
525 527
528 520
522 521
552 522
522 523
598 599
539 528
528 529
457 449
449 448
465 443
443 442
468 441
441 440
446 447
476 446
446 445
443 444
105 108
105 109
100 102
104 103
152 100
100 101
105 106
105 107
105 104
146 105
42 39
39 38
39 33
33 32
30 31
66 30
36 37
53 36
36 35
33 34
644 641
639 640
644 643
641 642
645 644
453 438
438 439
435 436
438 437
435 434
480 435
455 432
432 433
453 430
430 431
340 339
350 338
344 335
335 334
338 337
335 336
330 331
366 330
330 333
330 332
344 345
7 6
100 99
97 98
92 91
89 90
92 93
146 92
137 95
95 94
118 97
95 96
558 559
572 558
556 555
552 554
556 557
572 556
552 551
549 550
552 553
558 552
302 238
238 239
233 234
236 235
238 236
262 237
259 230
230 231
233 232
266 233
17 1
617 614
155 146
224 147
210 144
144 145
150 142
142 143
139 140
142 141
623 612
614 613
609 610
612 611
617 616
624 617
147 148
193 149
630 623
623 622
132 133
158 132
132 131
129 130
155 137
135 136
175 135
135 134
509 494
494 495
200 139
137 138
489 490
492 491
514 492
492 493
22 24
22 25
48 26
26 27
17 20
17 21
66 22
22 23
26 28
26 29
438 407
405 406
407 405
405 404
409 403
401 402
407 401
399 400
630 629
415 409
407 408
626 628
378 379
392 378
370 371
382 370
415 373
373 372
376 375
373 374
376 377
403 376
617 618
392 393
425 392
118 88
139 89
396 397
446 396
396 395
392 394
88 82
82 83
79 80
82 81
111 86
86 87
85 84
88 85
9 7
602 601
608 607
587 586
592 587
585 584
643 585
581 582
581 583
575 580
585 581
587 588
587 589
244 245
262 244
262 247
247 246
266 241
241 240
244 243
241 242
614 615
250 249
247 248
518 519
543 518
512 511
509 510
512 513
528 512
514 515
543 514
518 517
514 516
457 458
472 459
620 621
624 620
626 627
629 626
626 625
629 624
449 450
452 451
467 452
459 453
455 454
480 455
455 456
509 457
200 179
179 178
205 177
177 176
210 175
175 174
172 173
184 172
172 171
169 170
266 253
244 182
182 183
179 180
179 181
185 186
188 187
210 184
207 185
208 188
188 189
12 11
9 10
12 13
46 12
14 15
53 14
26 17
17 16
17 19
17 18
63 62
321 322
321 323
321 320
385 321
321 326
321 327
321 324
321 325
321 328
321 329
200 201
216 200
200 203
200 202
210 205
200 204
253 207
207 206
208 209
216 208
75 77
75 76
82 75
75 74
66 73
66 72
66 71
66 70
86 79
79 78
1 2
543 542
558 543
539 540
539 541
543 546
543 547
543 544
543 545
7 8
558 548
558 549
66 68
609 598
121 120
125 121
121 122
121 123
125 124
149 125
125 126
125 127
129 128
150 129
412 414
443 415
415 416
415 417
425 410
412 411
419 412
412 413
494 498
419 418
452 419
514 499
321 319
319 318
319 313
313 312
309 311
309 310
314 317
314 316
314 315
366 314
494 496
494 497
4 3
381 368
370 369
403 366
368 367
365 364
385 365
390 362
362 363
382 360
362 361
381 380
392 381
441 382
382 383
385 384
392 385
387 386
392 387
387 388
390 389
608 605
575 579
575 578
605 604
572 573
575 572
570 571
575 570
575 577
575 576
581 575
575 574
61 60
66 61
259 258
295 259
63 64
66 65
100 66
66 67
253 252
66 69
266 250
250 251
344 256
256 257
253 254
256 255
602 603
605 602
509 508
520 509
505 506
505 507
501 504
508 505
501 502
501 503
501 500
520 501
637 630
641 631
631 632
631 633
468 469
480 468
635 636
643 637
480 465
462 464
480 467
467 466
462 461
459 460
462 463
468 462
169 168
210 169
165 164
200 165
165 166
165 167
158 160
162 161
198 162
162 163
598 600
79 9
378 357
357 356
353 355
353 354
368 353
350 352
350 351
353 350
360 359
357 358
266 216
216 217
210 214
216 215
210 212
210 213
253 210
210 211
216 218
220 219
290 289
286 288
12 4
280 281
302 280
295 283
283 282
286 285
283 284
286 287
321 286
264 263
266 262
262 261
259 260
266 267
295 266
264 265
266 264
266 269
266 268
89 59
59 58
53 55
53 54
53 57
53 56
66 51
51 50
66 53
51 52
536 537
558 536
536 535
105 63
532 533
548 532
532 531
528 530
548 539
539 538
111 115
111 114
111 117
111 116
132 111
105 110
111 113
111 112
118 119
144 118
430 429
472 428
539 534
419 421
419 420
419 423
419 422
453 425
419 424
428 427
425 426
309 308
335 309
314 300
300 301
313 302
302 303
302 304
306 305
314 306
306 307
567 568
570 569
558 560
558 561
558 562
558 563
558 564
558 565
567 566
575 567
230 229
224 228
224 227
224 226
224 225
237 224
224 223
220 222
220 221
237 220
392 391
410 390
150 151
184 150
200 153
169 152
216 155
153 154
155 157
155 156
158 159
190 158
612 609
609 608
635 634
465 399
637 635
399 398
104 48
48 49
66 46
46 47
61 44
44 45
59 42
44 43
39 40
42 41
639 638
4 5
641 639
549 489
487 488
494 487
487 486
480 485
480 484
480 483
480 482
480 481
505 480
499 472
472 473
468 470
468 471
501 476
478 477
472 474
472 475
499 478
478 479
