194
350
0
259 5
257 7
258 8
255 9
267 10
265 15
268 16
253 18
251 21
250 23
252 24
254 27
249 28
247 29
192 35
183 36
187 38
185 39
189 40
263 42
198 43
190 48
191 49
262 50
261 52
197 53
194 55
196 56
182 59
175 62
180 64
178 66
177 67
165 71
167 72
168 73
164 78
163 79
172 80
162 81
171 84
173 85
160 86
161 86
271 91
229 94
223 97
221 98
199 101
201 103
202 104
203 105
204 111
206 112
208 113
226 115
227 116
224 117
218 121
220 122
217 123
216 128
213 129
214 130
211 132
209 133
215 134
243 138
100 147
103 148
104 149
114 152
116 153
117 154
136 155
134 158
110 160
109 161
126 162
153 167
157 170
156 171
154 172
138 174
155 175
236 177
238 179
240 182
239 183
241 184
129 186
127 187
106 193
108 194
122 195
124 196
105 199
94 202
92 205
90 206
89 208
91 209
87 211
93 212
141 213
121 215
118 217
120 218
72 227
71 228
67 230
69 231
75 232
73 233
66 235
62 241
36 244
33 245
35 246
61 248
59 249
24 255
41 258
21 259
1 261
0 262
23 264
22 265
10 267
8 268
11 271
38 272
16 276
14 277
29 279
26 279
28 282
37 286
40 287
39 288
13 290
17 292
19 293
5 296
7 297
2 299
4 300
48 303
47 304
56 307
64 308
45 310
58 311
52 314
44 316
53 317
55 319
42 321
50 323
54 326
51 327
30 329
32 330
77 332
79 333
83 336
82 338
80 339
86 341
84 342
98 344
99 348
97 349
95 350
102 351
113 356
111 357
235 358
232 359
158 363
149 365
142 369
144 370
146 371
148 372
159 373
152 376
150 377
231 380
234 381
233 383
130 385
132 386
245 387
0 1
1 2
2 3
3 4
4 5
4 6
6 7
6 8
3 9
2 10
1 11
11 12
12 13
13 14
14 15
14 16
13 17
17 18
17 21
17 23
17 24
17 25
25 26
26 27
26 28
25 29
12 30
30 31
31 32
32 33
33 34
34 35
34 36
33 37
37 38
37 39
32 40
31 41
41 42
41 43
30 44
44 45
45 46
46 47
47 48
47 49
46 50
45 51
51 52
51 53
44 54
54 55
54 56
11 57
57 58
58 59
58 60
60 61
61 62
61 63
63 64
63 65
65 66
65 67
60 68
68 69
69 70
70 71
70 72
69 73
68 75
75 77
77 78
77 79
75 80
75 81
68 82
82 84
82 85
82 86
57 89
89 90
90 91
90 92
92 93
93 94
93 95
95 96
96 97
96 98
95 99
99 100
100 101
100 102
102 103
102 104
99 105
92 106
106 107
107 109
109 110
110 111
110 112
109 113
107 114
114 115
114 116
107 117
106 118
118 120
120 121
120 122
118 123
118 124
124 125
125 126
126 127
127 128
127 129
126 130
125 131
131 132
131 133
124 134
89 135
135 136
136 137
137 138
137 139
139 140
140 141
141 143
143 144
144 145
145 146
146 147
146 148
145 149
144 150
150 152
150 153
150 154
143 155
141 156
156 157
157 158
157 159
159 160
159 161
156 162
141 163
163 164
164 165
165 167
165 168
168 169
169 170
169 171
168 172
165 173
173 174
173 175
164 176
176 177
176 178
178 179
178 180
180 182
180 183
180 184
163 185
185 186
185 187
140 188
188 189
189 190
190 191
191 192
192 193
192 194
191 195
190 196
189 197
197 198
198 199
198 200
200 202
200 203
203 204
204 205
204 206
203 207
207 208
207 209
200 210
210 211
210 212
197 213
188 214
214 215
214 216
216 217
216 218
139 219
219 220
220 221
221 222
222 224
224 225
225 227
225 228
225 229
229 230
229 231
224 232
222 233
222 234
234 235
234 239
239 241
239 242
242 243
243 244
243 245
242 246
239 247
247 248
247 249
234 250
250 253
253 254
254 255
254 256
256 258
256 259
256 260
260 261
260 262
253 264
253 265
250 266
266 267
266 268
250 269
269 270
270 271
270 272
269 273
273 274
274 275
275 276
275 277
274 278
278 279
278 282
273 285
285 286
285 287
273 288
273 289
289 290
289 291
291 292
291 293
250 295
295 296
295 297
250 298
298 299
298 300
234 301
301 302
302 303
302 304
301 305
305 306
306 307
306 308
305 309
309 310
309 311
234 312
312 314
312 315
315 316
315 317
312 318
318 319
318 321
318 323
318 324
324 326
324 327
324 328
328 329
328 330
221 331
331 332
331 333
220 334
334 335
335 336
335 337
337 338
337 339
334 340
340 341
340 342
219 343
343 344
343 345
345 346
346 347
347 348
347 349
346 350
345 351
136 352
352 353
353 354
354 355
355 356
355 357
354 358
353 359
352 360
360 361
361 362
362 363
362 365
362 366
366 367
367 368
368 369
368 370
367 371
366 372
361 373
360 375
375 376
375 377
360 378
378 379
379 380
379 381
378 383
378 384
384 385
384 386
135 387
