194
270
1
231 6
149 7
113 10
232 11
255 19
217 25
223 28
173 29
163 31
271 33
249 41
190 46
104 53
110 62
154 68
157 71
136 73
37 81
0 96
1 97
2 98
4 99
5 100
7 101
8 102
10 103
11 104
13 105
14 106
16 107
17 108
19 109
21 110
22 111
23 112
24 113
26 114
28 115
29 116
30 117
32 118
33 119
35 120
36 121
38 122
39 123
40 124
41 125
42 126
44 127
45 128
47 129
48 130
50 131
51 132
52 133
53 134
54 135
55 136
56 137
58 138
59 139
61 140
62 141
64 142
66 143
67 144
69 145
71 146
72 147
73 148
75 149
77 150
79 151
80 152
82 153
83 154
84 155
86 156
87 157
89 158
90 159
91 160
92 161
93 162
94 163
95 164
97 165
98 166
99 167
100 168
102 169
103 170
105 171
106 172
108 173
109 174
111 175
114 176
116 177
117 178
118 179
120 180
121 181
122 182
124 183
126 184
127 185
129 186
130 187
132 188
134 189
138 190
141 191
142 192
144 193
146 194
148 195
150 196
152 197
153 198
155 199
156 200
158 201
159 202
160 203
161 204
162 205
164 206
165 207
167 208
168 209
171 210
172 211
175 212
177 213
178 214
180 215
182 216
183 217
185 218
187 219
189 220
191 221
192 222
194 223
196 224
197 225
198 226
199 227
201 228
202 229
203 230
204 231
206 232
208 233
209 234
211 235
213 236
214 237
215 238
216 239
218 240
220 241
221 242
224 243
226 244
227 245
229 246
233 247
234 248
235 249
236 250
238 251
239 252
240 253
241 254
243 255
245 256
247 257
250 258
251 259
252 260
253 261
254 262
257 263
258 264
259 265
261 266
262 267
263 268
265 269
267 270
268 271
1 2
2 3
3 4
3 5
3 6
6 7
7 8
6 9
3 10
3 11
2 12
12 13
13 14
12 15
15 16
16 17
16 18
15 19
12 20
20 21
21 22
21 23
23 24
23 25
21 26
26 27
26 28
20 29
29 30
30 31
31 32
20 33
20 34
12 35
35 36
36 37
37 38
36 39
39 40
39 41
36 42
42 43
43 44
43 45
43 46
42 47
47 48
47 49
35 50
50 51
2 52
52 53
53 54
54 55
54 56
54 57
57 58
58 59
57 60
54 61
53 62
53 63
63 64
63 65
63 66
63 67
67 68
68 69
69 70
68 71
68 72
63 73
53 74
52 75
75 76
76 77
76 78
75 79
75 80
75 81
81 82
81 83
81 84
81 85
2 86
86 87
87 88
87 89
89 90
89 91
91 92
92 93
91 94
89 95
83 96
83 97
81 98
82 99
84 100
84 101
81 102
82 103
81 104
82 105
81 106
81 107
81 108
82 109
83 110
83 111
83 112
83 113
85 114
85 115
85 116
77 117
77 118
80 119
80 120
80 121
81 122
81 123
81 124
83 125
76 126
76 127
75 128
79 129
79 130
76 131
76 132
78 133
76 134
76 135
76 136
75 137
75 138
75 139
75 140
94 141
75 142
75 143
95 144
90 145
88 146
89 147
91 148
89 149
93 150
92 151
59 152
61 153
52 154
52 155
52 156
74 157
74 158
74 159
74 160
74 161
74 162
74 163
60 164
57 165
58 166
57 167
53 168
57 169
53 170
66 171
55 172
55 173
62 174
4 175
63 176
63 177
63 178
72 179
72 180
72 181
55 182
56 183
53 184
65 185
65 186
9 187
9 188
68 189
68 190
64 191
8 192
8 193
8 194
7 195
6 196
6 197
68 198
68 199
68 200
6 201
70 202
30 203
30 204
31 205
31 206
32 207
32 208
32 209
30 210
30 211
51 212
51 213
50 214
50 215
17 216
49 217
47 218
47 219
48 220
46 221
18 222
44 223
45 224
45 225
42 226
22 227
22 228
22 229
22 230
34 231
34 232
24 233
23 234
23 235
23 236
23 237
23 238
23 239
23 240
23 241
27 242
24 243
24 244
24 245
21 246
6 247
6 248
5 249
67 250
67 251
67 252
67 253
67 254
69 255
86 256
39 257
40 258
39 259
39 260
39 261
41 262
13 263
13 264
13 265
43 266
43 267
42 268
38 269
14 270
37 271
