194
194
194
0 0
1 1
2 2
4 3
5 4
7 5
8 6
10 7
11 8
13 9
14 10
16 11
17 12
19 13
21 14
22 15
23 16
24 17
26 18
28 19
29 20
30 21
32 22
33 23
35 24
36 25
38 26
39 27
37 28
40 29
41 30
42 31
44 32
45 33
47 34
48 35
50 36
51 37
52 38
53 39
54 40
55 41
56 42
58 43
59 44
61 45
62 46
64 47
66 48
67 49
69 50
71 51
72 52
73 53
75 54
77 55
79 56
80 57
82 58
83 59
84 60
86 61
87 62
89 63
90 64
91 65
92 66
93 67
94 68
95 69
97 70
98 71
99 72
100 73
102 74
103 75
104 76
105 77
106 78
108 79
109 80
110 81
111 82
113 83
114 84
116 85
117 86
118 87
120 88
121 89
122 90
124 91
126 92
127 93
129 94
130 95
132 96
134 97
136 98
138 99
141 100
142 101
144 102
146 103
148 104
149 105
150 106
152 107
153 108
155 109
156 110
157 111
154 112
158 113
159 114
160 115
161 116
162 117
163 118
164 119
165 120
167 121
168 122
171 123
172 124
173 125
175 126
177 127
178 128
180 129
182 130
183 131
185 132
187 133
189 134
190 135
191 136
192 137
194 138
196 139
197 140
198 141
199 142
201 143
202 144
203 145
204 146
206 147
208 148
209 149
211 150
213 151
214 152
215 153
216 154
217 155
218 156
220 157
221 158
223 159
224 160
226 161
227 162
229 163
231 164
232 165
233 166
234 167
235 168
236 169
238 170
239 171
240 172
241 173
243 174
245 175
247 176
249 177
250 178
251 179
252 180
253 181
254 182
255 183
257 184
258 185
259 186
261 187
262 188
263 189
265 190
267 191
268 192
271 193
194 192
192 190
190 187
187 132
132 189
189 141
132 133
132 135
135 136
141 140
189 188
132 134
132 137
140 139
192 177
177 182
177 176
177 181
182 180
177 179
177 178
132 131
194 186
186 184
184 185
186 183
184 191
140 138
131 127
127 128
127 129
127 126
127 118
118 116
116 115
118 119
116 124
118 117
118 121
116 125
118 122
121 120
116 123
126 130
181 175
175 174
174 173
173 112
112 109
112 111
109 99
112 97
112 171
112 172
97 76
76 73
76 75
76 86
73 64
64 65
64 66
65 63
76 85
112 108
112 170
76 84
76 92
97 81
81 80
99 98
112 110
112 169
64 62
64 67
64 68
73 93
93 94
76 77
94 70
70 72
70 69
70 74
112 78
78 79
78 90
70 71
72 60
60 58
58 59
60 61
109 87
87 88
87 89
60 57
76 100
76 91
59 56
56 53
53 47
47 43
47 28
28 11
28 18
18 20
28 29
28 30
18 19
28 2
28 8
28 13
28 26
28 27
2 3
11 10
28 0
0 1
28 6
28 9
28 12
28 14
28 16
28 17
47 32
32 37
6 7
28 4
4 5
28 15
32 31
32 39
43 33
43 42
47 34
47 44
32 21
21 22
32 36
32 40
32 41
34 35
44 24
24 23
23 25
47 46
47 48
32 38
53 52
56 50
44 45
52 49
52 51
56 55
53 54
174 164
164 113
113 105
164 167
164 166
105 103
103 101
101 102
164 95
95 96
164 165
105 104
164 106
106 107
113 114
164 168
164 82
95 83
183 163
163 158
158 159
158 142
142 143
142 144
142 145
163 160
160 148
160 154
154 151
154 153
154 152
148 146
146 147
154 149
154 155
154 156
154 157
160 162
154 150
160 161
194 193
