194
272
272
216 198
217 64
214 226
215 253
213 218
211 66
165 168
265 16
218 77
132 126
130 106
136 98
134 254
138 104
24 11
26 58
167 103
21 42
22 114
23 2
160 37
28 152
29 268
161 216
0 208
4 71
8 40
220 121
258 54
120 69
121 158
122 177
124 48
126 84
127 22
129 167
268 255
118 141
59 209
58 182
55 21
54 0
56 56
51 1
50 132
53 157
52 227
164 240
201 95
199 90
198 82
194 36
197 50
178 247
191 258
190 185
192 52
227 93
114 120
117 211
89 232
111 87
110 72
113 215
253 164
82 134
83 153
80 243
86 165
87 100
84 99
206 231
226 155
257 80
254 136
7 146
247 83
245 213
108 32
109 45
241 79
240 252
243 55
102 127
103 197
100 178
106 236
104 175
105 196
39 161
38 160
33 265
32 109
224 86
30 117
37 189
36 159
35 238
252 250
223 192
61 271
62 47
259 89
64 118
66 13
67 249
177 251
69 183
175 220
251 7
173 111
172 224
171 62
255 194
203 19
249 14
271 92
182 102
183 235
180 171
2 150
162 97
187 187
185 154
250 233
189 73
196 259
221 263
99 4
98 38
168 180
229 105
91 142
90 23
93 116
92 217
95 51
94 245
97 75
163 61
11 229
10 172
13 91
14 163
17 8
16 33
19 10
116 223
150 148
153 149
152 204
155 234
154 257
157 17
156 113
159 239
158 162
238 28
239 206
234 221
235 94
236 35
231 267
232 108
233 202
48 5
47 144
44 130
45 201
42 26
40 39
41 214
1 59
5 199
146 262
144 203
202 41
142 30
204 241
141 124
209 173
208 191
148 53
149 67
77 129
75 156
73 24
72 138
71 44
79 29
263 190
262 122
261 110
267 261
212 216
212 217
212 214
212 215
219 212
212 213
212 210
210 211
166 165
269 264
264 265
219 218
225 219
237 133
131 132
231 131
131 130
237 137
137 136
154 135
133 134
237 139
137 138
169 166
20 24
37 25
27 26
37 27
37 20
20 21
20 22
20 23
161 160
27 28
27 29
163 161
20 0
3 4
9 8
170 163
135 119
270 271
256 258
119 120
119 121
123 122
237 123
125 124
133 125
125 126
128 127
139 128
128 129
270 269
269 268
166 167
119 118
60 59
57 58
49 55
49 54
65 57
57 56
49 51
49 50
49 53
49 52
256 259
163 164
200 201
200 199
181 179
228 200
260 195
195 194
195 197
179 178
190 191
193 190
260 193
193 192
140 115
115 114
100 88
88 89
112 111
135 110
112 113
179 176
81 82
81 83
81 80
85 81
85 86
88 87
85 84
96 85
248 251
195 198
266 256
205 206
225 226
256 257
25 3
176 177
248 254
6 7
248 247
256 255
230 225
246 245
246 244
107 108
110 109
237 241
237 240
242 243
244 242
101 102
104 103
104 100
139 101
107 106
123 107
125 104
104 105
37 39
37 38
34 33
31 32
49 31
31 30
65 37
34 36
34 35
63 34
269 246
248 252
231 151
207 205
222 223
63 60
60 61
63 62
65 63
65 64
76 65
65 66
68 67
70 68
68 69
176 175
176 174
174 173
170 172
170 171
174 170
200 203
228 222
184 181
248 253
269 248
181 182
184 183
179 180
3 2
163 162
186 187
188 184
25 6
219 220
188 186
193 188
188 189
200 202
195 196
222 221
186 185
96 99
96 98
169 168
170 169
230 229
230 228
88 91
88 90
88 93
88 92
96 95
88 94
96 97
101 96
12 11
9 10
12 13
37 12
37 15
15 14
18 17
15 16
18 19
37 18
115 117
248 250
115 116
205 204
225 224
151 150
154 153
151 152
154 155
237 154
154 157
154 156
158 159
231 158
231 112
237 238
237 239
231 234
231 235
237 236
242 237
264 230
244 231
231 232
231 233
46 48
65 49
65 46
46 47
43 44
46 45
43 42
49 43
37 40
37 41
0 1
6 5
37 9
237 140
145 146
149 147
143 144
147 145
143 142
145 143
225 207
140 141
210 209
207 208
147 148
158 149
76 77
78 76
74 75
76 74
74 73
70 72
70 71
76 70
78 79
81 78
260 263
248 249
260 262
225 227
260 261
272 270
269 260
266 267
270 266
