194
387
0
267 3
255 5
259 7
257 9
258 10
268 15
265 16
253 19
251 22
252 24
250 25
249 27
254 28
247 29
183 36
182 38
175 40
177 43
180 45
178 46
162 50
163 52
164 53
168 55
167 57
165 58
172 60
171 62
160 65
161 66
173 67
192 68
187 71
185 72
189 73
190 77
191 78
196 81
197 83
194 84
261 85
262 86
263 87
198 88
271 91
224 95
227 98
226 99
208 101
206 103
204 104
213 107
220 111
218 112
217 113
215 115
216 117
214 118
211 120
209 121
229 123
221 126
223 127
203 131
199 132
202 133
201 134
245 136
132 141
130 142
150 146
152 147
159 149
148 153
146 155
142 157
144 158
149 159
158 160
234 163
111 166
113 167
232 169
235 170
231 171
233 172
243 174
241 176
238 178
240 181
236 183
157 186
154 188
156 190
136 193
138 194
155 195
153 196
239 198
126 203
134 205
110 207
109 208
124 211
122 213
106 215
108 216
121 218
120 220
118 221
116 225
141 226
114 228
105 232
100 234
90 237
87 240
93 241
91 244
89 245
92 246
94 247
104 248
103 249
117 250
129 252
127 254
102 256
97 258
95 261
98 262
99 264
84 266
86 268
82 270
80 272
83 274
79 276
77 278
75 281
71 284
72 285
67 287
69 288
73 290
59 294
61 295
36 298
33 300
35 301
62 302
64 305
55 309
44 311
52 312
53 315
50 316
30 318
32 319
54 321
42 323
51 324
66 327
47 329
48 330
45 333
56 335
58 336
40 343
16 345
14 346
39 348
19 350
17 351
7 355
5 356
4 358
2 359
38 361
11 363
13 364
37 365
10 368
8 369
28 372
26 373
29 374
21 376
22 379
41 380
24 382
23 384
1 386
0 387
0 1
1 2
2 3
2 4
4 5
4 6
6 7
6 8
8 9
8 10
1 11
11 12
12 13
13 14
14 15
14 16
13 17
17 18
18 19
18 20
20 21
21 22
21 23
23 24
23 25
20 26
26 27
26 28
17 29
12 30
30 31
31 32
32 33
33 34
34 35
35 36
35 37
37 38
37 39
39 40
39 41
41 42
42 43
42 44
44 45
44 46
41 47
47 48
48 49
49 50
49 51
51 52
51 53
48 54
54 55
54 56
56 57
56 58
47 59
59 60
59 61
61 62
61 63
63 64
64 65
64 66
63 67
34 68
33 69
69 70
70 71
70 72
69 73
32 74
74 75
75 76
76 77
76 78
75 79
79 80
80 81
80 82
82 83
82 84
79 85
74 86
31 87
30 88
11 89
89 90
90 91
90 92
92 93
93 94
94 95
94 96
96 97
97 98
97 99
96 100
100 101
100 102
102 103
102 104
93 105
105 106
106 107
106 108
108 109
109 110
110 111
110 112
109 113
108 114
114 115
114 116
116 117
116 118
105 119
119 120
119 121
92 122
122 123
122 124
124 125
125 126
125 127
124 128
128 129
129 130
130 131
130 132
129 133
128 134
89 135
135 136
135 137
137 138
138 139
139 140
140 141
140 142
139 143
143 144
144 145
145 146
145 147
144 148
148 149
148 150
150 151
151 152
152 153
152 154
154 155
154 156
156 157
156 158
151 159
150 160
143 161
161 162
162 163
162 164
164 165
165 166
165 167
164 168
168 169
168 170
161 171
138 172
137 173
173 174
173 175
175 176
175 177
177 178
177 179
179 180
180 181
180 182
182 183
182 184
184 185
185 186
185 187
187 188
187 189
189 190
189 191
191 192
192 193
192 194
191 195
184 196
179 197
197 198
197 199
199 200
200 201
201 202
202 203
202 204
204 205
204 206
206 207
206 208
201 209
209 210
210 211
210 212
212 213
212 214
214 215
214 216
209 217
217 218
217 219
219 220
219 221
200 222
222 223
223 224
224 225
224 226
223 227
227 228
227 229
229 230
230 231
231 232
231 233
233 234
233 235
235 236
236 237
236 238
238 239
239 240
239 241
238 242
242 243
243 244
243 245
242 246
235 247
230 248
229 249
222 250
199 251
251 252
251 253
253 254
253 255
255 256
255 257
257 258
257 259
259 260
260 261
260 262
259 263
263 264
263 265
265 266
265 267
267 268
267 269
269 270
269 271
271 272
271 273
273 274
273 275
275 276
275 277
277 278
277 279
279 280
280 281
280 282
282 283
283 284
283 285
282 286
286 287
286 288
279 289
289 290
289 291
291 292
292 293
293 294
293 295
292 296
296 297
297 298
297 299
299 300
299 301
296 302
291 303
303 304
304 305
304 306
306 307
307 308
308 309
308 310
310 311
310 312
307 313
313 314
314 315
314 316
313 317
317 318
317 319
306 320
320 321
320 322
322 323
322 324
303 325
325 326
326 327
326 328
328 329
328 330
325 331
331 332
332 333
332 334
334 335
334 336
331 337
337 338
338 339
339 340
340 341
341 342
342 343
342 344
344 345
344 346
341 347
347 348
347 349
349 350
349 351
340 352
352 353
353 354
354 355
354 356
353 357
357 358
357 359
352 360
360 361
360 362
362 363
362 364
339 365
338 366
366 367
367 368
367 369
366 370
370 371
371 372
371 373
370 374
337 375
375 376
375 377
377 378
378 379
378 380
377 381
381 382
381 383
383 384
383 385
385 386
385 387
