194
293
0
267 3
255 5
259 7
257 9
258 10
268 15
265 16
253 19
251 22
252 24
250 25
249 26
254 28
247 29
183 36
182 38
175 40
177 43
180 45
178 46
162 50
163 49
164 53
168 55
167 57
165 58
172 60
171 62
160 65
161 64
173 67
192 68
187 71
185 72
189 73
190 76
191 78
196 81
197 83
194 84
261 85
262 86
263 87
198 88
271 91
224 95
227 98
226 99
208 101
206 103
204 104
213 107
220 111
218 112
217 113
215 115
216 117
214 118
211 120
209 121
229 123
221 126
223 127
203 131
199 132
202 133
201 134
245 136
132 141
130 142
150 146
152 147
159 149
148 153
146 155
142 157
144 158
149 151
158 148
234 163
111 166
113 167
232 169
235 170
231 138
233 172
243 174
241 176
238 178
240 181
236 183
157 186
154 184
156 190
136 193
138 194
155 191
153 196
239 198
126 203
134 205
110 206
109 208
124 211
122 213
106 215
108 216
121 218
120 220
118 221
116 225
141 226
114 228
105 232
100 233
90 237
87 240
93 241
91 243
89 245
92 246
94 247
104 229
103 249
117 250
129 252
127 254
102 256
97 258
95 261
98 262
99 264
84 266
86 268
82 270
80 272
83 274
79 276
77 278
75 281
71 284
72 285
67 287
69 288
73 290
59 294
61 295
36 298
33 300
35 301
62 302
64 305
55 309
44 311
52 312
53 315
50 316
30 318
32 319
54 321
42 323
51 324
66 327
47 329
48 330
45 333
56 335
58 336
40 343
16 345
14 346
39 348
19 350
17 351
7 355
5 356
4 358
2 359
38 361
11 363
13 364
37 337
10 368
8 369
28 372
26 373
29 374
21 376
22 379
41 380
24 382
23 384
1 386
0 385
0 1
1 2
2 3
2 4
4 5
4 7
4 8
8 9
8 10
1 11
11 12
12 14
14 15
14 16
12 17
17 19
17 22
17 23
23 24
23 25
17 26
26 28
17 29
12 30
30 33
33 34
34 35
35 36
35 37
37 38
37 39
39 40
39 42
42 43
42 44
44 45
44 46
39 47
47 49
49 50
49 53
47 54
54 55
54 56
56 57
56 58
47 59
59 60
59 61
61 62
61 64
64 65
61 67
34 68
33 70
70 71
70 72
33 73
30 74
74 76
76 78
74 80
80 81
80 82
82 83
82 84
74 85
74 86
30 87
30 88
11 89
89 90
90 91
90 92
92 93
93 94
94 95
94 97
97 98
97 99
94 100
100 101
100 102
102 103
102 104
93 105
105 107
105 110
110 111
110 112
105 113
105 115
105 117
105 118
105 119
119 120
119 121
92 122
122 123
122 124
124 125
125 126
125 127
124 128
128 131
128 132
128 133
128 134
89 135
135 136
135 137
137 138
138 140
140 141
140 142
138 145
145 146
145 147
138 148
148 149
148 151
151 152
152 153
152 154
154 155
154 156
156 157
156 158
138 163
138 164
164 165
165 166
165 167
164 169
164 170
138 172
137 173
173 174
173 175
175 176
175 177
177 178
177 181
177 183
177 184
184 186
184 190
184 191
191 192
192 193
192 194
184 196
177 198
177 199
199 202
202 203
202 204
204 205
204 206
206 208
199 209
209 210
210 211
210 212
212 213
212 214
214 215
214 216
209 217
217 218
217 219
219 220
219 221
199 222
222 225
222 226
222 228
222 229
229 232
229 233
233 235
235 237
235 240
235 241
235 243
243 245
235 246
235 247
229 249
222 250
199 251
251 252
251 254
251 255
255 256
255 257
257 258
257 261
257 262
257 263
263 264
263 265
265 266
265 267
267 268
267 269
269 270
269 272
269 273
273 274
273 275
275 276
275 277
277 278
277 279
279 280
280 281
280 282
282 283
283 284
283 285
282 287
282 288
279 290
279 291
291 292
292 293
293 294
293 295
292 297
297 298
297 300
297 301
292 302
291 305
291 306
306 309
306 310
310 311
310 312
306 314
314 315
314 316
306 317
317 318
317 319
306 321
306 322
322 323
322 324
291 327
291 328
328 329
328 330
291 332
332 333
332 335
332 336
291 337
337 343
337 344
344 345
344 346
337 348
337 349
349 350
349 351
337 353
353 354
354 355
354 356
353 357
357 358
357 359
337 361
337 362
362 363
362 364
337 367
367 368
367 369
337 370
370 372
370 373
370 374
337 375
375 376
375 379
375 380
375 382
375 384
375 385
385 386
