195
256
256
217 217
214 214
215 215
212 212
211 211
218 218
219 219
132 132
131 131
130 130
137 137
136 136
135 135
134 134
139 139
138 138
166 166
24 24
25 25
26 26
27 27
21 21
22 22
160 160
28 28
29 29
222 222
0 0
8 8
163 163
227 227
120 120
122 122
123 123
125 125
126 126
128 128
129 129
224 224
59 59
58 58
54 54
56 56
51 51
50 50
53 53
52 52
164 164
201 201
199 199
179 179
200 200
195 195
197 197
191 191
190 190
193 193
192 192
115 115
114 114
88 88
89 89
111 111
113 113
176 176
82 82
83 83
80 80
86 86
84 84
85 85
251 251
207 207
206 206
226 226
3 3
177 177
254 254
7 7
225 225
244 244
108 108
109 109
241 241
242 242
102 102
103 103
100 100
106 106
105 105
39 39
38 38
33 33
32 32
31 31
30 30
37 37
36 36
35 35
34 34
246 246
252 252
205 205
61 61
63 63
64 64
66 66
67 67
68 68
69 69
174 174
173 173
172 172
171 171
255 255
203 203
181 181
182 182
180 180
2 2
186 186
187 187
184 184
6 6
188 188
189 189
202 202
185 185
99 99
98 98
168 168
169 169
229 229
228 228
91 91
165 165
93 93
92 92
95 95
161 161
97 97
96 96
10 10
220 220
12 12
15 15
14 14
17 17
16 16
19 19
117 117
116 116
151 151
152 152
155 155
154 154
157 157
156 156
159 159
238 238
239 239
234 234
235 235
236 236
237 237
230 230
232 232
233 233
48 48
46 46
119 119
44 44
45 45
42 42
40 40
5 5
146 146
147 147
144 144
145 145
142 142
140 140
141 141
209 209
149 149
77 77
76 76
75 75
74 74
73 73
72 72
71 71
70 70
78 78
249 249
221 216
216 217
213 214
216 215
213 212
221 213
216 210
210 211
167 165
219 218
231 219
137 133
133 132
127 131
127 130
148 137
137 136
133 135
133 134
137 139
137 138
165 166
25 24
47 25
25 26
25 27
25 20
20 21
23 22
25 23
158 160
25 28
25 29
162 161
1 0
13 4
9 8
162 163
118 119
121 120
127 121
121 122
124 123
127 124
124 125
127 126
137 127
127 128
127 129
219 220
127 118
60 59
57 58
62 55
55 54
68 57
57 56
49 51
49 50
49 53
49 52
165 164
200 201
200 199
178 179
204 200
196 195
196 194
198 197
183 178
183 191
183 190
194 193
183 192
112 115
112 114
87 88
90 89
112 111
112 110
112 113
127 112
81 82
81 83
81 80
90 81
87 86
90 87
81 84
81 85
250 251
208 207
205 206
227 226
4 3
178 177
253 254
4 7
248 247
235 170
253 255
223 225
247 245
245 244
107 108
110 109
240 241
248 240
247 243
243 242
101 102
104 103
101 100
110 101
107 106
127 107
127 104
104 105
25 39
25 38
25 33
25 32
25 31
25 30
25 37
25 36
25 35
25 34
245 246
253 252
231 205
253 223
175 176
68 60
60 61
68 62
62 63
65 64
68 65
65 66
68 67
79 68
68 69
178 175
175 174
170 173
170 172
170 171
216 198
204 203
223 222
194 181
256 253
253 248
183 182
194 183
181 180
1 2
167 162
183 187
183 184
4 6
183 186
183 188
183 189
200 202
198 196
231 221
183 185
96 99
96 98
167 168
170 169
227 229
227 228
90 91
124 90
94 93
90 92
94 95
96 94
96 97
124 96
20 11
11 10
23 13
11 12
13 15
13 14
18 17
13 16
18 19
25 18
118 117
256 250
112 116
208 204
150 151
153 150
165 153
153 152
153 155
153 154
158 157
153 156
158 159
167 158
235 238
235 239
235 234
240 235
235 236
235 237
231 230
253 231
231 232
231 233
223 224
49 48
55 49
47 46
49 47
43 44
43 45
41 42
68 43
41 40
43 41
9 1
4 5
20 9
143 146
148 147
143 144
143 145
143 142
148 143
137 140
137 141
210 209
216 208
153 148
150 149
68 77
68 76
68 75
68 74
68 73
68 72
68 71
68 70
81 79
79 78
250 249
256 227
243 167
