196
391
0
188 21
187 22
218 24
214 26
196 27
217 28
220 31
193 33
192 36
191 37
186 39
185 40
212 41
213 46
211 49
204 50
205 51
206 52
209 57
168 59
170 61
169 62
163 64
154 65
167 66
199 68
197 69
210 72
207 73
189 75
184 77
182 78
203 80
201 82
200 83
202 84
156 86
155 87
208 89
172 92
152 93
171 94
219 98
194 99
181 101
118 103
110 105
109 106
136 108
124 110
122 111
148 115
147 116
162 118
145 119
158 121
144 126
140 127
142 128
143 129
139 131
120 133
108 135
107 136
179 141
176 143
151 145
149 146
178 150
173 151
177 152
175 153
135 158
134 160
133 161
131 163
126 165
125 166
132 167
117 172
114 173
116 174
91 183
106 192
98 193
92 194
94 195
93 196
102 197
100 198
104 200
83 203
81 204
87 205
89 206
99 211
66 214
64 215
62 217
61 221
57 222
58 223
60 224
97 226
80 228
78 231
76 232
74 233
96 234
86 237
85 238
72 240
71 242
69 243
103 245
79 246
95 247
105 249
77 251
68 253
67 254
75 255
52 258
49 260
44 265
42 266
21 269
20 270
18 271
30 277
29 279
7 281
6 282
2 283
31 287
15 289
13 290
0 293
9 295
10 297
8 298
11 299
27 301
28 303
25 304
39 305
37 310
33 311
17 313
16 314
40 316
36 318
35 319
41 321
24 323
22 324
5 326
3 327
53 331
48 332
54 334
56 335
50 336
101 337
113 339
111 340
215 342
165 345
129 347
128 348
159 349
216 350
235 351
249 352
224 355
226 356
227 357
245 360
247 361
253 364
244 366
238 367
241 370
239 371
236 373
251 375
242 376
232 378
230 379
252 381
228 383
223 385
221 386
254 388
258 390
256 391
0 1
1 2
2 3
3 4
4 5
5 6
6 7
7 8
8 9
9 10
10 11
11 12
12 13
13 14
14 15
15 16
16 17
17 18
18 19
19 20
20 21
20 22
19 23
23 24
23 25
25 26
25 27
18 28
17 29
29 30
30 31
30 32
32 33
32 34
34 35
35 36
35 37
34 38
38 39
38 40
29 41
16 42
42 43
43 44
44 45
45 46
45 47
47 48
48 49
48 50
47 51
44 52
43 53
53 54
54 55
55 56
56 57
56 58
58 59
58 60
60 61
60 62
55 63
63 64
63 65
54 66
53 67
67 68
67 69
42 70
70 71
71 72
71 73
70 74
74 75
74 76
76 77
76 78
15 79
79 80
79 81
81 82
81 83
14 84
13 85
85 86
85 87
12 88
88 89
88 90
90 91
91 92
91 93
90 94
11 95
95 96
96 97
97 98
97 99
96 100
100 101
100 102
102 103
102 104
104 105
104 106
95 107
107 108
107 109
109 110
109 111
10 112
112 113
113 114
114 115
114 116
113 117
117 118
117 119
112 120
120 121
120 122
122 123
123 124
124 125
125 126
125 127
124 128
123 129
122 130
130 131
130 132
132 133
132 134
134 135
134 136
9 137
137 138
138 139
139 140
140 141
140 142
142 143
142 144
144 145
144 146
139 147
147 148
148 149
149 150
149 151
148 152
147 153
138 154
154 155
155 156
156 157
157 158
157 159
159 160
159 161
156 162
162 163
162 164
164 165
164 166
155 167
154 168
168 169
169 170
170 171
171 172
171 173
170 174
169 175
175 176
176 177
177 178
178 179
179 180
180 181
181 182
182 183
182 184
184 185
185 186
186 187
187 188
188 189
189 190
190 191
191 192
191 193
190 194
189 195
188 196
187 197
186 198
185 199
199 200
199 201
201 202
202 203
202 204
201 205
184 206
181 207
207 208
208 209
209 210
210 211
210 212
212 213
213 214
213 215
212 216
216 217
216 218
218 219
219 220
220 221
220 222
219 223
218 224
209 225
225 226
225 227
227 228
227 229
229 230
230 231
230 232
229 233
208 234
207 235
235 236
236 237
236 238
235 239
239 240
239 241
241 242
241 243
180 244
244 245
244 246
179 247
178 248
248 249
248 250
250 251
250 252
252 253
252 254
177 255
176 256
256 257
257 258
257 259
259 260
259 261
261 262
262 263
263 264
264 265
264 266
263 267
267 268
268 269
268 270
267 271
262 272
272 273
273 274
274 275
275 276
276 277
276 278
278 279
278 280
280 281
280 282
275 283
274 284
284 285
285 286
286 287
286 288
288 289
288 290
285 291
291 292
292 293
292 294
294 295
294 296
296 297
296 298
291 299
284 300
300 301
300 302
302 303
302 304
273 305
272 306
306 307
307 308
308 309
309 310
309 311
308 312
312 313
312 314
307 315
315 316
315 317
317 318
317 319
306 320
320 321
320 322
322 323
322 324
261 325
325 326
325 327
256 328
328 329
329 330
330 331
330 332
329 333
333 334
333 335
328 336
175 337
168 338
338 339
338 340
137 341
341 342
341 343
343 344
344 345
344 346
346 347
346 348
343 349
8 350
7 351
6 352
5 353
353 354
354 355
354 356
353 357
4 358
358 359
359 360
359 361
358 362
362 363
363 364
363 365
365 366
365 367
362 368
368 369
369 370
369 371
368 372
372 373
372 374
374 375
374 376
3 377
377 378
377 379
2 380
380 381
380 382
382 383
382 384
384 385
384 386
1 387
387 388
387 389
389 390
389 391
