196
196
196
0 0
2 1
3 2
5 3
6 4
7 5
8 6
10 7
9 8
11 9
13 10
15 11
16 12
17 13
18 14
20 15
21 16
22 17
24 18
25 19
27 20
28 21
29 22
31 23
30 24
33 25
35 26
36 27
37 28
39 29
40 30
41 31
42 32
44 33
48 34
49 35
50 36
52 37
53 38
54 39
56 40
57 41
58 42
60 43
61 44
62 45
64 46
66 47
67 48
68 49
69 50
71 51
72 52
74 53
75 54
76 55
77 56
78 57
79 58
80 59
81 60
83 61
85 62
86 63
87 64
89 65
91 66
92 67
94 68
95 69
96 70
93 71
97 72
98 73
99 74
100 75
101 76
102 77
103 78
104 79
105 80
106 81
107 82
108 83
109 84
110 85
111 86
113 87
114 88
116 89
117 90
118 91
120 92
122 93
124 94
125 95
126 96
128 97
129 98
131 99
132 100
133 101
134 102
135 103
136 104
139 105
140 106
142 107
143 108
144 109
145 110
147 111
148 112
149 113
151 114
152 115
154 116
155 117
156 118
158 119
159 120
162 121
163 122
165 123
167 124
169 125
170 126
168 127
171 128
172 129
173 130
175 131
176 132
177 133
178 134
179 135
181 136
182 137
184 138
185 139
186 140
187 141
188 142
189 143
191 144
192 145
193 146
194 147
196 148
197 149
199 150
200 151
201 152
202 153
203 154
204 155
206 156
207 157
208 158
209 159
210 160
205 161
211 162
212 163
213 164
215 165
216 166
217 167
214 168
218 169
219 170
220 171
221 172
223 173
224 174
226 175
227 176
228 177
230 178
232 179
235 180
236 181
238 182
239 183
241 184
242 185
244 186
245 187
247 188
249 189
251 190
252 191
253 192
254 193
256 194
258 195
196 194
194 195
196 193
193 175
175 174
175 176
176 189
174 143
143 154
143 168
154 152
152 151
152 153
153 117
117 127
127 125
127 126
127 161
161 156
161 162
161 164
168 142
142 141
168 169
168 171
117 104
127 122
127 124
143 157
161 155
122 116
127 159
143 137
143 160
161 150
168 148
168 167
171 139
139 145
139 140
104 147
139 144
139 146
143 132
132 133
132 134
132 130
132 131
161 149
161 163
168 123
123 98
98 97
168 138
104 84
84 85
84 91
123 120
127 115
132 101
101 96
96 99
96 95
96 100
101 103
96 87
87 86
101 102
132 135
171 165
87 54
54 48
48 49
48 53
53 55
53 57
53 59
53 62
53 71
53 72
71 68
71 69
71 77
53 70
62 52
71 64
71 65
71 75
71 81
52 50
71 73
71 79
71 80
53 66
62 63
48 56
53 58
53 74
53 42
42 41
42 43
64 60
71 67
71 76
87 90
96 89
104 112
112 110
112 111
110 121
117 118
132 113
53 78
90 88
104 166
111 108
108 109
108 106
108 105
105 82
82 83
82 92
108 107
127 128
127 158
41 44
104 94
113 114
117 136
168 170
42 45
50 51
112 119
115 129
64 61
94 93
48 39
39 37
39 40
37 35
39 34
39 38
39 36
53 47
47 46
35 24
24 22
24 4
4 5
24 8
8 6
8 7
8 9
8 19
19 20
24 13
13 12
13 25
24 29
24 31
25 28
8 0
8 11
19 21
24 17
17 18
24 30
24 1
24 23
24 26
8 10
24 27
8 2
2 3
24 32
32 33
33 15
15 16
16 14
174 181
175 177
177 173
173 172
176 182
176 191
174 192
175 186
151 178
178 179
168 180
176 184
181 183
175 185
175 187
175 190
174 188
