192
279
0
239 16
127 17
126 19
145 24
143 25
244 26
148 29
146 30
142 32
141 31
238 9
125 36
122 37
243 38
246 39
140 45
139 46
138 47
136 48
132 49
241 53
240 54
131 55
135 57
134 58
242 60
128 64
64 69
62 70
59 74
57 76
54 78
51 80
49 81
60 84
52 85
56 92
47 93
48 96
43 97
16 99
18 101
41 102
44 103
39 112
12 113
38 121
37 123
9 124
4 125
7 126
32 127
33 128
35 129
10 130
25 134
23 135
29 137
28 138
26 139
34 140
36 141
6 143
3 144
2 146
30 147
1 148
0 150
46 151
45 152
22 157
19 158
13 159
21 160
15 161
65 162
72 65
118 170
87 172
80 174
79 179
78 180
74 181
76 182
77 183
112 184
109 186
102 191
100 189
101 194
85 195
111 197
110 199
93 203
91 204
92 206
88 207
94 209
90 211
84 213
82 214
71 218
69 219
70 215
68 221
67 223
117 225
116 226
108 230
106 231
97 233
95 234
105 236
99 237
114 238
103 239
245 241
237 242
129 243
249 244
121 246
119 247
252 248
247 250
228 254
222 258
217 261
216 260
214 263
226 264
220 266
218 267
230 269
225 272
223 273
213 275
211 276
234 278
232 279
255 281
253 282
260 286
196 288
181 291
180 292
178 297
156 299
154 300
176 301
174 306
157 307
173 308
171 309
159 310
170 315
166 316
164 318
163 322
150 324
149 323
160 326
162 327
153 329
151 330
169 332
167 333
262 339
259 343
258 344
194 348
198 350
197 351
188 353
186 354
199 356
192 357
203 359
202 358
195 361
201 363
200 362
261 365
204 368
210 370
209 374
191 376
189 377
206 378
208 379
185 381
183 382
264 383
0 2
2 3
3 4
4 5
5 6
6 7
7 8
8 9
9 16
9 17
17 19
9 23
23 24
23 25
9 26
9 27
27 29
27 30
27 31
31 32
9 35
35 36
35 37
9 38
9 39
9 41
41 45
41 46
41 47
41 48
41 49
9 50
50 53
50 54
50 55
50 56
56 57
56 58
9 59
59 60
59 61
61 62
62 63
63 64
63 65
65 66
66 67
67 68
68 69
68 70
67 71
71 72
72 73
73 74
73 76
73 78
73 79
79 80
79 81
72 83
83 84
83 85
72 86
86 91
91 92
91 93
86 96
86 97
86 99
86 100
100 101
100 102
86 103
86 105
105 111
111 112
111 113
105 120
120 121
120 123
120 124
105 125
105 126
105 127
105 128
105 129
105 130
105 131
131 133
133 134
133 135
131 137
131 138
131 139
105 140
105 141
105 142
142 143
142 144
144 146
105 147
86 148
148 150
86 151
86 152
71 153
153 155
155 156
156 157
156 158
155 159
153 160
153 161
66 162
62 169
169 170
169 172
169 173
173 174
173 175
175 179
175 180
175 181
175 182
175 183
62 184
62 185
185 186
186 189
189 191
189 194
189 195
186 196
196 197
196 199
196 200
200 203
200 204
200 206
200 207
200 208
208 209
208 211
208 212
212 213
212 214
185 215
215 218
215 219
215 221
221 223
62 225
62 226
62 228
228 229
229 230
229 231
228 232
232 233
232 234
62 236
62 237
62 238
61 239
8 241
8 242
7 243
6 244
5 245
245 246
245 247
4 248
3 249
249 250
249 251
251 252
252 253
253 254
253 257
257 258
257 259
259 260
260 261
259 263
253 264
253 265
265 266
265 267
252 268
268 269
268 270
270 271
271 272
271 273
270 274
274 275
274 276
251 278
251 279
2 280
280 281
280 282
0 283
283 284
284 285
285 286
285 287
287 288
287 289
289 290
290 291
290 292
289 293
293 294
294 295
295 296
296 297
296 298
298 299
298 300
295 301
294 302
302 304
304 306
304 307
304 308
302 309
302 310
293 311
311 314
314 315
314 316
311 317
317 318
317 319
319 322
319 323
323 324
319 326
319 327
311 328
328 329
328 330
311 331
331 332
331 333
284 339
284 341
341 343
341 344
341 345
345 347
347 348
347 350
347 351
345 352
352 353
352 354
345 356
345 357
284 358
358 359
284 361
284 362
362 363
284 365
284 367
367 368
367 370
367 374
367 375
375 376
375 377
367 378
367 379
284 380
380 381
380 382
283 383
