192
265
265
216 261
217 56
214 138
213 74
210 62
211 183
264 202
218 199
132 109
131 80
136 88
135 146
134 188
139 85
138 223
166 91
25 143
26 110
167 203
21 101
22 36
23 128
160 220
28 195
29 22
222 164
0 258
4 156
220 52
121 122
122 111
260 259
125 34
126 51
127 217
128 21
129 1
118 151
59 132
54 23
57 159
56 67
51 245
258 7
52 10
164 148
201 82
199 252
198 32
195 57
194 45
197 38
178 12
191 230
192 72
114 114
88 118
116 97
111 222
110 44
112 48
82 234
181 136
80 3
119 142
87 43
84 167
85 69
206 185
226 262
3 9
7 129
247 153
255 87
225 29
245 112
244 0
108 125
109 210
241 176
240 70
243 25
242 95
102 247
103 225
100 65
101 209
106 139
105 134
39 238
38 59
33 237
32 140
30 108
37 253
36 243
35 99
34 232
246 206
252 93
223 226
176 41
60 4
62 163
259 246
64 214
65 228
67 47
68 264
69 127
174 77
173 170
171 154
170 197
249 173
253 241
183 68
180 6
2 180
162 191
6 200
186 239
188 198
189 35
202 131
196 213
185 189
99 18
169 106
228 194
91 218
90 78
93 166
92 208
95 126
94 171
97 211
163 13
10 196
13 249
12 90
15 149
16 54
19 103
18 33
117 2
204 178
151 100
150 79
153 94
154 244
157 64
156 71
159 145
238 15
239 119
234 255
237 260
230 37
232 26
48 121
49 60
46 160
47 174
44 201
45 46
43 204
41 157
1 16
9 141
146 39
200 192
203 28
145 117
142 242
143 92
140 150
141 19
209 105
208 181
148 84
149 240
77 186
76 49
74 30
72 116
71 135
70 102
79 162
78 76
262 169
261 216
215 216
215 217
215 214
221 215
229 212
212 213
207 210
212 211
175 165
263 264
219 218
227 219
238 133
133 132
130 131
238 130
238 137
137 136
133 135
133 134
137 139
137 138
165 166
27 24
24 25
27 26
40 27
50 20
20 21
20 22
24 23
161 160
27 28
27 29
165 161
1 0
5 4
31 8
161 163
120 119
257 258
123 120
120 121
123 122
124 123
238 124
124 125
127 126
238 127
127 128
130 129
168 167
115 118
58 59
61 58
61 55
53 54
58 57
55 56
50 51
58 50
58 53
53 52
257 259
161 164
200 201
193 199
182 179
238 147
193 195
193 194
193 197
177 178
190 191
207 190
257 193
193 192
236 227
115 114
89 88
100 89
109 111
109 110
115 113
113 112
83 82
89 83
81 80
115 81
115 86
86 87
83 84
86 85
256 251
193 198
263 256
205 206
227 226
182 172
31 3
256 254
8 7
248 247
254 255
238 115
224 225
238 245
238 244
107 108
115 109
238 241
238 240
238 243
238 242
100 102
104 103
109 100
100 101
107 106
115 107
115 104
104 105
31 39
31 38
31 33
31 32
40 31
31 30
31 37
31 36
31 35
31 34
238 246
251 252
207 205
224 223
257 207
177 176
58 60
66 61
63 62
72 63
63 64
66 65
72 66
68 67
73 68
70 69
179 175
172 174
172 173
179 177
172 171
168 170
221 222
182 181
254 253
251 248
193 182
184 183
179 180
3 2
161 162
193 187
257 184
5 6
219 220
187 186
187 188
190 189
257 202
193 196
227 221
184 185
98 99
115 98
175 168
168 169
231 229
227 228
89 91
89 90
89 93
89 92
96 95
89 94
96 97
115 96
31 11
11 10
14 13
11 12
14 15
20 14
42 17
17 16
20 19
17 18
115 117
251 250
115 116
263 257
205 204
152 151
149 150
152 153
168 152
177 155
155 154
158 157
155 156
158 159
172 158
250 238
238 239
233 234
236 235
248 236
238 237
231 230
235 231
233 232
235 233
229 224
42 48
50 49
42 46
42 47
42 44
42 45
55 42
42 43
55 40
42 41
42 1
31 5
8 9
147 146
257 200
202 203
144 145
141 142
144 143
137 140
147 141
207 209
207 208
147 148
161 149
75 77
75 76
81 75
75 74
113 73
98 72
70 71
73 70
75 79
75 78
265 263
238 144
250 249
257 262
257 261
257 260
