192
265
265
216 103
217 196
214 57
213 116
210 118
211 22
264 204
218 199
132 194
131 77
136 71
135 239
134 54
139 60
138 218
166 174
25 18
26 150
167 132
21 201
22 105
23 210
160 258
28 36
29 110
222 206
0 119
4 85
220 197
121 249
122 134
260 154
125 51
126 121
127 246
128 255
129 176
118 90
59 129
54 260
57 138
56 0
51 97
258 136
52 7
164 242
201 128
199 211
198 65
195 64
194 183
197 88
178 34
191 243
192 38
114 135
88 262
116 148
111 171
110 23
112 202
82 125
181 67
80 48
119 99
87 191
84 178
85 252
206 220
226 142
3 214
7 72
247 15
255 237
225 153
245 108
244 87
108 43
109 46
241 12
240 59
243 195
242 37
102 117
103 189
100 111
101 208
106 173
105 209
39 100
38 145
33 234
32 33
30 52
37 198
36 47
35 261
34 84
246 160
252 106
223 93
176 21
60 192
62 79
259 49
64 162
65 186
67 151
68 114
69 203
174 32
173 164
171 35
170 39
249 163
253 122
183 78
180 26
2 223
162 30
6 140
186 157
188 213
189 225
202 159
196 25
185 28
99 232
169 180
228 156
91 91
90 240
93 109
92 76
95 74
94 62
97 131
163 3
10 217
13 70
12 19
15 94
16 29
19 44
18 127
117 101
204 1
151 139
150 166
153 16
154 13
157 181
156 238
159 80
238 143
239 264
234 188
237 82
230 228
232 56
48 41
49 216
46 6
47 226
44 244
45 247
43 95
41 45
1 169
9 230
146 253
200 2
203 126
145 185
142 200
143 112
140 4
141 245
209 68
208 10
148 149
149 9
77 102
76 170
74 259
72 167
71 69
70 141
79 241
78 222
262 146
261 92
215 216
215 217
215 214
221 215
229 212
212 213
207 210
212 211
175 165
263 264
219 218
227 219
238 133
133 132
130 131
238 130
238 137
137 136
133 135
133 134
137 139
137 138
165 166
27 24
24 25
27 26
40 27
50 20
20 21
20 22
24 23
161 160
27 28
27 29
165 161
1 0
5 4
31 8
161 163
120 119
257 258
123 120
120 121
123 122
124 123
238 124
124 125
127 126
238 127
127 128
130 129
168 167
115 118
58 59
61 58
61 55
53 54
58 57
55 56
50 51
58 50
58 53
53 52
257 259
161 164
200 201
193 199
182 179
238 147
193 195
193 194
193 197
177 178
190 191
207 190
257 193
193 192
236 227
115 114
89 88
100 89
109 111
109 110
115 113
113 112
83 82
89 83
81 80
115 81
115 86
86 87
83 84
86 85
256 251
193 198
263 256
205 206
227 226
182 172
31 3
256 254
8 7
248 247
254 255
238 115
224 225
238 245
238 244
107 108
115 109
238 241
238 240
238 243
238 242
100 102
104 103
109 100
100 101
107 106
115 107
115 104
104 105
31 39
31 38
31 33
31 32
40 31
31 30
31 37
31 36
31 35
31 34
238 246
251 252
207 205
224 223
257 207
177 176
58 60
66 61
63 62
72 63
63 64
66 65
72 66
68 67
73 68
70 69
179 175
172 174
172 173
179 177
172 171
168 170
221 222
182 181
254 253
251 248
193 182
184 183
179 180
3 2
161 162
193 187
257 184
5 6
219 220
187 186
187 188
190 189
257 202
193 196
227 221
184 185
98 99
115 98
175 168
168 169
231 229
227 228
89 91
89 90
89 93
89 92
96 95
89 94
96 97
115 96
31 11
11 10
14 13
11 12
14 15
20 14
42 17
17 16
20 19
17 18
115 117
251 250
115 116
263 257
205 204
152 151
149 150
152 153
168 152
177 155
155 154
158 157
155 156
158 159
172 158
250 238
238 239
233 234
236 235
248 236
238 237
231 230
235 231
233 232
235 233
229 224
42 48
50 49
42 46
42 47
42 44
42 45
55 42
42 43
55 40
42 41
42 1
31 5
8 9
147 146
257 200
202 203
144 145
141 142
144 143
137 140
147 141
207 209
207 208
147 148
161 149
75 77
75 76
81 75
75 74
113 73
98 72
70 71
73 70
75 79
75 78
265 263
238 144
250 249
257 262
257 261
257 260
