192
285
0
258 5
259 6
198 10
199 12
192 13
196 18
167 24
169 25
166 28
170 29
153 31
151 32
160 36
149 37
150 39
162 41
163 42
164 43
176 46
178 48
154 50
156 51
171 54
174 56
159 58
157 59
180 61
173 62
181 63
186 65
188 66
194 67
197 69
195 70
202 74
203 76
261 77
201 80
200 79
260 82
208 87
189 90
191 91
209 92
183 95
185 96
204 98
206 99
210 100
262 101
264 102
253 105
255 106
247 109
228 113
226 114
222 117
217 120
216 119
214 122
218 124
220 125
234 127
230 130
213 133
211 134
223 136
225 137
232 138
252 140
119 143
121 144
249 146
129 148
245 152
136 153
237 154
128 158
127 156
126 160
238 155
244 166
145 168
143 169
243 172
241 176
134 178
135 179
140 182
139 183
132 180
131 185
122 188
240 190
125 191
146 193
148 195
141 196
142 198
239 201
246 202
138 204
242 206
103 209
105 210
112 213
114 214
116 218
95 221
97 222
108 224
106 225
87 228
118 229
85 232
70 233
71 237
69 238
68 239
67 241
102 244
101 246
100 243
110 250
111 252
94 256
90 258
82 260
84 261
93 262
92 264
91 266
88 267
109 242
117 270
99 272
80 275
74 277
76 280
77 281
78 283
79 284
72 285
65 288
64 291
62 292
59 294
57 296
60 299
49 301
15 303
13 306
22 308
19 309
21 310
52 314
51 315
54 316
56 318
44 320
46 322
43 325
16 327
41 329
18 330
48 333
47 334
30 342
32 343
36 345
2 347
3 346
10 351
39 353
12 354
33 356
7 358
38 360
9 361
6 364
37 366
4 367
23 371
25 372
28 374
29 375
26 376
35 377
34 378
45 380
1 381
0 383
0 2
2 3
3 4
4 5
4 6
3 8
8 10
8 11
11 12
11 13
8 16
16 17
17 18
17 19
19 20
20 21
21 22
22 23
23 24
23 25
22 27
27 28
27 29
22 30
30 31
30 32
21 33
33 34
34 36
34 37
37 39
34 41
34 42
33 43
20 44
44 45
45 46
45 47
47 48
47 49
49 50
49 51
44 52
52 53
53 54
53 56
53 57
57 58
57 59
52 61
52 62
19 63
16 64
64 65
64 66
8 67
8 69
8 70
3 74
74 76
3 77
3 79
79 80
3 82
3 84
84 87
84 89
89 90
89 91
84 92
84 93
93 94
94 95
94 96
93 98
93 99
84 100
3 101
2 102
0 103
103 104
104 105
104 106
103 107
107 108
108 109
108 110
110 111
111 112
112 113
112 114
111 116
116 117
116 118
118 119
119 120
118 122
111 123
123 124
123 125
110 126
126 127
126 128
128 129
129 130
129 131
131 132
132 133
132 134
131 135
135 136
135 137
128 138
107 139
139 140
139 141
141 142
142 143
142 144
141 145
145 146
145 147
147 148
147 149
149 152
149 153
149 154
149 155
155 156
156 158
156 160
155 166
155 167
167 168
167 169
155 172
155 173
173 176
173 177
177 178
177 179
173 180
180 181
181 182
181 183
173 185
155 187
187 188
187 190
187 191
155 192
192 193
192 195
192 196
196 198
155 201
155 202
155 203
203 204
203 206
203 207
207 208
208 209
208 210
207 213
207 214
207 218
207 219
219 220
220 221
220 222
219 223
223 224
223 225
207 227
227 228
227 229
207 230
230 232
230 233
233 237
233 238
233 239
239 241
230 242
242 243
243 244
243 246
242 249
249 250
249 252
249 253
253 256
253 258
253 259
259 260
259 261
253 262
253 264
253 266
253 267
207 270
207 271
271 272
271 274
274 275
274 276
276 277
276 280
276 281
276 283
276 284
271 285
285 287
287 288
287 289
289 290
290 291
290 292
289 293
293 294
293 295
295 296
295 298
298 299
298 300
300 301
300 302
302 303
302 305
305 306
305 307
307 308
307 309
302 310
295 312
312 313
313 314
313 315
312 316
295 317
317 318
317 319
319 320
319 321
321 322
321 325
321 327
321 328
328 329
328 330
321 333
321 334
321 336
336 342
336 343
336 345
336 346
346 347
336 351
336 352
352 353
352 354
336 356
336 358
336 359
359 360
359 361
336 363
363 364
363 366
363 367
336 368
368 370
370 371
370 372
368 374
368 375
368 376
336 377
336 378
321 379
379 380
379 381
381 383
