194
387
0
290 2
279 7
278 8
281 12
283 13
284 14
286 15
288 16
188 21
185 22
187 23
265 26
269 29
266 30
264 31
268 33
270 37
263 38
276 39
267 40
274 45
254 46
240 49
238 50
247 54
245 55
252 56
248 58
250 59
271 61
261 66
255 67
260 68
262 69
273 70
258 73
256 74
235 78
242 79
237 81
243 82
226 89
220 91
222 92
234 93
231 95
228 96
232 98
230 99
223 102
225 103
233 104
218 107
219 108
216 110
209 114
199 116
198 118
196 119
210 124
214 125
206 128
204 129
193 131
195 132
201 135
203 136
212 138
213 139
208 140
161 147
159 148
176 150
179 153
173 154
180 155
189 158
192 159
182 161
184 162
171 166
170 168
178 169
181 170
175 172
167 174
172 176
169 177
107 182
101 184
102 185
124 187
126 188
139 191
137 192
108 195
110 196
143 199
128 203
127 204
147 206
146 207
145 208
133 210
134 212
131 214
132 215
148 221
150 222
142 223
153 226
140 227
156 230
157 231
158 232
152 235
155 236
166 237
120 241
119 242
114 245
117 246
116 247
123 250
121 251
154 252
113 256
103 259
105 260
111 261
130 264
129 265
163 267
135 268
97 271
84 274
82 275
85 277
87 280
91 281
95 282
93 285
90 288
88 289
77 292
75 293
78 294
13 305
14 307
12 308
29 310
31 311
3 315
5 316
17 318
16 319
2 322
0 323
36 324
53 326
56 328
40 333
37 334
39 335
21 338
19 339
9 341
11 342
8 344
6 345
34 347
32 348
58 353
42 354
44 355
28 359
26 360
45 361
47 362
60 363
62 365
67 366
55 369
23 372
25 373
49 374
63 376
66 377
72 381
73 382
68 383
74 385
70 386
80 387
0 1
1 2
1 3
3 4
4 5
5 6
6 7
6 8
5 9
9 10
10 11
11 12
11 13
10 14
9 15
4 16
3 17
17 18
18 19
19 20
20 21
20 22
19 23
18 24
24 25
25 26
25 27
27 28
28 29
28 30
27 31
24 32
32 33
32 34
34 35
35 36
36 37
36 38
35 39
34 40
17 41
41 42
42 43
43 44
44 45
44 46
43 47
47 48
48 49
48 50
47 51
51 52
52 53
53 54
53 55
52 56
51 57
57 58
57 59
42 60
60 61
60 62
62 63
63 64
64 65
65 66
65 67
64 68
63 69
62 70
41 71
71 72
72 73
72 74
71 75
75 76
76 77
77 78
77 79
76 80
80 81
80 82
75 83
83 84
84 85
85 86
86 87
87 88
88 89
88 90
90 91
90 92
87 93
86 94
94 95
94 96
85 97
97 98
97 99
84 100
100 101
101 102
101 103
100 104
83 105
105 106
106 107
106 108
105 109
109 110
109 111
111 112
112 113
113 114
113 115
115 116
115 117
117 118
117 119
112 120
120 121
121 122
122 123
123 124
123 125
122 126
126 127
127 128
127 129
126 130
130 131
130 132
121 133
133 134
134 135
134 136
133 137
137 138
137 139
120 140
111 141
141 142
142 143
143 144
144 145
145 146
146 147
146 148
145 149
149 150
149 151
151 152
152 153
152 154
151 155
144 156
156 157
157 158
157 159
156 160
160 161
160 162
143 163
163 164
164 165
165 166
165 167
167 168
167 169
164 170
163 171
171 172
171 173
173 174
173 175
175 176
175 177
142 178
178 179
179 180
180 181
181 182
181 183
183 184
183 185
180 186
186 187
186 188
179 189
189 190
190 191
190 192
189 193
193 194
194 195
194 196
193 197
197 198
198 199
198 200
200 201
201 202
202 203
202 204
201 205
205 206
205 207
200 208
197 209
209 210
209 211
211 212
211 213
213 214
213 215
178 216
216 217
217 218
218 219
219 220
220 221
220 222
219 223
218 224
224 225
225 226
225 227
224 228
228 229
229 230
229 231
228 232
217 233
233 234
234 235
234 236
233 237
216 238
238 239
239 240
240 241
240 242
239 243
243 244
244 245
244 246
243 247
238 248
248 249
249 250
249 251
248 252
141 253
253 254
254 255
255 256
255 257
257 258
258 259
258 260
257 261
254 262
262 263
263 264
263 265
262 266
266 267
266 268
253 269
269 270
270 271
270 272
272 273
273 274
273 275
272 276
276 277
276 278
278 279
279 280
279 281
278 282
269 283
283 284
284 285
284 286
286 287
287 288
287 289
286 290
290 291
291 292
291 293
290 294
283 295
295 296
296 297
297 298
298 299
299 300
300 301
301 302
302 303
303 304
304 305
304 306
306 307
306 308
303 309
309 310
309 311
302 312
312 313
313 314
314 315
314 316
313 317
317 318
317 319
312 320
320 321
321 322
321 323
320 324
301 325
325 326
325 327
327 328
327 329
329 330
330 331
331 332
332 333
332 334
331 335
330 336
336 337
337 338
337 339
336 340
340 341
340 342
329 343
343 344
343 345
300 346
346 347
346 348
299 349
349 350
350 351
351 352
352 353
352 354
351 355
350 356
356 357
357 358
358 359
358 360
357 361
356 362
349 363
298 364
364 365
364 366
297 367
367 368
368 369
368 370
370 371
371 372
371 373
370 374
367 375
375 376
375 377
296 378
378 379
379 380
380 381
380 382
379 383
378 384
384 385
384 386
295 387
