194
291
291
216 101
214 146
212 95
213 34
210 210
264 220
265 158
218 31
219 208
133 262
132 44
131 235
130 12
137 127
135 171
134 268
139 222
166 134
198 97
25 276
26 260
21 2
23 23
223 116
28 26
29 261
222 187
0 170
281 39
8 196
283 142
220 143
284 21
286 3
120 110
121 206
261 290
123 40
124 193
266 192
126 199
127 161
128 178
129 53
269 286
268 103
58 93
55 154
56 126
258 49
53 72
290 131
201 271
199 159
179 87
195 284
178 121
193 63
192 58
270 179
114 226
117 8
116 180
111 225
110 233
113 209
82 68
181 223
80 117
119 231
87 263
84 37
85 42
256 152
226 228
3 47
254 212
247 120
255 111
225 182
245 88
108 269
240 184
243 258
242 32
102 148
103 77
101 157
107 119
105 213
39 273
32 80
31 14
37 270
36 264
34 114
252 62
271 188
60 238
62 45
63 219
66 130
67 90
68 163
176 169
175 172
173 85
172 102
171 105
170 128
288 248
248 242
182 6
180 230
2 91
187 155
184 17
6 254
188 133
189 216
196 28
185 123
169 75
228 156
91 189
90 281
93 203
167 132
95 245
161 232
97 279
163 19
11 278
13 60
12 243
14 204
17 195
16 218
19 274
88 153
250 147
273 9
274 78
204 145
150 55
153 288
152 252
155 73
154 74
157 267
156 137
159 135
158 11
278 56
238 173
279 240
234 175
235 129
237 0
230 266
231 150
232 201
233 140
49 108
47 237
44 247
45 176
42 139
40 283
5 265
9 36
146 181
147 84
203 214
145 13
142 198
143 234
140 124
206 70
209 5
208 82
148 25
77 16
75 67
74 166
73 250
72 256
70 107
78 185
263 255
262 29
260 113
276 167
267 66
215 216
227 217
211 214
217 215
211 212
211 213
211 210
215 211
177 165
275 264
264 265
217 218
217 219
132 133
144 132
132 131
129 130
138 137
162 136
136 135
132 134
138 139
151 138
165 166
48 24
24 25
27 26
46 27
51 20
20 21
35 22
24 23
164 160
27 28
30 29
160 161
291 289
1 0
15 4
282 281
7 8
282 283
162 163
287 285
285 284
289 287
287 286
118 119
272 271
257 258
118 120
122 121
151 122
122 123
125 124
151 125
125 126
128 127
144 128
136 129
264 269
264 268
168 167
151 118
61 59
57 58
54 55
64 54
59 57
57 56
52 51
59 50
52 53
59 52
272 259
289 290
177 164
202 201
200 199
177 179
207 200
194 195
205 194
200 197
177 178
207 191
191 190
194 193
191 192
118 115
115 114
89 88
94 89
112 111
109 110
112 113
129 112
83 82
99 83
81 80
94 81
92 86
86 87
83 84
86 85
253 251
197 198
257 256
205 206
227 226
259 257
4 3
190 177
255 254
59 7
246 247
272 273
261 255
224 225
246 245
257 244
109 108
151 109
244 241
239 240
244 243
241 242
106 102
104 103
129 100
102 101
125 106
106 107
112 104
104 105
38 39
41 38
50 33
33 32
30 31
51 30
38 37
35 36
50 35
33 34
251 246
285 282
251 252
211 205
224 223
177 176
59 60
67 61
61 62
64 63
65 64
71 65
65 66
69 67
69 68
71 69
174 175
177 174
174 173
168 172
168 171
168 170
202 203
221 222
287 288
177 181
259 253
249 248
183 182
190 183
177 180
1 2
164 162
186 187
183 184
7 6
221 220
264 186
186 188
190 189
211 202
197 196
229 221
186 185
100 99
100 98
177 168
168 169
241 229
229 228
92 91
89 90
94 93
96 92
96 95
98 94
98 97
99 96
10 11
20 10
30 13
13 12
18 15
13 14
18 17
15 16
20 19
22 18
115 117
249 250
115 116
272 274
205 204
277 275
165 151
149 150
151 153
151 152
151 155
151 154
151 157
151 156
160 159
151 158
280 277
229 234
239 238
272 239
280 279
211 207
236 235
241 236
236 237
229 230
229 231
229 232
229 233
229 224
287 280
54 48
48 49
59 46
46 47
43 44
46 45
43 42
59 43
41 40
59 41
22 1
4 5
10 9
287 272
144 146
144 147
151 144
144 145
141 142
144 143
141 140
151 141
207 209
207 208
149 148
165 149
76 77
79 76
76 75
71 74
71 73
71 72
81 71
71 70
277 278
94 79
79 78
264 263
253 249
261 262
229 227
272 261
264 270
261 260
275 276
264 267
264 266
