194
387
0
290 2
266 5
264 9
267 12
265 13
270 17
276 18
263 19
188 21
187 23
185 24
269 25
268 26
286 29
283 32
281 33
284 34
279 38
278 39
288 40
271 42
260 45
261 47
255 49
262 50
273 52
254 57
274 58
238 60
240 61
250 64
248 65
252 67
245 69
247 70
256 72
258 74
243 76
237 79
235 80
242 82
233 84
230 87
232 88
228 91
231 92
234 94
225 98
223 99
220 102
222 103
226 104
218 107
219 108
216 110
210 112
213 115
212 117
203 119
201 120
214 123
204 125
206 127
193 129
195 130
196 134
198 135
199 136
209 138
208 140
192 142
189 144
184 147
182 148
167 151
175 154
171 156
170 158
178 160
166 162
140 169
157 170
116 175
117 177
114 178
120 180
119 181
154 182
121 185
123 186
158 187
156 189
152 190
108 195
110 196
131 199
132 201
133 203
134 204
146 208
147 209
145 211
127 213
128 214
143 215
124 218
126 220
107 222
102 224
101 225
139 227
137 228
155 229
153 230
142 232
150 234
148 235
169 237
172 239
181 240
176 243
180 244
173 247
179 248
159 251
161 252
163 254
135 256
129 258
130 260
113 264
111 265
103 267
105 268
87 274
85 275
91 276
84 278
82 279
95 280
97 282
93 285
90 287
88 288
78 291
77 293
75 294
80 296
74 298
70 301
72 302
73 304
68 306
66 309
63 311
55 313
49 315
25 317
23 318
67 320
62 322
42 325
44 327
58 328
60 330
32 333
34 334
53 336
26 340
28 341
47 343
45 344
8 349
6 350
11 354
9 355
19 357
21 358
39 360
37 362
40 363
56 364
14 368
13 370
12 371
31 373
29 374
16 377
5 380
3 381
17 382
36 384
2 386
0 387
0 1
1 2
1 3
3 4
4 5
4 6
6 7
7 8
8 9
8 10
10 11
11 12
11 13
10 14
14 15
15 16
16 17
16 18
15 19
14 20
20 21
20 22
22 23
22 24
7 25
6 26
3 27
27 28
28 29
28 30
30 31
31 32
31 33
30 34
27 35
35 36
36 37
37 38
37 39
36 40
35 41
41 42
41 43
43 44
44 45
44 46
46 47
46 48
48 49
48 50
43 51
51 52
51 53
53 54
54 55
55 56
56 57
56 58
55 59
59 60
59 61
54 62
62 63
63 64
63 65
62 66
66 67
66 68
68 69
68 70
53 71
71 72
71 73
73 74
73 75
75 76
75 77
77 78
78 79
78 80
77 81
81 82
81 83
83 84
83 85
85 86
86 87
86 88
85 89
89 90
90 91
90 92
89 93
93 94
93 95
95 96
96 97
97 98
97 99
96 100
100 101
101 102
101 103
100 104
95 105
105 106
106 107
106 108
105 109
109 110
109 111
111 112
111 113
113 114
114 115
114 116
116 117
116 118
118 119
118 120
113 121
121 122
122 123
122 124
124 125
124 126
126 127
126 128
128 129
128 130
121 131
131 132
132 133
133 134
133 135
132 136
131 137
137 138
137 139
139 140
139 141
141 142
141 143
143 144
143 145
145 146
146 147
146 148
145 149
149 150
150 151
150 152
152 153
153 154
153 155
155 156
155 157
157 158
157 159
159 160
159 161
161 162
161 163
163 164
164 165
165 166
166 167
167 168
168 169
168 170
167 171
171 172
172 173
173 174
174 175
174 176
176 177
176 178
173 179
179 180
179 181
172 182
171 183
183 184
184 185
184 186
183 187
166 188
188 189
188 190
165 191
191 192
192 193
193 194
194 195
194 196
193 197
197 198
198 199
198 200
200 201
200 202
202 203
202 204
197 205
205 206
206 207
207 208
207 209
206 210
210 211
210 212
212 213
212 214
205 215
192 216
216 217
217 218
217 219
219 220
219 221
221 222
221 223
223 224
223 225
216 226
226 227
226 228
191 229
164 230
163 231
231 232
231 233
233 234
233 235
152 236
236 237
236 238
238 239
238 240
149 241
241 242
242 243
242 244
241 245
245 246
246 247
246 248
245 249
249 250
250 251
250 252
249 253
253 254
253 255
255 256
255 257
257 258
257 259
259 260
259 261
261 262
262 263
263 264
263 265
262 266
266 267
266 268
261 269
269 270
270 271
271 272
272 273
273 274
273 275
272 276
271 277
277 278
277 279
270 280
269 281
281 282
281 283
283 284
284 285
284 286
286 287
286 288
283 289
289 290
290 291
290 292
292 293
292 294
289 295
295 296
295 297
297 298
297 299
299 300
300 301
300 302
299 303
303 304
303 305
305 306
305 307
307 308
308 309
308 310
310 311
310 312
312 313
312 314
314 315
314 316
316 317
316 318
307 319
319 320
319 321
321 322
321 323
323 324
324 325
324 326
326 327
326 328
323 329
329 330
329 331
331 332
332 333
332 334
331 335
335 336
335 337
337 338
338 339
339 340
339 341
338 342
342 343
342 344
337 345
345 346
346 347
347 348
348 349
348 350
347 351
351 352
352 353
353 354
353 355
352 356
356 357
356 358
351 359
359 360
359 361
361 362
361 363
346 364
345 365
365 366
366 367
367 368
367 369
369 370
369 371
366 372
372 373
372 374
365 375
375 376
376 377
376 378
378 379
379 380
379 381
378 382
375 383
383 384
383 385
385 386
385 387
