194
291
291
216 216
214 214
212 212
213 213
210 210
264 264
265 265
218 218
219 219
133 133
132 132
131 131
130 130
137 137
135 135
134 134
139 139
166 166
198 198
25 25
26 26
21 21
23 23
223 223
28 28
29 29
222 222
0 0
281 281
8 8
283 283
220 220
284 284
286 286
120 120
121 121
261 261
123 123
124 124
266 266
126 126
127 127
128 128
129 129
269 269
268 268
58 58
55 55
56 56
258 258
53 53
290 290
201 201
199 199
179 179
195 195
178 178
193 193
192 192
270 270
114 114
117 117
116 116
111 111
110 110
113 113
82 82
181 181
80 80
119 119
87 87
84 84
85 85
256 256
226 226
3 3
254 254
247 247
255 255
225 225
245 245
108 108
240 240
243 243
242 242
102 102
103 103
101 101
107 107
105 105
39 39
32 32
31 31
37 37
36 36
34 34
252 252
271 271
60 60
62 62
63 63
66 66
67 67
68 68
176 176
175 175
173 173
172 172
171 171
170 170
288 288
248 248
182 182
180 180
2 2
187 187
184 184
6 6
188 188
189 189
196 196
185 185
169 169
228 228
91 91
90 90
93 93
167 167
95 95
161 161
97 97
163 163
11 11
13 13
12 12
14 14
17 17
16 16
19 19
88 88
250 250
273 273
274 274
204 204
150 150
153 153
152 152
155 155
154 154
157 157
156 156
159 159
158 158
278 278
238 238
279 279
234 234
235 235
237 237
230 230
231 231
232 232
233 233
49 49
47 47
44 44
45 45
42 42
40 40
5 5
9 9
146 146
147 147
203 203
145 145
142 142
143 143
140 140
206 206
209 209
208 208
148 148
77 77
75 75
74 74
73 73
72 72
70 70
78 78
263 263
262 262
260 260
276 276
267 267
215 216
227 217
211 214
217 215
211 212
211 213
211 210
215 211
177 165
275 264
264 265
217 218
217 219
132 133
144 132
132 131
129 130
138 137
162 136
136 135
132 134
138 139
151 138
165 166
48 24
24 25
27 26
46 27
51 20
20 21
35 22
24 23
164 160
27 28
30 29
160 161
291 289
1 0
15 4
282 281
7 8
282 283
162 163
287 285
285 284
289 287
287 286
118 119
272 271
257 258
118 120
122 121
151 122
122 123
125 124
151 125
125 126
128 127
144 128
136 129
264 269
264 268
168 167
151 118
61 59
57 58
54 55
64 54
59 57
57 56
52 51
59 50
52 53
59 52
272 259
289 290
177 164
202 201
200 199
177 179
207 200
194 195
205 194
200 197
177 178
207 191
191 190
194 193
191 192
118 115
115 114
89 88
94 89
112 111
109 110
112 113
129 112
83 82
99 83
81 80
94 81
92 86
86 87
83 84
86 85
253 251
197 198
257 256
205 206
227 226
259 257
4 3
190 177
255 254
59 7
246 247
272 273
261 255
224 225
246 245
257 244
109 108
151 109
244 241
239 240
244 243
241 242
106 102
104 103
129 100
102 101
125 106
106 107
112 104
104 105
38 39
41 38
50 33
33 32
30 31
51 30
38 37
35 36
50 35
33 34
251 246
285 282
251 252
211 205
224 223
177 176
59 60
67 61
61 62
64 63
65 64
71 65
65 66
69 67
69 68
71 69
174 175
177 174
174 173
168 172
168 171
168 170
202 203
221 222
287 288
177 181
259 253
249 248
183 182
190 183
177 180
1 2
164 162
186 187
183 184
7 6
221 220
264 186
186 188
190 189
211 202
197 196
229 221
186 185
100 99
100 98
177 168
168 169
241 229
229 228
92 91
89 90
94 93
96 92
96 95
98 94
98 97
99 96
10 11
20 10
30 13
13 12
18 15
13 14
18 17
15 16
20 19
22 18
115 117
249 250
115 116
272 274
205 204
277 275
165 151
149 150
151 153
151 152
151 155
151 154
151 157
151 156
160 159
151 158
280 277
229 234
239 238
272 239
280 279
211 207
236 235
241 236
236 237
229 230
229 231
229 232
229 233
229 224
287 280
54 48
48 49
59 46
46 47
43 44
46 45
43 42
59 43
41 40
59 41
22 1
4 5
10 9
287 272
144 146
144 147
151 144
144 145
141 142
144 143
141 140
151 141
207 209
207 208
149 148
165 149
76 77
79 76
76 75
71 74
71 73
71 72
81 71
71 70
277 278
94 79
79 78
264 263
253 249
261 262
229 227
272 261
264 270
261 260
275 276
264 267
264 266
