195
278
278
216 216
217 217
214 214
215 215
212 212
213 213
210 210
264 264
265 265
218 218
219 219
133 133
164 164
131 131
137 137
135 135
134 134
139 139
138 138
166 166
24 24
25 25
26 26
27 27
21 21
22 22
223 223
29 29
222 222
0 0
162 162
163 163
227 227
120 120
262 262
122 122
124 124
125 125
126 126
127 127
128 128
129 129
269 269
268 268
59 59
58 58
55 55
54 54
56 56
50 50
52 52
201 201
198 198
195 195
194 194
197 197
178 178
191 191
190 190
193 193
192 192
115 115
114 114
88 88
89 89
111 111
275 275
113 113
112 112
82 82
83 83
80 80
86 86
118 118
85 85
251 251
256 256
206 206
226 226
3 3
254 254
225 225
245 245
244 244
181 181
109 109
240 240
242 242
102 102
103 103
100 100
249 249
107 107
104 104
39 39
33 33
32 32
224 224
37 37
36 36
35 35
246 246
252 252
60 60
61 61
62 62
259 259
64 64
66 66
67 67
177 177
69 69
175 175
174 174
173 173
257 257
171 171
203 203
248 248
183 183
180 180
2 2
167 167
187 187
184 184
6 6
186 186
188 188
189 189
99 99
98 98
169 169
228 228
91 91
165 165
93 93
92 92
95 95
161 161
97 97
96 96
11 11
10 10
13 13
15 15
14 14
17 17
16 16
19 19
272 272
274 274
150 150
153 153
152 152
154 154
157 157
156 156
159 159
277 277
238 238
234 234
235 235
236 236
230 230
231 231
233 233
49 49
46 46
119 119
44 44
45 45
42 42
41 41
5 5
9 9
146 146
200 200
144 144
145 145
142 142
143 143
207 207
141 141
208 208
148 148
77 77
76 76
74 74
73 73
71 71
79 79
205 205
270 270
267 267
266 266
211 216
211 217
211 214
211 215
211 212
211 213
209 210
229 211
164 165
263 264
263 265
211 218
220 219
132 133
160 132
132 131
132 130
136 137
172 136
132 135
132 134
140 139
136 138
164 166
23 24
23 25
23 26
28 27
23 20
20 21
23 22
30 23
182 160
31 28
28 29
160 161
1 0
7 4
30 8
160 163
132 119
273 271
260 258
121 120
136 121
121 122
132 123
123 124
126 125
179 126
128 127
151 128
128 129
271 269
269 268
168 167
119 118
57 59
57 58
53 55
53 54
63 57
57 56
63 51
51 50
57 53
51 52
260 259
188 164
202 201
211 199
188 179
199 200
188 195
188 194
196 197
188 178
188 191
188 190
188 193
188 192
116 115
112 114
87 88
90 89
110 111
116 110
112 113
130 112
81 82
84 83
81 80
130 81
87 86
94 87
106 84
84 85
250 251
199 198
255 256
207 206
224 226
185 172
4 3
253 254
20 7
255 247
276 273
263 255
224 225
246 245
243 244
147 108
110 109
247 241
241 240
250 243
243 242
101 102
123 103
101 100
117 101
112 106
106 107
105 104
128 105
38 39
40 38
34 33
31 32
47 31
34 30
38 37
34 36
34 35
40 34
250 246
253 252
204 205
221 223
182 176
57 60
57 61
63 62
70 63
65 64
68 65
65 66
68 67
140 68
70 69
176 175
172 174
172 173
178 177
170 171
185 170
202 203
221 222
188 181
258 253
247 248
186 182
182 183
179 180
1 2
160 162
188 187
185 184
7 6
229 220
196 186
202 188
188 189
221 202
204 196
229 221
196 185
97 99
97 98
172 168
168 169
232 229
229 228
90 91
97 90
108 93
93 92
94 95
103 94
105 97
97 96
12 11
8 10
12 13
20 12
12 15
12 14
18 17
12 16
18 19
20 18
143 117
261 250
117 116
258 257
273 274
220 204
276 275
164 151
149 150
151 153
151 152
181 155
155 154
158 157
155 156
158 159
181 158
276 277
232 234
239 238
241 239
211 207
232 235
237 236
239 237
229 230
232 231
237 232
232 233
243 224
53 48
48 49
47 46
48 47
43 44
43 45
43 42
47 43
43 40
40 41
8 1
4 5
8 9
271 272
147 146
170 147
143 144
143 145
140 142
176 143
164 140
140 141
211 209
209 208
149 148
164 149
78 77
75 76
87 75
75 74
72 73
81 72
70 71
72 70
78 79
108 78
269 263
250 249
261 262
224 227
269 261
271 270
269 260
278 276
263 267
263 266
