198
395
0
102 29
99 30
101 31
97 32
96 39
95 40
83 45
80 46
82 47
93 52
15 54
14 55
73 58
51 62
12 64
13 66
5 68
3 69
50 70
48 71
68 73
67 74
90 76
72 78
71 80
69 81
92 82
79 84
77 85
105 86
120 88
104 89
108 91
89 97
88 98
84 100
66 102
52 104
53 107
44 109
42 110
54 111
75 113
63 116
61 117
39 121
46 124
40 126
41 127
38 129
36 130
58 131
60 132
57 136
56 137
31 139
30 141
28 142
47 146
17 148
16 149
35 156
25 157
27 158
18 159
24 163
22 164
23 165
20 166
32 167
34 169
2 171
0 172
11 174
10 177
8 179
6 180
9 181
87 182
109 184
107 185
119 186
114 189
112 190
110 191
137 193
132 194
150 195
129 198
131 199
136 201
134 202
125 207
138 208
140 209
124 213
121 214
123 215
128 218
127 219
117 221
115 222
173 229
154 230
148 231
152 232
156 233
147 234
155 235
197 241
195 242
190 243
229 248
228 251
227 252
224 253
226 254
193 255
194 256
192 257
186 258
166 260
165 261
182 262
178 263
163 264
220 268
218 269
183 274
161 276
160 279
159 280
157 281
185 282
217 291
213 292
215 293
206 295
210 297
207 299
204 300
214 301
203 303
198 305
199 306
201 307
175 308
202 310
200 311
168 316
146 318
144 319
143 321
141 322
177 323
180 324
188 326
171 328
170 329
232 331
230 332
240 335
223 336
221 337
242 338
236 342
233 343
235 344
251 345
248 348
247 351
244 352
246 353
238 355
237 356
250 357
252 358
257 361
253 362
256 363
255 364
259 365
281 370
280 371
282 373
272 374
274 375
277 378
276 380
271 382
268 383
267 386
263 388
262 390
260 391
265 392
286 394
284 395
0 1
1 2
2 3
3 4
4 5
5 6
6 7
7 8
8 9
9 10
10 11
11 12
12 13
13 14
14 15
15 16
16 17
17 18
18 19
19 20
20 21
21 22
22 23
23 24
24 25
25 26
26 27
27 28
28 29
28 30
27 31
26 32
25 33
33 34
34 35
35 36
36 37
37 38
38 39
38 40
37 41
41 42
42 43
43 44
44 45
44 46
43 47
42 48
48 49
49 50
50 51
51 52
51 53
53 54
53 55
50 56
56 57
57 58
57 59
59 60
60 61
61 62
61 63
63 64
63 65
65 66
65 67
67 68
67 69
60 70
59 71
56 72
72 73
72 74
49 75
75 76
75 77
77 78
77 79
79 80
79 81
48 82
41 83
83 84
83 85
36 86
35 87
87 88
87 89
34 90
90 91
90 92
92 93
93 94
94 95
95 96
96 97
96 98
95 99
99 100
99 101
101 102
101 103
103 104
103 105
105 106
106 107
106 108
108 109
108 110
105 111
94 112
112 113
112 114
114 115
115 116
115 117
114 118
118 119
119 120
120 121
120 122
122 123
123 124
123 125
125 126
125 127
122 128
128 129
128 130
119 131
118 132
93 133
133 134
134 135
135 136
135 137
134 138
138 139
138 140
140 141
140 142
133 143
143 144
144 145
145 146
145 147
147 148
147 149
144 150
150 151
151 152
152 153
153 154
154 155
155 156
155 157
154 158
153 159
152 160
160 161
161 162
162 163
162 164
161 165
160 166
151 167
150 168
168 169
168 170
170 171
170 172
143 173
173 174
173 175
175 176
176 177
176 178
178 179
178 180
175 181
92 182
33 183
183 184
183 185
24 186
23 187
187 188
188 189
188 190
187 191
22 192
192 193
192 194
21 195
20 196
196 197
197 198
197 199
196 200
200 201
200 202
19 203
203 204
204 205
205 206
206 207
206 208
205 209
204 210
210 211
211 212
212 213
212 214
211 215
210 216
216 217
217 218
217 219
216 220
220 221
220 222
203 223
223 224
224 225
225 226
226 227
227 228
228 229
228 230
227 231
226 232
225 233
224 234
223 235
18 236
236 237
237 238
238 239
239 240
240 241
240 242
239 243
238 244
244 245
245 246
246 247
247 248
247 249
249 250
250 251
250 252
249 253
246 254
245 255
244 256
237 257
236 258
17 259
259 260
259 261
16 262
15 263
14 264
13 265
265 266
266 267
267 268
267 269
266 270
270 271
271 272
272 273
273 274
273 275
275 276
275 277
277 278
278 279
278 280
277 281
272 282
271 283
283 284
284 285
285 286
286 287
287 288
288 289
289 290
290 291
290 292
289 293
288 294
294 295
294 296
296 297
296 298
298 299
298 300
287 301
286 302
302 303
302 304
304 305
304 306
285 307
284 308
283 309
309 310
309 311
270 312
312 313
313 314
314 315
315 316
315 317
317 318
317 319
314 320
320 321
320 322
313 323
312 324
265 325
325 326
325 327
327 328
327 329
12 330
330 331
330 332
11 333
333 334
334 335
334 336
333 337
10 338
9 339
339 340
340 341
341 342
341 343
340 344
339 345
8 346
346 347
347 348
347 349
349 350
350 351
350 352
349 353
346 354
354 355
354 356
7 357
6 358
5 359
359 360
360 361
360 362
359 363
4 364
3 365
2 366
366 367
367 368
368 369
369 370
369 371
368 372
372 373
372 374
367 375
366 376
376 377
377 378
377 379
379 380
379 381
381 382
381 383
376 384
384 385
385 386
385 387
387 388
387 389
389 390
389 391
384 392
1 393
393 394
393 395
