198
295
1
220 6
218 9
170 15
171 16
198 21
202 22
252 36
40 42
60 48
56 55
47 56
107 63
97 70
15 78
68 85
13 90
163 95
190 96
229 100
192 104
127 108
148 110
125 113
129 122
0 123
2 124
3 125
5 126
6 127
8 128
9 129
10 130
11 131
12 132
14 133
16 134
17 135
18 136
20 137
22 138
23 139
24 140
25 141
27 142
28 143
30 144
31 145
32 146
34 147
35 148
36 149
38 150
39 151
41 152
42 153
44 154
46 155
48 156
50 157
51 158
52 159
53 160
54 161
57 162
58 163
61 164
63 165
66 166
67 167
69 168
71 169
72 170
73 171
75 172
77 173
79 174
80 175
82 176
83 177
84 178
87 179
88 180
89 181
90 182
92 183
93 184
95 185
96 186
99 187
101 188
102 189
104 190
105 191
108 192
109 193
110 194
112 195
114 196
115 197
117 198
119 199
120 200
121 201
123 202
124 203
128 204
131 205
132 206
134 207
136 208
137 209
138 210
140 211
141 212
143 213
144 214
146 215
147 216
150 217
152 218
154 219
155 220
156 221
157 222
159 223
160 224
161 225
165 226
166 227
168 228
173 229
175 230
177 231
178 232
180 233
182 234
183 235
185 236
186 237
188 238
193 239
194 240
195 241
197 242
199 243
200 244
201 245
203 246
204 247
206 248
207 249
210 250
213 251
214 252
215 253
217 254
221 255
223 256
224 257
226 258
227 259
228 260
230 261
232 262
233 263
235 264
236 265
237 266
238 267
240 268
242 269
244 270
246 271
247 272
248 273
250 274
251 275
253 276
255 277
256 278
257 279
259 280
260 281
262 282
263 283
265 284
267 285
268 286
271 287
272 288
274 289
276 290
277 291
280 292
281 293
282 294
284 295
286 296
1 2
2 3
3 4
4 5
4 6
4 7
7 8
8 9
7 10
10 11
11 12
10 13
7 14
14 15
15 16
15 17
14 18
18 19
18 20
14 21
21 22
21 23
14 24
24 25
24 26
26 27
26 28
28 29
7 30
3 31
31 32
3 33
33 34
34 35
33 36
33 37
37 38
33 39
2 40
40 41
41 42
42 43
40 44
44 45
45 46
45 47
45 48
44 49
49 50
50 51
44 52
44 53
44 54
54 55
44 56
56 57
57 58
58 59
57 60
57 61
44 62
62 63
63 64
63 65
65 66
65 67
65 68
63 69
63 70
62 71
62 72
72 73
72 74
72 75
62 76
76 77
77 78
77 79
76 80
80 81
76 82
82 83
83 84
82 85
85 86
86 87
86 88
76 89
40 90
2 91
91 92
92 93
91 94
94 95
91 96
91 97
97 98
98 99
98 100
91 101
2 102
102 103
102 104
102 105
105 106
106 107
105 108
102 109
102 110
110 111
111 112
111 113
110 114
110 115
102 116
102 117
117 118
117 119
117 120
2 121
121 122
59 123
59 124
87 125
87 126
60 127
60 128
60 129
89 130
60 131
87 132
78 133
56 134
56 135
58 136
61 137
61 138
61 139
61 140
57 141
58 142
54 143
54 144
52 145
58 146
58 147
57 148
43 149
43 150
43 151
42 152
51 153
51 154
41 155
86 156
88 157
86 158
50 159
50 160
50 161
54 162
48 163
46 164
46 165
49 166
85 167
83 168
83 169
84 170
71 171
47 172
79 173
79 174
77 175
77 176
77 177
73 178
44 179
53 180
74 181
82 182
82 183
66 184
80 185
81 186
69 187
69 188
69 189
64 190
63 191
63 192
63 193
67 194
67 195
67 196
105 197
105 198
65 199
65 200
107 201
75 202
107 203
106 204
121 205
68 206
121 207
121 208
68 209
112 210
111 211
19 212
19 213
25 214
20 215
115 216
114 217
116 218
109 219
118 220
117 221
27 222
27 223
27 224
26 225
119 226
119 227
18 228
109 229
14 230
18 231
23 232
23 233
120 234
21 235
24 236
101 237
14 238
91 239
101 240
97 241
97 242
21 243
21 244
24 245
21 246
5 247
5 248
5 249
4 250
30 251
21 252
7 253
8 254
3 255
3 256
98 257
98 258
98 259
98 260
31 261
32 262
37 263
38 264
37 265
39 266
33 267
3 268
3 269
34 270
35 271
34 272
33 273
28 274
99 275
13 276
13 277
13 278
13 279
11 280
103 281
103 282
103 283
103 284
103 285
93 286
93 287
12 288
12 289
92 290
92 291
12 292
12 293
12 294
29 295
29 296
