198
289
289
217 247
214 147
215 35
224 180
213 194
210 280
165 110
218 50
132 267
131 188
137 46
136 233
134 108
138 69
166 156
24 120
25 73
27 248
20 134
22 75
23 112
160 18
28 83
0 34
221 190
281 274
8 265
163 186
284 129
286 242
120 217
121 68
123 260
124 93
125 157
265 221
127 138
128 200
129 119
268 192
220 2
58 202
54 220
57 12
56 268
51 165
50 117
53 240
52 159
259 276
201 96
199 82
198 203
200 58
195 143
194 185
197 255
178 97
190 251
193 259
192 148
115 90
114 177
88 236
89 72
274 207
110 15
276 218
112 146
82 28
83 54
80 227
119 115
87 3
84 197
204 141
207 13
256 31
206 87
226 99
257 39
3 213
247 53
255 173
244 9
108 150
109 36
240 71
242 27
102 199
101 152
107 132
104 23
105 60
39 89
38 10
32 95
31 256
30 51
36 17
35 281
34 230
246 109
282 124
252 102
223 214
60 104
61 144
63 232
66 20
67 154
68 67
69 52
175 44
251 228
173 56
177 41
171 171
170 175
203 223
272 193
271 30
253 16
248 137
182 252
183 131
180 6
2 128
186 182
6 61
188 257
185 32
99 136
168 48
229 11
228 127
227 229
90 224
93 123
92 25
95 250
161 105
97 183
96 0
11 92
10 215
13 201
12 210
15 40
14 5
17 170
16 125
18 168
117 57
150 14
152 121
155 77
154 238
157 160
156 286
159 114
277 263
238 262
235 107
236 47
237 277
230 178
232 195
233 88
280 24
48 226
46 198
47 166
44 244
42 8
40 246
41 163
5 235
9 101
146 79
147 282
144 253
202 42
250 22
143 284
140 80
141 140
148 161
77 206
75 271
73 84
72 155
71 66
79 237
263 204
262 272
260 38
267 63
219 216
216 217
212 214
216 215
216 212
212 213
209 210
225 211
181 165
266 264
266 265
216 218
239 219
137 133
133 132
130 131
135 130
149 137
135 136
153 135
135 134
148 139
139 138
165 166
21 24
26 25
33 26
26 27
21 20
33 21
21 22
21 23
158 160
29 28
57 29
162 161
1 0
12 4
279 281
7 8
287 283
164 163
288 285
285 284
288 287
285 286
118 119
270 271
287 258
118 120
122 121
126 122
122 123
122 124
126 125
151 126
126 127
126 128
130 129
270 269
269 268
219 220
133 118
64 59
59 58
65 55
55 54
86 57
57 56
49 51
49 50
55 53
53 52
258 259
167 164
198 201
198 199
198 179
198 200
196 195
191 194
196 197
179 178
211 191
191 190
191 193
191 192
116 115
113 114
86 88
86 89
113 111
111 110
118 113
111 112
81 82
81 83
81 80
91 81
103 86
86 87
85 84
103 85
249 251
212 198
254 256
205 206
225 226
181 172
4 3
258 254
19 7
245 247
279 273
254 255
243 225
249 245
245 244
107 108
107 109
249 241
239 240
249 243
241 242
100 102
107 103
107 100
100 101
107 106
118 107
103 104
106 105
37 39
37 38
47 33
33 32
29 31
29 30
40 37
37 36
33 35
33 34
245 246
174 162
279 282
254 252
208 205
222 223
198 176
59 60
62 61
64 62
62 63
76 64
85 65
65 66
68 67
74 68
70 69
174 175
189 174
172 173
176 177
170 171
198 170
198 203
239 222
289 288
187 181
254 253
245 248
181 182
184 183
179 180
1 2
169 167
191 187
198 184
7 6
187 186
189 188
198 189
198 202
211 196
222 221
184 185
100 99
106 98
167 168
176 169
225 229
225 228
107 91
91 90
94 93
91 92
94 95
98 94
98 97
94 96
7 11
7 10
12 13
49 12
81 15
15 14
16 17
47 16
33 19
19 18
116 117
249 250
126 116
254 257
273 274
205 204
278 275
153 151
149 150
172 153
151 152
153 155
153 154
158 157
153 156
158 159
162 158
278 277
243 234
249 238
241 239
283 279
208 207
234 235
234 236
238 237
231 230
239 231
231 232
234 233
225 224
279 280
49 48
68 49
45 46
86 47
43 44
59 45
43 42
53 43
45 40
40 41
33 1
4 5
7 9
273 272
145 146
148 147
145 144
164 145
169 142
142 143
139 140
142 141
219 209
209 208
153 148
153 149
78 77
86 76
76 75
91 74
74 73
70 72
70 71
91 70
283 278
78 79
98 78
264 263
252 249
261 262
225 227
264 261
275 270
261 260
275 276
266 267
269 266
