198
289
289
217 276
214 18
215 32
224 248
213 201
210 194
165 42
218 182
132 280
131 193
137 246
136 282
134 168
138 163
166 68
24 178
25 108
27 136
20 177
22 36
23 127
160 202
28 102
0 56
221 2
281 110
8 274
163 51
284 119
286 128
120 129
121 147
123 138
124 160
125 183
265 107
127 157
128 63
129 8
268 170
220 61
58 233
54 134
57 251
56 197
51 14
50 247
53 6
52 277
259 88
201 121
199 250
198 20
200 253
195 35
194 268
197 255
178 57
190 259
193 223
192 13
115 229
114 148
88 220
89 146
274 10
110 120
276 143
112 52
82 272
83 97
80 141
119 11
87 22
84 137
204 224
207 104
256 195
206 15
226 156
257 60
3 257
247 79
255 281
244 198
108 204
109 242
240 154
242 227
102 66
101 132
107 188
104 80
105 236
39 262
38 112
32 50
31 286
30 207
36 12
35 217
34 155
246 47
282 252
252 124
223 115
60 34
61 48
63 99
66 186
67 101
68 214
69 69
175 93
251 84
173 90
177 30
171 39
170 87
203 230
272 71
271 44
253 284
248 260
182 77
183 28
180 203
2 38
186 25
6 150
188 200
185 5
99 75
168 232
229 140
228 96
227 23
90 117
93 58
92 17
95 72
161 165
97 144
96 114
11 210
10 105
13 235
12 27
15 24
14 125
17 215
16 180
18 240
117 265
150 256
152 161
155 159
154 226
157 173
156 82
159 238
277 3
238 109
235 41
236 67
237 83
230 175
232 166
233 228
280 213
48 263
46 271
47 221
44 237
42 218
40 53
41 40
5 46
9 199
146 73
147 206
144 171
202 0
250 89
143 192
140 267
141 54
148 131
77 92
75 16
73 244
72 95
71 185
79 190
263 31
262 123
260 9
267 152
219 216
216 217
212 214
216 215
216 212
212 213
209 210
225 211
181 165
266 264
266 265
216 218
239 219
137 133
133 132
130 131
135 130
149 137
135 136
153 135
135 134
148 139
139 138
165 166
21 24
26 25
33 26
26 27
21 20
33 21
21 22
21 23
158 160
29 28
57 29
162 161
1 0
12 4
279 281
7 8
287 283
164 163
288 285
285 284
288 287
285 286
118 119
270 271
287 258
118 120
122 121
126 122
122 123
122 124
126 125
151 126
126 127
126 128
130 129
270 269
269 268
219 220
133 118
64 59
59 58
65 55
55 54
86 57
57 56
49 51
49 50
55 53
53 52
258 259
167 164
198 201
198 199
198 179
198 200
196 195
191 194
196 197
179 178
211 191
191 190
191 193
191 192
116 115
113 114
86 88
86 89
113 111
111 110
118 113
111 112
81 82
81 83
81 80
91 81
103 86
86 87
85 84
103 85
249 251
212 198
254 256
205 206
225 226
181 172
4 3
258 254
19 7
245 247
279 273
254 255
243 225
249 245
245 244
107 108
107 109
249 241
239 240
249 243
241 242
100 102
107 103
107 100
100 101
107 106
118 107
103 104
106 105
37 39
37 38
47 33
33 32
29 31
29 30
40 37
37 36
33 35
33 34
245 246
174 162
279 282
254 252
208 205
222 223
198 176
59 60
62 61
64 62
62 63
76 64
85 65
65 66
68 67
74 68
70 69
174 175
189 174
172 173
176 177
170 171
198 170
198 203
239 222
289 288
187 181
254 253
245 248
181 182
184 183
179 180
1 2
169 167
191 187
198 184
7 6
187 186
189 188
198 189
198 202
211 196
222 221
184 185
100 99
106 98
167 168
176 169
225 229
225 228
107 91
91 90
94 93
91 92
94 95
98 94
98 97
94 96
7 11
7 10
12 13
49 12
81 15
15 14
16 17
47 16
33 19
19 18
116 117
249 250
126 116
254 257
273 274
205 204
278 275
153 151
149 150
172 153
151 152
153 155
153 154
158 157
153 156
158 159
162 158
278 277
243 234
249 238
241 239
283 279
208 207
234 235
234 236
238 237
231 230
239 231
231 232
234 233
225 224
279 280
49 48
68 49
45 46
86 47
43 44
59 45
43 42
53 43
45 40
40 41
33 1
4 5
7 9
273 272
145 146
148 147
145 144
164 145
169 142
142 143
139 140
142 141
219 209
209 208
153 148
153 149
78 77
86 76
76 75
91 74
74 73
70 72
70 71
91 70
283 278
78 79
98 78
264 263
252 249
261 262
225 227
264 261
275 270
261 260
275 276
266 267
269 266
