198
289
289
217 40
214 124
215 77
224 148
213 286
210 115
165 224
218 136
132 132
131 11
137 8
136 121
134 20
138 138
166 35
24 171
25 83
27 9
20 229
22 165
23 50
160 23
28 220
0 157
221 221
281 213
8 170
163 53
284 238
286 79
120 282
121 257
123 160
124 204
125 203
265 215
127 244
128 48
129 110
268 104
220 123
58 82
54 147
57 5
56 61
51 159
50 32
53 51
52 42
259 128
201 144
199 57
198 168
200 54
195 75
194 228
197 201
178 232
190 271
193 101
192 17
115 46
114 28
88 185
89 127
274 69
110 47
276 210
112 16
82 259
83 195
80 34
119 60
87 227
84 63
204 178
207 39
256 235
206 22
226 190
257 24
3 114
247 161
255 6
244 102
108 120
109 272
240 117
242 268
102 263
101 267
107 107
104 10
105 252
39 15
38 89
32 218
31 3
30 14
36 247
35 12
34 96
246 88
282 175
252 230
223 250
60 56
61 192
63 140
66 182
67 255
68 248
69 105
175 183
251 13
173 80
177 277
171 207
170 129
203 262
272 141
271 260
253 186
248 150
182 223
183 90
180 87
2 0
186 188
6 280
188 58
185 44
99 73
168 173
229 68
228 154
227 41
90 52
93 109
92 253
95 194
161 226
97 2
96 256
11 281
10 119
13 36
12 242
15 156
14 95
17 180
16 72
18 276
117 71
150 125
152 177
155 67
154 152
157 166
156 237
159 27
277 214
238 97
235 251
236 137
237 112
230 84
232 246
233 31
280 199
48 265
46 134
47 274
44 30
42 108
40 236
41 92
5 206
9 143
146 155
147 38
144 284
202 202
250 233
143 240
140 193
141 163
148 99
77 197
75 66
73 217
72 146
71 25
79 200
263 93
262 18
260 198
267 131
219 216
216 217
212 214
216 215
216 212
212 213
209 210
225 211
181 165
266 264
266 265
216 218
239 219
137 133
133 132
130 131
135 130
149 137
135 136
153 135
135 134
148 139
139 138
165 166
21 24
26 25
33 26
26 27
21 20
33 21
21 22
21 23
158 160
29 28
57 29
162 161
1 0
12 4
279 281
7 8
287 283
164 163
288 285
285 284
288 287
285 286
118 119
270 271
287 258
118 120
122 121
126 122
122 123
122 124
126 125
151 126
126 127
126 128
130 129
270 269
269 268
219 220
133 118
64 59
59 58
65 55
55 54
86 57
57 56
49 51
49 50
55 53
53 52
258 259
167 164
198 201
198 199
198 179
198 200
196 195
191 194
196 197
179 178
211 191
191 190
191 193
191 192
116 115
113 114
86 88
86 89
113 111
111 110
118 113
111 112
81 82
81 83
81 80
91 81
103 86
86 87
85 84
103 85
249 251
212 198
254 256
205 206
225 226
181 172
4 3
258 254
19 7
245 247
279 273
254 255
243 225
249 245
245 244
107 108
107 109
249 241
239 240
249 243
241 242
100 102
107 103
107 100
100 101
107 106
118 107
103 104
106 105
37 39
37 38
47 33
33 32
29 31
29 30
40 37
37 36
33 35
33 34
245 246
174 162
279 282
254 252
208 205
222 223
198 176
59 60
62 61
64 62
62 63
76 64
85 65
65 66
68 67
74 68
70 69
174 175
189 174
172 173
176 177
170 171
198 170
198 203
239 222
289 288
187 181
254 253
245 248
181 182
184 183
179 180
1 2
169 167
191 187
198 184
7 6
187 186
189 188
198 189
198 202
211 196
222 221
184 185
100 99
106 98
167 168
176 169
225 229
225 228
107 91
91 90
94 93
91 92
94 95
98 94
98 97
94 96
7 11
7 10
12 13
49 12
81 15
15 14
16 17
47 16
33 19
19 18
116 117
249 250
126 116
254 257
273 274
205 204
278 275
153 151
149 150
172 153
151 152
153 155
153 154
158 157
153 156
158 159
162 158
278 277
243 234
249 238
241 239
283 279
208 207
234 235
234 236
238 237
231 230
239 231
231 232
234 233
225 224
279 280
49 48
68 49
45 46
86 47
43 44
59 45
43 42
53 43
45 40
40 41
33 1
4 5
7 9
273 272
145 146
148 147
145 144
164 145
169 142
142 143
139 140
142 141
219 209
209 208
153 148
153 149
78 77
86 76
76 75
91 74
74 73
70 72
70 71
91 70
283 278
78 79
98 78
264 263
252 249
261 262
225 227
264 261
275 270
261 260
275 276
266 267
269 266
