198
395
0
286 3
284 4
280 8
282 10
281 12
274 14
272 15
277 17
271 20
267 24
265 25
262 28
260 29
263 30
268 31
276 32
259 34
255 36
253 39
257 40
256 42
252 44
250 46
247 50
244 51
246 53
248 54
251 58
233 60
236 62
235 63
237 65
238 66
221 70
220 74
214 78
203 81
200 85
202 86
199 88
183 89
198 90
170 95
171 96
188 97
178 100
180 101
177 103
141 106
143 107
168 109
146 112
144 113
163 114
175 116
185 119
157 122
159 124
160 125
161 126
201 127
218 129
215 131
213 133
217 134
210 136
204 138
207 140
206 141
230 143
232 144
240 146
223 147
242 148
226 151
229 153
227 156
228 157
224 158
195 161
197 162
193 164
190 167
192 168
194 170
186 172
165 175
166 176
182 178
155 181
156 182
173 186
154 187
129 191
131 192
136 193
134 194
117 200
115 201
127 203
128 204
123 206
121 208
124 209
152 210
148 213
147 215
125 218
138 219
140 220
150 222
137 224
132 226
110 230
112 231
114 232
120 234
119 236
92 242
67 245
68 247
73 249
50 251
48 253
51 255
12 257
13 259
3 261
5 262
90 264
72 266
69 268
71 269
77 272
79 273
93 275
95 277
96 278
82 281
14 284
15 285
83 286
80 287
105 288
107 290
109 293
101 296
99 298
102 299
97 300
104 302
108 304
87 306
88 308
84 312
66 314
53 318
42 320
44 321
54 322
52 323
75 325
60 328
39 331
40 335
41 336
38 338
36 339
46 340
58 341
63 343
61 344
89 347
30 349
57 352
56 353
28 355
31 356
47 359
16 361
17 362
11 365
10 368
9 369
6 371
8 372
18 374
27 377
25 380
35 381
22 384
20 386
23 387
24 388
32 390
34 392
2 394
0 395
0 1
1 2
2 3
2 4
1 5
5 6
6 7
7 8
7 9
9 10
9 11
11 12
11 13
13 14
13 15
6 16
16 17
16 18
18 19
19 20
19 21
21 22
22 23
23 24
23 25
22 26
26 27
27 28
27 29
26 30
21 31
18 32
5 33
33 34
33 35
35 36
35 37
37 38
38 39
38 40
37 41
41 42
41 43
43 44
43 45
45 46
45 47
47 48
48 49
49 50
49 51
48 52
52 53
52 54
47 55
55 56
56 57
57 58
57 59
59 60
59 61
61 62
61 63
56 64
64 65
64 66
55 67
67 68
68 69
69 70
69 71
71 72
72 73
73 74
73 75
75 76
76 77
77 78
77 79
79 80
80 81
80 82
82 83
83 84
84 85
84 86
83 87
87 88
87 89
82 90
79 91
91 92
92 93
93 94
94 95
94 96
93 97
92 98
98 99
99 100
99 101
98 102
102 103
102 104
104 105
105 106
105 107
104 108
108 109
108 110
110 111
111 112
111 113
110 114
91 115
115 116
115 117
117 118
118 119
118 120
120 121
121 122
121 123
123 124
123 125
120 126
117 127
76 128
128 129
128 130
130 131
130 132
132 133
132 134
75 135
135 136
135 137
137 138
137 139
139 140
139 141
72 142
142 143
142 144
71 145
145 146
145 147
68 148
67 149
149 150
150 151
150 152
152 153
152 154
154 155
155 156
155 157
154 158
149 159
159 160
160 161
160 162
159 163
163 164
163 165
165 166
166 167
166 168
165 169
169 170
169 171
171 172
171 173
173 174
174 175
174 176
173 177
177 178
177 179
179 180
180 181
180 182
179 183
183 184
184 185
185 186
185 187
184 188
188 189
189 190
190 191
190 192
189 193
188 194
183 195
195 196
196 197
197 198
198 199
199 200
199 201
198 202
202 203
202 204
197 205
205 206
205 207
207 208
207 209
196 210
195 211
211 212
212 213
212 214
214 215
214 216
216 217
217 218
217 219
216 220
211 221
221 222
221 223
223 224
223 225
225 226
225 227
227 228
228 229
229 230
229 231
228 232
227 233
233 234
233 235
235 236
235 237
237 238
238 239
239 240
240 241
241 242
241 243
243 244
244 245
244 246
246 247
246 248
248 249
248 250
250 251
250 252
252 253
252 254
254 255
254 256
256 257
256 258
258 259
258 260
260 261
260 262
243 263
263 264
263 265
265 266
265 267
267 268
267 269
240 270
270 271
271 272
271 273
270 274
274 275
274 276
276 277
276 278
239 279
279 280
280 281
280 282
282 283
283 284
283 285
282 286
279 287
238 288
237 289
289 290
289 291
291 292
292 293
292 294
294 295
295 296
295 297
297 298
297 299
294 300
291 301
301 302
301 303
303 304
303 305
305 306
305 307
307 308
307 309
309 310
310 311
311 312
311 313
313 314
313 315
315 316
316 317
317 318
317 319
319 320
319 321
316 322
315 323
310 324
324 325
324 326
326 327
327 328
327 329
329 330
330 331
330 332
332 333
333 334
334 335
334 336
333 337
337 338
337 339
332 340
329 341
326 342
342 343
342 344
309 345
345 346
346 347
346 348
348 349
348 350
350 351
351 352
351 353
350 354
354 355
354 356
345 357
357 358
358 359
358 360
360 361
360 362
357 363
363 364
364 365
364 366
366 367
367 368
367 369
366 370
370 371
370 372
363 373
373 374
373 375
375 376
376 377
376 378
378 379
379 380
379 381
378 382
382 383
383 384
383 385
385 386
385 387
382 388
375 389
389 390
389 391
391 392
391 393
393 394
393 395
