199
267
267
216 216
217 217
214 214
215 215
212 212
213 213
210 210
165 165
264 264
218 218
133 133
132 132
131 131
130 130
136 136
135 135
134 134
139 139
138 138
166 166
24 24
25 25
27 27
20 20
21 21
22 22
160 160
28 28
222 222
0 0
4 4
8 8
220 220
263 263
122 122
123 123
124 124
125 125
126 126
127 127
128 128
129 129
167 167
118 118
59 59
58 58
55 55
54 54
57 57
56 56
51 51
258 258
53 53
52 52
164 164
199 199
198 198
200 200
195 195
178 178
190 190
193 193
192 192
227 227
114 114
88 88
113 113
112 112
82 82
181 181
80 80
119 119
87 87
84 84
85 85
206 206
257 257
177 177
254 254
7 7
247 247
255 255
225 225
245 245
108 108
109 109
240 240
243 243
242 242
102 102
103 103
100 100
106 106
107 107
104 104
39 39
38 38
33 33
32 32
31 31
30 30
36 36
35 35
34 34
223 223
60 60
61 61
62 62
63 63
64 64
65 65
67 67
68 68
175 175
251 251
173 173
172 172
171 171
170 170
203 203
248 248
182 182
183 183
180 180
2 2
162 162
187 187
6 6
186 186
189 189
196 196
185 185
99 99
98 98
168 168
229 229
91 91
90 90
93 93
92 92
95 95
161 161
97 97
96 96
11 11
10 10
13 13
12 12
15 15
14 14
17 17
16 16
19 19
18 18
117 117
151 151
150 150
153 153
152 152
155 155
157 157
159 159
158 158
238 238
234 234
235 235
237 237
230 230
232 232
224 224
48 48
46 46
44 44
43 43
41 41
1 1
146 146
147 147
144 144
202 202
142 142
143 143
140 140
141 141
209 209
208 208
149 149
77 77
76 76
75 75
74 74
73 73
72 72
71 71
70 70
79 79
205 205
260 260
266 266
215 216
215 217
215 214
221 215
211 212
211 213
211 210
215 211
163 165
265 264
267 265
219 218
221 219
132 133
142 132
132 131
129 130
148 137
137 136
134 135
148 134
140 139
137 138
163 166
23 24
26 25
50 26
26 27
50 20
20 21
23 22
40 23
159 160
29 28
49 29
159 161
1 0
3 4
9 8
169 163
120 119
259 258
121 120
142 121
121 122
121 123
125 124
149 125
125 126
125 127
125 128
148 129
163 167
116 118
50 59
50 58
50 55
50 54
50 57
50 56
50 51
66 50
50 53
50 52
261 259
163 164
207 201
197 199
194 179
201 200
194 195
215 194
221 197
179 178
211 191
191 190
194 193
191 192
116 115
115 114
89 88
101 89
115 111
129 110
111 113
111 112
83 82
94 83
81 80
86 81
99 86
86 87
83 84
83 85
252 251
197 198
261 256
207 206
253 226
256 257
9 3
176 177
253 254
5 7
246 247
253 255
226 225
246 245
249 244
105 108
110 109
249 241
241 240
244 243
241 242
101 102
101 103
101 100
110 101
105 106
105 107
105 104
129 105
40 39
37 38
34 33
29 32
29 31
29 30
69 37
37 36
34 35
50 34
250 246
267 252
204 205
221 223
226 176
50 60
50 61
50 62
50 63
50 64
50 65
81 66
66 67
69 68
91 69
176 175
188 174
169 173
169 172
169 171
169 170
204 203
221 222
179 181
256 253
246 248
179 182
184 183
179 180
3 2
159 162
188 187
201 184
5 6
219 220
184 186
197 188
188 189
201 202
197 196
226 221
184 185
111 99
94 98
163 168
174 169
228 229
233 228
99 91
89 90
94 93
91 92
94 95
120 94
94 97
94 96
9 11
9 10
9 13
9 12
9 15
9 14
9 17
9 16
20 19
19 18
116 117
252 250
129 116
207 204
149 151
149 150
154 153
149 152
156 155
163 154
156 157
169 156
174 159
159 158
233 234
239 238
246 239
215 207
236 235
239 236
236 237
231 230
244 231
231 232
249 233
221 224
47 48
99 49
47 46
49 47
45 44
66 45
45 42
42 43
50 40
42 41
5 1
20 5
50 9
145 146
148 147
145 144
148 145
149 142
142 143
149 140
142 141
208 209
219 208
154 148
159 149
78 77
69 76
69 75
69 74
69 73
69 72
69 71
69 70
78 79
94 78
262 263
250 249
264 262
228 227
262 261
259 260
265 266
