49
97
0
76 2
74 4
60 9
58 10
61 11
63 13
66 16
67 17
65 19
69 20
71 22
72 25
56 27
57 30
54 31
55 32
42 36
43 40
45 41
41 43
44 44
46 47
33 49
32 50
38 53
36 55
35 56
49 58
47 59
50 61
53 62
8 72
6 73
5 75
3 76
16 77
0 80
2 81
9 83
11 84
12 86
13 87
19 88
21 89
23 91
25 92
27 94
29 96
31 97
0 1
1 2
1 3
3 4
3 5
5 6
6 7
7 8
8 9
8 10
7 11
6 12
12 13
12 14
14 15
15 16
15 17
14 18
18 19
18 20
5 21
21 22
21 23
23 24
24 25
24 26
26 27
26 28
28 29
29 30
29 31
28 32
23 33
33 34
34 35
35 36
35 37
37 38
38 39
39 40
39 41
38 42
42 43
42 44
37 45
45 46
46 47
46 48
48 49
48 50
45 51
51 52
52 53
52 54
54 55
54 56
51 57
57 58
57 59
34 60
60 61
60 62
33 63
63 64
64 65
65 66
66 67
67 68
68 69
69 70
70 71
71 72
71 73
70 74
74 75
74 76
69 77
68 78
78 79
79 80
79 81
78 82
82 83
82 84
67 85
85 86
85 87
66 88
65 89
64 90
90 91
90 92
63 93
93 94
93 95
95 96
95 97
