49
49
49
0 0
2 1
3 2
5 3
6 4
8 5
9 6
11 7
12 8
13 9
16 10
19 11
21 12
23 13
25 14
27 15
29 16
31 17
32 18
33 19
35 20
36 21
38 22
41 23
42 24
44 25
43 26
45 27
46 28
47 29
49 30
50 31
53 32
54 33
55 34
56 35
57 36
58 37
60 38
61 39
63 40
65 41
66 42
67 43
69 44
71 45
72 46
74 47
76 48
49 45
45 46
45 34
34 33
34 36
34 35
45 24
24 26
26 25
26 21
21 20
21 22
25 23
24 18
18 19
26 27
26 28
26 30
30 29
24 32
18 17
17 16
17 14
14 13
24 31
14 12
12 11
11 9
9 8
9 6
6 7
7 1
1 0
16 15
9 4
4 3
3 5
3 2
3 10
45 39
39 38
38 37
39 40
40 42
42 43
42 41
39 44
49 47
49 48
