49
77
77
56 0
43 47
60 71
61 23
63 54
53 13
66 31
67 29
69 8
25 6
27 49
21 67
23 19
46 50
47 33
44 16
45 58
42 21
29 36
41 41
0 35
3 27
2 12
5 44
6 69
9 42
8 3
76 53
38 11
72 2
71 56
11 65
13 55
12 43
65 9
58 61
16 74
19 63
32 45
31 32
49 46
36 57
35 76
33 38
55 25
74 60
54 72
57 66
50 5
55 56
55 54
43 42
52 48
51 43
59 60
62 61
64 62
64 63
68 64
48 49
64 66
64 67
73 68
68 69
70 52
52 53
26 24
24 25
30 26
28 27
22 20
22 21
26 22
24 23
43 46
48 47
43 44
43 45
34 28
28 29
43 40
40 41
14 1
1 0
4 3
1 2
4 5
7 4
15 7
7 6
10 9
7 8
52 51
40 39
64 65
75 76
77 75
37 38
75 73
70 72
70 71
73 70
62 59
59 58
10 11
14 10
17 13
13 12
20 15
17 14
18 17
15 16
18 19
20 18
30 31
34 30
43 37
37 36
36 35
39 34
32 33
70 55
75 74
39 32
55 57
51 50
