50
85
0
76 2
74 5
66 7
64 10
63 12
60 13
62 14
24 22
14 24
13 28
12 29
10 30
2 33
0 34
3 38
5 39
6 40
8 42
9 43
28 44
19 48
20 50
16 51
18 52
22 53
25 55
27 56
44 58
36 62
39 63
34 64
37 65
43 66
72 73
70 74
67 76
71 78
69 79
54 83
51 84
53 85
55 87
58 88
41 90
49 92
46 93
50 94
59 96
33 98
31 99
0 1
1 2
1 3
3 4
4 5
4 6
6 7
6 8
8 10
8 12
8 13
8 14
3 15
15 16
16 17
17 19
19 20
20 22
20 23
23 24
23 25
25 26
26 28
26 29
26 30
25 32
32 33
32 34
25 37
37 38
37 39
25 40
25 41
41 42
41 43
20 44
19 45
45 46
46 48
46 50
46 51
46 52
45 53
17 54
54 55
54 56
17 57
57 58
57 59
59 60
60 61
61 62
61 63
60 64
59 65
16 66
15 68
68 69
69 70
70 71
71 73
71 74
71 75
75 76
75 78
75 79
70 80
80 81
81 82
82 83
82 84
81 85
80 87
80 88
69 89
89 90
89 91
91 92
91 93
68 94
15 95
95 96
95 97
97 98
97 99
