50
90
0
76 2
67 5
72 7
70 8
58 10
55 11
50 14
41 15
43 18
44 21
28 25
24 27
14 29
9 32
8 33
6 35
5 37
3 38
2 40
0 41
10 43
13 45
12 46
22 48
20 50
19 51
18 52
16 53
27 55
25 56
39 58
37 60
36 62
34 63
59 65
33 67
31 68
49 70
46 71
53 73
54 75
51 76
71 78
69 79
74 81
66 83
62 85
64 87
63 89
60 90
0 1
1 2
1 3
3 4
4 5
4 6
6 7
6 8
6 9
9 10
9 11
9 12
12 13
13 14
13 15
13 16
16 17
17 18
17 19
19 20
20 21
20 22
22 23
23 24
24 25
24 26
26 27
26 28
28 29
28 30
30 31
31 32
31 33
31 34
34 35
34 36
36 37
36 38
31 39
39 40
39 41
30 42
42 43
42 44
44 45
44 46
23 47
47 48
47 49
49 50
49 51
49 52
49 53
22 54
54 55
54 56
19 57
57 58
57 59
59 60
59 61
61 62
61 63
16 64
64 65
64 66
66 67
66 68
13 69
69 70
69 71
12 72
72 73
72 74
74 75
74 76
4 77
77 78
77 79
3 80
80 81
80 82
82 83
82 84
84 85
84 86
86 87
86 88
88 89
88 90
