50
99
0
33 19
31 20
28 23
24 25
14 27
13 31
12 32
10 33
9 37
2 39
0 40
8 41
6 43
5 45
3 46
22 48
20 50
19 52
18 54
16 55
27 57
25 58
44 60
37 62
39 64
36 66
34 67
43 68
59 69
50 70
53 71
49 74
46 75
41 76
54 78
51 79
58 81
55 82
72 83
70 84
67 85
71 87
69 88
74 89
66 91
64 94
63 96
60 97
62 98
76 99
0 1
1 2
2 3
3 4
4 5
5 6
6 7
7 8
8 9
9 10
10 11
11 12
12 13
13 14
14 15
15 16
16 17
17 18
18 19
18 20
17 21
21 22
22 23
22 24
24 25
24 26
26 27
26 28
28 29
29 30
30 31
30 32
29 33
28 34
34 35
35 36
36 37
36 38
38 39
38 40
35 41
34 42
42 43
42 44
44 45
44 46
21 47
47 48
47 49
49 50
49 51
51 52
51 53
53 54
53 55
16 56
56 57
56 58
15 59
59 60
59 61
61 62
61 63
63 64
63 65
65 66
65 67
14 68
13 69
12 70
11 71
10 72
72 73
73 74
73 75
72 76
9 77
77 78
77 79
8 80
80 81
80 82
7 83
6 84
5 85
4 86
86 87
86 88
3 89
2 90
90 91
90 92
92 93
93 94
93 95
95 96
95 97
92 98
1 99
