50
50
50
0 0
2 1
3 2
5 3
6 4
8 5
9 6
10 7
12 8
13 9
14 10
16 11
18 12
19 13
20 14
22 15
24 16
25 17
27 18
28 19
31 20
33 21
34 22
36 23
37 24
39 25
41 26
43 27
44 28
46 29
49 30
50 31
51 32
53 33
54 34
55 35
58 36
59 37
60 38
62 39
63 40
64 41
66 42
67 43
69 44
70 45
71 46
72 47
74 48
76 49
50 48
48 46
46 43
46 45
45 30
30 29
45 35
35 36
46 34
30 26
34 32
46 44
26 27
29 33
29 25
25 23
23 22
23 24
45 47
27 21
21 20
33 17
17 18
29 28
30 31
21 19
19 11
11 15
11 14
11 12
11 13
19 16
19 4
4 2
4 5
4 6
2 3
2 7
7 9
4 1
1 0
9 8
4 10
26 37
48 42
48 39
39 38
38 40
38 41
50 49
