50
78
78
51 5
50 55
60 3
62 44
63 39
64 66
66 20
67 34
69 64
24 67
25 37
27 13
20 36
22 9
49 27
46 59
44 6
28 51
43 62
41 2
0 18
3 10
2 74
5 70
6 76
9 58
8 50
39 31
76 19
74 16
72 46
71 60
70 69
58 43
10 49
13 41
12 24
59 25
14 71
16 14
19 22
18 12
31 72
37 0
36 54
53 63
34 8
33 28
55 33
54 53
68 56
78 77
52 54
47 42
57 48
42 43
61 60
65 61
61 62
61 63
61 64
48 49
65 66
68 67
75 68
68 69
56 52
52 53
23 24
26 25
48 26
26 27
17 20
30 21
21 22
29 23
45 46
48 47
45 44
48 45
29 28
30 29
48 40
42 41
7 1
1 0
4 3
1 2
4 5
7 4
15 7
4 6
7 9
7 8
52 51
40 39
73 65
77 76
77 75
40 38
75 73
68 72
68 71
68 70
57 59
57 58
15 11
11 10
11 13
11 12
23 15
15 14
21 17
17 16
17 19
17 18
32 31
47 30
38 37
35 36
38 35
35 34
32 33
56 55
73 74
47 32
68 57
48 50
