50
78
78
51 5
50 51
60 64
62 28
63 33
64 10
66 22
67 63
69 3
24 8
25 12
27 72
20 2
22 36
49 16
46 71
44 58
28 13
43 50
41 14
0 53
3 27
2 66
5 74
6 60
9 19
8 6
39 18
76 39
74 31
72 0
71 25
70 9
58 70
10 54
13 20
12 24
59 43
14 44
16 62
19 34
18 49
31 46
37 69
36 59
53 67
34 55
33 41
55 37
54 76
68 56
78 77
52 54
47 42
57 48
42 43
61 60
65 61
61 62
61 63
61 64
48 49
65 66
68 67
75 68
68 69
56 52
52 53
23 24
26 25
48 26
26 27
17 20
30 21
21 22
29 23
45 46
48 47
45 44
48 45
29 28
30 29
48 40
42 41
7 1
1 0
4 3
1 2
4 5
7 4
15 7
4 6
7 9
7 8
52 51
40 39
73 65
77 76
77 75
40 38
75 73
68 72
68 71
68 70
57 59
57 58
15 11
11 10
11 13
11 12
23 15
15 14
21 17
17 16
17 19
17 18
32 31
47 30
38 37
35 36
38 35
35 34
32 33
56 55
73 74
47 32
68 57
48 50
