50
99
0
76 2
66 5
64 8
63 10
60 11
62 12
74 14
71 17
69 18
67 20
70 22
72 24
58 26
59 29
49 32
34 36
37 38
36 39
39 40
46 41
41 43
50 44
55 46
54 48
51 50
53 52
43 54
31 57
33 58
27 62
25 63
44 64
22 67
16 70
18 72
20 73
19 74
28 76
24 78
14 80
12 84
13 85
10 86
6 89
5 91
3 92
9 94
8 96
2 98
0 99
0 1
1 2
1 3
3 4
4 5
4 6
6 7
7 8
7 9
9 10
9 11
6 12
3 13
13 14
13 15
15 16
16 17
16 18
15 19
19 20
19 21
21 22
21 23
23 24
23 25
25 26
25 27
27 28
28 29
28 30
30 31
31 32
31 33
33 34
34 35
35 36
35 37
37 38
37 39
34 40
33 41
30 42
42 43
42 44
27 45
45 46
45 47
47 48
47 49
49 50
49 51
51 52
51 53
53 54
53 55
55 56
56 57
56 58
55 59
59 60
60 61
61 62
61 63
60 64
59 65
65 66
66 67
66 68
68 69
69 70
69 71
71 72
71 73
68 74
65 75
75 76
75 77
77 78
77 79
79 80
79 81
81 82
82 83
83 84
83 85
82 86
81 87
87 88
88 89
88 90
90 91
90 92
87 93
93 94
93 95
95 96
95 97
97 98
97 99
