100
184
0
147 2
145 4
143 6
136 9
135 10
137 12
114 16
108 18
105 21
103 23
110 25
112 27
97 29
98 30
92 34
88 36
84 38
83 40
81 41
79 43
77 46
73 48
64 51
65 53
63 54
62 55
59 57
61 59
50 61
48 62
58 64
57 66
56 68
54 69
69 71
68 74
66 75
53 77
51 78
70 80
72 82
75 83
89 85
87 87
85 88
95 90
96 92
93 93
102 95
101 96
99 97
106 99
104 100
123 102
121 103
126 105
124 106
128 108
120 110
118 111
117 113
116 114
115 115
139 117
141 119
129 121
133 123
131 124
47 126
43 128
46 130
36 133
41 135
37 137
33 139
31 140
28 142
30 144
20 147
13 152
12 153
10 154
2 156
0 158
11 160
8 161
6 163
5 165
3 166
19 168
17 170
15 171
23 173
22 174
26 176
25 178
24 179
45 181
40 183
38 184
0 1
1 2
1 3
3 4
3 5
5 6
5 7
7 8
8 9
8 10
8 11
11 12
11 13
13 14
14 15
15 16
15 17
17 18
17 19
19 20
20 21
20 22
22 23
22 24
24 25
24 26
26 27
26 28
28 29
28 30
28 31
31 32
32 33
33 34
33 35
35 36
35 37
37 38
37 39
39 40
39 41
39 42
42 43
42 44
44 45
45 46
45 47
47 48
47 49
49 50
50 51
50 52
52 53
52 54
52 55
52 56
56 57
56 58
58 59
58 60
60 61
60 62
49 63
63 64
63 65
65 66
65 67
67 68
67 69
47 70
70 71
70 72
72 73
73 74
73 75
72 76
76 77
76 78
44 79
79 80
79 81
81 82
81 83
32 84
84 85
84 86
86 87
86 88
31 89
89 90
89 91
91 92
91 93
28 94
94 95
94 96
94 97
19 98
98 99
98 100
14 101
101 102
101 103
13 104
104 105
104 106
11 107
107 108
107 109
109 110
109 111
109 112
112 113
112 114
112 115
7 116
116 117
116 118
118 119
118 120
120 121
120 122
122 123
122 124
5 125
125 126
125 127
127 128
127 129
129 130
129 131
131 132
132 133
132 134
134 135
134 136
136 137
136 138
138 139
138 140
138 141
141 142
141 143
143 144
143 145
145 146
146 147
146 148
148 149
149 150
150 151
151 152
151 153
151 154
151 155
155 156
155 157
157 158
157 159
159 160
159 161
150 162
162 163
162 164
164 165
164 166
149 167
167 168
167 169
169 170
169 171
148 172
172 173
172 174
145 175
175 176
175 177
177 178
177 179
131 180
180 181
180 182
182 183
182 184
