100
177
0
147 2
145 4
143 6
136 9
135 10
137 12
114 16
108 18
105 20
103 22
110 24
112 26
97 28
98 29
92 33
88 35
84 37
83 38
81 39
79 41
77 44
73 46
64 49
65 51
63 52
62 53
59 54
61 55
50 57
48 58
58 60
57 62
56 64
54 65
69 67
68 70
66 71
53 73
51 74
72 76
75 77
70 78
89 80
87 82
85 83
95 85
96 87
93 88
102 90
101 91
99 92
106 94
104 95
123 97
121 98
126 100
124 101
128 103
120 105
118 106
117 108
116 109
115 110
139 112
141 114
129 116
133 118
131 119
47 121
43 123
46 125
36 128
41 129
37 131
33 133
31 134
28 136
30 138
20 141
13 146
12 147
10 148
2 150
0 152
11 154
8 155
6 157
5 159
3 160
17 162
19 163
15 164
23 166
22 167
26 169
25 171
24 172
45 174
40 176
38 177
0 1
1 2
1 3
3 4
3 5
5 6
5 7
7 8
8 9
8 10
8 11
11 12
11 13
13 14
14 15
15 16
15 17
17 18
17 19
19 20
19 21
21 22
21 23
23 24
23 25
25 26
25 27
27 28
27 29
27 30
30 31
31 32
32 33
32 34
34 35
34 36
36 37
36 38
36 39
36 40
40 41
40 42
42 43
43 44
43 45
45 46
45 47
47 48
48 49
48 50
50 51
50 52
50 53
50 54
50 55
50 56
56 57
56 58
47 59
59 60
59 61
61 62
61 63
63 64
63 65
45 66
66 67
66 68
68 69
69 70
69 71
68 72
72 73
72 74
42 75
75 76
75 77
75 78
31 79
79 80
79 81
81 82
81 83
30 84
84 85
84 86
86 87
86 88
27 89
89 90
89 91
89 92
19 93
93 94
93 95
14 96
96 97
96 98
13 99
99 100
99 101
11 102
102 103
102 104
104 105
104 106
104 107
107 108
107 109
107 110
7 111
111 112
111 113
113 114
113 115
115 116
115 117
117 118
117 119
5 120
120 121
120 122
122 123
122 124
124 125
124 126
126 127
127 128
127 129
127 130
130 131
130 132
132 133
132 134
132 135
135 136
135 137
137 138
137 139
139 140
140 141
140 142
142 143
143 144
144 145
145 146
145 147
145 148
145 149
149 150
149 151
151 152
151 153
153 154
153 155
144 156
156 157
156 158
158 159
158 160
143 161
161 162
161 163
161 164
142 165
165 166
165 167
139 168
168 169
168 170
170 171
170 172
126 173
173 174
173 175
175 176
175 177
