100
168
0
64 29
61 30
65 32
63 33
62 34
59 35
50 37
48 38
58 39
57 42
56 44
54 45
73 46
69 47
68 51
66 52
53 54
51 55
77 56
70 58
72 60
75 61
79 62
83 63
81 64
84 65
92 66
88 13
89 69
87 71
85 72
96 75
93 76
95 77
102 80
101 82
99 83
97 10
98 86
112 87
110 88
114 92
108 93
106 96
104 95
105 98
103 99
120 102
118 103
117 105
116 107
115 104
126 115
124 116
123 118
121 119
137 120
128 121
136 122
135 123
139 125
141 127
133 130
131 131
129 132
143 134
47 136
43 138
41 143
37 146
33 150
28 151
31 152
30 153
36 154
40 156
26 159
25 161
24 160
23 165
22 166
8 175
11 176
0 178
13 179
2 180
12 181
10 182
6 184
5 186
3 187
17 190
15 191
19 192
20 193
45 195
38 196
46 197
145 198
147 199
0 1
1 2
2 3
3 4
4 5
5 6
6 7
7 8
8 9
9 10
10 11
11 12
12 13
13 14
14 15
15 18
18 19
19 21
21 23
23 24
24 25
25 29
25 30
25 32
25 33
25 34
25 35
24 36
36 37
36 38
23 39
39 41
41 42
41 43
43 44
43 45
21 46
21 47
47 49
49 50
50 51
50 52
49 53
53 54
53 55
19 56
19 57
57 58
57 59
59 60
59 61
18 62
15 63
15 64
15 65
14 66
12 68
68 69
68 70
70 71
70 72
11 73
73 74
74 75
74 76
73 77
10 79
79 80
79 82
79 83
10 86
9 87
8 88
7 90
90 91
91 92
91 93
90 94
94 95
95 96
94 98
7 99
6 100
100 101
101 102
101 103
100 104
104 105
104 107
5 110
110 111
111 113
113 114
114 115
114 116
113 117
117 118
117 119
111 120
111 121
110 122
5 123
4 124
124 125
124 126
126 127
126 128
128 129
129 130
129 131
128 132
3 134
3 135
135 136
135 137
137 138
137 139
139 140
140 141
141 142
142 143
142 145
145 146
145 147
147 150
147 151
147 152
147 153
142 154
141 155
155 156
155 157
157 159
157 160
160 161
157 163
163 164
164 165
164 166
163 168
168 169
169 170
170 174
174 175
174 176
170 177
177 178
177 179
170 180
170 181
170 182
169 183
183 184
183 185
185 186
185 187
168 188
188 189
189 190
189 191
188 192
163 193
140 194
194 195
194 196
139 197
2 198
1 199
