100
156
1
30 12
24 18
97 25
51 33
73 36
87 39
89 42
99 45
101 46
110 49
115 65
120 68
0 70
2 71
3 72
5 73
6 74
8 75
10 76
11 77
12 78
13 79
15 80
17 81
19 82
20 83
22 84
23 85
25 86
26 87
28 88
31 89
33 90
36 91
37 92
38 93
40 94
41 95
43 96
45 97
46 98
47 99
48 100
50 101
53 102
54 103
56 104
57 105
58 106
59 107
61 108
62 109
63 110
64 111
65 112
66 113
68 114
69 115
70 116
72 117
75 118
77 119
79 120
81 121
83 122
84 123
85 124
88 125
92 126
93 127
95 128
96 129
98 130
102 131
103 132
104 133
105 134
106 135
108 136
112 137
114 138
116 139
117 140
118 141
121 142
123 143
124 144
126 145
128 146
129 147
131 148
133 149
135 150
136 151
137 152
139 153
141 154
143 155
145 156
147 157
1 2
2 3
3 4
4 5
5 6
6 7
5 8
8 9
4 10
10 11
11 12
10 13
13 14
14 15
15 16
13 17
17 18
4 19
19 20
20 21
20 22
19 23
3 24
24 25
25 26
26 27
27 28
26 29
29 30
30 31
30 32
32 33
32 34
32 35
32 36
26 37
37 38
38 39
26 40
26 41
41 42
26 43
25 44
44 45
44 46
25 47
47 48
24 49
24 50
50 51
50 52
3 53
53 54
54 55
55 56
55 57
54 58
58 59
58 60
53 61
53 62
62 63
62 64
3 65
65 66
65 67
67 68
2 69
16 70
16 71
14 72
14 73
14 74
15 75
15 76
16 77
15 78
15 79
21 80
21 81
21 82
20 83
22 84
20 85
18 86
17 87
11 88
11 89
11 90
10 91
11 92
6 93
23 94
10 95
8 96
5 97
8 98
9 99
29 100
29 101
28 102
35 103
35 104
35 105
35 106
30 107
30 108
30 109
30 110
30 111
31 112
27 113
27 114
32 115
43 116
43 117
43 118
34 119
26 120
26 121
41 122
40 123
38 124
26 125
37 126
47 127
48 128
47 129
25 130
44 131
51 132
51 133
51 134
50 135
52 136
24 137
50 138
66 139
65 140
67 141
69 142
69 143
64 144
64 145
63 146
57 147
55 148
56 149
61 150
53 151
62 152
58 153
59 154
9 155
7 156
60 157
