100
100
100
0 0
2 1
3 2
5 3
6 4
8 5
10 6
11 7
12 8
13 9
15 10
17 11
19 12
20 13
22 14
23 15
24 16
25 17
26 18
28 19
30 20
31 21
33 22
36 23
37 24
38 25
40 26
41 27
43 28
45 29
46 30
47 31
48 32
50 33
51 34
53 35
54 36
56 37
57 38
58 39
59 40
61 41
62 42
63 43
64 44
65 45
66 46
68 47
69 48
70 49
72 50
73 51
75 52
77 53
79 54
81 55
83 56
84 57
85 58
87 59
88 60
89 61
92 62
93 63
95 64
96 65
98 66
97 67
99 68
101 69
102 70
103 71
104 72
105 73
106 74
108 75
110 76
112 77
114 78
115 79
116 80
117 81
118 82
120 83
121 84
123 85
124 86
126 87
128 88
129 89
131 90
133 91
135 92
136 93
137 94
139 95
141 96
143 97
145 98
147 99
100 99
100 31
31 28
31 97
28 30
28 29
29 25
28 27
27 21
21 24
21 19
21 22
21 20
21 23
20 16
16 17
16 18
31 95
31 96
31 93
93 94
94 85
85 84
94 86
94 88
86 87
84 78
78 72
72 73
72 74
72 71
72 77
93 92
94 82
82 79
79 81
79 80
79 83
72 75
77 67
67 66
67 70
67 69
66 64
67 63
63 65
67 68
67 60
60 55
55 54
55 56
54 48
48 33
33 32
48 39
39 37
37 36
39 38
39 51
48 47
47 46
32 42
42 43
42 44
42 45
42 41
54 50
50 52
50 49
55 57
39 34
34 35
48 53
60 62
42 40
67 61
72 76
61 58
58 59
18 13
13 11
11 10
11 12
13 15
15 14
13 1
1 9
9 0
9 5
9 6
1 3
3 2
2 4
9 8
5 7
29 26
93 90
90 89
90 91
97 98
