100
149
149
133 96
131 87
137 45
136 137
135 135
139 141
24 105
25 104
26 57
20 3
22 26
23 48
28 115
0 15
8 50
120 117
121 5
123 112
124 73
126 143
128 59
129 118
118 98
59 30
58 47
54 70
57 8
56 133
51 36
50 53
53 64
115 38
114 81
117 54
116 99
110 13
112 17
83 121
81 19
87 126
84 108
85 89
3 61
108 58
102 31
103 56
101 128
106 110
104 84
105 68
38 79
33 101
31 145
30 88
37 24
36 40
61 131
62 23
63 83
64 124
65 136
66 129
68 95
69 51
2 75
6 103
99 33
98 43
93 123
92 72
95 106
97 65
96 116
11 6
10 2
13 37
12 139
15 63
17 22
19 102
88 97
89 41
48 25
46 147
47 69
45 85
43 77
40 62
41 28
5 92
147 46
145 0
143 66
141 114
77 93
75 12
73 20
72 120
70 10
79 11
132 133
138 132
130 131
132 130
134 137
134 136
134 135
138 134
140 139
144 138
27 24
24 25
27 26
34 27
21 20
27 21
21 22
21 23
29 28
32 29
1 0
7 4
9 8
134 119
119 120
122 121
134 122
122 123
125 124
127 125
125 126
134 127
127 128
130 129
119 118
60 59
74 58
58 55
55 54
58 57
55 56
52 51
49 50
52 53
67 52
119 115
122 114
91 88
90 89
113 111
111 110
114 113
111 112
88 82
82 83
82 80
82 81
90 86
86 87
82 84
86 85
4 3
14 7
109 108
113 109
100 102
104 103
111 100
100 101
107 106
109 107
107 104
104 105
44 39
39 38
32 33
34 32
32 31
29 30
35 37
35 36
42 35
35 34
74 60
60 61
60 62
60 63
60 64
60 65
67 66
69 67
67 68
74 69
1 2
7 6
100 99
97 98
97 91
97 90
94 93
91 92
94 95
97 94
100 97
94 96
9 11
9 10
9 13
9 12
16 15
18 14
16 17
18 16
18 19
21 18
115 117
115 116
49 48
60 49
44 46
44 47
142 44
44 45
44 42
44 43
39 40
42 41
9 1
4 5
14 9
148 146
148 147
146 144
146 145
144 142
142 143
142 140
140 141
149 148
78 77
78 76
76 75
78 74
74 73
71 72
76 71
71 70
80 79
80 78
