100
199
0
147 2
145 4
143 6
135 10
114 16
108 18
103 21
105 23
104 25
106 26
110 28
112 30
98 33
93 38
96 39
95 40
85 44
87 45
89 46
92 48
84 51
83 53
79 56
77 58
70 61
75 63
72 64
69 67
53 70
51 71
66 73
68 74
73 76
58 79
56 82
54 83
57 84
64 86
62 88
63 91
65 92
61 94
50 97
48 98
59 99
81 100
88 101
97 102
99 105
102 106
101 107
123 109
121 110
124 112
126 113
137 115
128 117
120 119
118 121
115 123
116 125
117 126
136 127
139 129
131 133
133 134
129 135
141 136
47 138
43 140
46 142
45 145
40 147
38 148
36 150
41 152
37 154
31 156
33 158
28 160
30 162
26 165
25 167
24 168
20 170
22 173
23 174
17 178
15 179
19 180
3 184
5 185
6 186
10 188
13 191
12 192
8 194
11 197
2 198
0 199
0 1
1 2
1 3
3 4
3 5
5 6
5 7
7 8
8 9
9 10
9 11
11 12
12 13
13 14
14 15
15 16
15 17
17 18
17 19
19 20
20 21
20 22
22 23
22 24
24 25
24 26
19 27
27 28
27 29
29 30
29 31
31 32
32 33
32 34
34 35
35 36
36 37
37 38
37 39
36 40
35 41
41 42
42 43
43 44
43 45
42 46
41 47
47 48
47 49
49 50
50 51
50 52
52 53
52 54
54 55
55 56
55 57
57 58
57 59
59 60
60 61
60 62
62 63
62 64
59 65
65 66
66 67
66 68
68 69
69 70
69 71
68 72
72 73
72 74
65 75
75 76
75 77
77 78
78 79
78 80
80 81
81 82
81 83
80 84
77 85
85 86
85 87
87 88
87 89
89 90
90 91
90 92
89 93
93 94
93 95
95 96
96 97
96 98
95 99
54 100
49 101
34 102
31 103
103 104
104 105
104 106
103 107
14 108
108 109
108 110
13 111
111 112
111 113
12 114
114 115
114 116
116 117
116 118
118 119
118 120
120 121
120 122
122 123
122 124
124 125
124 126
11 127
8 128
128 129
128 130
130 131
131 132
132 133
132 134
131 135
130 136
7 137
137 138
137 139
139 140
139 141
141 142
141 143
143 144
144 145
144 146
146 147
146 148
143 149
149 150
149 151
151 152
151 153
153 154
153 155
155 156
155 157
157 158
157 159
159 160
159 161
161 162
161 163
163 164
164 165
164 166
166 167
166 168
163 169
169 170
169 171
171 172
172 173
172 174
171 175
175 176
176 177
177 178
177 179
176 180
175 181
181 182
182 183
183 184
183 185
182 186
181 187
187 188
187 189
189 190
190 191
190 192
189 193
193 194
193 195
195 196
196 197
196 198
195 199
