100
149
149
133 133
131 131
137 137
136 136
135 135
139 139
24 24
25 25
26 26
20 20
22 22
23 23
28 28
0 0
8 8
120 120
121 121
123 123
124 124
126 126
128 128
129 129
118 118
59 59
58 58
54 54
57 57
56 56
51 51
50 50
53 53
115 115
114 114
117 117
116 116
110 110
112 112
83 83
81 81
87 87
84 84
85 85
3 3
108 108
102 102
103 103
101 101
106 106
104 104
105 105
38 38
33 33
31 31
30 30
37 37
36 36
61 61
62 62
63 63
64 64
65 65
66 66
68 68
69 69
2 2
6 6
99 99
98 98
93 93
92 92
95 95
97 97
96 96
11 11
10 10
13 13
12 12
15 15
17 17
19 19
88 88
89 89
48 48
46 46
47 47
45 45
43 43
40 40
41 41
5 5
147 147
145 145
143 143
141 141
77 77
75 75
73 73
72 72
70 70
79 79
132 133
138 132
130 131
132 130
134 137
134 136
134 135
138 134
140 139
144 138
27 24
24 25
27 26
34 27
21 20
27 21
21 22
21 23
29 28
32 29
1 0
7 4
9 8
134 119
119 120
122 121
134 122
122 123
125 124
127 125
125 126
134 127
127 128
130 129
119 118
60 59
74 58
58 55
55 54
58 57
55 56
52 51
49 50
52 53
67 52
119 115
122 114
91 88
90 89
113 111
111 110
114 113
111 112
88 82
82 83
82 80
82 81
90 86
86 87
82 84
86 85
4 3
14 7
109 108
113 109
100 102
104 103
111 100
100 101
107 106
109 107
107 104
104 105
44 39
39 38
32 33
34 32
32 31
29 30
35 37
35 36
42 35
35 34
74 60
60 61
60 62
60 63
60 64
60 65
67 66
69 67
67 68
74 69
1 2
7 6
100 99
97 98
97 91
97 90
94 93
91 92
94 95
97 94
100 97
94 96
9 11
9 10
9 13
9 12
16 15
18 14
16 17
18 16
18 19
21 18
115 117
115 116
49 48
60 49
44 46
44 47
142 44
44 45
44 42
44 43
39 40
42 41
9 1
4 5
14 9
148 146
148 147
146 144
146 145
144 142
142 143
142 140
140 141
149 148
78 77
78 76
76 75
78 74
74 73
71 72
76 71
71 70
80 79
80 78
