49
88
0
79 3
77 4
73 7
75 8
51 16
49 17
48 18
43 20
36 22
38 23
33 25
35 26
42 28
39 29
26 34
12 36
14 37
6 41
8 42
11 46
0 48
2 49
5 51
3 52
9 53
24 54
20 58
18 59
17 61
15 62
22 63
30 66
28 67
32 68
72 70
53 76
56 78
55 79
46 82
44 83
63 84
58 88
61 89
60 90
62 92
64 93
67 94
68 96
70 97
0 1
1 2
2 3
2 4
1 5
5 6
6 7
6 8
5 9
9 10
10 11
11 13
13 14
14 15
15 16
15 17
14 18
13 19
19 20
19 21
21 22
21 23
11 24
24 25
24 26
11 27
27 28
27 29
10 30
30 31
31 32
32 33
33 34
33 35
35 36
35 37
32 38
38 40
40 41
40 42
38 43
43 44
44 46
44 47
47 48
47 49
44 51
44 52
43 53
38 54
31 55
55 56
56 57
57 58
57 59
56 60
60 61
60 62
55 63
30 64
64 65
65 66
65 67
64 68
9 69
69 70
69 71
71 72
72 76
72 78
72 79
72 80
80 81
81 82
81 83
80 84
72 86
86 87
87 88
87 89
86 90
72 91
91 92
91 93
72 94
71 95
95 96
95 97
