49
85
0
53 10
61 9
58 14
60 15
64 18
62 19
63 23
56 24
55 25
46 27
44 28
67 29
49 33
48 35
35 39
33 40
42 41
43 43
38 45
36 46
30 51
28 52
32 53
26 56
14 58
12 59
24 62
22 64
20 67
18 68
17 70
15 71
11 76
5 78
3 79
2 81
0 82
9 83
8 85
6 86
39 87
51 88
68 89
70 90
72 91
75 93
73 94
79 96
77 97
0 1
1 2
2 3
3 4
4 5
5 6
6 7
7 8
8 9
9 10
9 14
9 15
8 18
8 19
8 21
21 23
21 24
21 25
8 26
26 27
26 28
7 29
6 30
30 31
31 33
31 34
34 35
34 36
36 37
37 38
38 39
38 40
37 41
36 42
42 43
42 44
44 45
44 46
31 47
47 48
48 50
50 51
50 52
48 53
48 54
54 55
55 56
55 57
57 58
57 59
54 61
61 62
61 63
63 64
63 65
65 67
65 68
65 69
69 70
69 71
54 72
72 73
73 74
74 76
74 77
77 78
77 79
74 80
80 81
80 82
73 83
72 84
84 85
84 86
47 87
30 88
5 89
4 90
3 91
2 92
92 93
92 94
1 95
95 96
95 97
