49
92
1
22 15
17 18
6 22
61 32
58 33
64 37
70 41
49 48
30 53
0 54
2 55
3 56
5 57
8 58
9 59
11 60
12 61
14 62
15 63
18 64
20 65
24 66
26 67
28 68
32 69
33 70
35 71
36 72
38 73
39 74
42 75
43 76
44 77
46 78
48 79
51 80
53 81
55 82
56 83
60 84
62 85
63 86
67 87
68 88
72 89
73 90
75 91
77 92
79 93
1 2
2 3
3 4
4 5
4 6
3 7
2 8
2 9
9 10
9 11
11 12
11 13
9 14
14 15
14 16
14 17
17 18
17 19
9 20
9 21
2 22
2 23
23 24
24 25
25 26
26 27
25 28
28 29
29 30
30 31
31 32
32 33
31 34
34 35
34 36
31 37
30 38
30 39
39 40
39 41
29 42
42 43
42 44
29 45
45 46
45 47
28 48
28 49
25 50
24 51
23 52
2 53
11 54
11 55
13 56
13 57
20 58
12 59
11 60
7 61
7 62
19 63
14 64
16 65
21 66
52 67
10 68
8 69
25 70
26 71
49 72
49 73
27 74
50 75
25 76
35 77
35 78
28 79
28 80
32 81
34 82
36 83
32 84
31 85
6 86
51 87
40 88
38 89
47 90
5 91
43 92
44 93
