49
80
80
56 20
42 68
60 3
61 79
62 70
63 5
64 24
53 75
67 8
68 39
24 32
26 28
20 15
22 62
49 60
46 73
44 53
48 38
28 12
43 2
0 44
3 51
2 63
5 9
6 11
9 58
8 26
77 17
75 77
38 36
73 18
72 48
70 22
79 61
58 49
11 35
39 72
12 6
15 56
14 0
17 46
33 67
18 43
30 42
51 33
36 64
35 55
55 30
32 14
57 56
78 77
61 54
41 42
59 45
41 43
59 60
65 61
61 62
61 63
65 64
50 49
69 66
66 67
69 68
71 69
71 52
54 53
25 24
29 25
27 26
31 27
21 20
23 21
23 22
29 23
45 46
52 47
45 44
47 48
27 28
31 29
41 40
47 41
10 1
1 0
4 3
1 2
4 5
10 4
25 7
7 6
10 9
7 8
80 78
50 51
40 39
66 65
78 76
74 75
37 38
74 73
71 72
76 71
69 70
61 59
78 79
57 58
10 11
25 10
25 13
13 12
16 15
13 14
16 17
19 16
21 19
19 18
41 31
31 30
41 37
37 36
34 35
40 34
34 33
54 55
76 74
31 32
61 57
52 50
