49
80
80
56 67
42 62
60 26
61 48
62 44
63 75
64 38
53 77
67 58
68 15
24 46
26 6
20 68
22 72
49 36
46 30
44 17
48 63
28 70
43 2
0 32
3 20
2 9
5 79
6 33
9 61
8 55
77 0
75 60
38 22
73 51
72 42
70 24
79 43
58 56
11 12
39 73
12 18
15 39
14 14
17 11
33 28
18 5
30 53
51 35
36 3
35 49
55 8
32 64
57 56
78 77
61 54
41 42
59 45
41 43
59 60
65 61
61 62
61 63
65 64
50 49
69 66
66 67
69 68
71 69
71 52
54 53
25 24
29 25
27 26
31 27
21 20
23 21
23 22
29 23
45 46
52 47
45 44
47 48
27 28
31 29
41 40
47 41
10 1
1 0
4 3
1 2
4 5
10 4
25 7
7 6
10 9
7 8
80 78
50 51
40 39
66 65
78 76
74 75
37 38
74 73
71 72
76 71
69 70
61 59
78 79
57 58
10 11
25 10
25 13
13 12
16 15
13 14
16 17
19 16
21 19
19 18
41 31
31 30
41 37
37 36
34 35
40 34
34 33
54 55
76 74
31 32
61 57
52 50
