49
86
0
77 3
79 4
73 7
75 8
72 10
70 12
68 14
67 16
55 20
63 22
56 23
64 24
62 26
61 27
58 31
53 32
60 34
44 37
46 38
51 40
49 42
48 44
36 48
38 49
43 50
33 53
35 54
42 56
39 58
32 60
30 63
28 64
26 66
20 70
18 72
17 74
15 75
22 76
12 79
14 80
24 82
6 85
8 86
9 88
3 92
5 93
11 94
2 96
0 97
0 1
1 2
2 3
2 4
1 5
5 6
6 7
6 8
5 9
9 10
9 11
11 12
11 13
13 14
13 15
15 16
15 17
17 19
19 20
19 22
19 23
17 24
17 26
17 27
27 31
27 32
27 33
33 34
33 35
35 36
36 37
36 38
35 39
39 40
39 41
41 42
41 43
43 44
43 45
45 46
46 47
47 48
47 49
46 50
45 51
51 52
52 53
52 54
51 56
51 57
57 58
57 59
59 60
59 62
62 63
62 64
59 65
65 66
65 67
67 68
68 69
69 70
69 72
69 73
73 74
73 75
68 76
67 77
77 78
78 79
78 80
77 82
77 83
83 84
84 85
84 86
83 87
87 88
87 89
89 91
91 92
91 93
89 94
89 95
95 96
95 97
