100
183
0
143 3
141 5
144 6
150 9
145 11
147 12
139 15
138 16
137 20
133 22
135 23
118 25
116 26
131 29
127 30
129 33
110 38
107 39
109 40
115 42
113 44
111 45
132 46
123 51
122 54
120 55
124 56
126 57
125 58
103 63
101 64
97 66
82 68
80 69
76 74
74 75
84 76
93 79
91 80
100 82
98 83
106 84
77 88
79 89
89 92
87 93
90 94
95 96
86 98
54 101
41 105
43 106
45 110
44 111
40 113
38 114
26 122
27 123
0 128
3 129
4 130
2 131
14 135
16 136
13 137
15 139
11 140
31 142
29 144
30 145
23 147
10 152
8 154
7 156
5 157
17 158
20 159
21 160
35 161
33 163
32 164
36 165
52 167
50 168
55 175
57 176
66 177
47 179
63 180
65 181
58 186
59 187
70 188
67 189
69 190
73 194
49 195
60 197
62 198
72 199
0 1
1 2
2 3
2 4
4 5
4 6
1 8
8 9
8 10
10 11
10 12
1 13
13 14
14 15
14 16
13 17
17 18
18 19
19 20
19 21
21 22
21 23
18 24
24 25
24 26
17 27
27 28
28 29
28 30
27 31
31 32
32 33
32 34
34 35
35 36
36 37
37 38
37 39
36 40
35 41
41 42
41 43
43 44
43 45
34 46
31 47
47 48
48 49
49 50
50 51
50 54
50 55
50 56
49 57
48 58
47 59
59 60
60 61
61 62
62 63
62 64
61 65
65 66
65 67
67 68
67 69
60 70
70 71
71 72
72 73
73 74
73 75
72 76
71 77
77 78
78 79
78 80
77 81
81 82
81 83
70 84
59 85
85 86
86 87
87 88
87 89
86 90
90 91
91 92
91 93
90 94
85 95
95 96
95 97
97 98
97 99
99 100
100 101
100 102
102 103
103 104
104 105
104 106
103 107
107 109
109 110
109 111
107 112
112 113
112 114
107 116
116 117
117 120
120 121
121 122
121 123
120 124
124 125
125 127
127 128
127 129
125 130
125 131
124 134
134 135
134 136
124 137
124 138
138 139
138 140
117 141
141 142
141 144
141 145
117 146
146 147
146 150
150 151
151 152
151 154
151 155
155 156
155 157
150 158
146 159
146 160
117 161
116 162
162 163
162 164
107 165
102 166
166 167
166 168
99 169
169 170
170 171
171 173
173 175
173 176
173 177
171 178
178 179
178 180
171 181
170 182
182 183
183 184
184 185
185 186
185 187
184 188
183 189
182 190
169 191
191 192
192 193
193 194
193 195
192 196
196 197
196 198
191 199
