98
177
0
143 4
144 6
141 7
150 9
147 11
145 12
139 14
138 16
118 19
116 20
133 22
135 23
137 25
131 27
129 29
132 31
115 33
111 36
113 37
109 39
110 41
107 42
127 44
126 46
106 48
101 50
103 51
97 53
80 55
82 56
100 58
91 60
93 62
98 64
84 66
76 68
74 69
124 71
123 72
122 73
120 75
90 78
77 81
79 82
87 84
89 85
95 87
86 89
72 91
73 93
65 94
62 96
60 97
69 99
70 101
58 103
63 105
55 107
66 108
57 109
47 112
49 113
67 115
54 117
52 120
50 121
41 123
44 125
40 127
38 128
43 130
45 131
36 133
33 135
32 137
35 139
23 142
21 144
20 146
17 148
8 150
10 151
5 153
7 154
30 156
29 157
27 160
26 161
31 163
15 165
11 167
16 169
14 171
13 172
4 174
2 175
3 176
0 177
0 1
1 2
2 3
3 4
3 5
5 6
5 7
2 8
8 9
8 10
10 11
10 12
2 13
13 14
13 15
15 16
15 17
17 18
18 19
18 20
17 21
21 22
21 23
15 24
24 25
24 26
26 27
26 28
28 29
28 30
30 31
30 32
32 33
32 34
34 35
35 36
35 37
34 38
38 39
38 40
40 41
40 42
26 43
43 44
43 45
45 46
45 47
47 48
47 49
49 50
49 51
49 52
52 53
52 54
54 55
54 56
47 57
57 58
57 59
59 60
59 61
61 62
61 63
63 64
63 65
65 66
65 67
67 68
67 69
45 70
70 71
70 72
70 73
70 74
74 75
74 76
76 77
77 78
77 79
79 80
80 81
80 82
79 83
83 84
83 85
76 86
86 87
86 88
88 89
88 90
90 91
90 92
92 93
92 94
90 95
95 96
95 97
90 98
98 99
98 100
100 101
100 102
102 103
98 104
104 105
104 106
106 107
106 108
106 109
90 110
110 111
111 112
111 113
110 114
114 115
114 116
116 117
116 118
118 119
119 120
119 121
118 122
122 123
122 124
124 125
124 126
126 127
126 128
124 129
129 130
129 131
124 132
132 133
132 134
134 135
134 136
136 137
136 138
138 139
138 140
140 141
141 142
141 143
143 144
143 145
145 146
145 147
147 148
147 149
149 150
149 151
149 152
152 153
152 154
140 155
155 156
155 157
155 158
158 159
159 160
159 161
158 162
162 163
162 164
164 165
164 166
166 167
166 168
168 169
168 170
170 171
170 172
164 173
173 174
173 175
173 176
173 177
