100
169
0
62 21
60 22
73 25
65 26
70 30
59 31
58 33
69 34
66 37
57 39
55 40
63 41
67 44
54 46
52 49
50 50
45 54
44 56
40 59
38 60
36 62
33 63
35 67
31 73
16 77
15 80
4 82
3 85
2 86
0 87
11 88
13 89
14 90
27 92
26 93
30 94
29 95
21 98
20 100
17 102
10 105
8 106
7 108
5 109
23 110
32 111
43 112
41 113
49 115
47 116
72 117
86 118
95 119
90 121
89 124
87 125
79 127
77 128
98 132
93 134
84 136
76 138
74 139
106 142
91 143
100 144
101 146
103 148
97 150
82 152
80 153
120 154
122 155
124 157
123 158
126 160
125 159
127 162
132 165
129 166
131 167
137 168
135 170
133 171
118 174
115 176
113 179
111 180
110 183
107 184
109 185
116 186
138 187
139 188
150 191
147 193
145 194
144 197
141 198
143 199
0 1
1 2
2 3
3 4
4 6
6 7
7 8
8 9
9 12
12 14
14 15
15 16
16 17
17 20
20 21
20 22
17 24
24 25
24 26
17 27
27 29
29 30
29 31
31 33
27 34
27 35
35 36
36 37
36 39
36 40
35 41
17 42
42 43
43 44
43 45
45 46
45 47
47 48
48 49
48 50
47 51
51 53
53 54
53 56
53 58
58 59
58 60
53 61
61 62
61 63
63 65
65 66
66 67
66 68
68 72
72 73
72 74
74 75
75 77
75 78
78 80
78 81
81 82
81 85
81 86
81 87
78 88
75 89
74 90
68 91
91 92
91 93
68 94
68 95
68 96
96 97
97 98
97 99
99 100
99 101
101 102
101 103
103 105
103 106
103 107
107 108
107 109
96 110
65 111
51 112
51 113
42 114
114 115
114 116
17 117
16 118
15 119
14 120
120 121
120 123
123 124
123 125
120 126
126 127
126 128
12 129
129 130
130 132
130 133
133 134
133 135
135 136
135 137
137 138
137 139
130 140
140 142
140 143
140 144
129 145
145 146
145 147
147 148
147 149
149 150
149 151
151 152
151 153
12 154
9 155
9 157
9 158
9 159
159 160
8 162
7 164
164 165
164 166
7 167
6 168
4 169
169 170
169 171
4 172
172 173
173 174
173 175
175 176
175 178
178 179
178 180
175 181
181 182
182 183
182 184
181 185
172 186
3 187
2 188
1 190
190 191
190 192
192 193
192 194
1 195
195 196
196 197
196 198
195 199
