100
199
0
150 4
147 6
145 7
143 9
144 11
141 12
139 14
138 16
116 19
118 20
135 23
133 24
137 26
131 28
132 32
115 34
109 37
110 39
107 40
111 42
113 43
129 44
127 46
100 52
91 54
98 56
93 58
76 61
74 62
84 63
106 65
101 67
103 69
97 71
82 73
80 74
125 75
126 76
124 78
123 80
122 82
120 84
90 87
77 90
79 91
89 93
87 94
95 96
86 98
72 100
73 103
69 105
70 108
58 110
59 111
63 113
57 116
66 118
55 119
65 120
62 123
60 124
47 127
49 128
67 130
54 132
52 135
50 136
43 138
41 140
45 143
38 146
40 147
44 148
36 150
33 152
32 154
35 156
29 158
23 161
21 163
17 166
10 168
8 170
7 172
5 173
20 174
30 176
31 178
26 181
27 182
15 184
16 189
14 190
13 191
11 192
3 194
2 197
4 198
0 199
0 1
1 2
2 3
3 4
3 5
5 6
5 7
2 8
8 9
8 10
10 11
10 12
1 13
13 14
13 15
15 16
15 17
17 18
18 19
18 20
17 21
21 22
22 23
22 24
21 25
25 26
25 27
27 28
27 29
29 30
30 31
31 32
31 33
33 34
33 35
35 36
36 37
36 38
38 39
38 40
35 41
41 42
41 43
30 44
29 45
45 46
45 47
47 48
48 49
49 50
50 51
51 52
51 53
53 54
53 55
55 56
55 57
57 58
57 59
59 60
60 61
60 62
59 63
50 64
64 65
64 66
66 67
66 68
68 69
68 70
70 71
70 72
72 73
72 74
49 75
48 76
47 77
77 78
77 79
79 80
79 81
81 82
81 83
83 84
83 85
85 86
86 87
86 88
88 89
89 90
89 91
88 92
92 93
92 94
85 95
95 96
95 97
97 98
97 99
99 100
99 101
101 102
102 103
102 104
104 105
104 106
106 107
107 108
107 109
109 110
109 111
106 112
112 113
112 114
114 115
115 116
115 117
117 118
117 119
114 120
101 121
121 122
122 123
122 124
121 125
125 126
126 127
126 128
125 129
129 130
129 131
131 132
131 133
133 134
134 135
134 136
133 137
137 138
137 139
139 140
139 141
141 142
142 143
142 144
144 145
145 146
145 147
144 148
141 149
149 150
149 151
151 152
151 153
153 154
153 155
155 156
155 157
157 158
157 159
159 160
160 161
160 162
162 163
162 164
164 165
165 166
165 167
167 168
167 169
169 170
169 171
171 172
171 173
164 174
159 175
175 176
175 177
177 178
177 179
179 180
180 181
180 182
179 183
183 184
183 185
185 186
186 187
187 188
188 189
188 190
187 191
186 192
185 193
193 194
193 195
195 196
196 197
196 198
195 199
