100
151
151
133 133
132 132
131 131
137 137
135 135
139 139
138 138
26 26
27 27
20 20
21 21
23 23
29 29
0 0
4 4
8 8
120 120
122 122
123 123
124 124
125 125
126 126
127 127
129 129
118 118
59 59
58 58
55 55
54 54
57 57
50 50
52 52
115 115
116 116
111 111
110 110
113 113
82 82
80 80
86 86
87 87
84 84
3 3
7 7
109 109
103 103
100 100
101 101
106 106
107 107
38 38
33 33
32 32
31 31
30 30
36 36
35 35
60 60
62 62
63 63
65 65
66 66
67 67
69 69
2 2
98 98
91 91
90 90
93 93
95 95
97 97
11 11
10 10
13 13
15 15
14 14
17 17
16 16
89 89
150 150
49 49
47 47
44 44
45 45
43 43
40 40
41 41
5 5
147 147
144 144
145 145
143 143
141 141
77 77
76 76
74 74
73 73
72 72
70 70
79 79
134 133
130 132
130 131
136 130
136 137
140 136
134 135
136 134
140 139
136 138
28 24
28 25
25 26
25 27
19 20
22 21
24 22
24 23
34 28
28 29
1 0
1 4
9 8
136 119
121 120
125 121
121 122
121 123
121 124
128 125
125 126
128 127
130 128
130 129
117 118
68 59
59 58
56 55
53 54
56 57
64 56
53 51
51 50
71 53
51 52
114 115
119 114
104 88
88 89
112 111
108 110
112 113
114 112
81 82
99 83
81 80
96 81
85 86
88 87
83 84
94 85
1 3
6 7
114 108
108 109
105 102
102 103
99 100
102 101
105 106
108 107
121 104
125 105
42 39
39 38
34 33
33 32
28 31
28 30
46 37
37 36
34 35
37 34
61 60
71 61
61 62
64 63
68 64
64 65
64 66
64 67
71 68
68 69
1 2
9 6
105 99
99 98
92 91
88 90
92 93
99 92
94 95
104 94
96 97
102 96
12 11
9 10
12 13
25 12
12 15
12 14
18 17
12 16
22 19
19 18
119 117
117 116
149 150
71 48
48 49
53 46
48 47
42 44
42 45
46 42
42 43
39 40
42 41
12 1
6 5
18 9
148 146
146 147
142 144
146 145
148 142
142 143
148 140
142 141
149 148
151 149
78 77
75 76
83 75
75 74
71 73
71 72
85 71
68 70
78 79
88 78
