100
147
147
133 133
131 131
130 130
137 137
136 136
134 134
139 139
138 138
25 25
26 26
20 20
23 23
29 29
0 0
4 4
8 8
119 119
121 121
122 122
124 124
125 125
126 126
127 127
128 128
129 129
59 59
58 58
54 54
56 56
51 51
50 50
53 53
115 115
88 88
116 116
110 110
112 112
83 83
80 80
81 81
86 86
87 87
84 84
3 3
7 7
109 109
102 102
101 101
107 107
104 104
105 105
38 38
33 33
31 31
30 30
36 36
34 34
61 61
62 62
65 65
66 66
67 67
69 69
2 2
6 6
99 99
98 98
91 91
90 90
92 92
95 95
94 94
97 97
11 11
15 15
14 14
17 17
18 18
89 89
48 48
46 46
47 47
45 45
43 43
40 40
41 41
5 5
9 9
144 144
145 145
142 142
140 140
141 141
77 77
76 76
74 74
73 73
72 72
70 70
79 79
132 133
135 132
132 131
127 130
135 137
135 136
143 135
135 134
135 139
135 138
27 24
24 25
27 26
28 27
21 20
22 21
24 22
24 23
32 28
28 29
1 0
13 4
6 8
120 119
127 120
120 121
123 122
132 123
123 124
126 125
135 126
135 127
127 128
127 129
135 118
57 59
57 58
60 55
55 54
63 57
55 56
52 51
49 50
52 53
78 52
114 115
118 114
85 88
85 89
113 111
111 110
117 113
111 112
85 82
82 83
78 80
82 81
85 86
85 87
85 84
93 85
4 3
6 7
113 108
108 109
103 102
106 103
114 100
100 101
108 106
108 107
103 104
106 105
44 39
37 38
39 33
33 32
32 31
28 30
42 37
35 36
37 35
35 34
64 60
60 61
63 62
64 63
71 64
64 65
64 66
68 67
78 68
68 69
1 2
10 6
96 99
96 98
85 91
85 90
96 93
85 92
96 95
93 94
96 97
100 96
12 11
12 10
19 13
13 12
16 15
13 14
16 17
21 16
22 19
19 18
118 117
117 116
57 48
64 49
44 46
44 47
48 44
44 45
49 42
42 43
39 40
42 41
4 1
4 5
10 9
147 146
143 144
146 145
143 142
146 143
135 140
135 141
78 77
75 76
100 75
75 74
71 73
71 72
78 71
71 70
78 79
82 78
