199
397
0
272 2
271 4
264 11
269 12
263 14
255 17
257 18
268 19
266 21
261 22
258 24
260 26
253 28
251 29
249 33
247 34
242 35
188 43
189 44
186 45
162 48
138 52
136 54
137 56
134 57
160 58
152 63
156 64
155 65
143 70
145 71
146 72
130 75
128 76
147 79
140 81
142 82
148 83
131 87
132 89
133 90
161 91
153 92
151 96
154 97
150 99
157 100
158 101
179 106
167 109
166 110
164 111
178 112
174 117
171 118
175 120
173 121
176 122
168 123
170 124
194 125
216 132
218 133
223 134
229 137
222 138
225 139
226 140
205 143
203 144
206 145
199 151
198 154
202 155
180 158
182 160
181 161
183 162
196 164
201 166
200 167
208 169
185 170
211 174
213 175
214 176
210 177
193 180
190 181
192 182
238 185
231 188
230 189
240 190
237 193
236 196
234 197
233 198
235 201
232 202
227 204
220 205
246 206
243 208
98 216
96 218
99 219
107 221
105 222
104 224
102 225
111 228
110 229
122 232
118 233
113 237
114 238
112 239
119 242
115 243
117 245
120 246
26 256
29 258
28 259
27 261
30 262
31 264
21 267
20 268
36 269
14 273
12 276
8 277
0 282
2 283
6 284
5 287
3 288
11 289
13 291
10 292
16 294
18 296
17 297
25 299
22 301
24 302
51 304
49 305
57 308
52 312
53 313
56 315
55 316
59 317
47 319
40 323
35 325
33 326
38 327
42 328
71 332
73 333
62 335
75 336
65 340
69 341
44 344
46 345
67 346
64 350
66 351
70 353
68 354
63 355
89 360
90 361
87 363
88 365
85 366
94 371
83 372
95 374
84 375
92 377
91 378
93 379
81 384
79 386
76 387
80 388
82 389
78 390
101 392
109 393
123 395
125 396
126 397
0 1
1 2
1 3
3 4
3 5
5 6
6 7
7 8
8 9
9 10
10 11
10 12
9 13
13 14
13 15
15 16
16 17
16 18
15 19
8 20
20 21
20 22
7 23
23 24
23 25
25 26
25 27
27 28
27 29
6 30
30 31
31 32
32 33
32 34
31 35
30 36
36 37
37 38
38 39
39 40
40 41
41 42
42 43
42 44
41 45
40 46
46 47
47 48
47 49
49 50
50 51
51 52
51 53
53 54
53 55
55 56
55 57
50 58
49 59
59 60
60 61
61 62
62 63
62 64
61 65
60 66
66 67
67 68
68 69
69 70
69 71
68 72
67 73
73 74
74 75
74 76
73 77
77 78
78 79
78 80
80 81
80 82
77 83
66 84
84 85
85 86
86 87
86 88
88 89
88 90
85 91
84 92
59 93
93 94
94 95
95 96
95 97
94 98
98 99
98 100
93 101
46 102
102 103
103 104
104 105
105 106
105 107
107 108
108 109
108 110
107 111
104 112
103 113
113 114
114 115
115 116
116 117
116 118
115 119
119 120
119 121
114 122
113 123
102 124
39 125
38 126
126 127
127 128
128 129
129 130
130 131
131 132
131 133
130 134
129 135
135 136
136 137
136 138
135 139
128 140
127 141
141 142
142 143
142 144
141 145
126 146
146 147
147 148
148 149
149 150
150 151
150 152
152 153
153 154
153 155
152 156
156 157
157 158
157 159
159 160
159 161
156 162
149 163
163 164
163 165
165 166
165 167
148 168
168 169
168 170
147 171
171 172
172 173
173 174
173 175
172 176
171 177
146 178
178 179
179 180
179 181
178 182
37 183
183 184
184 185
184 186
186 187
187 188
187 189
186 190
183 191
191 192
192 193
192 194
194 195
195 196
195 197
194 198
191 199
199 200
200 201
200 202
199 203
203 204
203 205
36 206
5 207
207 208
207 209
209 210
210 211
211 212
212 213
213 214
214 215
215 216
215 217
217 218
217 219
214 220
220 221
220 222
213 223
223 224
223 225
212 226
226 227
227 228
227 229
226 230
230 231
231 232
231 233
230 234
234 235
235 236
236 237
236 238
235 239
234 240
240 241
241 242
241 243
240 244
244 245
244 246
211 247
247 248
248 249
249 250
250 251
251 252
252 253
253 254
254 255
255 256
255 257
257 258
257 259
254 260
260 261
260 262
253 263
263 264
263 265
265 266
266 267
266 268
265 269
252 270
270 271
271 272
272 273
272 274
274 275
275 276
275 277
274 278
278 279
279 280
280 281
281 282
281 283
280 284
279 285
285 286
286 287
286 288
285 289
278 290
290 291
290 292
271 293
293 294
293 295
295 296
295 297
270 298
298 299
298 300
300 301
300 302
251 303
303 304
303 305
250 306
306 307
307 308
307 309
309 310
310 311
311 312
311 313
310 314
314 315
314 316
309 317
306 318
318 319
318 320
320 321
321 322
322 323
322 324
324 325
324 326
321 327
320 328
249 329
329 330
330 331
331 332
331 333
330 334
334 335
334 336
329 337
337 338
338 339
339 340
339 341
338 342
342 343
343 344
343 345
342 346
337 347
347 348
348 349
349 350
349 351
348 352
352 353
352 354
347 355
248 356
356 357
357 358
358 359
359 360
359 361
358 362
362 363
362 364
364 365
364 366
357 367
367 368
368 369
369 370
370 371
370 372
369 373
373 374
373 375
368 376
376 377
376 378
367 379
356 380
380 381
381 382
382 383
383 384
383 385
385 386
385 387
382 388
381 389
380 390
247 391
391 392
391 393
210 394
394 395
394 396
209 397
