199
397
0
94 21
93 22
90 27
87 29
85 30
88 32
83 34
59 42
57 43
56 46
55 47
53 49
52 50
51 52
49 53
47 55
42 57
38 59
40 61
35 63
33 64
36 66
18 69
17 72
16 73
14 75
13 78
10 79
12 82
8 83
11 87
2 89
0 90
5 92
3 93
6 94
31 98
27 102
29 104
28 105
26 106
30 107
25 110
24 111
22 112
21 114
20 115
46 117
44 118
75 125
62 126
73 128
71 129
70 134
63 135
64 136
68 137
66 138
69 139
65 140
67 141
89 142
91 143
84 144
92 146
95 147
82 153
81 154
78 155
76 156
79 157
80 158
101 159
122 160
109 162
107 164
104 168
102 169
99 171
98 173
96 174
105 175
110 177
111 178
120 183
118 184
119 185
113 189
112 190
114 191
115 192
117 193
125 194
123 195
126 196
243 197
246 201
237 208
233 209
236 210
234 211
235 214
220 215
232 216
229 221
227 222
226 225
206 227
205 229
203 230
223 233
222 234
218 236
216 237
225 238
194 241
189 244
186 246
179 250
178 252
167 254
166 256
164 257
176 260
175 263
173 264
171 265
174 266
170 269
162 271
146 282
145 285
142 287
140 288
143 290
130 292
128 293
147 295
148 296
153 297
161 299
133 302
131 303
132 304
155 305
157 307
150 308
156 312
152 313
154 314
151 315
158 316
160 317
138 319
137 322
134 323
136 324
168 325
188 326
214 330
210 332
211 334
213 335
208 338
185 339
201 342
202 346
183 347
199 349
198 351
182 353
181 355
180 356
200 357
196 358
193 361
192 362
190 363
240 366
238 367
231 369
230 370
242 371
249 373
247 374
258 375
253 377
251 378
260 379
269 384
268 386
257 388
255 389
263 390
266 392
261 393
264 394
271 396
272 397
0 1
1 2
2 3
3 4
4 5
5 6
6 7
7 8
8 9
9 10
10 11
11 12
12 13
13 14
14 15
15 16
16 17
17 18
18 19
19 20
20 21
20 22
19 23
23 24
24 25
25 26
26 27
26 28
28 29
28 30
25 31
31 32
31 33
33 34
33 35
35 36
36 37
37 38
38 39
39 40
40 41
41 42
41 43
40 44
44 45
45 46
45 47
44 48
48 49
48 50
39 51
51 52
51 53
38 54
54 55
54 56
56 57
56 58
58 59
58 60
60 61
60 62
62 63
62 64
37 65
65 66
65 67
67 68
68 69
68 70
70 71
71 72
71 73
70 74
74 75
74 76
76 77
77 78
77 79
76 80
80 81
81 82
81 83
80 84
84 85
85 86
86 87
86 88
88 89
88 90
85 91
91 92
91 93
84 94
67 95
95 96
96 97
97 98
97 99
99 100
100 101
101 102
101 103
103 104
103 105
100 106
99 107
96 108
108 109
109 110
109 111
108 112
95 113
113 114
113 115
36 116
116 117
116 118
35 119
119 120
120 121
121 122
122 123
123 124
124 125
124 126
123 127
127 128
127 129
122 130
130 131
131 132
132 133
133 134
133 135
132 136
131 137
130 138
121 139
120 140
119 141
24 142
23 143
18 144
17 145
145 146
145 147
16 148
148 149
149 150
150 151
151 152
152 153
152 154
151 155
150 156
149 157
148 158
15 159
14 160
13 161
161 162
161 163
163 164
163 165
165 166
166 167
167 168
167 169
166 170
170 171
170 172
172 173
172 174
165 175
12 176
176 177
176 178
11 179
179 180
180 181
181 182
182 183
182 184
181 185
180 186
186 187
187 188
188 189
188 190
187 191
186 192
179 193
10 194
9 195
8 196
7 197
6 198
198 199
199 200
200 201
200 202
202 203
203 204
204 205
205 206
206 207
207 208
207 209
206 210
205 211
204 212
212 213
213 214
213 215
212 216
203 217
217 218
218 219
219 220
220 221
220 222
219 223
223 224
224 225
224 226
226 227
226 228
228 229
228 230
223 231
231 232
232 233
232 234
231 235
235 236
235 237
218 238
217 239
239 240
240 241
240 242
242 243
243 244
243 245
245 246
245 247
247 248
248 249
249 250
249 251
251 252
251 253
253 254
253 255
255 256
255 257
248 258
258 259
259 260
259 261
261 262
262 263
262 264
261 265
258 266
247 267
267 268
268 269
268 270
270 271
270 272
272 273
273 274
274 275
275 276
276 277
277 278
278 279
279 280
280 281
281 282
281 283
283 284
284 285
284 286
286 287
286 288
283 289
289 290
289 291
291 292
291 293
280 294
294 295
294 296
279 297
278 298
298 299
298 300
300 301
301 302
301 303
300 304
277 305
276 306
306 307
306 308
275 309
309 310
310 311
311 312
311 313
310 314
309 315
274 316
273 317
272 318
318 319
318 320
320 321
321 322
321 323
320 324
267 325
242 326
239 327
327 328
328 329
329 330
329 331
331 332
331 333
333 334
333 335
328 336
336 337
337 338
337 339
336 340
340 341
341 342
341 343
343 344
344 345
345 346
345 347
344 348
348 349
348 350
350 351
350 352
352 353
352 354
354 355
354 356
343 357
340 358
327 359
359 360
360 361
360 362
359 363
202 364
364 365
365 366
365 367
364 368
368 369
368 370
199 371
198 372
372 373
372 374
5 375
4 376
376 377
376 378
3 379
2 380
380 381
381 382
382 383
383 384
383 385
385 386
385 387
387 388
387 389
382 390
381 391
391 392
391 393
380 394
1 395
395 396
395 397
