199
273
273
216 153
214 146
213 199
210 56
211 201
218 26
133 52
132 22
131 164
130 237
137 232
136 112
134 13
138 110
166 53
24 105
25 31
26 240
27 179
20 131
21 220
22 84
160 158
28 176
29 243
161 154
0 258
8 200
220 115
227 255
120 268
122 99
123 6
125 3
126 125
264 185
128 266
269 236
268 206
59 186
55 202
57 113
56 122
51 64
258 16
53 89
52 102
164 104
201 227
199 156
179 120
200 210
194 226
178 123
190 20
193 242
192 249
115 90
114 272
88 247
89 271
111 170
110 162
113 213
112 93
82 203
83 28
80 79
81 118
119 182
87 196
84 211
85 24
251 8
198 263
226 83
3 194
247 98
255 225
225 96
181 233
109 136
240 78
243 92
242 148
102 57
167 38
101 223
249 251
107 109
104 11
105 49
38 208
33 71
31 238
30 230
36 80
35 73
246 193
205 189
223 181
176 82
62 155
63 133
64 117
65 35
66 198
67 69
68 178
69 114
175 175
174 65
173 18
257 27
171 67
170 142
222 25
271 264
253 42
182 10
183 168
180 257
2 59
186 145
6 128
188 85
189 95
202 111
196 0
185 46
99 157
98 47
168 55
229 2
91 261
90 150
93 130
92 171
95 62
94 17
162 88
96 222
11 87
10 66
13 229
12 160
14 21
17 188
16 180
18 137
117 235
151 75
150 5
153 218
152 119
155 253
154 132
157 12
156 14
158 68
238 174
234 63
235 134
236 126
237 30
230 190
231 173
232 234
233 260
49 29
46 70
47 167
44 147
42 107
40 51
118 33
5 94
272 183
146 138
147 101
203 44
145 214
142 76
143 205
140 231
206 91
208 192
148 166
76 143
75 246
73 81
71 140
70 152
79 40
78 216
263 269
261 161
260 151
266 36
217 216
221 217
215 214
224 215
215 212
212 213
209 210
212 211
177 165
265 264
267 265
217 218
233 219
132 133
149 132
132 131
129 130
135 137
135 136
139 135
135 134
149 139
139 138
165 166
23 24
23 25
27 26
32 27
32 20
20 21
23 22
32 23
159 160
27 28
27 29
159 161
1 0
9 4
9 8
177 163
116 119
270 271
259 258
121 120
124 121
121 122
124 123
127 124
124 125
127 126
244 127
129 128
144 129
267 269
267 268
165 167
116 118
58 59
60 58
54 55
58 54
58 57
54 56
50 51
60 50
52 53
54 52
267 259
165 164
197 201
197 199
177 179
197 200
219 195
195 194
215 197
177 178
209 191
191 190
191 193
191 192
116 115
112 114
86 88
86 89
110 111
116 110
112 113
121 112
77 82
84 83
77 80
77 81
92 86
86 87
92 84
86 85
252 251
197 198
267 256
207 206
224 226
256 257
4 3
187 177
259 254
9 7
248 247
256 255
224 225
250 245
254 244
110 108
108 109
245 241
239 240
244 243
241 242
103 102
108 103
110 100
100 101
108 106
106 107
103 104
106 105
41 39
39 38
34 33
37 32
32 31
27 30
58 37
37 36
34 35
41 34
245 246
259 252
204 205
221 223
172 176
61 60
74 61
61 62
64 63
74 64
64 65
64 66
64 67
64 68
64 69
172 175
172 174
172 173
177 172
172 171
169 170
204 203
221 222
184 181
252 253
250 248
181 182
181 183
181 180
1 2
163 162
195 187
197 184
7 6
219 220
187 186
187 188
187 189
197 202
197 196
224 221
184 185
97 99
97 98
169 168
177 169
228 229
233 228
92 91
86 90
92 93
100 92
92 95
92 94
108 97
97 96
9 11
9 10
9 13
9 12
16 15
15 14
16 17
19 16
23 19
19 18
116 117
254 250
121 116
207 204
159 151
151 150
151 153
151 152
151 155
151 154
151 157
151 156
163 159
151 158
233 234
239 238
241 239
221 207
233 235
233 236
233 237
239 230
230 231
233 232
239 233
228 224
58 48
50 49
45 46
48 47
45 44
64 45
43 42
48 43
39 40
43 41
7 1
4 5
15 9
270 272
144 146
144 147
151 144
144 145
141 142
144 143
141 140
144 141
215 209
209 208
144 148
159 149
92 77
77 76
74 75
86 74
72 73
74 72
72 71
64 70
77 79
77 78
262 263
248 249
267 262
228 227
262 261
273 270
259 260
270 267
265 266
