199
294
0
271 3
272 4
263 7
266 10
261 11
268 14
257 16
255 17
269 19
264 20
260 22
253 25
251 26
258 28
247 32
249 33
242 35
246 37
238 39
240 42
230 43
231 45
233 46
234 51
236 52
227 55
229 57
223 61
226 62
222 64
218 66
216 67
225 69
206 72
205 74
203 75
214 79
211 82
213 83
208 85
192 89
193 90
190 91
210 92
194 94
186 96
189 98
188 100
176 103
173 106
175 107
174 109
171 110
164 115
167 117
166 118
179 119
178 120
162 124
160 126
138 129
136 131
134 133
137 134
152 140
156 141
150 144
157 143
158 146
155 148
154 149
151 135
132 153
133 156
131 157
161 158
153 160
142 166
140 167
146 168
143 170
148 172
147 173
145 174
128 176
130 177
170 178
168 179
185 181
201 185
198 187
182 192
180 193
181 189
183 195
199 197
202 198
200 199
196 200
235 202
232 204
220 205
237 206
243 208
126 210
123 212
125 214
113 220
114 222
112 219
115 225
117 226
120 228
122 230
118 231
119 232
110 233
111 236
109 238
104 242
102 243
107 246
105 247
99 250
98 251
96 252
101 254
83 258
84 257
94 260
91 263
78 267
76 269
79 270
81 272
82 273
80 274
92 255
95 279
93 280
85 282
90 285
89 286
87 288
88 290
71 292
73 294
66 300
44 302
46 304
69 306
65 308
67 309
63 311
70 312
64 296
68 314
75 316
62 318
49 321
51 322
47 325
42 327
33 330
35 331
40 333
38 334
59 338
57 339
55 342
56 343
52 344
53 346
36 348
21 351
20 350
31 354
30 357
27 356
29 362
28 363
26 364
25 368
24 369
22 370
18 372
16 373
17 376
14 378
8 382
12 383
3 385
5 386
13 389
10 390
6 392
11 394
2 396
0 397
0 1
1 2
2 3
2 4
1 5
5 6
6 7
6 9
9 10
9 11
6 13
13 14
13 15
15 16
15 17
6 18
18 19
18 20
5 21
21 22
21 24
24 25
24 26
21 28
21 29
29 30
30 31
31 32
31 33
30 34
34 35
34 37
34 38
38 39
38 42
38 43
43 45
38 46
46 51
46 52
46 54
54 55
54 57
54 58
58 59
59 60
60 61
60 62
59 64
59 65
65 66
65 67
58 69
58 70
70 71
71 72
71 73
73 74
73 75
70 78
78 79
78 81
81 82
81 83
78 84
84 85
84 87
87 89
87 90
87 91
84 92
70 93
93 94
93 95
95 96
95 98
95 100
95 101
101 102
102 103
102 105
105 106
105 107
102 109
102 110
101 112
112 114
114 115
114 117
114 118
112 119
112 120
101 121
121 122
122 123
123 124
123 125
125 126
125 128
128 129
128 130
130 131
130 132
132 133
132 134
125 135
135 139
139 140
139 141
135 143
143 144
135 146
135 148
135 149
135 151
151 152
152 153
153 156
153 157
152 158
151 160
151 161
161 165
165 166
165 167
161 168
161 170
161 171
171 172
171 173
161 174
161 175
175 176
175 177
122 178
121 179
70 180
180 181
180 182
182 183
183 185
183 186
186 187
186 189
189 192
189 193
189 195
186 197
186 198
183 199
182 200
46 201
201 202
201 204
201 205
46 206
29 207
207 208
207 209
209 210
209 211
211 212
211 213
213 214
213 215
215 219
219 220
219 222
215 225
215 226
215 228
215 229
229 230
229 231
215 232
215 233
233 236
233 238
233 239
239 240
240 241
241 242
241 243
240 245
245 246
245 247
240 248
248 250
248 251
248 252
239 253
253 254
253 255
255 257
257 258
255 260
255 263
255 264
264 267
264 269
264 270
264 272
264 273
264 274
255 279
255 280
255 281
281 282
281 285
281 286
281 288
281 290
281 291
291 292
291 293
293 294
293 296
296 300
296 301
301 302
302 304
301 306
301 308
301 309
296 311
296 312
296 314
293 316
293 317
317 318
317 319
319 320
320 321
320 322
319 323
323 324
324 325
324 326
326 327
326 328
328 329
329 330
329 331
328 332
332 333
332 334
323 335
335 336
336 338
336 339
336 340
340 342
340 343
340 344
344 346
335 347
347 348
347 349
349 350
350 351
349 354
349 356
356 357
356 361
361 362
361 363
356 364
349 365
365 367
367 368
367 369
365 370
365 371
371 372
371 373
373 376
373 377
377 378
377 379
379 381
381 382
381 383
379 384
384 385
384 386
379 388
388 389
388 390
379 391
391 392
391 393
393 394
393 396
393 397
