199
273
273
216 216
214 214
213 213
210 210
211 211
218 218
133 133
132 132
131 131
130 130
137 137
136 136
134 134
138 138
166 166
24 24
25 25
26 26
27 27
20 20
21 21
22 22
160 160
28 28
29 29
161 161
0 0
8 8
220 220
227 227
120 120
122 122
123 123
125 125
126 126
264 264
128 128
269 269
268 268
59 59
55 55
57 57
56 56
51 51
258 258
53 53
52 52
164 164
201 201
199 199
179 179
200 200
194 194
178 178
190 190
193 193
192 192
115 115
114 114
88 88
89 89
111 111
110 110
113 113
112 112
82 82
83 83
80 80
81 81
119 119
87 87
84 84
85 85
251 251
198 198
226 226
3 3
247 247
255 255
225 225
181 181
109 109
240 240
243 243
242 242
102 102
167 167
101 101
249 249
107 107
104 104
105 105
38 38
33 33
31 31
30 30
36 36
35 35
246 246
205 205
223 223
176 176
62 62
63 63
64 64
65 65
66 66
67 67
68 68
69 69
175 175
174 174
173 173
257 257
171 171
170 170
222 222
271 271
253 253
182 182
183 183
180 180
2 2
186 186
6 6
188 188
189 189
202 202
196 196
185 185
99 99
98 98
168 168
229 229
91 91
90 90
93 93
92 92
95 95
94 94
162 162
96 96
11 11
10 10
13 13
12 12
14 14
17 17
16 16
18 18
117 117
151 151
150 150
153 153
152 152
155 155
154 154
157 157
156 156
158 158
238 238
234 234
235 235
236 236
237 237
230 230
231 231
232 232
233 233
49 49
46 46
47 47
44 44
42 42
40 40
118 118
5 5
272 272
146 146
147 147
203 203
145 145
142 142
143 143
140 140
206 206
208 208
148 148
76 76
75 75
73 73
71 71
70 70
79 79
78 78
263 263
261 261
260 260
266 266
217 216
221 217
215 214
224 215
215 212
212 213
209 210
212 211
177 165
265 264
267 265
217 218
233 219
132 133
149 132
132 131
129 130
135 137
135 136
139 135
135 134
149 139
139 138
165 166
23 24
23 25
27 26
32 27
32 20
20 21
23 22
32 23
159 160
27 28
27 29
159 161
1 0
9 4
9 8
177 163
116 119
270 271
259 258
121 120
124 121
121 122
124 123
127 124
124 125
127 126
244 127
129 128
144 129
267 269
267 268
165 167
116 118
58 59
60 58
54 55
58 54
58 57
54 56
50 51
60 50
52 53
54 52
267 259
165 164
197 201
197 199
177 179
197 200
219 195
195 194
215 197
177 178
209 191
191 190
191 193
191 192
116 115
112 114
86 88
86 89
110 111
116 110
112 113
121 112
77 82
84 83
77 80
77 81
92 86
86 87
92 84
86 85
252 251
197 198
267 256
207 206
224 226
256 257
4 3
187 177
259 254
9 7
248 247
256 255
224 225
250 245
254 244
110 108
108 109
245 241
239 240
244 243
241 242
103 102
108 103
110 100
100 101
108 106
106 107
103 104
106 105
41 39
39 38
34 33
37 32
32 31
27 30
58 37
37 36
34 35
41 34
245 246
259 252
204 205
221 223
172 176
61 60
74 61
61 62
64 63
74 64
64 65
64 66
64 67
64 68
64 69
172 175
172 174
172 173
177 172
172 171
169 170
204 203
221 222
184 181
252 253
250 248
181 182
181 183
181 180
1 2
163 162
195 187
197 184
7 6
219 220
187 186
187 188
187 189
197 202
197 196
224 221
184 185
97 99
97 98
169 168
177 169
228 229
233 228
92 91
86 90
92 93
100 92
92 95
92 94
108 97
97 96
9 11
9 10
9 13
9 12
16 15
15 14
16 17
19 16
23 19
19 18
116 117
254 250
121 116
207 204
159 151
151 150
151 153
151 152
151 155
151 154
151 157
151 156
163 159
151 158
233 234
239 238
241 239
221 207
233 235
233 236
233 237
239 230
230 231
233 232
239 233
228 224
58 48
50 49
45 46
48 47
45 44
64 45
43 42
48 43
39 40
43 41
7 1
4 5
15 9
270 272
144 146
144 147
151 144
144 145
141 142
144 143
141 140
144 141
215 209
209 208
144 148
159 149
92 77
77 76
74 75
86 74
72 73
74 72
72 71
64 70
77 79
77 78
262 263
248 249
267 262
228 227
262 261
273 270
259 260
270 267
265 266
