198
280
279
216 216
217 217
214 214
215 215
212 212
213 213
210 210
218 218
132 132
131 131
130 130
137 137
136 136
134 134
139 139
24 24
26 26
27 27
20 20
22 22
160 160
28 28
0 0
162 162
8 8
163 163
271 271
263 263
121 121
122 122
124 124
125 125
265 265
127 127
129 129
269 269
220 220
118 118
58 58
54 54
56 56
51 51
258 258
53 53
201 201
198 198
200 200
194 194
178 178
191 191
190 190
193 193
115 115
114 114
272 272
89 89
111 111
275 275
112 112
82 82
83 83
80 80
86 86
87 87
165 165
85 85
256 256
206 206
226 226
3 3
7 7
247 247
255 255
245 245
244 244
181 181
109 109
241 241
240 240
243 243
242 242
103 103
100 100
101 101
106 106
107 107
104 104
105 105
38 38
33 33
31 31
30 30
36 36
177 177
34 34
252 252
223 223
176 176
60 60
62 62
259 259
64 64
65 65
67 67
68 68
69 69
175 175
174 174
253 253
172 172
171 171
170 170
203 203
249 249
248 248
182 182
183 183
180 180
2 2
167 167
184 184
6 6
186 186
188 188
196 196
273 273
185 185
99 99
98 98
229 229
280 280
227 227
90 90
93 93
92 92
95 95
97 97
96 96
11 11
10 10
13 13
15 15
16 16
19 19
18 18
250 250
116 116
204 204
151 151
150 150
153 153
155 155
154 154
157 157
156 156
159 159
158 158
277 277
238 238
239 239
235 235
237 237
230 230
232 232
233 233
224 224
48 48
46 46
119 119
44 44
43 43
40 40
41 41
5 5
9 9
146 146
147 147
144 144
145 145
205 205
143 143
140 140
141 141
209 209
208 208
148 148
76 76
75 75
73 73
72 72
71 71
79 79
78 78
262 262
261 261
270 270
267 267
266 266
211 216
211 217
211 214
211 215
211 212
211 213
211 210
221 211
166 165
274 264
264 265
211 218
221 219
142 133
133 132
128 131
128 130
138 137
135 136
138 135
133 134
138 139
142 138
168 166
23 24
32 25
25 26
25 27
21 20
25 21
21 22
25 23
161 160
29 28
32 29
179 161
1 0
12 4
7 8
164 163
120 119
268 271
257 258
135 120
120 121
123 122
142 123
123 124
126 125
128 126
126 127
142 128
128 129
268 269
274 268
168 167
117 118
63 59
57 58
61 55
52 54
59 57
55 56
52 51
52 50
52 53
59 52
260 259
166 164
202 201
202 199
187 179
199 200
211 195
195 194
199 197
179 178
189 191
189 190
192 193
197 192
116 115
113 114
97 88
88 89
110 111
117 110
128 113
110 112
81 82
84 83
77 80
88 81
87 86
88 87
97 84
84 85
254 251
202 198
257 256
207 206
225 226
260 257
4 3
173 177
261 254
17 7
246 247
268 273
254 255
231 225
246 245
238 244
116 108
108 109
238 241
238 240
238 243
238 242
116 102
102 103
97 100
102 101
102 106
108 107
102 104
102 105
45 39
37 38
32 33
49 32
32 31
29 30
39 37
37 36
49 35
35 34
251 246
251 252
222 223
173 176
61 60
63 61
61 62
66 63
63 64
63 65
81 66
66 67
66 68
70 69
173 175
173 174
180 173
173 172
169 171
169 170
204 203
234 222
180 181
254 253
246 248
183 182
187 183
192 180
1 2
161 162
197 187
183 184
7 6
219 220
187 186
189 188
198 189
211 202
195 196
222 221
183 185
238 142
97 99
97 98
169 168
173 169
228 229
231 228
113 91
88 90
94 93
91 92
94 95
97 94
110 97
97 96
12 11
7 10
14 13
17 12
14 15
23 14
35 17
17 16
17 19
17 18
128 117
254 250
142 116
278 274
219 204
276 275
152 151
149 150
152 153
155 152
164 155
155 154
155 157
155 156
155 159
155 158
276 277
236 234
264 238
238 239
211 207
234 235
246 236
238 237
231 230
236 231
231 232
231 233
225 224
279 280
47 48
55 49
47 46
57 47
45 44
50 45
50 42
42 43
39 40
42 41
4 1
4 5
7 9
268 272
152 146
146 147
142 144
142 145
204 205
142 143
138 140
142 141
207 209
207 208
149 148
152 149
88 77
77 76
74 75
91 74
74 73
70 72
70 71
88 70
279 278
77 79
77 78
264 263
250 249
261 262
228 227
274 261
268 270
264 260
278 276
268 267
264 266
