483
669
669
344 117
0 303
346 404
347 437
340 661
342 174
343 173
348 364
349 372
594 469
619 178
299 598
296 525
297 296
294 180
295 532
292 667
293 60
290 122
291 348
591 88
593 607
198 123
596 288
195 424
194 78
196 506
190 37
193 599
192 457
270 262
271 238
272 509
273 107
274 521
275 361
276 371
277 285
278 147
524 553
525 570
526 114
527 344
520 165
521 207
522 45
523 19
599 311
528 273
529 25
449 505
442 397
440 194
447 203
446 94
445 483
444 46
108 20
109 490
598 572
103 625
100 200
101 59
107 49
104 451
105 447
38 105
32 519
31 464
37 462
35 271
34 647
641 185
640 577
643 34
642 550
645 575
644 294
647 299
439 306
436 327
437 233
434 495
435 160
432 427
430 606
431 612
339 659
338 101
335 193
337 591
330 333
333 614
332 353
345 210
6 565
99 467
91 619
92 405
94 276
97 308
96 479
559 67
555 556
556 120
551 446
550 137
553 430
238 422
239 533
235 43
236 315
237 292
231 546
233 454
614 236
147 435
618 221
145 24
143 628
141 538
612 535
610 131
611 439
616 89
148 633
615 379
623 354
133 517
132 602
131 15
137 560
135 370
134 408
495 578
139 195
497 555
490 260
491 571
493 209
24 100
25 522
26 358
20 442
21 2
23 363
28 658
29 17
407 110
405 218
404 523
402 440
401 56
408 293
379 650
378 99
371 610
370 0
372 272
374 663
377 156
376 287
393 11
88 616
89 188
397 428
396 458
394 387
82 584
399 16
81 594
87 159
84 419
85 605
601 229
586 582
587 241
584 414
582 257
580 491
588 559
589 44
244 548
247 449
246 222
241 41
240 275
243 97
249 183
248 6
519 472
518 148
511 80
510 528
513 235
512 170
514 436
517 390
516 198
458 588
459 513
621 322
627 320
625 246
451 615
452 380
628 502
454 313
456 518
457 508
178 586
176 399
174 206
173 543
172 530
170 192
656 475
654 330
253 352
182 323
183 383
180 551
181 74
186 396
187 668
650 343
185 75
652 621
188 444
658 240
659 321
11 362
10 214
13 461
15 347
17 129
16 357
19 252
18 40
322 141
323 456
320 248
321 498
326 259
327 580
324 71
329 109
201 21
200 23
203 9
205 201
207 541
206 309
209 378
77 654
75 652
74 112
72 145
71 526
70 346
79 151
78 316
2 365
668 85
667 70
665 640
663 497
661 69
542 527
543 547
541 423
546 642
547 263
545 510
8 360
548 215
549 603
120 265
122 349
123 426
126 480
129 150
414 134
415 182
416 239
410 415
411 493
412 35
498 463
418 486
419 163
319 340
313 247
312 388
311 564
317 562
316 394
315 478
314 143
3 356
369 514
367 8
364 18
365 332
362 212
363 32
360 103
361 374
380 219
381 158
382 162
383 471
385 133
387 465
388 92
605 411
578 402
572 473
571 637
570 407
577 186
607 627
575 205
574 291
60 47
61 529
258 317
259 623
64 324
65 329
67 274
252 167
69 452
250 231
256 169
257 196
254 393
602 574
508 261
509 267
506 244
504 284
505 641
502 82
500 401
632 382
633 31
469 385
635 237
637 135
465 139
464 445
467 367
466 425
461 256
463 63
462 484
168 589
169 266
164 649
165 302
167 253
160 153
162 542
163 412
9 282
649 381
357 216
356 168
355 611
354 342
353 432
352 644
351 305
358 487
216 608
214 377
215 459
212 29
210 126
218 249
219 300
288 13
280 115
282 84
285 434
284 81
287 326
263 369
262 108
261 314
260 481
267 520
266 566
265 72
264 42
269 297
59 338
58 57
54 38
57 190
56 278
50 65
53 568
536 280
535 319
63 536
533 596
532 61
530 270
539 665
538 50
115 355
114 3
117 549
110 593
112 376
118 431
429 524
428 250
423 181
422 172
425 410
424 429
427 500
426 155
308 539
309 96
300 187
302 58
303 466
305 504
306 10
568 104
560 277
562 224
564 609
565 64
566 601
229 337
226 118
224 635
222 290
221 645
391 79
390 587
151 339
150 632
153 132
606 545
155 87
600 53
603 418
156 28
159 600
158 643
609 5
608 416
80 243
49 226
46 264
47 77
44 295
45 516
42 391
43 258
40 335
41 164
638 254
5 351
487 618
486 511
484 656
483 269
481 26
480 91
472 176
473 477
471 638
477 54
475 345
478 512
479 312
341 344
1 0
341 346
348 347
338 340
398 341
341 342
341 343
359 348
350 349
597 595
607 606
595 594
620 619
325 298
298 299
294 296
294 297
310 294
294 295
289 292
294 293
289 290
289 291
590 591
597 590
592 593
597 592
225 199
199 198
620 597
595 596
193 195
193 194
213 197
197 196
197 191
191 190
258 193
191 192
271 270
283 271
289 272
272 273
272 274
276 275
289 276
276 277
279 278
368 279
520 524
520 525
520 526
520 527
567 520
520 521
520 522
520 523
597 599
520 528
520 529
448 449
492 448
460 443
441 442
455 441
441 440
448 447
443 446
443 445
443 444
109 108
125 109
119 102
102 103
98 100
98 101
142 106
106 107
102 104
106 105
93 39
39 38
68 33
33 32
30 31
62 30
36 37
51 36
36 35
33 34
639 641
639 640
639 643
639 642
646 645
639 644
455 438
438 439
433 436
438 437
433 434
433 435
433 432
476 433
429 430
429 431
338 339
341 338
334 335
341 334
336 337
341 336
359 331
331 330
334 333
331 332
341 345
7 6
98 99
130 98
90 91
128 90
124 93
93 92
119 95
95 94
98 97
95 96
558 559
563 558
554 555
557 554
558 557
557 556
552 551
546 550
554 553
557 552
235 238
235 239
235 234
251 235
235 236
235 237
232 230
232 231
234 232
234 233
24 1
613 614
164 146
146 147
157 144
146 145
152 142
144 143
154 140
140 141
613 612
648 613
607 610
607 611
617 616
624 617
149 148
154 149
622 623
629 622
130 133
130 132
130 131
140 130
136 137
144 136
130 135
130 134
507 494
496 495
138 139
140 138
489 490
492 491
507 492
492 493
43 24
24 25
27 26
48 27
76 20
22 21
76 22
22 23
27 28
30 29
406 407
433 406
406 405
403 404
413 403
403 402
400 401
443 400
630 629
441 409
409 408
629 628
375 379
375 378
368 371
368 370
443 373
373 372
450 375
375 374
375 377
375 376
617 618
392 393
460 392
89 88
125 89
398 397
395 396
441 395
395 394
83 82
102 83
76 80
76 81
89 86
86 87
83 84
86 85
14 7
636 601
636 607
585 586
588 587
585 584
592 585
581 582
597 583
581 580
583 581
592 588
590 589
318 245
245 244
245 247
245 246
242 241
235 240
242 243
279 242
613 615
245 249
245 248
520 519
515 518
509 511
509 510
509 513
509 512
567 515
515 514
515 517
515 516
494 458
458 459
622 621
626 620
626 627
630 626
624 625
630 624
515 450
450 451
453 452
476 453
453 454
470 455
457 456
470 457
184 179
179 178
179 177
175 176
179 175
175 174
171 173
171 172
177 171
171 170
655 656
664 657
653 654
251 253
211 182
184 183
179 180
182 181
184 186
184 187
189 184
184 185
653 652
189 188
204 189
657 658
655 653
648 650
655 651
12 11
9 10
12 13
52 12
14 15
55 14
24 17
17 16
20 19
17 18
660 659
130 62
320 322
320 323
341 320
320 321
325 326
328 327
325 324
338 325
341 328
328 329
202 201
199 200
202 203
230 202
204 205
245 204
208 207
204 206
208 209
251 208
76 77
102 76
76 75
73 74
86 73
73 72
68 71
68 70
657 655
76 79
76 78
1 2
669 668
666 667
669 666
666 665
666 664
664 663
666 662
660 661
662 660
540 542
544 543
544 540
540 541
557 546
546 547
552 544
546 545
7 8
546 548
546 549
89 68
597 598
121 120
124 121
121 122
121 123
130 124
136 125
127 126
128 127
138 128
130 129
413 414
413 415
417 416
420 417
409 410
421 411
411 412
420 413
499 498
417 418
420 419
520 499
320 319
359 318
310 313
310 312
310 311
359 310
318 317
310 316
310 315
310 314
506 496
496 497
4 3
386 368
368 369
373 366
366 367
359 364
366 365
359 362
359 363
359 360
359 361
375 380
375 381
375 382
384 383
406 384
384 385
406 386
386 387
389 388
441 389
604 605
583 579
579 578
636 604
576 573
573 572
569 571
569 570
576 577
579 576
576 575
573 574
55 60
62 61
279 258
258 259
62 64
66 65
76 66
66 67
251 252
68 69
251 250
255 251
257 256
258 257
251 254
258 255
604 603
601 602
507 508
520 509
520 506
515 507
503 504
503 505
501 502
520 503
499 500
503 501
631 630
634 631
631 632
634 633
468 469
470 468
662 636
636 637
464 465
474 464
468 467
464 466
460 461
474 460
470 463
463 462
166 168
166 169
177 164
164 165
179 166
166 167
161 160
177 161
161 162
161 163
597 600
76 9
646 647
651 646
648 649
651 648
353 357
353 356
353 355
353 354
359 353
353 352
350 351
375 350
375 359
353 358
217 216
258 217
213 214
213 215
213 212
227 213
211 210
223 211
217 218
220 219
320 289
289 288
43 4
294 281
281 280
298 283
281 282
286 285
283 284
286 287
320 286
258 263
258 262
258 261
258 260
268 267
258 266
258 265
258 264
268 269
336 268
55 59
55 58
68 55
52 54
55 57
55 56
68 51
48 50
52 53
68 52
557 537
537 536
534 535
62 63
534 533
531 532
546 531
531 530
540 539
537 538
116 115
113 114
116 117
127 116
113 111
111 110
142 113
111 112
130 119
119 118
476 429
429 428
544 534
470 421
460 420
421 423
421 422
421 425
421 424
421 427
421 426
307 308
310 309
301 300
359 301
301 302
304 303
320 304
304 305
307 306
338 307
569 568
576 569
561 560
639 561
561 562
639 563
563 564
563 565
563 566
576 567
228 229
230 228
230 227
227 226
258 225
225 224
255 223
223 222
220 221
228 220
392 391
389 390
152 151
149 150
154 153
157 152
154 155
157 154
166 157
154 156
157 159
157 158
607 609
607 608
666 634
400 399
636 635
438 398
51 48
48 49
43 46
43 47
43 44
43 45
62 42
90 43
39 40
42 41
639 638
4 5
666 639
520 489
494 488
488 487
485 486
520 485
485 484
482 483
488 482
482 481
476 480
470 472
470 473
489 470
470 471
488 476
476 477
501 474
476 475
476 478
476 479
