483
669
669
344 162
0 299
346 28
347 493
340 538
342 596
343 172
348 370
349 526
594 642
619 327
299 270
296 34
297 529
294 163
295 214
292 70
293 514
290 321
291 477
591 168
593 302
198 266
596 236
195 155
194 463
196 355
190 495
193 464
192 513
270 126
271 610
272 207
273 578
274 233
275 560
276 216
277 588
278 133
524 60
525 640
526 69
527 295
520 545
521 506
522 235
523 649
599 416
528 528
529 466
449 498
442 278
440 147
447 533
446 141
445 608
444 641
108 285
109 237
598 215
103 451
100 435
101 449
107 300
104 139
105 635
38 399
32 347
31 465
37 187
35 71
34 306
641 178
640 64
643 249
642 206
645 452
644 180
647 284
439 487
436 363
437 308
434 616
435 250
432 296
430 145
431 427
339 380
338 502
335 58
337 469
330 312
333 324
332 490
345 508
6 120
99 15
91 247
92 303
94 44
97 35
96 99
559 340
555 20
556 158
551 305
550 243
553 185
238 186
239 361
235 541
236 339
237 41
231 167
233 609
614 45
147 164
618 352
145 425
143 212
141 94
612 272
610 21
611 530
616 512
148 447
615 276
623 518
133 577
132 377
131 156
137 134
135 436
134 267
495 316
139 118
497 414
490 388
491 114
493 524
24 109
25 244
26 623
20 84
21 647
23 440
28 575
29 322
407 556
405 479
404 344
402 652
401 357
408 431
379 633
378 241
371 79
370 37
372 348
374 0
377 297
376 471
393 238
88 418
89 273
397 505
396 568
394 105
82 16
399 601
81 226
87 422
84 478
85 396
601 43
586 5
587 335
584 104
582 115
580 606
588 92
589 381
244 77
247 378
246 132
241 333
240 11
243 408
249 574
248 82
519 475
518 75
511 434
510 23
513 430
512 54
514 665
517 394
516 153
458 553
459 265
621 338
627 565
625 19
451 72
452 198
628 282
454 337
456 221
457 254
178 193
176 275
174 122
173 287
172 293
170 446
656 129
654 668
253 32
182 548
183 195
180 173
181 96
186 160
187 190
650 621
185 457
652 323
188 264
658 219
659 429
11 570
10 428
13 40
15 349
17 550
16 591
19 263
18 587
322 571
323 611
320 290
321 137
326 536
327 110
324 260
329 346
201 181
200 107
203 364
205 555
207 148
206 294
209 472
77 67
75 332
74 248
72 459
71 239
70 42
79 176
78 253
2 667
668 319
667 6
665 483
663 535
661 625
542 100
543 170
541 182
546 371
547 9
545 599
8 59
548 628
549 194
120 224
122 49
123 376
126 412
129 461
414 445
415 618
416 246
410 143
411 354
412 317
498 520
418 644
419 612
319 532
313 390
312 291
311 586
317 582
316 523
315 201
314 80
3 401
369 458
367 252
364 519
365 311
362 615
363 627
360 393
361 522
380 360
381 365
382 135
383 444
385 329
387 391
388 632
605 108
578 218
572 411
571 543
570 231
577 600
607 497
575 258
574 580
60 367
61 351
258 658
259 517
64 480
65 379
67 159
252 637
69 269
250 309
256 432
257 661
254 123
602 383
508 525
509 527
506 387
504 562
505 87
502 516
500 74
632 25
633 385
469 484
635 372
637 240
465 222
464 151
467 65
466 419
461 192
463 511
462 103
168 200
169 46
164 356
165 313
167 183
160 547
162 13
163 572
9 288
649 549
357 358
356 50
355 454
354 607
353 589
352 78
351 61
358 481
216 362
214 10
215 188
212 38
210 521
218 467
219 97
288 542
280 315
282 8
285 91
284 203
287 486
263 174
262 18
261 500
260 602
267 229
266 117
265 88
264 473
269 437
59 663
58 47
54 539
57 150
56 456
50 551
53 280
536 196
535 510
63 2
533 85
532 314
530 426
539 614
538 343
115 292
114 3
117 423
110 424
112 330
118 402
429 345
428 564
423 261
422 410
425 112
424 405
427 594
426 369
308 53
309 89
300 277
302 326
303 603
305 271
306 566
568 619
560 256
562 509
564 638
565 81
566 374
229 353
226 442
224 165
222 26
221 342
391 643
390 274
151 257
150 63
153 584
606 593
155 598
600 439
603 650
156 491
159 462
158 407
609 504
608 605
80 262
49 382
46 57
47 209
44 101
45 131
42 397
43 659
40 24
41 546
638 205
5 656
487 404
486 645
484 415
483 56
481 169
480 17
472 31
473 654
471 210
477 559
475 29
478 259
479 320
341 344
1 0
341 346
348 347
338 340
398 341
341 342
341 343
359 348
350 349
597 595
607 606
595 594
620 619
325 298
298 299
294 296
294 297
310 294
294 295
289 292
294 293
289 290
289 291
590 591
597 590
592 593
597 592
225 199
199 198
620 597
595 596
193 195
193 194
213 197
197 196
197 191
191 190
258 193
191 192
271 270
283 271
289 272
272 273
272 274
276 275
289 276
276 277
279 278
368 279
520 524
520 525
520 526
520 527
567 520
520 521
520 522
520 523
597 599
520 528
520 529
448 449
492 448
460 443
441 442
455 441
441 440
448 447
443 446
443 445
443 444
109 108
125 109
119 102
102 103
98 100
98 101
142 106
106 107
102 104
106 105
93 39
39 38
68 33
33 32
30 31
62 30
36 37
51 36
36 35
33 34
639 641
639 640
639 643
639 642
646 645
639 644
455 438
438 439
433 436
438 437
433 434
433 435
433 432
476 433
429 430
429 431
338 339
341 338
334 335
341 334
336 337
341 336
359 331
331 330
334 333
331 332
341 345
7 6
98 99
130 98
90 91
128 90
124 93
93 92
119 95
95 94
98 97
95 96
558 559
563 558
554 555
557 554
558 557
557 556
552 551
546 550
554 553
557 552
235 238
235 239
235 234
251 235
235 236
235 237
232 230
232 231
234 232
234 233
24 1
613 614
164 146
146 147
157 144
146 145
152 142
144 143
154 140
140 141
613 612
648 613
607 610
607 611
617 616
624 617
149 148
154 149
622 623
629 622
130 133
130 132
130 131
140 130
136 137
144 136
130 135
130 134
507 494
496 495
138 139
140 138
489 490
492 491
507 492
492 493
43 24
24 25
27 26
48 27
76 20
22 21
76 22
22 23
27 28
30 29
406 407
433 406
406 405
403 404
413 403
403 402
400 401
443 400
630 629
441 409
409 408
629 628
375 379
375 378
368 371
368 370
443 373
373 372
450 375
375 374
375 377
375 376
617 618
392 393
460 392
89 88
125 89
398 397
395 396
441 395
395 394
83 82
102 83
76 80
76 81
89 86
86 87
83 84
86 85
14 7
636 601
636 607
585 586
588 587
585 584
592 585
581 582
597 583
581 580
583 581
592 588
590 589
318 245
245 244
245 247
245 246
242 241
235 240
242 243
279 242
613 615
245 249
245 248
520 519
515 518
509 511
509 510
509 513
509 512
567 515
515 514
515 517
515 516
494 458
458 459
622 621
626 620
626 627
630 626
624 625
630 624
515 450
450 451
453 452
476 453
453 454
470 455
457 456
470 457
184 179
179 178
179 177
175 176
179 175
175 174
171 173
171 172
177 171
171 170
655 656
664 657
653 654
251 253
211 182
184 183
179 180
182 181
184 186
184 187
189 184
184 185
653 652
189 188
204 189
657 658
655 653
648 650
655 651
12 11
9 10
12 13
52 12
14 15
55 14
24 17
17 16
20 19
17 18
660 659
130 62
320 322
320 323
341 320
320 321
325 326
328 327
325 324
338 325
341 328
328 329
202 201
199 200
202 203
230 202
204 205
245 204
208 207
204 206
208 209
251 208
76 77
102 76
76 75
73 74
86 73
73 72
68 71
68 70
657 655
76 79
76 78
1 2
669 668
666 667
669 666
666 665
666 664
664 663
666 662
660 661
662 660
540 542
544 543
544 540
540 541
557 546
546 547
552 544
546 545
7 8
546 548
546 549
89 68
597 598
121 120
124 121
121 122
121 123
130 124
136 125
127 126
128 127
138 128
130 129
413 414
413 415
417 416
420 417
409 410
421 411
411 412
420 413
499 498
417 418
420 419
520 499
320 319
359 318
310 313
310 312
310 311
359 310
318 317
310 316
310 315
310 314
506 496
496 497
4 3
386 368
368 369
373 366
366 367
359 364
366 365
359 362
359 363
359 360
359 361
375 380
375 381
375 382
384 383
406 384
384 385
406 386
386 387
389 388
441 389
604 605
583 579
579 578
636 604
576 573
573 572
569 571
569 570
576 577
579 576
576 575
573 574
55 60
62 61
279 258
258 259
62 64
66 65
76 66
66 67
251 252
68 69
251 250
255 251
257 256
258 257
251 254
258 255
604 603
601 602
507 508
520 509
520 506
515 507
503 504
503 505
501 502
520 503
499 500
503 501
631 630
634 631
631 632
634 633
468 469
470 468
662 636
636 637
464 465
474 464
468 467
464 466
460 461
474 460
470 463
463 462
166 168
166 169
177 164
164 165
179 166
166 167
161 160
177 161
161 162
161 163
597 600
76 9
646 647
651 646
648 649
651 648
353 357
353 356
353 355
353 354
359 353
353 352
350 351
375 350
375 359
353 358
217 216
258 217
213 214
213 215
213 212
227 213
211 210
223 211
217 218
220 219
320 289
289 288
43 4
294 281
281 280
298 283
281 282
286 285
283 284
286 287
320 286
258 263
258 262
258 261
258 260
268 267
258 266
258 265
258 264
268 269
336 268
55 59
55 58
68 55
52 54
55 57
55 56
68 51
48 50
52 53
68 52
557 537
537 536
534 535
62 63
534 533
531 532
546 531
531 530
540 539
537 538
116 115
113 114
116 117
127 116
113 111
111 110
142 113
111 112
130 119
119 118
476 429
429 428
544 534
470 421
460 420
421 423
421 422
421 425
421 424
421 427
421 426
307 308
310 309
301 300
359 301
301 302
304 303
320 304
304 305
307 306
338 307
569 568
576 569
561 560
639 561
561 562
639 563
563 564
563 565
563 566
576 567
228 229
230 228
230 227
227 226
258 225
225 224
255 223
223 222
220 221
228 220
392 391
389 390
152 151
149 150
154 153
157 152
154 155
157 154
166 157
154 156
157 159
157 158
607 609
607 608
666 634
400 399
636 635
438 398
51 48
48 49
43 46
43 47
43 44
43 45
62 42
90 43
39 40
42 41
639 638
4 5
666 639
520 489
494 488
488 487
485 486
520 485
485 484
482 483
488 482
482 481
476 480
470 472
470 473
489 470
470 471
488 476
476 477
501 474
476 475
476 478
476 479
