483
712
0
668 2
661 4
665 6
652 9
656 11
650 16
614 19
615 20
612 21
649 22
654 23
658 25
645 27
647 28
659 30
667 33
640 39
642 40
643 41
644 43
536 50
538 51
549 57
530 60
532 61
547 62
546 54
550 65
545 66
548 67
543 71
551 72
542 74
541 76
539 77
535 79
533 80
556 82
553 84
555 85
566 86
559 89
564 90
565 91
638 92
641 93
560 95
562 96
606 101
635 103
602 105
601 104
610 110
637 112
609 113
608 115
611 116
607 98
605 119
603 120
663 122
633 124
632 126
628 129
621 131
623 132
625 136
618 138
616 139
627 140
619 142
599 144
591 147
589 148
596 150
598 153
600 154
593 156
588 158
587 160
594 162
586 165
584 166
582 169
580 170
578 172
574 175
572 176
577 179
575 180
568 183
571 185
570 186
504 188
524 191
497 194
495 195
506 190
512 200
526 198
461 203
465 206
464 207
466 209
399 214
401 215
446 216
393 220
391 221
444 223
445 224
372 226
365 228
367 229
419 231
416 234
418 235
402 238
404 239
414 241
415 242
511 247
509 246
505 252
510 253
513 254
502 255
521 259
518 262
522 263
529 260
525 266
528 267
520 189
500 271
498 272
484 275
486 276
527 278
523 281
519 282
490 284
472 290
473 291
463 293
471 294
456 297
457 296
439 301
437 303
397 305
337 308
267 310
269 309
335 315
333 317
345 318
327 320
329 321
343 324
346 325
340 329
338 327
324 334
326 335
284 338
299 339
271 336
270 342
339 343
308 346
306 347
344 350
342 351
319 353
323 357
290 360
322 361
274 364
273 366
272 363
291 370
292 371
288 373
277 376
276 375
275 378
321 381
305 383
303 384
285 386
287 387
320 352
440 391
388 393
390 394
408 397
410 398
442 400
394 402
396 403
422 409
426 410
412 413
411 412
423 415
424 417
425 418
427 420
462 421
469 423
467 424
447 428
449 429
508 433
517 435
514 437
516 438
493 440
491 441
431 448
428 449
429 445
430 451
477 452
478 455
480 456
475 459
479 460
434 466
436 467
383 471
407 473
385 474
405 475
387 477
369 479
370 481
371 483
278 485
243 488
241 489
259 495
265 496
258 490
266 502
264 503
194 506
193 507
195 509
261 510
260 511
262 513
216 516
218 517
224 519
198 521
200 522
256 525
257 524
253 531
254 532
250 533
252 534
207 538
209 539
210 542
182 543
181 545
222 546
240 548
238 552
233 556
231 558
203 561
201 562
219 566
221 567
229 568
226 570
212 572
215 574
196 577
190 579
192 580
214 581
237 582
235 550
239 584
236 585
263 586
432 587
435 588
454 590
452 591
487 594
458 595
459 597
481 599
483 600
451 602
377 604
381 606
380 610
374 611
376 613
382 614
379 617
351 619
349 620
352 623
361 622
360 627
332 629
330 630
363 634
362 635
300 638
302 639
378 640
347 644
348 643
357 649
356 650
353 646
354 654
358 655
355 656
317 659
364 660
311 664
315 665
313 668
293 673
295 674
297 676
282 678
280 679
294 669
296 681
309 684
316 685
312 687
314 688
244 691
246 693
248 695
247 696
249 698
205 700
206 702
188 704
183 708
185 709
187 711
186 712
169 717
168 718
167 719
178 722
176 724
174 723
180 726
164 728
165 730
173 733
172 735
170 736
162 739
163 740
160 742
147 745
145 746
156 752
155 753
150 755
148 757
158 758
153 759
137 762
108 765
109 764
88 767
53 775
54 777
11 779
13 780
50 783
49 785
26 787
28 788
35 790
37 791
34 794
32 795
60 797
58 800
59 801
56 804
6 807
8 808
15 809
57 810
70 812
71 813
69 814
85 817
74 820
72 821
87 822
89 769
143 824
151 828
114 830
110 832
112 833
105 835
107 836
159 838
131 840
82 846
103 849
104 850
75 853
81 856
78 857
77 860
67 862
80 864
65 865
23 869
19 871
20 870
21 873
79 875
9 876
10 878
84 879
118 882
97 885
99 887
100 888
101 889
96 892
94 893
134 894
129 896
135 898
64 900
29 904
31 905
42 906
41 908
61 910
63 911
133 913
92 917
38 918
40 920
123 923
122 924
120 925
141 926
132 928
139 930
126 933
117 935
115 936
91 938
43 939
44 944
45 946
46 947
47 949
5 951
3 952
16 955
17 954
18 958
24 953
25 962
2 964
0 965
0 2
0 3
3 4
3 6
3 7
7 8
8 9
8 10
10 11
10 13
13 14
14 15
15 16
15 17
17 18
18 19
18 20
17 21
14 22
13 23
10 25
10 26
26 27
26 28
7 30
7 31
31 32
32 33
32 34
34 38
38 39
38 40
34 41
34 43
34 44
44 45
45 46
46 47
47 49
49 50
49 51
47 52
52 53
53 54
54 57
54 58
58 59
59 60
59 61
58 62
54 64
64 65
64 66
53 67
52 68
68 69
69 70
70 71
70 72
69 73
73 74
73 76
73 77
68 78
78 79
78 80
47 81
81 82
81 83
83 84
83 85
46 86
45 88
88 89
88 90
45 91
44 92
34 93
34 94
94 95
94 96
31 97
97 98
98 101
98 102
102 103
102 104
104 105
98 110
110 112
98 113
98 115
98 116
98 118
118 119
118 120
97 121
121 122
121 123
123 124
123 125
125 126
125 127
127 128
128 129
128 130
130 131
130 132
127 133
133 134
134 135
135 136
135 137
137 138
137 139
134 140
133 141
141 142
141 143
143 144
143 146
146 147
146 148
143 149
149 150
149 152
152 153
152 154
149 155
155 156
155 158
155 159
159 160
159 161
161 162
161 163
163 164
164 165
164 166
163 167
167 168
168 169
168 170
167 171
171 172
171 173
173 175
173 176
173 177
177 179
177 180
177 182
182 183
182 185
182 186
177 187
187 188
187 189
189 190
190 191
190 193
193 194
193 195
189 198
198 200
198 202
202 203
202 204
204 205
205 206
205 207
207 209
204 211
211 213
213 214
213 215
211 216
211 218
218 219
219 220
219 221
218 223
218 224
211 225
225 226
225 227
227 228
227 229
204 230
230 231
230 233
233 234
233 235
230 236
236 237
237 238
237 239
236 241
236 242
189 246
246 247
246 251
251 252
251 253
246 254
189 255
189 259
189 260
260 261
261 262
261 263
189 266
189 267
189 270
270 271
270 272
189 274
274 275
274 276
189 277
277 278
277 281
277 282
277 284
277 286
286 290
286 291
286 293
286 294
286 296
296 297
286 299
299 300
300 301
300 303
300 304
304 305
304 306
306 307
307 308
307 309
309 310
306 314
314 315
314 317
314 318
306 319
319 320
319 321
306 324
306 325
306 327
327 329
327 332
332 333
333 334
333 335
332 336
336 337
337 338
337 339
336 342
327 343
306 344
344 345
345 346
345 347
344 349
349 350
349 351
344 352
352 353
352 357
352 358
358 359
359 360
359 361
358 363
363 364
363 366
358 370
358 371
358 373
358 374
374 375
375 376
374 378
352 380
380 381
380 382
382 383
382 384
352 385
385 386
385 387
299 389
389 390
390 391
390 392
392 393
392 394
389 396
396 397
396 398
389 400
389 401
401 402
401 403
286 405
405 409
405 410
405 412
412 413
405 415
405 417
405 418
405 419
419 420
419 421
286 422
422 423
422 424
277 425
425 426
426 427
427 428
427 429
426 431
431 432
432 433
432 434
434 435
434 437
434 438
431 440
431 441
426 442
442 443
443 445
445 448
445 449
445 451
443 452
443 455
443 456
443 459
443 460
443 462
462 466
462 467
462 468
468 470
470 471
470 473
470 474
468 475
468 476
476 477
476 478
478 479
478 481
478 482
482 483
482 484
484 485
484 486
486 487
487 488
487 489
486 490
490 495
490 496
490 500
500 501
501 502
501 503
500 505
505 506
505 507
507 509
500 510
490 511
490 513
490 514
514 515
515 516
515 517
514 518
518 519
518 520
520 521
520 522
490 524
524 525
490 527
527 528
528 530
530 531
530 532
528 533
528 534
527 536
536 537
537 538
537 539
536 540
540 541
541 542
541 543
543 545
540 546
527 547
547 548
547 550
550 552
550 555
555 556
555 557
557 558
557 559
559 560
560 561
560 562
559 564
564 565
565 566
565 567
564 568
559 569
569 570
569 571
571 572
571 574
571 576
576 577
576 578
578 579
578 580
571 581
550 582
550 584
547 585
490 586
462 587
462 588
443 589
589 590
589 591
442 594
442 595
595 597
442 598
598 599
598 600
425 601
601 602
601 603
603 604
603 605
605 606
605 610
605 611
605 613
605 614
605 617
605 618
618 619
618 620
605 621
621 622
622 623
621 627
621 628
628 629
628 630
621 634
621 635
621 637
637 638
637 639
621 640
621 643
643 644
621 646
646 649
646 650
646 654
646 655
646 656
621 658
658 659
658 660
621 661
661 662
662 664
662 665
662 668
662 669
669 673
669 674
669 676
669 677
677 678
677 679
669 681
662 684
662 685
662 687
662 688
661 689
689 690
690 691
690 693
690 695
690 696
689 698
689 699
699 700
699 702
699 703
703 704
703 705
705 708
705 709
705 711
705 712
705 713
713 715
715 716
716 717
716 718
715 719
713 721
721 722
721 723
723 724
713 726
713 727
727 728
728 730
727 732
732 733
732 735
732 736
727 738
738 739
738 740
727 741
741 742
741 744
744 745
744 746
741 747
747 748
748 752
748 753
748 755
748 756
756 757
756 758
748 759
748 760
760 761
761 762
761 763
763 764
764 765
763 767
767 769
769 770
770 774
774 775
774 777
774 778
778 779
778 780
770 781
781 782
782 783
782 785
782 786
786 787
786 788
781 789
789 790
789 791
770 793
793 794
793 795
770 796
796 797
796 800
796 801
796 803
803 804
803 805
805 806
806 807
806 808
805 809
796 810
770 811
811 812
811 813
770 814
769 816
816 817
816 819
819 820
819 821
816 822
760 824
747 825
825 826
826 827
827 828
827 829
829 830
829 831
831 832
831 833
826 834
834 835
834 836
825 837
837 838
837 839
839 840
839 844
844 845
845 846
845 849
845 850
845 852
852 853
852 856
852 857
852 860
852 862
852 863
863 864
863 865
852 868
868 869
868 870
870 871
852 873
852 875
852 876
876 878
845 879
844 882
844 883
883 885
883 887
883 888
883 889
844 891
891 892
891 893
844 894
839 896
839 897
897 898
897 899
899 900
899 903
903 904
903 905
899 906
906 908
899 910
899 911
839 913
839 914
914 915
915 916
916 917
916 918
918 920
915 922
922 923
922 924
915 925
914 926
839 928
839 929
929 930
929 932
932 933
932 934
934 935
934 936
929 937
937 938
937 939
939 944
944 946
939 947
939 948
948 949
948 950
950 951
950 952
939 953
953 954
954 955
954 958
953 962
953 963
963 964
963 965
