96
191
0
114 6
109 9
107 10
99 13
102 14
101 15
111 17
103 21
106 22
105 23
98 25
96 26
116 27
89 30
91 31
133 33
118 35
120 36
1 50
0 51
11 52
10 53
8 54
19 57
12 58
17 62
13 63
16 64
15 66
14 68
18 69
28 73
4 76
2 77
29 79
26 80
39 82
42 84
40 86
41 87
22 91
20 92
25 95
23 96
30 97
45 99
46 100
36 103
38 104
34 106
5 109
7 110
32 111
57 115
58 116
49 118
56 121
55 122
47 124
48 125
52 127
50 128
59 130
61 131
63 132
70 135
69 138
74 140
66 142
71 144
73 145
67 146
75 147
125 151
88 152
121 154
123 157
126 158
124 160
127 161
94 163
86 167
77 168
84 169
81 171
82 173
83 176
79 177
80 178
134 181
136 182
92 185
128 187
93 189
130 190
131 191
0 1
1 2
2 3
3 4
4 5
5 6
5 7
7 8
8 9
8 10
7 11
11 12
12 13
12 14
11 15
4 16
16 17
16 18
18 19
19 20
20 21
20 22
19 23
18 24
24 25
24 26
3 27
2 28
28 29
29 30
29 31
28 32
32 33
32 34
34 35
34 36
1 37
37 38
38 39
39 40
40 41
41 42
42 43
43 44
44 45
45 46
46 47
47 48
48 49
49 50
49 51
48 52
47 53
46 54
45 55
55 56
56 57
56 58
55 59
59 60
60 61
61 62
61 63
60 64
59 65
65 66
65 67
67 68
67 69
44 70
70 71
71 72
72 73
72 74
74 75
75 76
75 77
74 78
78 79
78 80
71 81
81 82
81 83
83 84
83 85
85 86
85 87
70 88
88 89
89 90
90 91
90 92
89 93
93 94
94 95
94 96
93 97
88 98
98 99
98 100
43 101
101 102
102 103
102 104
101 105
105 106
105 107
107 108
108 109
108 110
107 111
42 112
112 113
113 114
114 115
114 116
113 117
117 118
117 119
119 120
120 121
120 122
119 123
123 124
123 125
112 126
126 127
126 128
41 129
129 130
129 131
40 132
39 133
133 134
134 135
134 136
136 137
137 138
137 139
139 140
139 141
141 142
141 143
143 144
143 145
136 146
133 147
38 148
148 149
149 150
150 151
150 152
149 153
153 154
153 155
155 156
156 157
156 158
155 159
159 160
159 161
148 162
162 163
162 164
164 165
165 166
166 167
166 168
165 169
164 170
170 171
170 172
172 173
172 174
174 175
175 176
175 177
174 178
37 179
179 180
180 181
180 182
179 183
183 184
184 185
184 186
186 187
186 188
188 189
188 190
183 191
