96
168
0
131 3
128 5
92 8
127 11
124 12
125 14
121 15
88 16
94 18
66 21
63 23
56 27
28 33
29 35
26 36
4 38
2 39
40 41
42 42
41 43
39 44
38 46
36 47
34 49
32 51
7 53
5 54
19 56
17 57
15 58
13 59
12 60
10 63
0 65
11 67
1 68
16 70
8 71
18 73
14 74
30 76
23 78
25 80
22 82
20 83
46 85
45 86
52 88
50 89
58 91
57 92
48 94
47 95
55 97
49 98
61 100
59 101
67 103
69 106
74 108
73 109
71 110
75 112
70 113
84 115
83 118
82 120
81 121
80 122
79 123
86 125
77 126
126 128
123 129
136 131
134 132
130 134
93 135
116 139
114 142
101 145
102 147
99 148
109 150
107 151
111 153
106 155
105 156
103 157
98 159
96 160
133 162
120 164
118 165
91 167
89 168
0 1
1 2
2 3
2 4
4 5
4 6
6 7
7 8
7 9
9 10
10 11
10 12
10 13
13 14
13 15
13 16
13 17
17 18
17 19
19 20
20 21
20 22
22 23
22 24
24 25
25 26
26 27
26 28
28 29
29 30
30 31
31 32
32 33
32 34
34 35
34 36
32 37
37 38
37 39
31 40
40 41
40 42
40 43
40 44
30 45
45 46
45 47
45 48
48 49
48 50
50 51
50 52
52 53
52 54
29 55
55 56
55 57
55 58
55 59
55 60
55 61
61 62
62 63
62 64
64 65
64 66
66 67
66 68
61 69
69 70
69 71
55 72
72 73
72 74
29 75
75 76
75 77
77 78
77 79
79 80
79 81
81 82
81 83
29 84
84 85
84 86
28 87
87 88
87 89
26 90
90 91
90 92
26 93
93 94
93 95
25 96
96 97
96 98
24 99
99 100
99 101
19 102
102 103
102 104
104 105
105 106
105 107
107 108
107 109
107 110
104 111
111 112
111 113
17 114
114 115
114 116
116 117
117 118
117 119
119 120
119 121
119 122
119 123
116 124
124 125
124 126
10 127
127 128
127 129
9 130
130 131
130 132
6 133
133 134
133 135
1 136
136 137
137 138
138 139
138 140
140 141
141 142
141 143
143 144
144 145
144 146
146 147
146 148
143 149
149 150
149 151
140 152
152 153
152 154
154 155
154 156
154 157
152 158
158 159
158 160
137 161
161 162
161 163
163 164
163 165
136 166
166 167
166 168
