96
191
0
55 17
49 18
56 20
48 22
47 23
52 26
50 27
46 32
45 33
19 38
13 39
16 42
8 43
15 44
18 47
14 48
0 51
1 53
11 54
10 55
17 57
12 58
30 60
25 63
23 64
22 66
20 67
40 73
42 74
39 75
41 76
29 80
26 81
28 82
4 84
2 85
34 87
38 90
36 91
32 93
7 95
5 96
58 97
57 98
61 100
59 101
63 102
66 103
75 104
67 105
74 110
71 111
73 112
69 113
70 114
94 116
86 124
83 125
79 126
82 127
81 128
80 129
84 130
77 131
127 137
126 139
123 140
124 141
125 142
121 143
88 144
136 146
134 147
131 149
130 153
93 154
128 155
92 156
118 161
120 162
133 163
116 165
114 168
109 171
107 172
102 175
99 176
101 177
111 179
106 182
105 184
103 185
98 187
96 188
91 190
89 191
0 1
1 2
2 3
3 4
4 5
5 6
6 7
7 8
8 9
9 10
10 11
11 12
12 13
13 14
14 15
15 16
16 17
16 18
15 19
19 20
19 21
21 22
21 23
14 24
24 25
25 26
25 27
24 28
28 29
29 30
30 31
31 32
31 33
30 34
34 35
35 36
36 37
37 38
37 39
36 40
40 41
41 42
41 43
40 44
35 45
45 46
46 47
46 48
45 49
49 50
50 51
50 52
52 53
52 54
49 55
34 56
56 57
56 58
29 59
59 60
59 61
61 62
62 63
62 64
61 65
65 66
65 67
28 68
68 69
69 70
70 71
71 72
72 73
72 74
71 75
70 76
69 77
77 78
78 79
79 80
79 81
78 82
77 83
83 84
83 85
68 86
86 87
86 88
88 89
89 90
89 91
88 92
92 93
92 94
94 95
94 96
13 97
12 98
11 99
99 100
99 101
10 102
9 103
8 104
7 105
6 106
106 107
107 108
108 109
109 110
109 111
108 112
107 113
106 114
5 115
115 116
115 117
117 118
118 119
119 120
120 121
121 122
122 123
123 124
123 125
122 126
121 127
120 128
119 129
118 130
117 131
4 132
132 133
133 134
134 135
135 136
136 137
136 138
138 139
138 140
135 141
134 142
133 143
132 144
3 145
145 146
145 147
2 148
148 149
148 150
150 151
151 152
152 153
152 154
151 155
150 156
1 157
157 158
158 159
159 160
160 161
160 162
159 163
158 164
164 165
164 166
166 167
167 168
167 169
169 170
170 171
170 172
169 173
173 174
174 175
174 176
173 177
166 178
178 179
178 180
180 181
181 182
181 183
183 184
183 185
180 186
186 187
186 188
157 189
189 190
189 191
