96
96
96
0 0
1 1
2 2
4 3
5 4
7 5
8 6
10 7
11 8
12 9
14 10
13 11
15 12
16 13
17 14
18 15
19 16
20 17
22 18
23 19
25 20
26 21
28 22
29 23
30 24
32 25
34 26
36 27
38 28
39 29
41 30
42 31
40 32
45 33
46 34
47 35
48 36
49 37
50 38
52 39
55 40
56 41
57 42
58 43
59 44
61 45
63 46
66 47
67 48
69 49
70 50
71 51
73 52
74 53
75 54
77 55
79 56
80 57
81 58
82 59
83 60
84 61
86 62
88 63
89 64
91 65
92 66
93 67
94 68
96 69
98 70
99 71
101 72
102 73
103 74
105 75
106 76
107 77
109 78
111 79
114 80
116 81
118 82
120 83
121 84
123 85
124 86
125 87
126 88
127 89
128 90
130 91
131 92
133 93
134 94
136 95
96 93
93 83
83 82
93 81
81 80
80 74
74 76
74 70
70 69
70 79
74 75
80 78
78 77
77 73
73 71
73 72
93 64
64 65
81 66
66 67
66 90
66 91
66 92
66 94
66 85
85 86
85 88
85 89
85 63
63 87
63 62
62 56
56 59
62 55
56 58
62 61
56 57
59 68
62 60
63 84
63 50
50 49
49 51
51 47
51 52
50 48
51 53
50 54
66 95
47 35
35 36
35 40
35 41
35 34
34 33
34 11
11 15
11 12
15 10
11 0
0 1
11 7
11 13
11 14
11 9
11 16
0 8
11 6
34 19
19 18
19 20
18 17
35 42
19 2
2 3
2 22
22 23
22 32
32 29
32 30
32 31
23 21
35 43
19 24
35 28
28 26
26 25
25 4
4 5
28 27
35 38
35 37
35 39
35 45
45 44
19 46
