96
140
140
133 133
131 131
130 130
136 136
134 134
25 25
26 26
20 20
22 22
23 23
28 28
29 29
0 0
4 4
8 8
120 120
121 121
123 123
124 124
125 125
126 126
127 127
128 128
59 59
58 58
55 55
57 57
56 56
50 50
52 52
114 114
88 88
116 116
111 111
82 82
83 83
80 80
81 81
86 86
118 118
84 84
7 7
109 109
102 102
103 103
101 101
106 106
107 107
105 105
39 39
38 38
32 32
30 30
36 36
34 34
61 61
63 63
66 66
67 67
69 69
2 2
99 99
98 98
91 91
93 93
92 92
94 94
96 96
11 11
10 10
13 13
12 12
15 15
14 14
17 17
16 16
19 19
18 18
89 89
48 48
49 49
46 46
47 47
45 45
42 42
40 40
41 41
1 1
5 5
77 77
75 75
74 74
73 73
71 71
70 70
79 79
132 133
138 132
129 131
129 130
139 137
135 136
137 135
135 134
140 139
139 138
31 24
24 25
27 26
43 27
21 20
31 21
21 22
24 23
27 28
27 29
9 0
3 4
9 8
122 87
132 119
119 120
122 121
137 122
122 123
122 124
122 125
122 126
122 127
129 128
137 129
60 59
54 58
54 55
62 54
54 57
54 56
53 51
51 50
54 53
51 52
117 115
113 114
87 88
90 89
110 111
115 110
115 113
113 112
78 82
78 83
78 80
78 81
85 86
119 118
85 84
95 85
27 3
6 7
112 108
108 109
100 102
104 103
112 100
100 101
104 106
108 107
110 104
104 105
40 39
37 38
35 33
33 32
44 31
31 30
54 37
37 36
37 35
35 34
64 60
60 61
64 62
62 63
65 64
72 65
65 66
68 67
76 68
68 69
3 2
33 6
100 99
97 98
90 91
138 90
92 93
129 92
122 95
95 94
110 97
97 96
9 11
9 10
44 13
13 12
13 15
13 14
13 17
13 16
13 19
13 18
132 117
117 116
47 48
47 49
44 46
54 47
53 44
44 45
40 42
44 43
43 40
40 41
0 1
6 5
13 9
78 77
87 76
76 75
72 74
72 73
76 72
72 71
68 70
78 79
85 78
