97
139
139
133 133
131 131
130 130
136 136
24 24
25 25
27 27
20 20
22 22
23 23
28 28
0 0
4 4
120 120
121 121
122 122
123 123
124 124
125 125
126 126
127 127
128 128
55 55
54 54
57 57
56 56
51 51
50 50
53 53
52 52
114 114
117 117
116 116
111 111
113 113
112 112
82 82
83 83
80 80
81 81
86 86
118 118
84 84
85 85
3 3
7 7
109 109
102 102
100 100
106 106
107 107
104 104
39 39
32 32
31 31
30 30
37 37
35 35
34 34
60 60
61 61
62 62
63 63
64 64
65 65
67 67
68 68
69 69
2 2
6 6
99 99
91 91
92 92
95 95
94 94
97 97
11 11
13 13
14 14
16 16
19 19
18 18
88 88
89 89
48 48
47 47
45 45
43 43
41 41
1 1
9 9
77 77
75 75
74 74
72 72
71 71
78 78
134 133
135 132
132 131
129 130
138 137
135 136
137 135
138 134
139 138
21 24
26 25
49 26
26 27
17 20
46 21
21 22
21 23
29 28
40 29
8 0
5 4
15 8
134 119
132 120
120 121
120 122
120 123
120 124
120 125
120 126
120 127
129 128
137 129
116 118
64 59
59 58
49 55
49 54
58 57
49 56
49 51
49 50
49 53
49 52
119 115
110 114
87 88
90 89
110 111
116 110
110 113
110 112
80 82
80 83
120 80
80 81
87 86
116 87
80 84
80 85
2 3
8 7
115 108
108 109
101 102
110 103
101 100
116 101
105 106
108 107
103 104
116 105
38 39
44 38
40 33
33 32
29 31
29 30
38 37
42 36
36 35
33 34
59 60
62 61
120 62
64 63
120 64
66 65
80 66
66 67
66 68
70 69
10 2
5 6
98 99
115 98
90 91
96 90
105 93
93 92
96 95
93 94
98 97
103 96
12 11
21 10
12 13
21 12
21 15
15 14
36 17
17 16
17 19
17 18
116 117
119 116
46 48
58 49
49 46
46 47
49 44
46 45
46 42
44 43
49 40
42 41
0 1
49 5
10 9
76 77
120 76
76 75
73 74
79 73
73 72
70 71
120 70
120 79
79 78
