99
184
0
145 2
146 5
144 6
122 10
128 12
124 13
125 15
127 17
130 18
142 22
108 25
102 26
104 30
107 31
105 33
106 34
119 35
99 37
89 41
75 44
77 45
90 46
86 50
88 52
81 53
83 56
78 57
80 58
91 61
85 63
93 64
87 66
92 67
97 69
95 70
149 72
138 75
140 76
136 80
133 81
134 82
24 91
26 93
22 94
5 101
7 102
8 103
10 104
11 105
15 107
17 109
21 110
14 114
12 116
4 117
2 118
27 124
29 125
33 126
30 129
32 130
42 131
40 133
0 136
1 137
18 138
44 140
45 141
38 143
37 145
35 146
48 147
58 151
56 152
55 154
53 155
52 157
50 158
67 161
69 162
71 165
70 166
73 168
63 170
61 171
101 172
116 176
113 178
111 181
117 182
109 183
112 186
115 187
114 188
120 190
66 192
60 195
64 196
59 197
0 1
1 2
1 3
3 4
4 5
4 6
3 7
7 8
8 9
9 10
9 11
11 12
11 13
8 14
14 15
14 17
14 18
7 19
19 20
20 21
21 22
21 23
23 24
24 25
24 26
23 27
27 28
28 30
28 31
28 32
32 33
32 34
27 35
20 36
36 37
36 38
38 39
39 41
39 42
42 43
43 44
43 45
42 46
39 48
48 49
49 50
49 51
51 52
51 53
48 55
55 56
55 57
48 58
39 60
60 61
60 62
62 63
62 64
39 65
65 66
65 67
38 68
68 69
68 70
19 71
71 72
71 73
73 74
74 75
74 76
73 77
77 78
78 79
79 80
79 81
78 82
77 83
83 84
84 85
85 86
86 87
87 88
88 89
89 90
90 91
90 92
92 93
92 94
89 95
95 96
96 98
98 99
99 100
100 101
100 102
99 103
98 104
96 105
96 106
106 107
106 108
108 109
108 110
95 111
111 112
112 114
112 115
115 116
115 117
112 118
111 119
119 120
120 121
121 122
122 124
122 125
122 126
121 127
127 128
128 129
128 130
127 131
120 132
132 133
132 134
134 135
135 136
135 137
134 138
119 139
139 140
139 141
88 142
142 143
142 144
144 145
144 146
87 147
86 148
148 149
149 150
150 151
150 152
149 153
153 154
153 155
148 156
156 157
156 158
85 159
159 160
160 161
160 162
159 163
163 165
163 166
163 168
163 169
169 170
169 171
84 172
83 173
173 174
174 175
175 176
175 177
177 178
177 179
179 180
180 181
180 182
179 183
174 184
184 186
184 187
184 188
173 189
189 190
189 191
191 192
191 194
194 195
194 196
191 197
