95
172
0
146 3
145 5
144 8
128 10
127 13
125 14
130 16
124 18
122 19
142 22
119 24
107 26
104 27
102 29
108 30
106 32
105 34
99 36
95 39
97 40
80 42
89 44
91 46
86 48
81 50
88 51
93 54
85 55
83 57
78 58
87 61
92 62
90 64
77 66
75 67
149 69
140 72
138 73
134 76
136 78
133 79
66 84
64 86
59 87
115 89
112 90
113 91
116 92
117 93
111 94
114 95
109 96
101 98
73 100
69 102
67 103
71 105
61 107
63 108
56 110
58 112
55 114
53 115
50 117
52 118
48 120
38 123
35 124
37 125
26 128
22 130
24 131
45 133
44 135
14 137
2 139
4 141
12 142
15 145
17 147
21 148
11 150
8 151
10 152
7 154
5 155
33 158
29 160
27 161
42 163
32 165
30 166
40 168
18 170
1 172
0 1
1 2
2 3
2 4
4 5
4 6
6 7
7 8
7 9
9 10
9 11
11 12
12 13
12 14
11 15
15 16
15 17
17 18
17 19
6 20
20 21
21 22
21 23
23 24
23 25
25 26
25 27
25 28
28 29
28 30
25 31
31 32
31 33
33 34
33 35
35 36
35 37
37 38
38 39
38 40
37 41
41 42
41 43
43 44
43 45
45 46
45 47
47 48
47 49
49 50
49 51
43 52
52 53
53 54
53 55
52 56
56 57
56 58
43 59
59 60
60 61
60 62
59 63
63 64
63 65
65 66
65 67
20 68
68 69
68 70
70 71
71 72
71 73
70 74
74 75
75 76
75 77
77 78
77 79
74 80
80 81
81 82
82 83
83 84
83 85
85 86
85 87
81 88
88 89
88 90
88 91
88 92
88 93
88 94
88 95
88 96
80 97
97 98
97 99
99 100
99 101
101 102
101 103
99 104
104 105
99 106
106 107
106 108
99 109
109 110
109 111
111 112
111 113
113 114
113 115
111 116
116 117
116 118
116 119
119 120
119 121
121 122
122 123
122 124
122 125
121 126
126 127
127 128
127 129
129 130
129 131
126 132
132 133
132 134
134 135
134 136
136 137
136 138
138 139
138 140
140 141
140 142
132 143
143 144
144 145
144 146
146 147
146 148
144 149
149 150
149 151
149 152
149 153
153 154
153 155
143 156
156 157
157 158
157 159
159 160
159 161
156 162
162 163
162 164
164 165
164 166
156 167
167 168
167 169
169 170
169 171
171 172
