99
157
0
92 15
87 16
90 18
77 20
75 21
93 26
85 27
89 28
88 31
81 32
86 33
83 35
78 36
91 37
80 38
97 40
95 41
99 42
105 43
102 46
142 48
119 52
107 53
104 54
106 55
108 56
136 62
133 63
134 64
58 70
56 72
55 75
53 76
52 78
50 79
48 81
4 88
12 87
14 91
2 92
44 94
45 96
42 98
32 101
30 102
40 105
18 107
1 109
0 108
33 112
29 114
27 115
21 117
11 120
10 122
8 124
7 126
5 127
17 129
15 130
26 132
24 134
22 135
38 138
35 139
37 140
73 144
63 146
61 147
69 149
67 150
71 152
70 151
101 154
117 158
116 163
112 165
109 166
113 167
115 168
111 169
114 170
66 173
64 174
60 176
59 178
120 171
138 180
140 181
149 182
130 186
122 187
128 189
124 190
127 192
125 193
144 195
145 196
146 197
0 1
1 3
3 4
4 5
5 6
6 7
7 8
8 9
9 10
10 11
11 14
14 15
14 16
11 17
17 18
17 19
19 20
19 21
11 25
25 26
25 27
11 28
11 29
29 31
29 32
29 33
11 34
34 35
34 36
11 37
10 38
9 40
9 41
8 42
7 43
6 46
6 47
47 48
47 52
47 53
47 54
47 55
6 56
5 57
57 58
58 59
59 60
60 61
61 62
61 63
60 64
59 65
65 66
66 67
67 68
68 69
69 70
69 72
69 74
74 75
74 76
69 77
77 78
77 79
68 80
80 81
80 82
82 83
83 84
84 86
86 87
87 88
86 91
86 92
84 93
93 94
93 96
93 97
97 98
98 100
100 101
100 102
97 104
104 105
104 106
106 107
106 108
108 109
97 111
111 112
111 113
113 114
113 115
84 116
116 117
116 118
118 119
119 120
119 122
119 124
119 125
125 126
125 127
118 129
118 130
83 131
131 132
131 133
133 134
133 135
82 136
136 138
136 139
136 140
67 144
67 145
145 146
145 147
67 148
148 149
148 150
67 151
151 152
66 154
65 155
155 156
156 158
156 163
156 165
156 166
156 167
156 168
156 169
156 170
155 171
171 172
172 173
172 174
174 176
176 178
58 180
57 181
4 182
3 183
183 185
185 186
185 187
183 188
188 189
188 190
183 191
191 192
191 193
1 194
194 195
194 196
1 197
