99
99
99
0 0
1 1
2 2
4 3
5 4
7 5
8 6
10 7
11 8
12 9
14 10
15 11
17 12
18 13
21 14
22 15
24 16
26 17
27 18
29 19
30 20
32 21
33 22
35 23
37 24
38 25
40 26
42 27
44 28
45 29
48 30
50 31
52 32
53 33
55 34
56 35
58 36
59 37
60 38
61 39
63 40
64 41
66 42
67 43
69 44
70 45
71 46
73 47
75 48
77 49
78 50
80 51
81 52
83 53
85 54
86 55
87 56
88 57
89 58
90 59
91 60
92 61
93 62
95 63
97 64
99 65
101 66
102 67
104 68
105 69
106 70
107 71
108 72
109 73
111 74
112 75
113 76
114 77
115 78
116 79
117 80
119 81
120 82
122 83
124 84
125 85
127 86
128 87
130 88
133 89
134 90
136 91
138 92
140 93
142 94
144 95
145 96
146 97
149 98
99 96
99 95
99 97
96 67
67 72
67 70
67 81
67 68
67 71
67 94
70 69
99 93
93 92
99 98
69 65
65 52
52 57
52 48
48 49
48 61
48 50
50 51
48 59
50 53
51 60
52 55
52 62
48 54
48 58
49 56
52 63
63 64
99 86
86 85
86 87
87 84
86 88
84 83
67 45
45 46
45 47
45 44
44 43
45 66
66 82
82 41
41 38
38 37
45 39
39 40
40 35
35 31
31 32
31 34
34 33
31 36
82 74
74 79
79 73
79 75
79 76
79 78
79 80
79 77
38 42
31 30
30 23
23 25
23 24
25 27
27 21
27 26
26 13
13 0
0 1
27 7
7 5
5 4
7 6
7 11
7 8
5 12
7 14
27 18
18 19
27 22
27 29
21 20
14 9
9 3
3 2
9 10
11 16
16 15
15 17
27 28
82 90
66 89
90 91
