99
150
150
133 44
130 115
136 18
134 0
138 77
24 111
26 127
27 104
21 73
22 138
29 133
0 7
4 69
8 30
120 63
122 88
124 101
125 145
127 11
128 52
59 113
58 108
55 117
56 60
50 116
53 14
52 32
115 40
114 75
88 22
116 140
111 95
113 53
112 21
83 59
80 124
81 61
119 107
87 90
85 89
7 91
108 29
109 15
102 17
101 5
106 67
107 85
104 134
105 87
38 122
33 109
32 27
30 102
37 10
35 33
60 142
61 125
63 106
64 119
66 56
67 4
69 35
2 97
99 24
91 80
90 86
93 48
92 70
95 83
97 1
11 130
10 105
12 8
15 112
14 26
17 12
18 81
117 99
89 78
48 58
86 92
44 37
45 2
42 128
40 146
1 93
5 66
146 55
144 38
145 50
142 71
140 149
149 120
77 144
75 64
73 136
71 42
70 114
78 45
132 133
137 132
132 131
129 130
139 137
135 136
137 135
135 134
147 139
139 138
23 24
46 25
25 26
28 27
43 20
20 21
23 22
25 23
34 28
28 29
19 0
3 4
9 8
118 119
131 120
131 121
123 122
129 123
123 124
126 125
129 126
126 127
126 128
143 129
141 118
60 59
57 58
54 55
57 54
72 57
57 56
57 51
51 50
54 53
51 52
110 115
110 114
84 88
84 89
110 111
121 110
110 113
110 112
84 82
82 83
79 80
82 81
84 86
84 87
94 84
84 85
13 3
6 7
103 108
110 109
103 102
118 103
121 100
100 101
103 106
103 107
103 104
103 105
47 39
39 38
34 33
31 32
41 31
31 30
36 37
39 36
36 35
41 34
64 60
62 61
74 62
62 63
65 64
120 65
65 66
68 67
72 68
68 69
3 2
9 6
98 99
103 98
84 91
84 90
94 93
84 92
96 95
96 94
96 97
98 96
9 11
9 10
43 13
13 12
16 15
13 14
16 17
20 16
41 19
19 18
110 117
110 116
49 48
51 49
47 46
49 47
43 44
43 45
41 42
46 43
41 40
43 41
0 1
6 5
16 9
147 146
148 147
143 144
143 145
141 142
148 143
139 140
143 141
150 148
148 149
76 77
84 76
76 75
100 74
72 73
74 72
70 71
72 70
84 79
79 78
