99
150
150
133 56
130 27
136 136
134 102
138 93
24 134
26 64
27 44
21 95
22 52
29 144
0 14
4 40
8 105
120 30
122 78
124 73
125 104
127 130
128 146
59 107
58 10
55 109
56 80
50 122
53 0
52 24
115 81
114 124
88 4
116 18
111 12
113 7
112 15
83 91
80 17
81 117
119 59
87 85
85 35
7 119
108 2
109 127
102 120
101 90
106 42
107 142
104 92
105 32
38 67
33 108
32 101
30 86
37 61
35 11
60 29
61 99
63 138
64 114
66 111
67 5
69 106
2 115
99 87
91 89
90 125
93 97
92 116
95 63
97 71
11 140
10 77
12 21
15 60
14 149
17 133
18 58
117 88
89 8
48 70
86 112
44 53
45 48
42 128
40 50
1 26
5 75
146 38
144 113
145 69
142 37
140 66
149 22
77 33
75 45
73 145
71 1
70 83
78 55
132 133
137 132
132 131
129 130
139 137
135 136
137 135
135 134
147 139
139 138
23 24
46 25
25 26
28 27
43 20
20 21
23 22
25 23
34 28
28 29
19 0
3 4
9 8
118 119
131 120
131 121
123 122
129 123
123 124
126 125
129 126
126 127
126 128
143 129
141 118
60 59
57 58
54 55
57 54
72 57
57 56
57 51
51 50
54 53
51 52
110 115
110 114
84 88
84 89
110 111
121 110
110 113
110 112
84 82
82 83
79 80
82 81
84 86
84 87
94 84
84 85
13 3
6 7
103 108
110 109
103 102
118 103
121 100
100 101
103 106
103 107
103 104
103 105
47 39
39 38
34 33
31 32
41 31
31 30
36 37
39 36
36 35
41 34
64 60
62 61
74 62
62 63
65 64
120 65
65 66
68 67
72 68
68 69
3 2
9 6
98 99
103 98
84 91
84 90
94 93
84 92
96 95
96 94
96 97
98 96
9 11
9 10
43 13
13 12
16 15
13 14
16 17
20 16
41 19
19 18
110 117
110 116
49 48
51 49
47 46
49 47
43 44
43 45
41 42
46 43
41 40
43 41
0 1
6 5
16 9
147 146
148 147
143 144
143 145
141 142
148 143
139 140
143 141
150 148
148 149
76 77
84 76
76 75
100 74
72 73
74 72
70 71
72 70
84 79
79 78
