100
179
0
150 2
139 6
140 8
137 10
131 12
136 14
134 16
125 18
111 20
96 23
95 24
94 25
91 27
92 29
89 30
82 31
81 33
79 35
85 37
69 39
71 41
70 43
67 46
65 47
66 48
54 50
53 51
51 52
36 54
35 57
58 62
43 65
41 66
29 68
31 70
28 71
1 73
0 74
50 76
48 77
14 80
7 82
15 84
12 86
9 87
11 89
10 90
21 92
19 93
18 95
16 96
37 99
24 101
23 102
59 104
56 105
40 107
25 109
27 111
44 113
2 115
5 117
4 118
47 120
46 121
34 123
32 124
73 126
63 128
61 129
78 131
76 132
74 133
100 135
99 136
97 137
129 139
119 141
112 143
109 146
117 148
101 150
88 152
86 153
114 155
122 157
107 158
128 160
123 161
115 163
116 165
105 167
103 168
120 170
118 171
143 173
141 174
148 176
146 178
144 179
0 1
1 2
1 3
3 4
4 5
5 6
5 7
7 8
7 9
9 10
9 11
11 12
11 13
13 14
13 15
15 16
15 17
17 18
17 19
19 20
19 21
21 22
22 23
22 24
22 25
22 26
26 27
26 28
28 29
28 30
28 31
28 32
32 33
32 34
34 35
34 36
36 37
36 38
38 39
38 40
40 41
40 42
42 43
42 44
44 45
45 46
45 47
45 48
45 49
49 50
49 51
49 52
49 53
53 54
53 55
55 56
56 57
56 58
58 59
59 60
60 61
61 62
61 63
63 64
64 65
64 66
64 67
67 68
67 69
69 70
69 71
69 72
72 73
72 74
63 75
75 76
75 77
60 78
78 79
79 80
79 81
81 82
81 83
83 84
83 85
85 86
85 87
79 88
88 89
88 90
78 91
91 92
91 93
91 94
94 95
94 96
59 97
97 98
98 99
98 100
100 101
100 102
97 103
103 104
103 105
58 106
106 107
106 108
108 109
108 110
110 111
110 112
112 113
112 114
114 115
114 116
116 117
116 118
106 119
119 120
119 121
55 122
122 123
122 124
44 125
125 126
125 127
127 128
127 129
34 130
130 131
130 132
130 133
21 134
134 135
134 136
134 137
13 138
138 139
138 140
140 141
140 142
142 143
142 144
144 145
145 146
145 147
147 148
147 149
149 150
149 151
151 152
151 153
144 154
154 155
154 156
156 157
156 158
156 159
159 160
159 161
142 162
162 163
162 164
164 165
164 166
166 167
166 168
140 169
169 170
169 171
4 172
172 173
172 174
3 175
175 176
175 177
177 178
177 179
