94
173
0
150 3
148 6
146 8
144 9
141 12
143 13
139 15
137 18
140 19
131 21
136 23
129 25
119 27
120 29
112 31
115 33
116 35
103 37
114 39
107 42
122 43
128 45
123 46
109 48
117 50
101 52
88 54
86 55
134 57
125 59
111 61
99 64
97 65
100 66
95 68
96 69
94 70
91 72
82 74
92 75
89 76
81 78
79 80
76 82
78 83
74 84
85 86
69 88
70 90
67 92
66 93
73 95
63 97
61 98
54 100
51 102
53 103
35 105
36 108
32 109
71 111
48 115
50 116
43 118
41 119
29 121
31 123
1 125
0 126
46 129
47 130
40 132
25 134
27 137
44 138
2 140
4 142
5 143
58 146
21 148
19 149
18 151
16 152
59 155
56 156
37 159
23 161
7 163
15 165
12 167
9 168
14 170
11 172
10 173
0 1
1 2
2 3
2 4
4 5
5 6
5 7
7 8
7 9
4 10
10 11
11 12
11 13
10 14
14 15
14 16
16 17
17 18
17 19
16 20
20 21
20 22
22 23
22 24
24 25
24 26
26 27
26 28
28 29
26 30
30 31
30 32
32 33
32 34
34 35
34 36
36 37
30 38
38 39
38 40
40 41
41 42
41 43
41 44
44 45
44 46
40 47
47 48
47 49
49 50
49 51
51 52
51 53
53 54
53 55
22 56
56 57
56 58
58 59
58 60
60 61
60 62
62 63
63 64
63 65
63 66
62 67
67 68
67 69
67 70
67 71
71 72
71 73
73 74
73 75
73 76
73 77
77 78
77 79
79 80
79 81
81 82
81 83
81 84
67 85
85 86
85 87
87 88
87 89
89 90
89 91
91 92
91 93
91 94
94 95
94 96
96 97
96 98
94 99
99 100
99 101
101 102
101 103
99 104
104 105
104 106
106 107
107 108
107 109
89 110
110 111
110 112
112 113
113 114
114 115
114 116
113 117
117 118
117 119
117 120
120 121
120 122
122 123
122 124
124 125
124 126
112 127
127 128
128 129
128 130
128 131
131 132
131 133
133 134
133 135
135 136
136 137
136 138
135 139
139 140
139 141
141 142
141 143
127 144
144 145
145 146
145 147
147 148
147 149
147 150
150 151
150 152
144 153
153 154
154 155
154 156
153 157
157 158
158 159
158 160
160 161
157 162
162 163
162 164
164 165
164 166
166 167
166 168
162 169
169 170
169 171
171 172
171 173
