100
167
1
28 17
1 19
43 21
15 24
24 26
65 31
69 36
129 48
105 53
116 57
0 79
2 80
4 81
5 82
7 83
9 84
10 85
11 86
12 87
14 88
16 89
18 90
19 91
21 92
23 93
25 94
27 95
29 96
31 97
32 98
34 99
35 100
36 101
37 102
40 103
41 104
44 105
46 106
47 107
48 108
50 109
51 110
53 111
54 112
56 113
58 114
59 115
61 116
63 117
66 118
67 119
70 120
71 121
73 122
74 123
76 124
78 125
79 126
81 127
82 128
85 129
86 130
88 131
89 132
91 133
92 134
94 135
95 136
96 137
97 138
99 139
100 140
101 141
103 142
107 143
109 144
111 145
112 146
114 147
115 148
117 149
118 150
119 151
120 152
122 153
123 154
125 155
128 156
131 157
134 158
136 159
137 160
139 161
140 162
141 163
143 164
144 165
146 166
148 167
150 168
1 2
2 3
3 4
4 5
4 6
6 7
6 8
8 9
4 10
3 11
11 12
11 13
11 14
14 15
11 16
16 17
17 18
17 19
16 20
16 21
11 22
22 23
23 24
11 25
25 26
11 27
27 28
27 29
29 30
29 31
31 32
31 33
33 34
29 35
29 36
3 37
2 38
2 39
39 40
40 41
40 42
40 43
39 44
39 45
45 46
46 47
47 48
47 49
47 50
50 51
51 52
52 53
53 54
52 55
52 56
51 57
50 58
58 59
58 60
60 61
61 62
62 63
63 64
64 65
65 66
65 67
62 68
62 69
69 70
60 71
58 72
50 73
46 74
74 75
75 76
45 77
39 78
19 79
8 80
9 81
8 82
23 83
23 84
22 85
22 86
13 87
22 88
15 89
15 90
15 91
15 92
26 93
6 94
7 95
17 96
18 97
34 98
34 99
5 100
34 101
25 102
12 103
20 104
4 105
10 106
10 107
37 108
37 109
33 110
33 111
33 112
28 113
14 114
27 115
30 116
30 117
31 118
31 119
29 120
35 121
32 122
42 123
42 124
42 125
38 126
40 127
40 128
44 129
49 130
49 131
40 132
78 133
41 134
39 135
39 136
39 137
77 138
43 139
77 140
56 141
54 142
58 143
51 144
74 145
51 146
51 147
51 148
55 149
50 150
50 151
47 152
72 153
58 154
75 155
59 156
61 157
71 158
73 159
70 160
68 161
69 162
63 163
76 164
67 165
67 166
66 167
64 168
