100
152
152
131 51
137 100
136 19
134 99
139 139
24 146
25 69
27 43
21 91
23 11
28 109
29 85
0 94
4 14
119 48
120 25
122 116
123 40
125 65
128 129
129 117
59 46
58 23
54 9
56 2
51 125
50 50
53 95
115 103
114 79
88 71
116 53
111 67
112 7
82 70
81 128
86 34
118 134
85 144
7 118
109 148
103 66
100 111
101 143
107 54
105 137
32 59
31 24
37 41
36 123
35 120
34 114
61 81
63 1
65 10
66 131
67 74
69 97
2 16
99 150
91 4
92 29
95 44
94 140
97 37
96 31
11 122
10 86
12 0
15 101
14 96
16 15
19 58
18 47
117 32
89 36
150 61
48 82
46 78
47 18
44 119
43 56
40 27
41 136
1 12
5 112
9 5
146 115
144 89
143 73
140 107
141 92
148 141
76 35
74 21
73 63
71 105
70 28
79 88
78 76
135 133
135 132
132 131
132 130
138 137
135 136
138 135
133 134
138 139
142 138
38 24
26 25
39 26
26 27
22 20
20 21
57 22
24 23
30 28
30 29
1 0
3 4
13 8
118 119
121 120
124 121
121 122
124 123
127 124
126 125
133 126
130 127
127 128
130 129
121 118
57 59
57 58
64 55
52 54
64 57
57 56
52 51
49 50
52 53
60 52
113 115
113 114
87 88
90 89
110 111
126 110
118 113
113 112
83 82
90 83
83 80
80 81
87 86
102 87
93 84
84 85
6 3
8 7
113 108
108 109
113 102
104 103
98 100
102 101
110 106
108 107
113 104
104 105
45 39
57 38
52 33
33 32
30 31
42 30
38 37
33 36
33 35
33 34
68 60
62 61
65 62
62 63
68 64
68 65
65 66
68 67
72 68
68 69
3 2
26 6
98 99
106 98
90 91
93 90
106 93
93 92
93 95
93 94
98 97
93 96
13 11
11 10
57 13
13 12
13 15
13 14
22 17
17 16
20 19
17 18
113 117
113 116
152 151
151 150
49 48
55 49
45 46
45 47
45 44
60 45
55 42
42 43
39 40
42 41
28 1
6 5
8 9
145 146
149 147
145 144
147 145
149 142
142 143
138 140
142 141
147 148
151 149
80 77
75 76
77 75
75 74
72 73
84 72
72 71
68 70
80 79
77 78
