100
165
0
148 4
146 6
144 7
150 8
143 11
141 12
139 14
137 17
140 18
131 20
129 23
119 25
112 28
115 31
116 33
105 34
103 36
114 38
107 41
128 44
123 45
122 46
109 48
117 50
86 53
88 54
101 55
120 57
118 56
136 60
134 62
125 64
111 66
100 69
99 71
97 72
91 75
92 79
82 80
78 83
76 85
74 86
79 88
81 89
89 90
94 93
96 94
95 96
85 98
73 100
71 102
70 104
69 106
63 109
61 110
67 112
65 111
66 116
36 120
32 122
35 124
34 123
54 127
53 129
51 130
47 133
46 135
40 137
25 140
27 142
2 144
4 146
5 147
44 148
21 151
18 154
16 155
19 156
12 163
9 164
15 165
7 166
11 169
10 170
14 171
56 174
59 175
37 177
24 178
23 180
58 182
50 185
48 186
43 188
41 190
29 192
28 193
31 196
1 197
0 199
0 1
1 2
2 3
3 4
3 5
5 6
5 7
2 8
1 9
9 10
10 11
10 12
9 13
13 14
13 15
15 16
16 17
16 18
15 19
19 20
19 21
21 22
22 23
22 24
24 25
24 27
27 28
27 30
30 31
30 32
32 33
32 34
34 36
27 38
27 39
39 40
40 41
40 43
43 44
43 45
40 46
39 48
39 49
49 50
49 51
51 52
52 53
52 54
51 55
24 56
56 57
21 59
59 60
59 61
61 62
61 63
63 64
63 65
65 66
65 67
67 68
68 69
68 71
68 72
67 73
73 74
74 75
74 76
76 79
76 80
76 82
82 83
82 84
84 85
84 86
76 87
87 88
87 89
76 90
73 93
73 94
73 96
73 97
97 98
97 99
99 100
99 102
99 103
103 104
103 106
103 108
108 109
108 110
103 111
111 112
111 116
111 117
117 118
118 119
119 120
119 121
121 122
121 123
123 124
118 127
118 129
118 130
117 131
131 132
132 133
132 135
132 136
136 137
136 138
138 139
139 140
139 142
139 143
143 144
143 145
145 146
145 147
138 148
131 149
149 150
150 151
150 153
153 154
153 155
150 156
149 159
159 161
161 162
162 163
162 164
161 165
159 166
159 167
167 168
168 169
168 170
167 171
149 172
172 173
173 174
173 175
172 176
176 177
176 178
178 180
149 181
181 182
181 183
183 184
184 185
184 186
183 187
187 188
187 190
187 191
191 192
191 193
193 196
193 197
197 199
