100
135
135
132 132
130 130
134 134
24 24
25 25
26 26
27 27
20 20
22 22
28 28
29 29
0 0
4 4
8 8
119 119
120 120
122 122
123 123
125 125
127 127
129 129
118 118
58 58
55 55
54 54
57 57
56 56
51 51
53 53
114 114
88 88
89 89
110 110
112 112
82 82
83 83
80 80
81 81
86 86
87 87
85 85
108 108
103 103
100 100
101 101
106 106
107 107
104 104
39 39
38 38
33 33
32 32
31 31
30 30
36 36
35 35
60 60
61 61
62 62
63 63
65 65
67 67
68 68
69 69
2 2
6 6
98 98
91 91
90 90
93 93
92 92
94 94
96 96
11 11
10 10
13 13
15 15
14 14
17 17
16 16
18 18
116 116
48 48
49 49
46 46
47 47
44 44
42 42
43 43
41 41
1 1
5 5
9 9
77 77
74 74
73 73
72 72
71 71
70 70
78 78
135 133
131 132
133 131
131 130
133 134
23 24
23 25
23 26
23 27
21 20
23 21
23 22
34 23
23 28
23 29
7 0
3 4
7 8
117 119
121 120
126 121
121 122
124 123
126 124
124 125
131 126
128 127
135 128
128 129
117 118
76 59
59 58
52 55
52 54
56 57
76 56
50 51
52 50
52 53
64 52
117 115
113 114
97 88
88 89
113 111
109 110
124 113
111 112
79 82
84 83
79 80
79 81
84 86
88 87
88 84
84 85
12 3
23 7
107 108
111 109
107 102
102 103
99 100
102 101
105 106
115 107
105 104
117 105
40 39
37 38
23 33
23 32
23 31
23 30
45 37
37 36
34 35
50 34
59 60
59 61
59 62
59 63
75 64
64 65
76 66
66 67
66 68
66 69
3 2
5 6
115 99
99 98
88 91
88 90
88 93
88 92
109 95
95 94
109 97
95 96
12 11
7 10
12 13
23 12
12 15
12 14
12 17
12 16
21 19
19 18
124 117
115 116
45 48
50 49
45 46
45 47
45 44
66 45
40 42
40 43
45 40
40 41
0 1
19 5
7 9
76 77
79 76
88 75
72 74
72 73
75 72
72 71
66 70
97 79
79 78
