98
195
0
152 2
149 4
147 8
140 10
142 11
144 13
145 14
138 17
136 18
132 21
134 22
129 26
128 27
127 30
126 31
130 32
120 36
125 37
121 38
122 41
123 42
118 46
117 47
115 48
106 52
101 55
105 56
103 57
110 59
113 60
108 63
109 65
107 66
99 70
97 71
95 72
87 78
86 79
84 80
89 81
75 87
77 88
81 89
82 90
94 91
90 93
92 94
68 100
78 101
70 102
73 104
74 105
71 106
54 110
52 111
59 114
61 115
67 116
58 119
63 122
64 123
65 124
25 131
28 133
26 134
27 136
23 137
5 143
3 144
0 146
2 147
14 149
12 150
11 152
13 153
21 156
7 158
9 159
18 161
19 163
16 164
32 167
35 168
31 170
29 171
39 172
45 177
46 179
43 180
47 182
38 184
36 185
41 187
51 189
42 190
56 192
48 194
55 195
0 1
1 2
1 3
3 4
3 5
5 6
6 7
7 8
7 9
9 10
9 11
6 12
12 13
12 14
5 15
15 16
16 17
16 18
15 19
19 20
20 21
20 22
19 23
23 24
24 25
25 26
25 27
24 28
28 29
29 30
29 31
28 32
23 33
33 34
34 35
35 36
35 37
34 38
33 39
39 40
40 41
40 42
39 43
43 44
44 45
45 46
45 47
44 48
43 49
49 50
50 51
51 52
51 53
53 54
54 55
54 56
53 57
50 58
58 59
58 60
49 61
61 62
62 63
62 64
64 65
64 66
61 67
67 68
68 69
69 70
69 71
68 72
67 73
73 74
74 75
75 76
76 77
77 78
77 79
76 80
75 81
74 82
82 83
83 84
84 85
85 86
86 87
86 88
85 89
84 90
83 91
82 92
92 93
92 94
73 95
95 96
96 97
97 98
98 99
99 100
99 101
98 102
97 103
103 104
103 105
96 106
95 107
107 108
108 109
109 110
109 111
108 112
112 113
113 114
113 115
112 116
107 117
117 118
118 119
118 120
120 121
121 122
121 123
120 124
117 125
125 126
126 127
127 128
128 129
129 130
130 131
130 132
132 133
132 134
129 135
135 136
135 137
128 138
138 139
139 140
140 141
141 142
142 143
142 144
141 145
145 146
145 147
140 148
148 149
148 150
139 151
151 152
151 153
138 154
154 155
155 156
155 157
157 158
157 159
154 160
160 161
160 162
162 163
162 164
127 165
165 166
166 167
166 168
165 169
169 170
169 171
126 172
125 173
173 174
174 175
175 176
176 177
176 178
178 179
178 180
175 181
181 182
181 183
183 184
183 185
174 186
186 187
186 188
188 189
188 190
173 191
191 192
191 193
193 194
193 195
