98
169
0
152 2
149 4
147 6
130 10
125 12
121 14
120 15
113 19
110 21
108 24
109 25
107 27
99 29
97 30
95 32
89 35
78 38
74 41
73 42
71 44
67 47
65 49
64 50
63 51
58 52
55 53
48 54
56 55
39 57
27 60
23 61
25 63
26 65
28 67
35 69
2 73
0 74
5 76
3 77
13 79
11 80
14 82
12 83
19 85
18 86
16 87
21 89
9 91
7 92
32 94
31 96
29 97
46 99
45 100
43 101
47 103
38 105
36 106
41 108
51 110
42 111
61 113
59 114
54 116
52 117
70 119
68 120
92 122
90 124
82 126
81 128
77 130
75 131
94 133
87 135
86 136
84 137
106 139
103 141
105 143
101 144
117 146
118 147
115 148
123 150
122 151
129 153
128 154
127 156
126 157
134 159
132 160
138 162
136 163
142 165
140 166
145 168
144 169
0 1
1 2
1 3
3 4
3 5
5 6
5 7
7 8
8 9
9 10
9 11
11 12
11 13
13 14
13 15
13 16
16 17
17 18
18 19
18 20
20 21
20 22
22 23
23 24
23 25
23 26
26 27
26 28
28 29
28 30
28 31
31 32
31 33
33 34
34 35
34 36
36 37
37 38
37 39
39 40
40 41
40 42
40 43
43 44
43 45
45 46
46 47
46 48
48 49
48 50
48 51
48 52
48 53
48 54
48 55
48 56
56 57
56 58
58 59
59 60
59 61
59 62
62 63
62 64
64 65
64 66
66 67
66 68
68 69
68 70
70 71
71 72
72 73
72 74
71 75
75 76
75 77
70 78
78 79
78 80
70 81
81 82
81 83
64 84
84 85
84 86
84 87
62 88
88 89
88 90
90 91
90 92
58 93
93 94
93 95
95 96
95 97
48 98
98 99
98 100
98 101
98 102
102 103
102 104
104 105
104 106
48 107
107 108
107 109
109 110
109 111
46 112
112 113
112 114
45 115
115 116
115 117
39 118
118 119
118 120
36 121
121 122
121 123
123 124
123 125
125 126
125 127
127 128
127 129
129 130
129 131
33 132
132 133
132 134
134 135
134 136
134 137
22 138
138 139
138 140
140 141
140 142
142 143
142 144
17 145
145 146
145 147
145 148
16 149
149 150
149 151
9 152
152 153
152 154
9 155
155 156
155 157
8 158
158 159
158 160
7 161
161 162
161 163
5 164
164 165
164 166
5 167
167 168
167 169
