98
166
0
43 26
47 29
38 31
36 32
45 33
46 34
51 37
42 38
41 35
56 40
55 21
48 44
39 46
35 48
32 51
31 53
29 54
28 58
26 59
25 61
14 65
13 69
11 70
12 71
5 74
3 75
2 77
0 78
19 80
18 82
16 83
21 85
9 87
7 88
27 90
23 91
65 92
64 95
63 96
58 97
54 99
52 100
61 102
59 103
67 104
71 105
74 107
73 14
68 110
70 111
78 112
82 114
81 116
77 118
75 119
90 120
92 121
94 123
89 125
87 128
86 129
84 130
108 135
109 137
107 138
99 139
95 140
97 141
106 143
105 146
101 147
103 148
110 149
113 150
118 153
117 154
115 155
122 158
123 159
134 166
132 167
138 170
136 171
142 176
140 177
147 178
149 179
145 181
144 182
130 184
129 187
128 186
127 189
126 191
125 192
121 160
120 194
152 195
0 1
1 2
2 3
3 4
4 5
5 6
6 7
7 8
8 9
9 10
10 11
11 12
12 13
13 14
14 15
15 16
16 19
19 21
21 23
23 24
24 26
24 28
28 29
28 30
30 31
30 32
24 33
24 34
23 35
35 36
36 37
36 38
21 40
21 43
43 44
43 45
45 46
45 47
47 48
47 50
50 51
50 52
52 53
52 54
47 55
55 57
57 58
57 59
55 60
60 61
60 62
62 63
63 64
64 65
64 66
66 68
68 69
68 70
66 71
66 72
72 73
73 74
73 75
72 76
76 77
76 78
63 79
79 80
79 82
79 83
62 84
84 85
84 86
86 87
86 88
55 90
55 91
19 92
19 95
19 96
19 97
16 98
98 99
98 100
16 101
101 102
101 103
16 104
15 105
14 107
13 109
109 110
109 111
12 112
11 113
113 114
113 115
115 116
115 117
117 118
117 119
10 120
9 121
8 123
8 124
124 125
124 126
126 128
126 129
126 130
7 133
133 134
134 135
135 137
134 138
133 139
7 140
7 141
6 142
142 143
142 144
144 145
145 146
145 147
144 148
5 149
4 150
3 151
151 152
152 153
152 154
151 155
2 156
156 157
157 158
157 159
156 160
160 162
162 163
163 164
164 165
165 166
165 167
164 168
168 169
169 170
169 171
168 172
172 173
173 174
174 175
175 176
175 177
174 178
173 179
172 180
180 181
180 182
163 184
163 186
186 187
163 189
189 191
162 192
160 194
1 195
