98
165
1
121 15
127 18
122 24
92 27
73 36
108 43
55 48
25 53
31 56
26 57
0 64
19 67
18 69
56 82
2 83
3 84
5 85
7 86
9 87
11 88
12 89
13 90
14 91
16 92
21 93
23 94
27 95
28 96
29 97
32 98
35 99
36 100
38 101
39 102
41 103
42 104
43 105
45 106
46 107
47 108
48 109
51 110
52 111
54 112
58 113
59 114
61 115
63 116
64 117
65 118
67 119
68 120
70 121
71 122
74 123
75 124
77 125
78 126
81 127
82 128
84 129
86 130
87 131
89 132
90 133
94 134
95 135
97 136
99 137
101 138
103 139
105 140
106 141
107 142
109 143
110 144
113 145
115 146
117 147
118 148
120 149
123 150
125 151
126 152
128 153
129 154
130 155
132 156
134 157
136 158
138 159
140 160
142 161
144 162
145 163
147 164
149 165
152 166
1 2
2 3
2 4
4 5
5 6
6 7
5 8
8 9
9 10
9 11
9 12
8 13
13 14
14 15
15 16
16 17
17 18
17 19
19 20
20 21
17 22
16 23
15 24
14 25
13 26
4 27
4 28
28 29
29 30
28 31
2 32
2 33
2 34
34 35
35 36
36 37
37 38
37 39
36 40
36 41
34 42
42 43
42 44
44 45
44 46
2 47
2 48
48 49
48 50
50 51
51 52
52 53
52 54
52 55
51 56
51 57
51 58
51 59
51 60
60 61
61 62
62 63
63 64
63 65
62 66
61 67
61 68
61 69
60 70
70 71
60 72
60 73
51 74
48 75
48 76
76 77
76 78
78 79
76 80
76 81
48 82
63 83
65 84
65 85
71 86
71 87
73 88
54 89
73 90
47 91
68 92
70 93
74 94
58 95
66 96
55 97
72 98
59 99
79 100
78 101
50 102
48 103
75 104
76 105
80 106
77 107
81 108
48 109
75 110
32 111
32 112
49 113
3 114
3 115
49 116
49 117
49 118
40 119
39 120
37 121
35 122
41 123
30 124
30 125
38 126
29 127
4 128
31 129
31 130
31 131
28 132
4 133
28 134
7 135
6 136
6 137
12 138
9 139
10 140
11 141
43 142
43 143
8 144
26 145
45 146
23 147
23 148
25 149
14 150
16 151
18 152
17 153
22 154
17 155
19 156
19 157
19 158
19 159
20 160
20 161
21 162
21 163
20 164
46 165
33 166
