98
98
98
0 0
2 1
3 2
5 3
7 4
9 5
11 6
12 7
13 8
14 9
16 10
18 11
19 12
21 13
23 14
25 15
26 16
27 17
28 18
29 19
31 20
32 21
35 22
36 23
38 24
39 25
41 26
42 27
43 28
45 29
46 30
47 31
48 32
51 33
52 34
54 35
56 36
55 37
58 38
59 39
61 40
63 41
64 42
65 43
67 44
68 45
70 46
71 47
73 48
74 49
75 50
77 51
78 52
81 53
82 54
84 55
86 56
87 57
89 58
90 59
92 60
94 61
95 62
97 63
99 64
101 65
103 66
105 67
106 68
107 69
109 70
108 71
110 72
113 73
115 74
117 75
118 76
120 77
121 78
122 79
123 80
125 81
126 82
127 83
128 84
129 85
130 86
132 87
134 88
136 89
138 90
140 91
142 92
144 93
145 94
147 95
149 96
152 97
98 97
97 96
96 95
95 92
92 91
95 94
94 93
91 87
87 88
87 83
83 82
83 84
83 78
78 81
78 77
83 86
78 80
83 90
84 85
78 75
75 76
90 89
75 72
72 73
78 79
72 66
66 67
66 65
66 68
72 71
71 69
71 64
71 70
71 62
62 59
59 56
56 57
56 55
56 58
59 54
59 61
64 63
54 50
50 51
50 53
59 60
76 74
58 52
52 46
46 48
48 47
48 49
48 39
39 40
48 41
41 37
37 32
37 26
26 27
41 42
41 43
37 38
32 25
37 36
26 33
37 29
37 31
48 44
26 24
24 23
26 28
37 34
34 35
25 17
17 16
17 14
17 21
21 20
16 11
16 13
13 4
4 5
17 15
21 22
11 12
16 18
20 19
37 30
13 6
6 2
2 3
2 1
1 0
6 8
6 7
7 9
11 10
46 45
