98
153
153
132 73
130 19
136 149
134 89
138 64
25 3
26 105
27 121
21 90
23 48
28 5
29 54
0 12
120 47
121 52
122 78
123 68
125 145
126 35
127 95
128 67
129 0
118 14
59 26
58 140
55 142
54 127
56 117
51 21
52 75
115 74
117 63
89 70
110 59
113 13
82 55
81 2
86 99
87 38
84 134
3 123
7 58
108 82
109 46
103 108
101 94
106 77
107 84
105 113
39 106
38 32
32 45
31 136
36 87
35 120
61 61
63 51
64 86
65 27
67 101
68 39
2 103
99 130
90 18
92 129
95 128
94 115
97 42
11 9
13 56
12 65
14 11
16 41
19 36
18 118
152 97
48 132
46 16
47 71
45 92
42 7
43 110
41 107
5 25
9 147
147 144
144 126
145 28
142 81
140 43
149 23
77 31
75 125
74 138
73 152
71 109
70 122
78 29
135 133
133 132
135 131
131 130
139 137
137 136
139 135
133 134
143 139
137 138
34 24
24 25
24 26
24 27
22 20
20 21
24 22
24 23
24 28
30 29
1 0
6 4
20 8
124 119
121 120
124 121
121 122
121 123
131 124
124 125
127 126
131 127
131 128
128 129
116 118
60 59
57 58
57 55
53 54
62 57
55 56
50 51
55 50
66 53
53 52
116 115
119 114
93 88
88 89
112 111
111 110
112 113
114 112
83 82
93 83
83 80
80 81
85 86
85 87
85 84
88 85
4 3
8 7
114 108
108 109
104 102
102 103
108 100
102 101
104 106
108 107
111 104
104 105
40 39
37 38
34 33
33 32
30 31
33 30
44 37
37 36
34 35
40 34
72 60
60 61
66 62
62 63
62 64
62 65
72 66
66 67
69 68
79 69
1 2
10 6
100 99
100 98
93 91
91 90
96 93
91 92
96 95
93 94
98 97
100 96
10 11
15 10
10 13
10 12
22 15
15 14
22 17
17 16
17 19
17 18
116 117
119 116
153 151
151 150
151 152
49 48
55 49
44 46
44 47
55 44
44 45
41 42
44 43
49 40
50 41
6 1
4 5
8 9
148 146
146 147
143 144
143 145
141 142
148 143
141 140
146 141
150 148
150 149
76 77
80 76
76 75
73 74
79 73
73 72
72 71
69 70
98 79
79 78
