98
153
153
132 134
130 19
136 109
134 81
138 56
25 138
26 43
27 18
21 9
23 54
28 28
29 136
0 39
120 71
121 16
122 26
123 23
125 113
126 38
127 125
128 152
129 64
118 115
59 5
58 89
55 12
54 52
56 45
51 2
52 121
115 127
117 32
89 110
110 11
113 129
82 51
81 105
86 94
87 7
84 86
3 90
7 118
108 140
109 132
103 77
101 130
106 13
107 149
105 122
39 42
38 70
32 74
31 61
36 47
35 108
61 87
63 68
64 97
65 99
67 95
68 92
2 82
99 73
90 48
92 25
95 144
94 84
97 67
11 63
13 106
12 75
14 128
16 120
19 147
18 35
152 123
48 14
46 41
47 55
45 59
42 142
43 58
41 31
5 3
9 27
147 21
144 46
145 145
142 103
140 101
149 29
77 65
75 36
74 117
73 78
71 126
70 0
78 107
135 133
133 132
135 131
131 130
139 137
137 136
139 135
133 134
143 139
137 138
34 24
24 25
24 26
24 27
22 20
20 21
24 22
24 23
24 28
30 29
1 0
6 4
20 8
124 119
121 120
124 121
121 122
121 123
131 124
124 125
127 126
131 127
131 128
128 129
116 118
60 59
57 58
57 55
53 54
62 57
55 56
50 51
55 50
66 53
53 52
116 115
119 114
93 88
88 89
112 111
111 110
112 113
114 112
83 82
93 83
83 80
80 81
85 86
85 87
85 84
88 85
4 3
8 7
114 108
108 109
104 102
102 103
108 100
102 101
104 106
108 107
111 104
104 105
40 39
37 38
34 33
33 32
30 31
33 30
44 37
37 36
34 35
40 34
72 60
60 61
66 62
62 63
62 64
62 65
72 66
66 67
69 68
79 69
1 2
10 6
100 99
100 98
93 91
91 90
96 93
91 92
96 95
93 94
98 97
100 96
10 11
15 10
10 13
10 12
22 15
15 14
22 17
17 16
17 19
17 18
116 117
119 116
153 151
151 150
151 152
49 48
55 49
44 46
44 47
55 44
44 45
41 42
44 43
49 40
50 41
6 1
4 5
8 9
148 146
146 147
143 144
143 145
141 142
148 143
141 140
146 141
150 148
150 149
76 77
80 76
76 75
73 74
79 73
73 72
72 71
69 70
98 79
79 78
