98
153
153
132 132
130 130
136 136
134 134
138 138
25 25
26 26
27 27
21 21
23 23
28 28
29 29
0 0
120 120
121 121
122 122
123 123
125 125
126 126
127 127
128 128
129 129
118 118
59 59
58 58
55 55
54 54
56 56
51 51
52 52
115 115
117 117
89 89
110 110
113 113
82 82
81 81
86 86
87 87
84 84
3 3
7 7
108 108
109 109
103 103
101 101
106 106
107 107
105 105
39 39
38 38
32 32
31 31
36 36
35 35
61 61
63 63
64 64
65 65
67 67
68 68
2 2
99 99
90 90
92 92
95 95
94 94
97 97
11 11
13 13
12 12
14 14
16 16
19 19
18 18
152 152
48 48
46 46
47 47
45 45
42 42
43 43
41 41
5 5
9 9
147 147
144 144
145 145
142 142
140 140
149 149
77 77
75 75
74 74
73 73
71 71
70 70
78 78
135 133
133 132
135 131
131 130
139 137
137 136
139 135
133 134
143 139
137 138
34 24
24 25
24 26
24 27
22 20
20 21
24 22
24 23
24 28
30 29
1 0
6 4
20 8
124 119
121 120
124 121
121 122
121 123
131 124
124 125
127 126
131 127
131 128
128 129
116 118
60 59
57 58
57 55
53 54
62 57
55 56
50 51
55 50
66 53
53 52
116 115
119 114
93 88
88 89
112 111
111 110
112 113
114 112
83 82
93 83
83 80
80 81
85 86
85 87
85 84
88 85
4 3
8 7
114 108
108 109
104 102
102 103
108 100
102 101
104 106
108 107
111 104
104 105
40 39
37 38
34 33
33 32
30 31
33 30
44 37
37 36
34 35
40 34
72 60
60 61
66 62
62 63
62 64
62 65
72 66
66 67
69 68
79 69
1 2
10 6
100 99
100 98
93 91
91 90
96 93
91 92
96 95
93 94
98 97
100 96
10 11
15 10
10 13
10 12
22 15
15 14
22 17
17 16
17 19
17 18
116 117
119 116
153 151
151 150
151 152
49 48
55 49
44 46
44 47
55 44
44 45
41 42
44 43
49 40
50 41
6 1
4 5
8 9
148 146
146 147
143 144
143 145
141 142
148 143
141 140
146 141
150 148
150 149
76 77
80 76
76 75
73 74
79 73
73 72
72 71
69 70
98 79
79 78
