50
93
0
82 2
74 6
72 8
66 11
65 12
53 14
47 17
39 19
38 20
32 23
35 25
37 27
42 29
24 32
23 34
21 36
19 38
18 40
15 42
14 44
11 46
9 48
5 49
8 51
7 52
10 54
3 55
2 57
0 58
27 60
25 61
36 63
34 64
31 66
29 67
51 70
49 71
45 73
43 74
67 76
69 78
63 80
60 82
59 84
57 86
55 87
78 89
76 90
83 92
80 93
0 1
1 2
1 3
3 4
4 5
5 6
5 7
7 8
7 9
9 10
10 11
10 12
10 13
13 14
13 15
15 16
16 17
16 18
18 19
18 20
18 21
21 22
22 23
22 24
24 25
24 26
26 27
26 28
28 29
28 30
30 31
31 32
31 33
33 34
33 35
35 36
35 37
37 38
37 39
39 40
39 41
41 42
41 43
43 44
43 45
45 46
45 47
47 48
47 49
47 50
50 51
50 52
47 53
53 54
53 55
43 56
56 57
56 58
30 59
59 60
59 61
21 62
62 63
62 64
18 65
65 66
65 67
15 68
68 69
69 70
69 71
68 72
72 73
72 74
9 75
75 76
75 77
77 78
77 79
79 80
79 81
81 82
81 83
83 84
83 85
85 86
85 87
4 88
88 89
88 90
3 91
91 92
91 93
