50
99
0
37 19
35 20
36 23
34 24
39 27
38 28
31 30
29 31
32 32
42 34
24 39
21 41
19 43
18 44
23 46
10 49
5 52
3 53
9 55
8 57
7 58
15 61
14 62
11 64
2 66
0 67
25 68
27 69
47 70
53 71
45 73
43 74
49 75
51 76
66 77
65 78
67 79
69 80
63 82
60 84
59 86
57 88
55 89
72 90
74 91
78 93
76 94
82 96
83 98
80 99
0 1
1 2
2 3
3 4
4 5
5 6
6 7
7 8
8 9
9 10
10 11
11 12
12 13
13 14
14 15
15 16
16 17
17 18
18 19
18 20
17 21
21 22
22 23
22 24
21 25
25 26
26 27
26 28
25 29
29 30
29 31
16 32
15 33
33 34
33 35
35 36
36 37
37 38
38 39
38 40
40 41
40 42
42 43
42 44
37 45
45 46
45 47
47 48
48 49
48 50
50 51
51 52
51 53
50 54
54 55
54 56
56 57
56 58
47 59
59 60
60 61
60 62
59 63
63 64
63 65
65 66
65 67
36 68
35 69
14 70
13 71
12 72
72 73
72 74
11 75
10 76
9 77
8 78
7 79
6 80
5 81
81 82
81 83
83 84
83 85
85 86
85 87
87 88
87 89
4 90
3 91
2 92
92 93
92 94
1 95
95 96
95 97
97 98
97 99
