50
92
1
47 4
36 25
32 26
35 27
29 29
59 36
49 50
0 51
2 52
3 53
5 54
7 55
8 56
9 57
10 58
11 59
14 60
15 61
18 62
19 63
21 64
23 65
24 66
25 67
27 68
31 69
34 70
37 71
38 72
39 73
42 74
43 75
45 76
51 77
53 78
55 79
57 80
60 81
63 82
65 83
66 84
67 85
69 86
72 87
74 88
76 89
78 90
80 91
82 92
83 93
1 2
2 3
2 4
2 5
5 6
5 7
7 8
8 9
8 10
10 11
11 12
11 13
10 14
14 15
8 16
16 17
16 18
8 19
5 20
20 21
20 22
5 23
23 24
24 25
24 26
24 27
24 28
28 29
2 30
2 31
31 32
31 33
33 34
34 35
35 36
35 37
33 38
38 39
39 40
40 41
40 42
38 43
43 44
43 45
45 46
45 47
45 48
45 49
31 50
15 51
14 52
9 53
12 54
13 55
13 56
11 57
21 58
10 59
16 60
18 61
17 62
22 63
22 64
19 65
22 66
7 67
7 68
23 69
25 70
23 71
28 72
28 73
6 74
30 75
32 76
31 77
34 78
37 79
42 80
41 81
40 82
33 83
33 84
38 85
39 86
44 87
49 88
46 89
3 90
45 91
48 92
47 93
