50
84
84
51 2
43 31
60 66
63 80
53 39
66 45
67 76
82 25
69 5
80 0
24 29
25 74
27 67
21 42
23 43
47 36
45 59
42 9
29 21
0 24
3 37
2 7
5 11
7 53
9 78
8 38
83 18
76 65
74 15
72 3
59 19
78 82
11 51
10 57
39 69
38 55
15 14
14 35
19 63
18 8
31 23
49 10
37 60
36 34
35 72
34 32
55 27
32 47
57 49
65 83
58 56
79 77
64 54
41 42
52 48
44 43
61 60
62 61
71 62
62 63
68 64
50 49
64 66
68 67
70 68
70 69
79 80
54 52
54 53
28 24
26 25
28 26
26 27
22 20
22 21
24 22
24 23
48 46
48 47
50 44
44 45
41 28
30 29
46 40
46 41
16 1
1 0
4 3
1 2
4 5
6 4
6 7
12 6
6 9
6 8
77 78
52 51
81 82
81 83
40 39
64 65
77 76
81 75
33 38
75 73
73 72
73 71
71 70
58 59
81 79
61 58
12 11
6 10
16 13
13 12
16 15
13 14
20 17
17 16
20 19
17 18
30 31
33 30
33 37
33 36
33 35
33 34
40 33
56 55
75 74
33 32
84 81
56 57
52 50
