50
84
84
51 51
43 43
60 60
63 63
53 53
66 66
67 67
82 82
69 69
80 80
24 24
25 25
27 27
21 21
23 23
47 47
45 45
42 42
29 29
0 0
3 3
2 2
5 5
7 7
9 9
8 8
83 83
76 76
74 74
72 72
59 59
78 78
11 11
10 10
39 39
38 38
15 15
14 14
19 19
18 18
31 31
49 49
37 37
36 36
35 35
34 34
55 55
32 32
57 57
65 65
58 56
79 77
64 54
41 42
52 48
44 43
61 60
62 61
71 62
62 63
68 64
50 49
64 66
68 67
70 68
70 69
79 80
54 52
54 53
28 24
26 25
28 26
26 27
22 20
22 21
24 22
24 23
48 46
48 47
50 44
44 45
41 28
30 29
46 40
46 41
16 1
1 0
4 3
1 2
4 5
6 4
6 7
12 6
6 9
6 8
77 78
52 51
81 82
81 83
40 39
64 65
77 76
81 75
33 38
75 73
73 72
73 71
71 70
58 59
81 79
61 58
12 11
6 10
16 13
13 12
16 15
13 14
20 17
17 16
20 19
17 18
30 31
33 30
33 37
33 36
33 35
33 34
40 33
56 55
75 74
33 32
84 81
56 57
52 50
