50
80
79
54 54
42 42
43 43
60 60
62 62
64 64
65 65
67 67
69 69
80 80
24 24
26 26
20 20
22 22
49 49
46 46
47 47
45 45
28 28
29 29
41 41
0 0
3 3
2 2
5 5
6 6
9 9
8 8
39 39
77 77
76 76
74 74
73 73
71 71
59 59
11 11
13 13
38 38
15 15
16 16
33 33
18 18
57 57
30 30
51 51
36 36
35 35
52 52
55 55
32 32
61 56
78 77
53 54
40 42
53 48
44 43
61 60
66 61
63 62
66 63
63 64
50 49
68 66
66 67
70 68
68 69
79 80
53 52
56 53
25 24
29 25
27 26
29 27
21 20
23 21
21 22
25 23
44 46
48 47
48 44
44 45
27 28
31 29
48 40
40 41
7 1
1 0
4 3
1 2
4 5
7 4
12 7
7 6
10 9
7 8
79 78
50 51
40 39
66 65
75 76
79 75
37 38
72 73
75 72
70 71
72 70
58 59
78 58
10 11
12 10
14 13
19 12
14 15
17 14
19 17
17 16
23 19
19 18
37 31
29 30
40 37
34 36
34 35
50 34
34 33
56 55
75 74
31 32
58 57
61 50
