49
91
0
81 2
79 4
76 6
39 9
34 11
33 13
31 15
29 16
36 18
27 21
23 23
6 29
4 30
3 31
2 33
0 34
9 36
7 37
15 39
13 40
10 42
12 43
20 45
21 47
19 48
17 49
26 51
24 52
75 54
72 56
71 57
61 60
51 62
50 64
48 65
46 67
40 69
44 71
45 73
42 74
69 76
65 78
64 81
58 83
57 85
56 86
59 88
55 90
53 91
0 1
1 2
1 3
3 4
3 5
5 6
5 7
7 8
8 9
8 10
10 11
10 12
12 13
12 14
14 15
14 16
14 17
17 18
17 19
19 20
20 21
20 22
22 23
22 24
24 25
25 26
26 27
27 28
28 29
28 30
28 31
28 32
32 33
32 34
27 35
35 36
35 37
26 38
38 39
38 40
25 41
41 42
41 43
24 44
44 45
44 46
46 47
46 48
46 49
19 50
50 51
50 52
7 53
53 54
53 55
55 56
55 57
55 58
58 59
59 60
59 61
61 62
61 63
63 64
63 65
63 66
66 67
66 68
68 69
68 70
70 71
70 72
72 73
72 74
58 75
75 76
75 77
77 78
77 79
79 80
80 81
80 82
82 83
82 84
84 85
84 86
79 87
87 88
87 89
89 90
89 91
