49
83
83
50 31
61 13
64 76
65 81
69 29
81 45
24 34
26 40
27 27
20 7
21 69
48 21
23 51
46 65
44 58
45 10
42 59
29 64
40 36
0 26
3 12
2 72
4 15
7 24
6 9
9 42
39 17
76 4
75 19
72 55
71 39
59 48
79 71
10 61
13 33
12 57
15 53
58 6
17 56
19 79
55 44
31 75
56 3
51 0
36 23
53 46
34 2
33 20
57 50
63 56
78 77
60 54
41 42
49 48
47 43
66 60
62 61
70 62
67 63
63 64
52 49
67 66
68 67
70 68
68 69
82 80
62 52
54 53
25 24
28 25
25 26
28 27
18 20
18 21
28 22
22 23
47 46
49 47
43 44
43 45
30 28
30 29
41 40
43 41
3 1
1 0
5 3
1 2
16 5
3 4
8 7
5 6
8 9
16 8
80 78
52 51
83 82
38 39
66 65
77 76
74 75
77 38
74 73
73 72
70 71
73 70
60 59
80 79
56 58
18 11
11 10
14 13
11 12
14 15
16 14
18 17
22 16
18 19
22 18
30 31
32 30
38 37
35 36
37 35
35 34
32 33
54 55
78 74
37 32
82 81
56 57
49 50
