49
83
83
50 50
61 61
64 64
65 65
69 69
81 81
24 24
26 26
27 27
20 20
21 21
48 48
23 23
46 46
44 44
45 45
42 42
29 29
40 40
0 0
3 3
2 2
4 4
7 7
6 6
9 9
39 39
76 76
75 75
72 72
71 71
59 59
79 79
10 10
13 13
12 12
15 15
58 58
17 17
19 19
55 55
31 31
56 56
51 51
36 36
53 53
34 34
33 33
57 57
63 56
78 77
60 54
41 42
49 48
47 43
66 60
62 61
70 62
67 63
63 64
52 49
67 66
68 67
70 68
68 69
82 80
62 52
54 53
25 24
28 25
25 26
28 27
18 20
18 21
28 22
22 23
47 46
49 47
43 44
43 45
30 28
30 29
41 40
43 41
3 1
1 0
5 3
1 2
16 5
3 4
8 7
5 6
8 9
16 8
80 78
52 51
83 82
38 39
66 65
77 76
74 75
77 38
74 73
73 72
70 71
73 70
60 59
80 79
56 58
18 11
11 10
14 13
11 12
14 15
16 14
18 17
22 16
18 19
22 18
30 31
32 30
38 37
35 36
37 35
35 34
32 33
54 55
78 74
37 32
82 81
56 57
49 50
