50
79
79
51 51
43 43
60 60
63 63
64 64
49 49
66 66
68 68
69 69
24 24
26 26
27 27
20 20
22 22
23 23
47 47
45 45
29 29
40 40
41 41
0 0
3 3
2 2
5 5
4 4
7 7
9 9
78 78
77 77
76 76
38 38
72 72
70 70
59 59
58 58
10 10
12 12
15 15
14 14
17 17
19 19
32 32
30 30
37 37
36 36
53 53
34 34
55 55
74 74
54 54
61 56
52 54
50 51
50 48
44 43
61 60
62 61
75 62
62 63
65 64
50 49
65 66
71 67
67 68
67 69
56 52
25 24
31 25
25 26
28 27
21 20
35 21
21 22
31 23
48 46
46 47
48 44
46 45
44 42
28 29
39 40
42 41
11 1
1 0
1 3
1 2
6 5
1 4
6 7
8 6
8 9
11 8
75 78
57 28
57 35
42 39
75 77
75 76
79 75
39 38
75 73
73 72
75 71
71 70
57 59
75 65
57 58
16 11
8 10
16 13
13 12
13 15
13 14
18 17
18 16
18 19
23 18
35 31
31 30
35 37
35 36
52 53
33 34
35 33
56 55
73 74
33 32
67 57
52 50
