94
175
0
152 3
106 6
107 8
103 10
150 12
99 14
100 15
101 16
96 18
94 20
97 21
145 25
143 26
142 28
137 30
135 33
134 34
125 37
127 38
131 40
130 42
128 43
147 45
140 47
139 49
115 51
111 53
110 55
108 57
112 58
122 60
123 61
118 63
124 64
77 66
79 68
121 69
89 71
92 72
91 73
81 75
85 77
84 79
82 81
87 83
57 85
55 86
116 88
69 91
71 93
63 96
61 97
119 99
120 102
93 103
74 105
68 107
58 109
60 110
76 112
65 115
53 117
52 119
47 121
46 122
49 123
50 125
44 127
43 129
40 131
39 133
37 135
33 137
35 139
30 141
23 143
21 144
1 148
6 150
4 151
5 152
32 154
11 157
14 159
16 161
13 162
24 164
27 166
18 167
28 169
26 170
20 172
10 174
8 175
0 1
1 2
2 3
2 4
4 5
5 6
5 7
7 8
4 9
9 10
9 11
11 12
11 13
13 14
13 15
13 16
13 17
17 18
17 19
19 20
19 21
2 22
22 23
23 24
24 25
24 26
23 27
27 28
27 29
29 30
29 31
31 32
32 33
32 34
31 35
35 36
36 37
36 38
35 39
39 40
39 41
41 42
41 43
22 44
44 45
44 46
46 47
46 48
48 49
48 50
50 51
50 52
52 53
52 54
54 55
54 56
56 57
56 58
46 59
59 60
59 61
59 62
62 63
62 64
59 65
65 66
65 67
67 68
67 69
59 70
70 71
70 72
70 73
59 74
74 75
74 76
76 77
76 78
78 79
78 80
80 81
80 82
82 83
82 84
84 85
84 86
59 87
87 88
87 89
89 90
90 91
90 92
92 93
92 94
94 95
95 96
95 97
89 98
98 99
98 100
100 101
101 102
101 103
100 104
104 105
104 106
106 107
106 108
108 109
108 110
89 111
111 112
111 113
113 114
114 115
114 116
116 117
116 118
118 119
118 120
120 121
120 122
120 123
120 124
124 125
124 126
126 127
126 128
128 129
128 130
130 131
130 132
132 133
132 134
134 135
134 136
136 137
136 138
138 139
138 140
140 141
140 142
142 143
142 144
136 145
145 146
146 147
147 148
146 149
149 150
149 151
149 152
149 153
153 154
145 155
155 156
156 157
156 158
158 159
158 160
160 161
160 162
155 163
163 164
163 165
165 166
165 167
163 168
168 169
168 170
163 171
171 172
171 173
173 174
173 175
