100
166
0
123 13
77 14
117 9
122 18
121 21
79 22
92 25
91 26
89 27
124 29
118 30
93 36
68 39
60 41
58 42
74 43
119 44
71 47
66 48
63 51
61 52
69 53
76 55
72 56
65 58
116 60
85 64
84 66
82 67
87 69
57 72
55 73
53 75
52 79
49 81
47 82
50 83
43 87
35 92
30 94
23 96
21 97
33 98
39 101
37 102
40 103
6 110
4 111
5 112
1 114
0 113
2 106
32 117
27 119
28 124
26 125
24 126
20 128
10 130
8 131
18 133
11 137
13 138
16 139
14 140
44 141
46 142
81 61
140 144
115 146
139 147
120 149
112 153
108 154
110 155
111 156
145 158
143 159
135 164
131 168
130 170
128 171
127 173
125 174
134 175
137 162
142 177
147 178
101 181
100 183
99 184
96 186
97 188
94 189
103 192
150 193
107 196
104 195
106 198
152 199
0 1
1 3
3 4
4 6
6 7
7 9
9 13
9 14
9 18
9 20
20 21
20 22
9 23
23 25
23 26
23 27
9 28
28 29
28 30
9 31
31 32
32 34
34 35
35 36
35 37
37 38
38 39
38 40
40 41
40 42
37 43
34 44
32 45
45 46
46 47
46 48
48 50
50 51
50 52
45 53
32 54
54 55
54 56
56 58
31 60
31 61
61 62
62 63
63 64
63 66
63 67
62 68
68 69
68 70
70 71
71 72
71 73
70 74
74 75
74 76
76 79
76 81
76 82
76 83
76 84
84 85
85 86
86 87
86 88
88 90
90 91
91 92
91 93
93 94
93 95
95 96
95 97
90 98
88 99
99 100
100 101
100 102
99 103
88 104
104 105
105 106
106 107
107 110
107 111
107 112
107 113
113 114
105 117
104 118
118 119
118 123
123 124
123 125
118 126
118 127
127 128
127 129
129 130
129 131
118 132
132 133
132 134
134 136
136 137
136 138
134 139
134 140
85 141
84 142
7 144
7 145
145 146
145 147
6 148
148 149
148 150
150 151
151 152
152 153
152 154
151 155
150 156
4 157
157 158
157 159
4 160
160 161
161 162
162 163
163 164
163 165
165 166
166 167
167 168
167 169
169 170
169 171
166 172
172 173
172 174
165 175
161 177
160 178
3 179
179 181
179 183
179 184
179 185
185 186
185 187
187 188
187 189
1 190
190 191
191 192
191 193
190 194
194 195
195 196
194 198
1 199
