100
153
153
131 40
130 47
137 130
135 28
134 46
139 103
24 0
26 49
27 50
20 33
21 115
23 6
28 92
0 125
4 99
8 1
120 68
121 32
122 107
123 100
124 16
125 116
127 63
128 140
58 4
55 26
57 120
50 72
53 110
52 20
115 104
117 5
116 21
111 96
110 121
112 60
82 66
81 131
119 150
87 85
84 11
85 84
108 53
103 43
100 77
101 37
106 65
107 118
104 30
39 91
33 139
32 108
30 79
37 82
35 2
60 135
61 122
63 112
65 93
66 137
68 23
69 69
2 124
6 14
99 117
91 76
93 44
92 147
94 89
97 134
96 24
11 52
10 81
13 94
14 152
16 55
18 145
89 101
150 106
152 39
49 8
46 18
47 13
44 27
43 127
40 10
118 87
1 111
5 35
147 57
145 143
142 123
143 71
140 58
77 142
76 74
74 97
72 128
71 61
79 119
136 133
133 132
132 131
129 130
141 137
137 136
136 135
133 134
138 139
146 138
25 24
31 25
25 26
25 27
19 20
22 21
29 22
22 23
25 28
34 29
7 0
3 4
9 8
117 119
117 120
117 121
117 122
117 123
117 124
126 125
133 126
126 127
129 128
132 129
117 118
67 59
59 58
56 55
64 54
56 57
117 56
54 51
48 50
54 53
51 52
114 115
138 114
117 88
90 89
109 111
109 110
114 113
113 112
83 82
86 83
117 80
80 81
88 86
88 87
83 84
86 85
7 3
31 7
109 108
113 109
149 102
102 103
98 100
98 101
105 106
105 107
105 104
149 105
38 39
41 38
34 33
31 32
38 31
29 30
36 37
38 36
34 35
36 34
59 60
62 61
66 62
62 63
72 64
64 65
70 66
73 67
67 68
70 69
3 2
3 6
98 99
102 98
90 91
117 90
90 93
90 92
98 95
95 94
95 97
95 96
12 11
9 10
12 13
17 12
17 15
15 14
25 17
15 16
25 19
19 18
138 117
117 116
153 151
149 150
153 152
51 48
48 49
45 46
48 47
45 44
48 45
45 42
42 43
41 40
42 41
0 1
3 5
25 9
148 146
146 147
146 144
144 145
141 142
144 143
138 140
148 141
151 148
151 149
78 77
75 76
117 75
73 74
80 73
75 72
70 71
117 70
78 79
117 78
