100
153
153
131 1
130 63
137 99
135 91
134 37
139 24
24 30
26 89
27 112
20 72
21 137
23 39
28 108
0 96
4 128
8 117
120 124
121 120
122 57
123 135
124 92
125 152
127 10
128 143
58 100
55 118
57 58
50 139
53 122
52 74
115 18
117 49
116 0
111 130
110 84
112 145
82 65
81 2
119 147
87 134
84 47
85 119
108 11
103 53
100 110
101 81
106 21
107 20
104 6
39 33
33 82
32 123
30 66
37 44
35 55
60 131
61 14
63 50
65 103
66 121
68 16
69 97
2 115
6 27
99 77
91 125
93 32
92 93
94 111
97 46
96 61
11 71
10 23
13 94
14 106
16 85
18 26
89 13
150 69
152 40
49 79
46 68
47 35
44 101
43 107
40 140
118 142
1 104
5 4
147 5
145 52
142 127
143 60
140 87
77 8
76 150
74 43
72 116
71 76
79 28
136 133
133 132
132 131
129 130
141 137
137 136
136 135
133 134
138 139
146 138
25 24
31 25
25 26
25 27
19 20
22 21
29 22
22 23
25 28
34 29
7 0
3 4
9 8
117 119
117 120
117 121
117 122
117 123
117 124
126 125
133 126
126 127
129 128
132 129
117 118
67 59
59 58
56 55
64 54
56 57
117 56
54 51
48 50
54 53
51 52
114 115
138 114
117 88
90 89
109 111
109 110
114 113
113 112
83 82
86 83
117 80
80 81
88 86
88 87
83 84
86 85
7 3
31 7
109 108
113 109
149 102
102 103
98 100
98 101
105 106
105 107
105 104
149 105
38 39
41 38
34 33
31 32
38 31
29 30
36 37
38 36
34 35
36 34
59 60
62 61
66 62
62 63
72 64
64 65
70 66
73 67
67 68
70 69
3 2
3 6
98 99
102 98
90 91
117 90
90 93
90 92
98 95
95 94
95 97
95 96
12 11
9 10
12 13
17 12
17 15
15 14
25 17
15 16
25 19
19 18
138 117
117 116
153 151
149 150
153 152
51 48
48 49
45 46
48 47
45 44
48 45
45 42
42 43
41 40
42 41
0 1
3 5
25 9
148 146
146 147
146 144
144 145
141 142
144 143
138 140
148 141
151 148
151 149
78 77
75 76
117 75
73 74
80 73
75 72
70 71
117 70
78 79
117 78
