100
153
153
133 133
131 131
137 137
135 135
138 138
24 24
26 26
27 27
20 20
23 23
28 28
29 29
0 0
4 4
8 8
121 121
122 122
123 123
124 124
125 125
127 127
128 128
118 118
59 59
58 58
55 55
56 56
51 51
52 52
115 115
88 88
111 111
110 110
113 113
82 82
83 83
80 80
119 119
87 87
85 85
3 3
7 7
108 108
103 103
100 100
101 101
106 106
107 107
105 105
38 38
31 31
30 30
37 37
35 35
34 34
60 60
61 61
63 63
65 65
67 67
68 68
69 69
2 2
98 98
91 91
90 90
95 95
97 97
11 11
10 10
13 13
15 15
14 14
17 17
16 16
19 19
117 117
48 48
49 49
46 46
44 44
45 45
43 43
41 41
5 5
9 9
146 146
144 144
142 142
140 140
148 148
149 149
77 77
75 75
74 74
73 73
72 72
71 71
70 70
79 79
134 133
147 132
130 131
147 130
136 137
139 136
134 135
136 134
141 139
139 138
25 24
32 25
25 26
25 27
21 20
22 21
25 22
22 23
25 28
25 29
1 0
12 4
12 8
120 119
132 120
120 121
120 122
120 123
120 124
126 125
132 126
126 127
129 128
147 129
116 118
60 59
57 58
54 55
64 54
64 57
57 56
50 51
53 50
60 53
53 52
116 115
129 114
89 88
93 89
112 111
109 110
114 113
114 112
81 82
81 83
81 80
84 81
92 86
86 87
120 84
86 85
4 3
6 7
109 108
112 109
152 102
104 103
99 100
102 101
104 106
104 107
152 104
104 105
40 39
39 38
39 33
33 32
32 31
25 30
36 37
39 36
36 35
33 34
71 60
62 61
66 62
62 63
71 64
66 65
72 66
66 67
66 68
66 69
1 2
12 6
102 99
99 98
92 91
89 90
94 93
93 92
94 95
96 94
96 97
104 96
12 11
8 10
12 13
21 12
12 15
12 14
18 17
12 16
18 19
22 18
116 117
130 116
153 151
151 150
153 152
47 48
50 49
47 46
54 47
45 44
47 45
47 42
42 43
42 40
40 41
8 1
6 5
8 9
147 146
151 147
143 144
150 145
143 142
145 143
141 140
145 141
147 148
150 149
78 77
78 76
76 75
72 74
72 73
76 72
72 71
66 70
78 79
84 78
