196
391
0
212 18
197 20
195 21
214 24
213 25
209 28
208 29
201 30
194 32
186 37
178 38
176 39
158 41
157 44
156 45
154 46
171 49
169 50
151 52
149 53
211 55
210 58
182 59
185 64
181 65
179 66
184 70
172 71
161 73
160 74
144 76
132 80
126 81
129 83
128 84
131 88
117 89
118 90
125 94
116 97
113 98
115 99
123 100
124 104
121 105
119 106
122 108
120 109
203 110
191 113
190 116
164 118
163 119
188 121
167 124
165 125
168 127
110 138
108 140
91 141
109 142
105 146
80 148
78 149
102 151
87 155
77 157
75 158
100 159
96 161
90 163
88 164
103 166
81 168
74 170
73 171
95 173
93 174
72 176
70 177
107 178
112 179
143 181
142 182
148 183
152 184
198 185
200 186
174 188
162 190
147 194
140 199
135 201
133 202
137 203
139 205
136 206
138 207
145 208
98 211
61 216
38 220
15 223
13 224
6 226
5 229
3 230
2 232
0 233
53 238
47 239
26 242
25 243
23 244
52 248
39 250
34 253
33 254
31 255
49 256
50 258
46 259
51 261
29 263
27 264
54 265
59 269
56 271
35 273
10 277
20 278
22 280
12 281
19 285
16 286
18 287
9 289
7 290
44 292
42 293
58 294
67 297
66 298
64 300
62 301
68 302
85 304
83 305
206 306
204 308
205 309
247 312
245 314
242 316
241 318
239 319
243 320
256 324
254 325
253 330
248 331
252 332
250 333
251 334
264 337
263 338
261 339
279 341
269 343
267 346
260 347
258 348
270 349
277 352
276 355
272 356
274 357
237 360
233 364
219 369
217 371
215 372
222 374
220 375
227 376
231 378
229 379
226 381
224 382
235 383
275 384
286 386
282 388
280 389
288 390
284 391
0 1
1 2
2 3
3 4
4 5
5 6
6 7
7 8
8 9
9 10
10 11
11 12
12 13
13 14
14 15
15 16
16 17
17 18
17 19
19 20
19 21
16 22
22 23
23 24
23 25
22 26
26 27
27 28
27 29
26 30
15 31
31 32
31 33
33 34
34 35
35 36
36 37
36 38
35 39
34 40
40 41
40 42
42 43
43 44
43 45
42 46
33 47
47 48
48 49
48 50
47 51
51 52
51 53
14 54
54 55
54 56
56 57
57 58
57 59
56 60
60 61
61 62
62 63
63 64
63 65
62 66
61 67
67 68
68 69
69 70
69 71
68 72
72 73
72 74
67 75
75 76
75 77
77 78
78 79
79 80
79 81
78 82
82 83
82 84
77 85
85 86
86 87
87 88
87 89
86 90
85 91
91 92
92 93
93 94
93 95
95 96
96 97
96 98
95 99
92 100
91 101
101 102
102 103
103 104
103 105
102 106
101 107
107 108
107 109
60 110
13 111
111 112
112 113
112 114
114 115
115 116
115 117
117 118
117 119
114 120
120 121
120 122
122 123
123 124
123 125
122 126
126 127
126 128
128 129
129 130
130 131
131 132
132 133
133 134
134 135
135 136
136 137
137 138
137 139
139 140
139 141
136 142
135 143
143 144
144 145
145 146
145 147
147 148
147 149
144 150
150 151
150 152
152 153
153 154
154 155
154 156
156 157
156 158
153 159
152 160
160 161
160 162
162 163
162 164
143 165
165 166
165 167
167 168
167 169
169 170
169 171
134 172
172 173
172 174
133 175
175 176
175 177
132 178
131 179
130 180
180 181
180 182
129 183
128 184
111 185
12 186
11 187
187 188
187 189
189 190
189 191
191 192
192 193
193 194
193 195
195 196
196 197
197 198
198 199
198 200
200 201
200 202
197 203
196 204
204 205
204 206
195 207
192 208
191 209
209 210
210 211
210 212
212 213
213 214
214 215
215 216
215 217
217 218
218 219
219 220
219 221
221 222
222 223
222 224
221 225
225 226
225 227
227 228
228 229
228 230
227 231
231 232
231 233
218 234
234 235
235 236
236 237
237 238
237 239
236 240
240 241
241 242
241 243
240 244
235 245
245 246
246 247
247 248
247 249
249 250
249 251
251 252
252 253
252 254
251 255
246 256
245 257
257 258
257 259
234 260
260 261
260 262
262 263
262 264
217 265
214 266
266 267
267 268
268 269
268 270
270 271
270 272
272 273
272 274
274 275
275 276
276 277
276 278
275 279
279 280
279 281
274 282
282 283
283 284
284 285
284 286
283 287
282 288
288 289
288 290
267 291
291 292
291 293
266 294
213 295
295 296
296 297
296 298
295 299
299 300
299 301
212 302
209 303
303 304
303 305
10 306
9 307
307 308
307 309
8 310
310 311
311 312
311 313
313 314
313 315
315 316
315 317
317 318
317 319
310 320
7 321
321 322
322 323
323 324
323 325
322 326
326 327
327 328
328 329
329 330
329 331
328 332
327 333
326 334
321 335
335 336
336 337
336 338
335 339
6 340
340 341
340 342
342 343
342 344
344 345
345 346
345 347
344 348
5 349
4 350
350 351
351 352
351 353
353 354
354 355
354 356
353 357
350 358
358 359
359 360
359 361
361 362
362 363
363 364
363 365
365 366
366 367
367 368
368 369
368 370
370 371
370 372
367 373
373 374
373 375
366 376
365 377
377 378
377 379
362 380
380 381
380 382
361 383
358 384
3 385
385 386
385 387
387 388
387 389
2 390
1 391
