197
271
270
217 217
214 214
213 213
210 210
211 211
265 265
219 219
133 133
132 132
131 131
137 137
136 136
134 134
139 139
138 138
166 166
24 24
25 25
250 250
27 27
20 20
21 21
22 22
160 160
29 29
161 161
0 0
4 4
163 163
271 271
120 120
121 121
122 122
123 123
267 267
125 125
126 126
264 264
128 128
129 129
118 118
59 59
55 55
57 57
56 56
258 258
53 53
52 52
201 201
199 199
179 179
200 200
195 195
196 196
190 190
193 193
192 192
115 115
114 114
117 117
111 111
110 110
113 113
112 112
82 82
83 83
80 80
81 81
87 87
165 165
85 85
251 251
207 207
256 256
206 206
226 226
257 257
177 177
254 254
7 7
255 255
244 244
181 181
109 109
241 241
240 240
103 103
100 100
101 101
106 106
107 107
104 104
39 39
38 38
33 33
32 32
30 30
37 37
35 35
34 34
246 246
252 252
223 223
176 176
62 62
259 259
64 64
66 66
67 67
68 68
69 69
175 175
174 174
253 253
172 172
171 171
198 198
203 203
222 222
249 249
248 248
183 183
180 180
2 2
186 186
187 187
184 184
6 6
188 188
189 189
221 221
99 99
98 98
168 168
169 169
229 229
228 228
91 91
90 90
93 93
224 224
95 95
94 94
97 97
96 96
10 10
13 13
12 12
15 15
14 14
17 17
16 16
18 18
88 88
204 204
151 151
150 150
153 153
154 154
157 157
156 156
159 159
238 238
234 234
235 235
236 236
230 230
231 231
232 232
233 233
48 48
49 49
46 46
45 45
42 42
43 43
40 40
41 41
1 1
9 9
146 146
147 147
144 144
145 145
142 142
143 143
140 140
141 141
77 77
75 75
73 73
71 71
79 79
78 78
262 262
261 261
260 260
218 216
218 217
212 214
216 215
215 212
212 213
209 210
212 211
263 264
266 265
266 218
220 219
134 133
130 132
130 131
135 130
135 137
135 136
164 135
164 165
135 139
135 138
167 166
23 24
23 25
31 26
28 27
19 20
23 21
21 22
26 23
161 160
38 28
28 29
164 161
3 0
5 4
26 8
268 263
162 163
124 119
270 271
247 258
119 120
119 121
119 122
124 123
127 124
130 125
125 126
135 127
127 128
130 129
270 269
270 268
225 224
116 118
247 134
58 59
60 58
54 55
65 54
58 57
60 56
60 51
60 50
54 53
51 52
247 259
247 164
202 201
197 199
178 179
197 200
194 195
197 194
209 197
197 196
232 191
191 190
194 193
191 192
116 115
108 114
89 88
125 116
108 111
108 110
108 113
108 112
76 82
84 83
76 80
76 81
89 86
86 87
89 84
86 85
247 251
208 207
247 256
205 206
227 226
247 257
23 3
178 177
247 254
8 7
269 247
247 255
227 225
232 178
243 244
119 108
108 109
242 241
239 240
263 243
243 242
108 102
102 103
108 100
102 101
105 106
108 107
105 104
119 105
270 245
38 39
56 38
31 33
31 32
36 31
31 30
38 37
50 36
36 35
31 34
245 246
247 252
209 205
220 223
175 176
61 60
65 61
61 62
72 63
63 64
72 65
65 66
65 67
65 68
70 69
232 175
173 174
178 173
173 172
170 171
197 198
202 203
220 222
182 181
247 253
247 248
191 182
182 183
178 180
3 2
164 162
185 187
185 184
5 6
225 220
185 186
185 188
185 189
208 202
220 221
232 185
100 99
95 98
167 168
170 169
228 229
239 228
92 91
89 90
92 93
108 92
100 95
95 94
95 97
95 96
28 11
11 10
11 13
11 12
11 15
11 14
11 17
11 16
23 19
19 18
116 117
247 250
135 89
205 204
152 151
149 150
152 153
162 152
164 155
155 154
155 157
155 156
158 159
164 158
237 238
245 239
232 234
232 235
237 236
263 237
228 230
232 231
242 232
232 233
47 48
50 49
47 46
63 47
51 44
44 45
38 42
44 43
38 40
38 41
0 1
23 5
8 9
140 146
148 147
140 144
140 145
140 142
140 143
148 140
140 141
216 209
215 208
149 148
158 149
76 77
89 76
74 75
84 74
74 73
95 72
70 71
76 70
76 79
76 78
247 170
247 249
247 262
228 227
247 261
247 260
247 167
268 267
269 266
