49
97
0
81 2
71 5
69 6
58 11
56 13
57 14
78 15
50 17
52 20
49 22
30 26
32 27
45 28
47 29
54 31
53 32
76 35
74 37
72 38
68 40
63 43
59 46
61 47
42 50
40 52
38 55
41 56
36 58
33 60
35 61
28 64
18 68
16 69
19 71
12 73
10 74
23 77
21 78
15 81
13 82
3 85
6 87
5 88
0 91
2 92
7 93
27 95
25 96
65 97
0 1
1 2
1 3
3 4
4 5
4 6
3 7
7 8
8 9
9 10
10 11
10 12
12 13
12 14
9 15
8 16
16 17
16 18
18 19
19 20
19 21
21 22
21 23
23 24
24 25
25 26
25 27
24 28
23 29
18 30
30 31
30 32
7 33
33 34
34 35
34 36
36 37
36 38
33 39
39 40
39 41
41 42
42 43
42 44
44 45
45 46
45 47
44 48
48 49
49 50
49 51
51 52
51 53
53 54
54 55
54 56
53 57
57 58
57 59
59 60
59 61
48 62
62 63
63 64
63 65
65 66
66 67
67 68
67 69
66 70
70 71
70 72
72 73
72 74
65 75
75 76
76 77
76 78
75 79
79 80
80 81
80 82
79 83
83 84
84 85
84 86
86 87
86 88
83 89
89 90
90 91
90 92
89 93
62 94
94 95
94 96
41 97
