49
97
0
38 17
35 20
33 21
36 22
41 23
40 24
28 27
23 31
21 32
15 35
13 36
7 41
2 43
0 44
3 45
6 46
5 47
19 50
12 52
10 53
18 55
16 56
27 58
25 59
42 60
61 61
59 62
63 63
65 64
68 65
76 66
74 68
72 69
78 70
57 73
50 74
54 77
53 78
52 82
49 84
47 86
45 88
32 90
30 91
58 92
56 93
71 95
69 96
81 97
0 1
1 2
2 3
3 4
4 5
5 6
6 7
7 8
8 9
9 10
10 11
11 12
12 13
13 14
14 15
15 16
16 17
16 18
18 19
19 20
19 21
18 22
15 23
14 24
13 25
25 26
26 27
26 28
28 29
29 30
30 31
30 32
29 33
33 34
34 35
34 36
33 37
37 38
38 39
39 40
40 41
40 42
42 43
42 44
39 45
38 46
37 47
28 48
48 49
49 50
49 51
51 52
51 53
48 54
54 55
54 56
25 57
57 58
57 59
12 60
11 61
10 62
9 63
8 64
7 65
6 66
5 67
67 68
67 69
4 70
3 71
71 72
72 73
72 74
71 75
75 76
76 77
76 78
75 79
79 80
80 81
81 82
81 83
83 84
83 85
85 86
85 87
87 88
87 89
89 90
89 91
80 92
79 93
2 94
94 95
94 96
1 97
