49
49
49
0 0
2 1
3 2
5 3
6 4
7 5
10 6
12 7
13 8
15 9
16 10
18 11
19 12
21 13
23 14
25 15
27 16
28 17
30 18
32 19
33 20
35 21
36 22
38 23
40 24
41 25
42 26
45 27
47 28
49 29
50 30
52 31
53 32
54 33
56 34
57 35
58 36
59 37
61 38
63 39
65 40
68 41
69 42
71 43
72 44
74 45
76 46
78 47
81 48
49 48
49 30
30 35
30 34
30 33
30 31
30 36
30 32
49 42
30 27
27 28
27 29
27 18
42 43
18 19
49 46
46 41
41 40
40 39
39 37
37 38
38 26
26 23
23 22
22 21
22 25
21 20
22 24
25 17
17 16
16 15
17 11
11 10
10 13
13 8
8 9
13 14
11 12
8 2
2 4
2 5
2 1
2 3
1 0
11 6
6 7
46 45
45 44
35 47
