49
82
82
56 3
54 63
42 71
50 7
61 54
63 56
49 42
68 16
69 15
81 35
53 36
25 18
27 49
21 41
23 23
47 81
45 47
28 53
40 12
41 33
0 52
3 38
2 78
5 58
7 57
6 69
76 25
38 50
72 10
71 21
59 28
78 13
10 61
13 68
12 40
15 5
58 74
16 30
19 65
18 72
57 27
30 59
36 6
35 19
52 45
33 76
74 0
32 2
65 32
55 56
79 77
55 54
43 42
51 48
44 43
62 60
60 61
64 62
64 63
66 64
48 49
67 66
75 67
67 68
70 69
82 80
51 52
51 53
29 24
26 25
29 26
26 27
24 20
22 21
24 22
22 23
48 46
46 47
62 44
46 45
26 28
43 29
39 40
39 41
8 1
1 0
4 3
1 2
4 5
9 4
8 7
4 6
14 9
9 8
79 78
55 51
44 39
66 65
75 76
77 75
37 38
77 73
73 72
70 71
80 70
60 59
80 79
55 58
20 11
11 10
14 13
11 12
14 15
22 14
20 17
17 16
20 19
17 18
46 31
31 30
39 37
34 36
34 35
37 34
34 33
79 55
73 74
31 32
80 81
55 57
51 50
