49
97
0
81 2
71 5
69 6
56 10
50 12
54 15
53 16
58 18
49 21
47 23
32 26
30 27
45 28
52 29
57 30
78 32
74 35
72 36
76 38
68 40
65 42
63 44
59 46
61 48
42 50
38 54
41 56
33 59
35 60
36 61
40 62
27 65
25 66
28 68
10 73
12 74
19 75
18 77
16 78
21 81
23 82
15 84
13 86
6 89
5 90
3 92
7 94
2 96
0 97
0 1
1 2
1 3
3 4
4 5
4 6
3 7
7 8
8 9
9 10
9 11
11 12
11 13
13 14
14 15
14 16
13 17
17 18
17 19
19 20
20 21
20 22
22 23
22 24
24 25
25 26
25 27
24 28
19 29
8 30
7 31
31 32
31 33
33 34
34 35
34 36
33 37
37 38
37 39
39 40
39 41
41 42
41 43
43 44
43 45
45 46
45 47
47 48
47 49
49 50
49 51
51 52
52 53
53 54
53 55
55 56
55 57
57 58
58 59
58 60
57 61
52 62
51 63
63 64
64 65
64 66
63 67
67 68
67 69
69 70
70 71
71 72
72 73
72 74
71 75
70 76
76 77
76 78
69 79
79 80
80 81
80 82
79 83
83 84
83 85
85 86
85 87
87 88
88 89
88 90
87 91
91 92
91 93
93 94
93 95
95 96
95 97
