98
169
0
123 17
103 20
101 21
76 24
74 26
73 25
72 29
68 31
67 30
112 33
124 35
116 37
110 40
108 42
107 43
99 47
97 48
96 50
94 51
93 53
87 55
86 57
84 58
114 60
61 66
56 69
54 71
52 72
58 74
59 75
66 77
65 78
63 80
90 81
104 83
91 85
89 86
83 91
82 92
70 93
49 97
36 101
16 104
14 105
12 107
6 109
5 111
3 112
33 119
31 120
27 122
25 124
23 125
18 127
17 126
11 130
10 132
8 133
29 135
22 137
20 138
2 140
0 141
43 144
41 145
40 147
38 148
47 150
45 151
50 152
77 155
79 156
80 157
126 159
125 160
121 162
120 164
119 165
136 166
142 167
140 169
138 170
147 173
145 174
143 175
144 176
150 178
148 179
151 180
153 181
157 183
131 187
130 190
127 191
129 192
134 193
155 194
159 195
0 1
1 2
2 3
3 4
4 5
5 6
6 7
7 8
8 9
9 10
10 11
11 12
12 13
13 17
13 18
18 19
19 20
19 21
18 22
22 24
22 25
25 26
22 28
28 29
28 30
30 31
13 33
13 35
13 36
36 37
36 38
38 40
38 42
38 43
38 45
45 46
46 47
46 48
45 49
49 50
49 51
38 52
52 53
52 54
54 55
54 57
54 58
13 59
59 60
59 61
61 62
62 64
64 65
65 66
65 68
68 69
68 70
70 71
70 72
65 73
73 74
73 75
64 77
64 78
78 80
62 81
62 82
82 83
82 85
82 86
61 87
87 88
88 89
89 90
90 91
90 92
89 93
88 94
94 95
95 96
96 97
96 99
99 101
99 102
102 103
103 104
103 105
102 106
106 107
106 108
108 109
108 110
110 111
110 112
99 113
113 114
114 116
116 119
116 120
116 121
121 122
121 123
123 124
123 125
116 126
126 127
114 129
129 130
129 131
131 132
131 133
114 134
134 135
134 136
136 137
136 138
113 139
139 140
139 141
96 142
142 143
143 144
143 145
142 146
146 147
146 148
95 149
149 150
149 151
94 152
87 154
154 155
154 156
87 157
12 158
158 159
158 160
11 161
161 162
161 164
161 165
10 166
9 167
8 168
168 169
168 170
7 172
172 173
172 174
7 175
6 176
5 177
177 178
177 179
4 180
3 181
2 182
182 183
182 184
184 185
185 186
186 187
186 188
188 190
188 191
188 192
185 193
184 194
1 195
