98
160
1
97 12
67 17
93 19
124 21
65 37
63 38
70 46
17 54
3 72
50 73
80 74
0 75
2 76
5 77
6 78
8 79
10 80
11 81
12 82
14 83
16 84
18 85
20 86
22 87
23 88
25 89
27 90
29 91
31 92
33 93
36 94
38 95
40 96
41 97
43 98
45 99
47 100
49 101
52 102
54 103
56 104
58 105
59 106
61 107
66 108
68 109
72 110
73 111
74 112
76 113
77 114
79 115
82 116
83 117
84 118
86 119
87 120
89 121
90 122
91 123
94 124
96 125
99 126
101 127
103 128
104 129
107 130
108 131
110 132
112 133
114 134
116 135
119 136
120 137
121 138
123 139
125 140
126 141
127 142
129 143
130 144
131 145
134 146
136 147
138 148
140 149
142 150
143 151
144 152
145 153
147 154
148 155
150 156
151 157
153 158
155 159
157 160
159 161
1 2
2 3
3 4
4 5
4 6
4 7
3 8
2 9
9 10
10 11
11 12
10 13
2 14
14 15
15 16
16 17
14 18
18 19
18 20
2 21
2 22
22 23
23 24
24 25
23 26
26 27
27 28
27 29
29 30
29 31
31 32
32 33
23 34
22 35
2 36
36 37
37 38
37 39
39 40
39 41
36 42
42 43
36 44
2 45
45 46
45 47
47 48
48 49
49 50
50 51
50 52
52 53
53 54
53 55
55 56
56 57
55 58
58 59
53 60
53 61
53 62
62 63
52 64
64 65
64 66
66 67
66 68
64 69
69 70
69 71
69 72
49 73
48 74
60 75
60 76
71 77
69 78
57 79
57 80
56 81
70 82
68 83
65 84
54 85
63 86
63 87
59 88
58 89
55 90
62 91
61 92
55 93
67 94
50 95
50 96
50 97
51 98
49 99
49 100
49 101
43 102
41 103
43 104
37 105
39 106
39 107
40 108
17 109
16 110
15 111
15 112
15 113
47 114
47 115
45 116
45 117
18 118
18 119
20 120
44 121
42 122
44 123
13 124
13 125
11 126
14 127
14 128
44 129
10 130
10 131
10 132
2 133
3 134
9 135
8 136
8 137
8 138
3 139
3 140
3 141
32 142
33 143
32 144
31 145
29 146
35 147
6 148
5 149
7 150
34 151
34 152
34 153
34 154
25 155
24 156
28 157
28 158
30 159
29 160
26 161
