98
160
160
131 91
130 124
136 38
134 110
138 138
25 108
27 22
20 86
22 16
23 70
29 123
0 153
8 61
119 126
120 10
121 56
123 29
124 17
125 121
126 5
127 148
129 2
59 49
58 80
54 23
56 144
50 54
52 114
114 143
116 112
110 93
112 116
82 67
83 3
80 119
86 101
87 27
84 136
3 76
108 127
103 47
101 65
107 58
104 125
38 90
33 73
31 87
36 43
61 68
63 157
65 14
66 77
67 104
68 0
2 72
6 50
99 6
91 94
90 140
93 31
94 120
97 66
96 41
11 40
10 129
12 155
14 99
17 142
16 11
18 150
89 131
151 103
150 25
153 145
155 151
157 18
159 45
49 130
47 8
45 159
43 36
40 79
41 59
5 63
147 12
144 33
145 134
142 83
143 96
140 147
148 52
77 84
76 74
74 20
73 107
72 97
70 82
79 89
156 133
133 132
132 131
128 130
141 137
137 136
137 135
133 134
141 139
139 138
32 24
24 25
32 26
26 27
21 20
28 21
21 22
24 23
30 28
28 29
1 0
7 4
9 8
118 119
118 120
118 121
135 122
122 123
122 124
122 125
122 126
128 127
132 128
128 129
135 118
60 59
57 58
57 55
53 54
60 57
55 56
69 51
51 50
55 53
53 52
118 115
115 114
105 88
88 89
117 111
111 110
122 113
113 112
81 82
81 83
78 80
118 81
85 86
85 87
85 84
92 85
4 3
13 7
106 108
113 109
109 102
102 103
106 100
102 101
111 106
106 107
105 104
115 105
42 39
39 38
32 33
34 32
32 31
34 30
44 37
35 36
37 35
35 34
62 60
62 61
64 62
64 63
88 64
64 65
64 66
71 67
67 68
78 69
1 2
7 6
98 99
100 98
88 91
88 90
92 93
106 92
100 95
95 94
98 97
95 96
9 11
9 10
19 13
13 12
19 15
15 14
26 17
15 16
37 19
17 18
122 117
117 116
152 151
149 150
154 153
154 152
156 155
158 154
156 157
158 156
158 159
160 158
51 48
48 49
48 46
46 47
48 44
46 45
44 42
42 43
39 40
42 41
30 1
4 5
32 9
149 146
146 147
141 144
146 145
141 142
141 143
139 140
146 141
149 148
152 149
78 77
75 76
109 75
73 74
75 73
71 72
75 71
69 70
78 79
81 78
