100
149
149
132 132
130 130
137 137
136 136
135 135
134 134
139 139
24 24
25 25
27 27
20 20
22 22
23 23
29 29
0 0
4 4
8 8
119 119
121 121
122 122
124 124
125 125
128 128
59 59
54 54
57 57
51 51
53 53
115 115
114 114
117 117
116 116
111 111
112 112
83 83
80 80
81 81
86 86
84 84
3 3
109 109
103 103
100 100
101 101
106 106
107 107
104 104
39 39
38 38
33 33
32 32
30 30
37 37
36 36
35 35
60 60
62 62
63 63
64 64
65 65
66 66
67 67
69 69
2 2
6 6
98 98
91 91
92 92
95 95
94 94
96 96
11 11
12 12
15 15
14 14
17 17
18 18
88 88
89 89
49 49
46 46
47 47
44 44
45 45
42 42
40 40
9 9
146 146
145 145
142 142
143 143
140 140
141 141
77 77
76 76
75 75
73 73
72 72
71 71
78 78
149 133
131 132
133 131
129 130
135 137
135 136
138 135
133 134
138 139
144 138
21 24
26 25
28 26
26 27
19 20
28 21
21 22
21 23
31 28
28 29
1 0
5 4
7 8
118 119
127 120
120 121
123 122
126 123
123 124
126 125
127 126
147 127
129 128
131 129
120 118
58 59
68 58
56 55
55 54
58 57
61 56
50 51
56 50
52 53
70 52
135 115
113 114
87 88
90 89
110 111
115 110
135 113
113 112
85 82
82 83
79 80
82 81
87 86
102 87
85 84
95 85
1 3
10 7
140 108
110 109
140 102
102 103
99 100
102 101
105 106
108 107
105 104
108 105
38 39
48 38
34 33
31 32
34 31
28 30
34 37
34 36
34 35
41 34
61 60
68 61
61 62
61 63
61 64
61 65
61 66
61 67
70 68
70 69
1 2
5 6
140 99
99 98
90 91
108 90
97 93
93 92
102 95
93 94
140 97
97 96
10 11
16 10
21 13
13 12
16 15
13 14
16 17
28 16
21 19
19 18
118 117
115 116
52 48
50 49
43 46
48 47
43 44
43 45
43 42
52 43
41 40
55 41
7 1
7 5
7 9
147 146
148 147
149 144
144 145
140 142
140 143
148 140
140 141
149 148
102 77
74 76
74 75
77 74
74 73
70 72
70 71
87 70
97 79
79 78
