97
161
0
61 5
59 6
125 9
123 10
124 12
121 13
115 15
113 17
104 19
101 21
93 23
92 25
90 26
83 28
73 29
69 31
68 32
67 33
65 34
76 36
75 37
94 39
91 41
78 42
89 45
88 46
87 47
85 48
80 49
79 50
96 52
82 54
72 56
70 57
100 61
98 62
112 64
110 65
108 67
106 68
64 70
62 71
56 74
43 77
41 78
7 81
5 82
34 84
27 85
26 86
24 87
37 89
35 91
30 92
33 94
32 95
22 97
4 99
2 101
0 102
44 104
49 105
48 106
54 107
53 108
13 110
12 111
11 112
10 113
8 114
21 116
19 117
47 119
28 120
51 122
50 123
16 125
40 127
18 129
17 130
14 131
132 134
129 136
128 138
126 139
120 141
119 143
117 144
149 146
143 149
141 151
142 153
137 155
138 157
135 158
147 160
145 161
0 1
1 2
2 3
3 4
4 5
4 6
4 7
7 8
8 9
8 10
8 11
11 12
11 13
11 14
14 15
14 16
16 17
16 18
18 19
18 20
20 21
20 22
22 23
22 24
24 25
24 26
24 27
27 28
27 29
27 30
30 31
30 32
30 33
30 34
24 35
35 36
35 37
35 38
38 39
38 40
40 41
40 42
18 43
43 44
44 45
44 46
44 47
44 48
44 49
44 50
43 51
51 52
51 53
53 54
53 55
55 56
55 57
18 58
58 59
59 60
60 61
60 62
59 63
63 64
63 65
58 66
66 67
66 68
7 69
69 70
69 71
3 72
72 73
73 74
73 75
75 76
76 77
76 78
76 79
79 80
80 81
80 82
80 83
83 84
83 85
83 86
83 87
83 88
88 89
88 90
90 91
90 92
83 93
93 94
93 95
79 96
96 97
96 98
98 99
98 100
100 101
100 102
75 103
103 104
103 105
103 106
103 107
103 108
103 109
109 110
109 111
109 112
109 113
109 114
103 115
115 116
115 117
103 118
118 119
118 120
103 121
121 122
121 123
72 124
124 125
124 126
126 127
126 128
128 129
128 130
128 131
2 132
132 133
133 134
133 135
135 136
135 137
137 138
137 139
132 140
140 141
140 142
142 143
142 144
1 145
145 146
145 147
147 148
148 149
148 150
150 151
150 152
152 153
152 154
154 155
154 156
156 157
156 158
147 159
159 160
159 161
