97
165
0
68 18
65 19
69 20
67 21
73 22
83 23
94 28
78 29
76 31
75 32
91 33
92 35
90 12
93 37
101 38
96 42
82 44
72 46
70 47
89 51
80 52
88 54
85 55
87 57
79 58
108 63
106 64
100 66
98 67
112 69
110 70
104 71
113 72
115 73
121 74
124 75
123 77
64 80
62 81
61 83
59 85
56 88
37 94
34 97
26 99
24 100
27 101
35 104
30 105
33 107
32 108
7 110
5 111
22 113
4 115
2 117
0 118
51 125
50 126
48 127
49 128
28 131
21 133
19 134
47 136
43 138
41 139
44 140
54 142
53 144
13 149
10 150
12 151
11 152
8 153
40 156
18 159
17 160
16 161
14 162
125 163
132 166
129 168
128 170
126 171
119 173
120 175
117 176
142 182
138 185
135 186
137 187
141 188
143 189
147 191
145 192
149 193
0 1
1 2
2 3
3 4
4 5
5 7
7 8
8 9
9 10
10 11
11 12
12 13
13 15
15 18
15 19
15 20
15 21
13 22
13 23
12 26
26 27
27 28
27 29
26 31
26 32
12 33
12 35
11 37
10 38
9 39
39 40
40 41
41 42
41 43
43 44
43 45
45 46
45 47
40 48
48 51
48 52
48 54
48 55
48 56
56 57
56 58
39 60
60 61
61 62
62 63
62 64
61 65
65 66
65 67
60 68
68 69
68 70
39 71
8 72
7 73
5 74
5 75
4 77
4 78
78 80
78 81
78 82
82 83
82 84
84 85
84 86
86 87
87 88
87 89
89 90
90 91
91 92
92 93
93 94
93 97
93 99
93 100
93 101
92 103
103 104
103 105
92 106
106 107
106 108
91 110
91 111
90 112
112 113
112 114
114 115
114 116
116 117
116 118
89 119
119 121
121 122
122 124
124 125
124 126
122 127
122 128
121 130
130 131
130 132
132 133
132 134
121 136
121 137
137 138
137 139
119 140
119 141
141 142
141 143
143 144
143 145
145 149
145 150
145 151
145 152
145 153
86 154
154 155
155 156
155 158
158 159
158 160
155 161
154 162
3 163
2 164
164 165
165 166
165 167
167 168
167 169
169 170
169 171
164 172
172 173
172 174
174 175
174 176
1 177
177 178
178 179
179 180
180 181
181 182
181 183
183 184
184 185
184 186
183 187
180 188
179 189
178 190
190 191
190 192
177 193
