97
97
97
0 0
2 1
4 2
5 3
7 4
8 5
10 6
11 7
12 8
13 9
14 10
16 11
17 12
18 13
19 14
21 15
22 16
24 17
26 18
27 19
28 20
30 21
32 22
33 23
34 24
35 25
37 26
40 27
41 28
43 29
44 30
47 31
48 32
49 33
50 34
51 35
53 36
54 37
56 38
59 39
61 40
62 41
64 42
65 43
67 44
68 45
69 46
70 47
72 48
73 49
75 50
76 51
78 52
79 53
80 54
82 55
83 56
85 57
87 58
88 59
89 60
90 61
91 62
92 63
93 64
94 65
96 66
98 67
100 68
101 69
104 70
106 71
108 72
110 73
112 74
113 75
115 76
117 77
119 78
120 79
121 80
123 81
124 82
125 83
126 84
128 85
129 86
132 87
135 88
137 89
138 90
141 91
142 92
143 93
145 94
147 95
149 96
97 96
97 94
94 95
94 93
93 91
93 90
90 89
90 88
97 77
77 78
77 79
78 87
87 86
86 85
85 84
87 83
83 41
41 42
83 81
41 39
83 40
83 76
83 82
76 75
42 80
75 58
58 53
53 60
53 57
53 54
53 59
58 66
53 70
58 61
61 46
46 43
61 50
61 56
61 63
46 45
61 49
61 52
61 64
46 44
52 65
61 51
61 62
61 69
53 47
47 48
47 55
70 72
70 73
72 71
55 67
73 74
53 68
39 8
8 6
8 7
8 9
8 5
8 32
32 33
32 29
29 28
29 25
25 17
17 18
17 19
17 24
17 4
4 3
17 26
17 22
17 23
32 35
17 21
32 14
32 20
32 34
4 0
0 1
1 2
14 15
32 31
32 36
2 16
32 37
32 30
26 38
14 13
13 12
12 27
12 10
12 11
91 92
