97
150
150
132 80
137 92
135 119
138 141
24 62
26 70
27 108
21 35
22 67
28 126
0 147
4 26
8 17
120 54
121 41
123 112
124 27
125 5
126 13
128 40
129 82
59 149
54 121
56 30
51 16
50 75
53 49
115 4
117 72
89 53
110 123
113 37
112 33
82 65
83 106
80 56
119 143
87 87
85 96
7 11
108 101
100 104
101 22
106 32
104 129
33 48
32 117
30 47
37 7
35 19
34 110
61 94
62 10
64 98
65 43
67 137
68 89
69 125
2 0
98 2
91 145
90 69
93 135
92 142
94 24
96 132
11 115
10 64
13 124
12 8
14 61
17 85
16 68
19 100
18 93
88 51
48 76
49 28
47 79
44 34
43 120
40 50
41 78
5 44
147 18
145 88
142 21
143 113
141 128
149 59
76 73
75 83
73 90
72 12
70 138
79 14
78 91
134 133
131 132
133 131
134 130
136 137
139 136
136 135
148 134
140 139
139 138
25 24
31 25
25 26
25 27
29 20
20 21
23 22
36 23
29 28
46 29
1 0
3 4
9 8
118 119
118 120
122 121
130 122
122 123
122 124
122 125
127 126
131 127
127 128
127 129
133 118
60 59
60 58
57 55
52 54
58 57
57 56
52 51
46 50
52 53
55 52
116 115
116 114
86 88
86 89
114 111
109 110
114 113
111 112
81 82
84 83
79 80
97 81
95 86
86 87
90 84
86 85
23 3
6 7
109 108
111 109
103 102
105 103
99 100
102 101
107 106
109 107
105 104
107 105
58 39
42 38
31 33
31 32
36 31
31 30
38 37
38 36
31 35
31 34
63 60
60 61
63 62
130 63
63 64
66 65
84 66
66 67
66 68
66 69
1 2
31 6
109 99
99 98
90 91
102 90
90 93
90 92
97 95
90 94
103 97
95 96
9 11
9 10
9 13
9 12
39 15
15 14
15 17
15 16
20 19
15 18
118 117
122 116
46 48
46 49
55 46
46 47
45 44
46 45
46 42
42 43
39 40
42 41
3 1
6 5
45 9
148 146
146 147
146 144
146 145
140 142
144 143
144 140
140 141
150 148
148 149
90 77
77 76
74 75
84 74
74 73
71 72
81 71
71 70
86 79
77 78
