97
162
0
149 3
147 6
145 7
143 9
141 11
142 13
137 16
135 17
138 18
120 21
117 23
119 24
132 27
126 30
128 31
129 32
125 36
123 38
124 41
115 43
113 45
101 48
93 50
92 54
75 57
78 59
94 60
76 61
90 51
91 64
73 66
83 68
65 70
68 73
67 74
69 75
104 77
112 82
100 84
98 85
106 87
108 88
110 89
96 92
72 95
70 96
82 97
85 101
79 102
87 104
88 106
89 107
80 108
121 109
62 111
64 112
61 114
59 116
40 120
16 121
14 123
17 125
18 126
56 128
21 130
44 134
54 136
11 140
13 142
12 144
8 145
10 146
53 147
47 149
28 152
19 153
48 155
49 157
51 159
50 160
41 163
43 164
7 167
34 171
26 173
27 176
37 177
24 178
32 181
33 182
30 184
35 185
5 186
22 188
4 190
2 192
0 193
0 1
1 2
2 3
2 4
4 5
5 6
5 7
4 8
8 9
8 10
10 11
10 12
12 13
12 14
14 15
15 16
15 17
14 18
1 19
19 20
20 21
20 22
22 23
22 24
19 25
25 26
26 27
26 28
28 29
29 30
29 31
28 32
25 33
33 35
35 36
35 38
35 39
39 41
39 42
42 43
42 44
44 45
44 46
46 47
47 48
47 49
49 50
49 51
51 54
51 55
55 57
55 58
58 59
58 60
55 61
51 64
51 65
65 66
65 68
65 69
69 70
69 73
69 74
69 75
46 76
76 77
76 79
79 80
80 81
81 82
81 83
83 84
83 85
80 86
86 87
86 88
79 89
76 90
90 91
91 92
91 93
93 94
94 95
94 96
93 97
90 98
98 101
98 102
102 104
98 106
98 107
98 108
39 109
33 110
110 111
110 112
33 113
113 114
113 115
115 116
115 117
117 118
118 120
118 121
118 122
122 123
122 125
122 126
117 127
127 128
127 129
129 130
129 132
132 134
132 135
135 136
135 137
137 138
138 140
138 142
138 144
138 145
138 146
137 147
132 149
132 150
150 151
151 152
151 153
150 154
154 155
154 157
154 158
158 159
158 160
129 161
161 163
161 164
161 165
165 166
166 167
166 169
169 170
170 171
170 173
170 176
170 177
170 178
169 180
180 181
180 182
169 183
183 184
183 185
166 186
165 187
187 188
187 189
189 190
189 191
191 192
191 193
