97
150
150
132 132
137 137
135 135
138 138
24 24
26 26
27 27
21 21
22 22
28 28
0 0
4 4
8 8
120 120
121 121
123 123
124 124
125 125
126 126
128 128
129 129
59 59
54 54
56 56
51 51
50 50
53 53
115 115
117 117
89 89
110 110
113 113
112 112
82 82
83 83
80 80
119 119
87 87
85 85
7 7
108 108
100 100
101 101
106 106
104 104
33 33
32 32
30 30
37 37
35 35
34 34
61 61
62 62
64 64
65 65
67 67
68 68
69 69
2 2
98 98
91 91
90 90
93 93
92 92
94 94
96 96
11 11
10 10
13 13
12 12
14 14
17 17
16 16
19 19
18 18
88 88
48 48
49 49
47 47
44 44
43 43
40 40
41 41
5 5
147 147
145 145
142 142
143 143
141 141
149 149
76 76
75 75
73 73
72 72
70 70
79 79
78 78
134 133
131 132
133 131
134 130
136 137
139 136
136 135
148 134
140 139
139 138
25 24
31 25
25 26
25 27
29 20
20 21
23 22
36 23
29 28
46 29
1 0
3 4
9 8
118 119
118 120
122 121
130 122
122 123
122 124
122 125
127 126
131 127
127 128
127 129
133 118
60 59
60 58
57 55
52 54
58 57
57 56
52 51
46 50
52 53
55 52
116 115
116 114
86 88
86 89
114 111
109 110
114 113
111 112
81 82
84 83
79 80
97 81
95 86
86 87
90 84
86 85
23 3
6 7
109 108
111 109
103 102
105 103
99 100
102 101
107 106
109 107
105 104
107 105
58 39
42 38
31 33
31 32
36 31
31 30
38 37
38 36
31 35
31 34
63 60
60 61
63 62
130 63
63 64
66 65
84 66
66 67
66 68
66 69
1 2
31 6
109 99
99 98
90 91
102 90
90 93
90 92
97 95
90 94
103 97
95 96
9 11
9 10
9 13
9 12
39 15
15 14
15 17
15 16
20 19
15 18
118 117
122 116
46 48
46 49
55 46
46 47
45 44
46 45
46 42
42 43
39 40
42 41
3 1
6 5
45 9
148 146
146 147
146 144
146 145
140 142
144 143
144 140
140 141
150 148
148 149
90 77
77 76
74 75
84 74
74 73
71 72
81 71
71 70
86 79
77 78
