478
955
0
422 18
419 22
418 23
401 25
356 27
334 29
317 31
315 32
411 33
406 36
408 38
396 41
377 45
355 47
306 51
303 52
348 54
305 55
346 56
369 58
368 59
332 61
331 64
329 65
310 68
309 69
307 70
393 76
359 77
357 78
351 80
338 83
336 85
337 87
335 88
341 92
294 95
292 98
288 99
291 100
293 103
290 104
264 107
263 108
262 109
297 111
295 112
300 115
302 117
339 118
328 121
321 122
326 124
299 126
298 127
376 128
395 133
392 134
394 135
391 138
349 139
352 140
387 142
385 143
417 145
416 146
431 151
430 153
426 154
409 157
424 159
381 161
379 162
405 165
345 170
325 173
323 174
320 176
318 177
344 178
343 179
313 182
272 187
287 189
269 190
246 195
243 196
245 198
240 200
175 204
173 205
207 208
192 211
190 213
178 214
5 219
3 220
36 222
38 223
126 226
124 227
0 233
2 234
8 236
6 237
28 238
32 239
54 241
31 243
30 244
166 250
163 251
165 252
159 257
154 260
136 262
87 264
45 266
43 267
152 268
158 269
110 271
108 272
148 274
146 275
62 278
58 281
61 283
60 284
59 285
18 289
15 290
16 291
17 292
100 297
101 302
96 304
57 308
56 309
55 310
47 313
46 314
48 315
99 316
98 318
97 319
41 321
23 324
24 327
19 328
22 329
21 330
50 335
130 336
111 337
105 338
104 339
102 340
119 344
118 345
128 353
132 354
127 355
83 359
81 360
75 363
73 364
33 365
69 367
39 369
14 371
12 372
129 375
86 376
113 377
131 379
52 380
116 382
84 383
117 384
35 385
144 390
141 393
140 394
138 396
77 398
76 399
142 400
135 402
133 403
157 406
155 407
151 409
150 410
199 412
197 413
271 416
268 417
267 422
251 423
265 424
248 426
242 429
234 431
232 432
231 436
229 437
220 439
212 442
205 445
202 447
200 448
204 452
181 453
195 454
183 455
172 462
169 464
167 465
170 466
176 467
196 468
194 469
193 470
239 474
237 479
223 481
221 482
226 485
216 486
224 488
210 490
208 491
235 492
189 494
187 495
218 496
94 507
91 509
66 510
63 511
93 512
80 514
78 515
89 516
27 518
25 519
92 520
65 521
68 522
162 528
161 529
184 531
186 532
120 533
123 537
72 540
71 541
11 543
9 544
121 545
67 546
122 547
261 549
259 552
249 553
257 554
283 555
276 559
282 564
277 565
274 567
273 568
278 569
280 570
284 571
285 574
256 578
254 579
255 580
252 581
281 584
279 585
275 586
286 587
312 588
404 589
427 591
423 592
390 595
388 596
398 598
397 599
420 601
425 603
428 605
403 606
429 607
649 609
432 610
650 616
641 617
644 618
646 619
645 621
468 625
438 626
437 627
457 629
443 631
442 632
449 637
446 639
444 640
447 641
450 643
648 645
643 647
453 649
451 650
461 652
459 653
647 654
465 657
384 661
372 664
370 665
354 667
353 668
373 671
367 674
366 676
365 677
363 680
360 681
364 682
362 683
382 684
472 690
436 692
414 694
412 695
434 696
466 701
462 702
464 703
400 704
467 705
470 707
456 709
454 710
441 712
439 713
655 715
653 716
662 717
659 720
640 722
638 723
657 726
630 730
619 732
615 734
613 735
634 737
636 738
632 740
627 744
625 746
618 748
616 749
628 750
624 753
623 754
621 755
651 756
666 757
663 758
665 759
671 761
669 763
668 764
675 767
608 769
600 771
593 778
597 780
592 781
595 782
596 784
588 785
590 786
587 788
581 790
586 792
579 793
584 795
582 796
571 802
476 806
475 808
473 809
549 811
477 812
479 813
569 815
552 817
550 818
559 823
575 826
574 827
563 828
612 833
610 834
577 836
576 837
555 839
553 840
573 843
570 845
567 846
560 847
558 848
578 850
566 852
564 853
526 859
534 861
518 867
536 868
531 870
529 873
517 874
499 876
497 877
493 880
491 881
502 882
480 889
482 891
484 892
515 896
514 898
513 900
506 901
523 903
512 904
504 905
533 906
487 908
485 909
521 910
525 913
510 915
509 916
507 920
490 922
500 924
488 925
494 926
496 927
520 928
537 929
539 930
547 935
545 937
543 938
544 939
546 940
541 941
561 942
673 944
607 947
605 951
604 952
601 953
603 954
606 955
0 1
1 2
2 3
3 4
4 5
5 6
6 7
7 8
8 9
9 10
10 11
11 12
12 13
13 14
14 15
15 16
16 17
17 18
17 19
19 20
20 21
21 22
21 23
20 24
24 25
24 26
26 27
26 28
28 29
28 30
30 31
30 32
19 33
16 34
34 35
35 36
35 37
37 38
37 39
39 40
40 41
40 42
42 43
43 44
44 45
44 46
46 47
46 48
48 49
49 50
50 51
50 52
49 53
53 54
53 55
48 56
43 57
57 58
57 59
42 60
60 61
60 62
62 63
63 64
63 65
62 66
66 67
67 68
67 69
66 70
39 71
71 72
72 73
73 74
74 75
75 76
75 77
74 78
73 79
79 80
79 81
81 82
82 83
82 84
84 85
84 86
86 87
86 88
81 89
89 90
90 91
91 92
91 93
93 94
94 95
94 96
96 97
97 98
97 99
96 100
93 101
101 102
102 103
102 104
101 105
105 106
106 107
106 108
105 109
90 110
110 111
110 112
89 113
113 114
114 115
114 116
116 117
116 118
113 119
119 120
120 121
120 122
119 123
123 124
123 125
125 126
125 127
72 128
71 129
129 130
130 131
131 132
132 133
132 134
131 135
130 136
136 137
137 138
137 139
136 140
129 141
141 142
141 143
34 144
144 145
144 146
15 147
147 148
148 149
149 150
150 151
150 152
152 153
152 154
149 155
155 156
156 157
156 158
158 159
158 160
160 161
160 162
155 163
163 164
164 165
164 166
166 167
167 168
168 169
169 170
169 171
171 172
172 173
172 174
171 175
175 176
175 177
168 178
167 179
166 180
180 181
181 182
181 183
183 184
184 185
185 186
186 187
186 188
188 189
188 190
185 191
191 192
192 193
193 194
194 195
194 196
193 197
197 198
197 199
199 200
199 201
201 202
202 203
203 204
203 205
202 206
206 207
207 208
207 209
209 210
210 211
210 212
212 213
212 214
209 215
215 216
216 217
217 218
218 219
218 220
217 221
221 222
221 223
216 224
224 225
225 226
225 227
224 228
228 229
229 230
230 231
231 232
232 233
232 234
231 235
235 236
235 237
230 238
229 239
228 240
240 241
240 242
242 243
242 244
215 245
245 246
246 247
247 248
248 249
249 250
249 251
248 252
247 253
253 254
254 255
255 256
256 257
256 258
258 259
259 260
259 261
261 262
261 263
263 264
263 265
265 266
265 267
258 268
255 269
254 270
270 271
270 272
253 273
273 274
273 275
246 276
276 277
277 278
277 279
279 280
280 281
280 282
282 283
282 284
279 285
276 286
286 287
287 288
288 289
288 290
287 291
286 292
245 293
293 294
294 295
295 296
296 297
296 298
298 299
299 300
300 301
301 302
301 303
303 304
303 305
305 306
306 307
307 308
307 309
306 310
305 311
311 312
312 313
312 314
311 315
300 316
299 317
317 318
317 319
298 320
320 321
320 322
322 323
323 324
323 325
325 326
326 327
326 328
325 329
322 330
295 331
331 332
332 333
333 334
334 335
334 336
333 337
332 338
331 339
294 340
293 341
341 342
342 343
343 344
343 345
342 346
346 347
347 348
348 349
349 350
350 351
351 352
352 353
352 354
351 355
350 356
356 357
357 358
358 359
358 360
357 361
361 362
362 363
362 364
361 365
356 366
366 367
366 368
368 369
368 370
370 371
370 372
349 373
373 374
374 375
374 376
373 377
348 378
378 379
378 380
347 381
381 382
381 383
346 384
341 385
206 386
386 387
387 388
388 389
389 390
389 391
391 392
392 393
392 394
391 395
395 396
395 397
397 398
397 399
388 400
387 401
401 402
401 403
386 404
404 405
405 406
405 407
404 408
408 409
408 410
201 411
411 412
411 413
192 414
414 415
415 416
415 417
414 418
418 419
419 420
420 421
421 422
421 423
420 424
419 425
425 426
425 427
427 428
428 429
428 430
430 431
430 432
427 433
433 434
434 435
435 436
435 437
434 438
438 439
438 440
440 441
441 442
441 443
443 444
444 445
444 446
446 447
446 448
443 449
449 450
450 451
451 452
451 453
450 454
449 455
440 456
456 457
457 458
458 459
459 460
460 461
461 462
461 463
463 464
463 465
460 466
459 467
458 468
457 469
456 470
433 471
471 472
472 473
473 474
473 475
475 476
476 477
477 478
478 479
478 480
480 481
480 482
477 483
483 484
484 485
484 486
483 487
487 488
487 489
489 490
489 491
476 492
475 493
493 494
493 495
472 496
471 497
497 498
498 499
499 500
500 501
501 502
502 503
503 504
504 505
505 506
506 507
506 508
508 509
508 510
505 511
504 512
503 513
513 514
513 515
502 516
501 517
517 518
517 519
500 520
499 521
498 522
497 523
523 524
524 525
525 526
526 527
527 528
527 529
526 530
530 531
530 532
525 533
524 534
534 535
535 536
536 537
536 538
538 539
539 540
539 541
538 542
542 543
542 544
535 545
534 546
523 547
418 548
548 549
548 550
550 551
551 552
551 553
550 554
191 555
184 556
556 557
557 558
558 559
558 560
560 561
561 562
562 563
563 564
563 565
562 566
566 567
566 568
561 569
560 570
557 571
556 572
572 573
573 574
573 575
575 576
576 577
577 578
577 579
576 580
575 581
572 582
582 583
583 584
583 585
582 586
183 587
180 588
163 589
148 590
590 591
590 592
147 593
593 594
594 595
594 596
593 597
597 598
597 599
14 600
600 601
600 602
602 603
602 604
604 605
604 606
13 607
12 608
608 609
608 610
11 611
611 612
612 613
613 614
614 615
615 616
615 617
614 618
613 619
612 620
620 621
620 622
622 623
623 624
624 625
624 626
623 627
622 628
628 629
628 630
630 631
630 632
611 633
633 634
634 635
635 636
636 637
636 638
638 639
638 640
635 641
634 642
642 643
642 644
644 645
644 646
646 647
646 648
648 649
648 650
633 651
651 652
651 653
10 654
9 655
655 656
656 657
656 658
658 659
659 660
660 661
660 662
662 663
663 664
663 665
662 666
666 667
666 668
659 669
669 670
670 671
670 672
672 673
673 674
673 675
675 676
675 677
672 678
678 679
679 680
679 681
678 682
669 683
658 684
655 685
685 686
686 687
687 688
688 689
689 690
689 691
691 692
691 693
693 694
693 695
688 696
687 697
697 698
698 699
699 700
700 701
700 702
699 703
698 704
697 705
686 706
706 707
706 708
708 709
708 710
685 711
711 712
711 713
8 714
714 715
714 716
7 717
6 718
718 719
719 720
719 721
721 722
721 723
718 724
724 725
725 726
725 727
727 728
728 729
729 730
729 731
731 732
731 733
733 734
733 735
728 736
736 737
736 738
727 739
739 740
739 741
741 742
742 743
743 744
743 745
745 746
745 747
747 748
747 749
742 750
741 751
751 752
752 753
752 754
751 755
724 756
5 757
4 758
3 759
2 760
760 761
760 762
762 763
762 764
1 765
765 766
766 767
766 768
768 769
768 770
770 771
770 772
772 773
773 774
774 775
775 776
776 777
777 778
777 779
779 780
779 781
776 782
775 783
783 784
783 785
774 786
773 787
787 788
787 789
789 790
789 791
791 792
791 793
772 794
794 795
794 796
765 797
797 798
798 799
799 800
800 801
801 802
801 803
803 804
804 805
805 806
805 807
807 808
807 809
804 810
810 811
810 812
803 813
800 814
814 815
814 816
816 817
816 818
799 819
819 820
820 821
821 822
822 823
822 824
824 825
825 826
825 827
824 828
821 829
829 830
830 831
831 832
832 833
832 834
831 835
835 836
835 837
830 838
838 839
838 840
829 841
841 842
842 843
842 844
844 845
844 846
841 847
820 848
819 849
849 850
849 851
851 852
851 853
798 854
854 855
855 856
856 857
857 858
858 859
858 860
860 861
860 862
862 863
863 864
864 865
865 866
866 867
866 868
865 869
869 870
869 871
871 872
872 873
872 874
871 875
875 876
875 877
864 878
878 879
879 880
879 881
878 882
863 883
883 884
884 885
885 886
886 887
887 888
888 889
888 890
890 891
890 892
887 893
893 894
894 895
895 896
895 897
897 898
897 899
899 900
899 901
894 902
902 903
902 904
893 905
886 906
885 907
907 908
907 909
884 910
883 911
911 912
912 913
912 914
914 915
914 916
911 917
917 918
918 919
919 920
919 921
921 922
921 923
923 924
923 925
918 926
917 927
862 928
857 929
856 930
855 931
931 932
932 933
933 934
934 935
934 936
936 937
936 938
933 939
932 940
931 941
854 942
797 943
943 944
943 945
945 946
946 947
946 948
948 949
949 950
950 951
950 952
949 953
948 954
945 955
