478
678
678
344 186
0 395
346 579
341 256
343 447
348 248
349 16
595 443
606 202
298 254
299 339
297 12
294 138
295 517
292 262
293 25
290 187
291 499
590 493
593 221
592 454
199 640
597 564
596 119
195 537
194 417
197 570
196 152
190 18
193 449
192 0
271 87
272 456
273 126
274 245
275 57
276 543
277 130
278 155
279 400
525 165
526 387
520 412
521 638
523 653
529 468
449 462
443 497
442 641
441 226
447 582
446 11
444 310
108 309
102 385
100 457
101 269
104 300
105 55
39 77
38 354
33 271
32 509
31 104
30 404
36 223
35 655
641 237
640 343
643 571
645 73
644 231
438 92
439 367
436 89
437 475
434 512
432 323
430 96
431 418
339 388
338 592
335 590
334 136
337 181
336 208
331 68
332 280
345 406
6 541
99 200
98 274
91 303
93 45
92 331
94 111
97 157
96 305
559 513
558 35
555 533
550 91
553 356
552 14
239 573
234 97
235 93
237 545
231 675
232 506
146 575
144 78
619 600
142 669
140 128
141 306
612 662
613 411
610 216
616 235
148 393
615 140
133 173
132 665
131 419
130 285
136 315
135 514
494 444
496 632
138 650
490 521
491 671
493 52
24 534
25 668
27 384
21 72
22 32
23 643
28 218
406 232
405 615
404 75
403 429
401 397
400 335
409 240
408 405
628 414
379 292
370 284
373 286
372 287
377 150
376 263
618 649
393 555
392 490
391 398
390 352
397 257
396 372
395 376
394 577
83 510
80 520
81 321
86 619
87 392
84 379
601 183
586 627
587 559
584 644
582 246
581 336
588 80
245 265
246 243
240 21
243 117
242 317
249 279
248 41
518 368
510 273
513 43
512 616
515 205
514 288
517 313
623 567
459 430
621 159
627 196
625 105
624 161
450 536
451 523
453 326
454 39
456 394
457 291
178 473
600 46
176 124
175 267
173 5
172 58
170 277
657 618
183 337
181 278
186 574
187 210
184 588
651 59
189 132
653 195
650 142
11 423
12 281
15 409
14 353
17 290
16 586
19 110
18 268
659 129
323 36
320 396
321 646
326 451
325 293
328 71
329 496
200 192
202 100
205 176
204 283
207 446
208 439
77 121
76 416
75 569
73 178
72 220
71 158
655 98
78 362
2 434
669 377
668 604
666 544
665 172
663 242
662 2
543 390
541 546
546 23
547 488
544 425
545 466
8 212
549 272
120 427
121 334
122 561
123 663
124 332
126 83
127 550
128 30
129 86
414 349
416 318
417 224
411 487
412 364
418 369
419 459
499 295
318 426
313 54
312 204
310 424
317 467
315 346
497 391
3 552
368 141
369 422
366 184
367 531
364 131
365 647
362 282
363 207
360 359
381 189
382 584
384 108
385 133
387 634
388 465
605 525
579 607
578 190
604 431
573 151
571 558
570 595
577 401
576 623
575 360
574 485
60 239
61 549
62 437
259 166
65 65
66 606
67 259
252 19
69 197
251 27
256 621
257 116
254 518
255 69
603 648
509 338
506 596
507 341
504 199
502 261
500 484
630 438
632 325
634 264
468 24
636 345
465 603
464 408
467 624
466 148
461 33
462 175
169 99
165 666
166 299
167 234
161 610
162 9
163 94
9 252
647 127
646 102
649 193
648 370
357 255
356 297
355 659
354 15
353 344
352 312
351 504
359 329
216 62
212 144
210 275
218 17
288 442
281 67
280 76
283 625
282 38
285 60
284 630
287 608
286 66
675 500
671 450
673 581
263 464
262 366
261 477
267 162
265 22
264 154
269 169
268 553
59 307
58 491
55 163
54 81
57 432
56 480
50 601
52 120
537 229
536 63
63 167
533 298
531 294
539 122
68 61
117 576
116 657
111 31
110 547
113 3
119 302
118 502
429 494
428 403
534 476
420 420
423 328
422 357
425 612
424 482
427 50
426 84
309 461
300 6
302 436
303 113
305 507
306 566
307 453
569 355
560 8
561 249
563 441
564 636
566 47
567 348
229 56
226 605
224 276
223 146
221 382
220 320
89 118
151 529
150 194
607 365
152 123
155 373
154 515
157 28
159 651
158 170
608 628
398 381
48 472
46 479
47 560
45 101
43 539
41 251
638 593
5 578
488 135
487 428
485 526
484 587
482 613
480 363
472 673
473 645
470 563
476 48
477 597
475 470
479 351
342 344
1 0
347 346
355 347
375 340
340 341
389 342
342 343
347 348
350 349
594 595
602 606
598 594
620 619
340 298
298 299
322 296
296 297
289 294
296 295
289 292
289 293
289 290
289 291
594 591
591 590
594 593
591 592
198 199
227 198
598 597
594 596
194 195
214 194
198 197
194 196
206 191
191 190
194 193
191 192
276 270
270 271
270 272
276 273
273 274
276 275
311 276
276 277
276 278
276 279
527 524
524 525
527 526
532 527
519 520
522 521
530 522
522 523
609 599
535 528
528 529
448 449
642 448
458 443
443 442
440 441
471 440
448 447
445 446
448 445
445 444
109 108
158 109
103 102
107 103
95 100
95 101
121 106
128 107
103 104
103 105
40 39
37 38
34 33
29 32
29 31
29 30
49 37
37 36
34 35
85 34
642 641
639 640
642 643
660 642
642 645
642 644
469 438
440 439
435 436
438 437
435 434
471 435
433 432
642 433
421 430
421 431
336 339
336 338
336 335
333 334
336 337
375 336
330 331
392 330
356 333
330 332
342 345
7 6
95 99
95 98
90 91
106 90
90 93
90 92
103 95
90 94
95 97
95 96
557 559
557 558
554 555
556 554
611 557
557 556
560 551
551 550
554 553
551 552
250 238
238 239
233 234
236 235
250 236
236 237
238 230
230 231
233 232
242 233
7 1
620 614
147 146
158 147
143 144
164 145
143 142
149 143
139 140
139 141
611 612
614 613
611 610
674 611
617 616
626 617
147 148
211 149
622 623
629 622
134 133
128 132
128 131
128 130
153 137
137 136
134 135
149 134
495 494
501 495
143 139
139 138
489 490
492 491
503 492
492 493
20 24
26 25
90 26
26 27
42 20
20 21
20 22
20 23
29 28
53 29
417 407
407 406
402 405
402 404
402 403
421 402
402 401
399 400
642 452
410 409
407 408
629 628
380 379
392 378
383 371
371 370
374 373
371 372
392 375
383 374
378 377
375 376
617 618
392 393
407 392
137 88
90 89
398 397
392 396
392 395
392 394
115 82
82 83
79 80
82 81
85 86
88 87
85 84
115 85
53 7
602 601
602 607
585 586
585 587
583 584
594 585
583 582
589 583
585 580
580 581
589 588
594 589
244 245
250 244
250 247
244 246
244 241
241 240
244 243
247 242
614 615
250 249
247 248
532 519
519 518
522 511
508 510
511 513
511 512
511 515
511 514
516 517
528 516
469 458
460 459
622 621
631 620
626 627
629 626
626 625
622 624
448 450
452 451
633 629
452 453
455 454
471 455
455 456
458 457
191 179
179 178
194 177
177 176
174 175
211 174
174 173
171 172
194 171
171 170
664 656
656 657
660 654
276 253
203 182
182 183
185 180
182 181
185 186
188 187
185 184
217 185
656 652
228 188
188 189
664 658
654 653
642 650
652 651
10 11
71 10
40 13
13 12
58 15
13 14
15 17
15 16
20 19
15 18
658 659
58 62
340 322
324 323
319 320
322 321
327 326
340 327
342 324
324 325
327 328
330 329
203 201
201 200
213 203
201 202
203 205
203 204
206 207
211 206
215 209
209 208
139 77
77 76
74 75
115 74
74 73
71 72
106 71
107 70
654 655
90 79
79 78
1 2
670 669
667 668
670 667
664 666
664 665
667 664
664 663
661 662
664 661
661 660
556 542
542 543
542 540
542 541
542 546
542 547
542 544
542 545
7 8
572 548
548 549
67 68
599 598
121 120
180 121
121 122
121 123
125 124
145 125
125 126
128 127
164 128
128 129
413 414
421 415
417 416
421 417
421 410
410 411
413 412
463 413
516 498
421 418
418 419
498 499
342 319
319 318
314 313
311 312
314 311
308 310
316 317
333 316
316 315
319 314
495 496
498 497
4 3
369 368
392 369
361 366
361 367
361 364
361 365
361 362
361 363
361 360
374 361
642 380
380 381
383 382
399 383
383 384
386 385
392 386
386 387
389 388
415 389
602 605
580 579
577 578
602 604
572 573
611 572
572 571
568 570
611 577
577 576
572 575
572 574
58 60
58 61
260 258
258 259
90 64
64 65
64 66
121 67
253 252
70 69
266 250
250 251
253 256
258 257
253 254
253 255
602 603
674 602
524 508
508 509
505 506
508 507
505 504
511 505
503 502
535 503
501 500
508 501
631 630
635 631
633 632
637 633
635 634
469 468
635 636
652 637
463 465
463 464
463 467
463 466
460 461
642 460
471 463
463 462
177 168
168 169
179 164
164 165
164 166
168 167
206 160
162 161
180 162
164 163
599 600
10 9
642 647
642 646
642 649
642 648
358 357
418 356
378 355
353 354
371 353
350 352
350 351
375 350
358 359
375 358
215 216
238 217
219 214
225 215
213 212
214 213
209 210
227 211
217 218
230 219
322 289
289 288
49 4
276 281
276 280
276 283
276 282
276 285
276 284
276 287
276 286
677 674
676 675
677 676
678 677
672 670
672 671
677 672
674 673
262 263
296 262
260 261
266 260
266 267
270 266
266 265
262 264
270 269
266 268
58 59
114 58
95 55
53 54
55 57
55 56
128 51
51 50
145 53
51 52
538 537
535 536
540 535
64 63
532 533
535 532
530 531
532 530
538 539
540 538
128 115
164 114
115 117
115 116
112 111
109 110
112 113
114 112
115 119
115 118
421 429
421 428
535 534
433 421
421 420
421 423
421 422
421 425
421 424
421 427
421 426
330 308
308 309
301 300
340 301
301 302
304 303
347 304
304 305
304 306
308 307
572 568
568 569
568 560
562 561
572 562
562 563
565 564
577 565
565 566
568 567
230 229
236 228
241 227
225 226
228 225
225 224
222 223
236 222
222 221
219 220
392 391
389 390
160 151
151 150
158 153
153 152
156 155
153 154
156 157
160 156
158 159
164 158
676 609
609 608
642 469
463 399
637 635
415 398
47 48
114 49
47 46
95 47
88 44
44 45
95 42
44 43
70 40
42 41
639 638
4 5
658 639
501 489
489 488
486 487
522 486
486 485
483 484
511 483
481 482
483 481
481 480
471 472
474 473
471 470
642 471
474 476
478 477
478 474
474 475
548 478
478 479
