478
678
678
344 564
0 657
346 418
341 444
343 141
348 549
349 155
595 331
606 60
298 485
299 43
297 453
294 604
295 78
292 432
293 205
290 189
291 587
590 608
593 491
592 426
199 23
597 490
596 18
195 307
194 558
197 218
196 16
190 502
193 268
192 169
271 243
272 597
273 523
274 5
275 69
276 461
277 436
278 72
279 57
525 662
526 476
520 628
521 237
523 117
529 196
449 58
443 610
442 579
441 302
447 108
446 526
444 401
108 600
102 229
100 111
101 306
104 638
105 577
39 384
38 582
33 104
32 288
31 356
30 315
36 12
35 187
641 283
640 647
643 27
645 131
644 653
438 466
439 571
436 89
437 379
434 537
432 646
430 575
431 367
339 122
338 256
335 100
334 119
337 438
336 470
331 48
332 668
345 186
6 162
99 446
98 121
91 419
93 200
92 396
94 297
97 33
96 152
559 299
558 71
555 349
550 434
553 625
552 193
239 651
234 488
235 570
237 574
231 138
232 84
146 525
144 212
619 517
142 663
140 555
141 377
612 459
613 443
610 643
616 627
148 309
615 370
133 412
132 439
131 167
130 194
136 80
135 424
494 67
496 513
138 277
490 477
491 408
493 116
24 96
25 123
27 310
21 362
22 391
23 21
28 181
406 506
405 142
404 447
403 573
401 355
400 259
409 544
408 406
628 303
379 110
370 38
373 36
372 464
377 130
376 273
618 428
393 163
392 281
391 295
390 632
397 510
396 159
395 569
394 634
83 397
80 118
81 41
86 369
87 223
84 352
601 242
586 32
587 618
584 373
582 619
581 87
588 441
245 576
246 593
240 581
243 456
242 285
249 262
248 621
518 154
510 475
513 173
512 22
515 468
514 35
517 8
623 199
459 204
621 566
627 613
625 365
624 353
450 291
451 318
453 409
454 86
456 648
457 158
178 561
600 45
176 387
175 166
173 300
172 97
170 165
657 126
183 348
181 336
186 454
187 487
184 673
651 287
189 9
653 559
650 76
11 30
12 343
15 351
14 261
17 91
16 423
19 366
18 553
659 127
323 2
320 105
321 195
326 59
325 129
328 50
329 590
200 172
202 404
205 416
204 675
207 271
208 170
77 11
76 393
75 457
73 636
72 430
71 650
655 354
78 251
2 479
669 500
668 68
666 248
665 98
663 665
662 449
543 518
541 220
546 148
547 305
544 235
545 529
8 161
549 202
120 3
121 286
122 234
123 533
124 135
126 6
127 462
128 641
129 364
414 293
416 504
417 321
411 390
412 66
418 269
419 257
499 644
318 586
313 357
312 221
310 465
317 239
315 552
497 274
3 102
368 563
369 184
366 420
367 278
364 77
365 178
362 290
363 451
360 92
381 536
382 275
384 93
385 417
387 372
388 190
605 669
579 666
578 472
604 284
573 267
571 334
570 437
577 136
576 344
575 612
574 655
60 246
61 0
62 313
259 252
65 175
66 499
67 507
252 328
69 46
251 31
256 133
257 276
254 546
255 429
603 150
509 113
506 24
507 75
504 615
502 337
500 630
630 140
632 395
634 332
468 595
636 541
465 539
464 73
467 346
466 497
461 450
462 263
169 588
165 197
166 132
167 52
161 341
162 208
163 671
9 272
647 17
646 61
649 65
648 531
357 255
356 376
355 101
354 442
353 326
352 359
351 176
359 493
216 584
212 25
210 514
218 245
288 210
281 323
280 56
283 606
282 480
285 54
284 317
287 345
286 520
675 94
671 120
673 543
263 567
262 607
261 550
267 484
265 645
264 473
269 547
268 298
59 515
58 226
55 411
54 99
57 240
56 596
50 640
52 128
537 405
536 545
63 385
533 601
531 467
539 496
68 39
117 482
116 339
111 282
110 431
113 63
119 512
118 144
429 192
428 382
534 592
420 400
423 335
422 146
425 394
424 312
427 55
426 616
309 320
300 279
302 509
303 62
305 81
306 83
307 19
569 232
560 249
561 414
563 425
564 294
566 560
567 338
229 623
226 329
224 231
223 157
221 521
220 381
89 388
151 368
150 254
607 280
152 603
155 422
154 649
157 605
159 216
158 28
608 534
398 427
48 392
46 398
47 15
45 360
43 265
41 224
638 47
5 624
488 292
487 183
485 363
484 325
482 264
480 124
472 494
473 14
470 207
476 659
477 151
475 403
479 578
342 344
1 0
347 346
355 347
375 340
340 341
389 342
342 343
347 348
350 349
594 595
602 606
598 594
620 619
340 298
298 299
322 296
296 297
289 294
296 295
289 292
289 293
289 290
289 291
594 591
591 590
594 593
591 592
198 199
227 198
598 597
594 596
194 195
214 194
198 197
194 196
206 191
191 190
194 193
191 192
276 270
270 271
270 272
276 273
273 274
276 275
311 276
276 277
276 278
276 279
527 524
524 525
527 526
532 527
519 520
522 521
530 522
522 523
609 599
535 528
528 529
448 449
642 448
458 443
443 442
440 441
471 440
448 447
445 446
448 445
445 444
109 108
158 109
103 102
107 103
95 100
95 101
121 106
128 107
103 104
103 105
40 39
37 38
34 33
29 32
29 31
29 30
49 37
37 36
34 35
85 34
642 641
639 640
642 643
660 642
642 645
642 644
469 438
440 439
435 436
438 437
435 434
471 435
433 432
642 433
421 430
421 431
336 339
336 338
336 335
333 334
336 337
375 336
330 331
392 330
356 333
330 332
342 345
7 6
95 99
95 98
90 91
106 90
90 93
90 92
103 95
90 94
95 97
95 96
557 559
557 558
554 555
556 554
611 557
557 556
560 551
551 550
554 553
551 552
250 238
238 239
233 234
236 235
250 236
236 237
238 230
230 231
233 232
242 233
7 1
620 614
147 146
158 147
143 144
164 145
143 142
149 143
139 140
139 141
611 612
614 613
611 610
674 611
617 616
626 617
147 148
211 149
622 623
629 622
134 133
128 132
128 131
128 130
153 137
137 136
134 135
149 134
495 494
501 495
143 139
139 138
489 490
492 491
503 492
492 493
20 24
26 25
90 26
26 27
42 20
20 21
20 22
20 23
29 28
53 29
417 407
407 406
402 405
402 404
402 403
421 402
402 401
399 400
642 452
410 409
407 408
629 628
380 379
392 378
383 371
371 370
374 373
371 372
392 375
383 374
378 377
375 376
617 618
392 393
407 392
137 88
90 89
398 397
392 396
392 395
392 394
115 82
82 83
79 80
82 81
85 86
88 87
85 84
115 85
53 7
602 601
602 607
585 586
585 587
583 584
594 585
583 582
589 583
585 580
580 581
589 588
594 589
244 245
250 244
250 247
244 246
244 241
241 240
244 243
247 242
614 615
250 249
247 248
532 519
519 518
522 511
508 510
511 513
511 512
511 515
511 514
516 517
528 516
469 458
460 459
622 621
631 620
626 627
629 626
626 625
622 624
448 450
452 451
633 629
452 453
455 454
471 455
455 456
458 457
191 179
179 178
194 177
177 176
174 175
211 174
174 173
171 172
194 171
171 170
664 656
656 657
660 654
276 253
203 182
182 183
185 180
182 181
185 186
188 187
185 184
217 185
656 652
228 188
188 189
664 658
654 653
642 650
652 651
10 11
71 10
40 13
13 12
58 15
13 14
15 17
15 16
20 19
15 18
658 659
58 62
340 322
324 323
319 320
322 321
327 326
340 327
342 324
324 325
327 328
330 329
203 201
201 200
213 203
201 202
203 205
203 204
206 207
211 206
215 209
209 208
139 77
77 76
74 75
115 74
74 73
71 72
106 71
107 70
654 655
90 79
79 78
1 2
670 669
667 668
670 667
664 666
664 665
667 664
664 663
661 662
664 661
661 660
556 542
542 543
542 540
542 541
542 546
542 547
542 544
542 545
7 8
572 548
548 549
67 68
599 598
121 120
180 121
121 122
121 123
125 124
145 125
125 126
128 127
164 128
128 129
413 414
421 415
417 416
421 417
421 410
410 411
413 412
463 413
516 498
421 418
418 419
498 499
342 319
319 318
314 313
311 312
314 311
308 310
316 317
333 316
316 315
319 314
495 496
498 497
4 3
369 368
392 369
361 366
361 367
361 364
361 365
361 362
361 363
361 360
374 361
642 380
380 381
383 382
399 383
383 384
386 385
392 386
386 387
389 388
415 389
602 605
580 579
577 578
602 604
572 573
611 572
572 571
568 570
611 577
577 576
572 575
572 574
58 60
58 61
260 258
258 259
90 64
64 65
64 66
121 67
253 252
70 69
266 250
250 251
253 256
258 257
253 254
253 255
602 603
674 602
524 508
508 509
505 506
508 507
505 504
511 505
503 502
535 503
501 500
508 501
631 630
635 631
633 632
637 633
635 634
469 468
635 636
652 637
463 465
463 464
463 467
463 466
460 461
642 460
471 463
463 462
177 168
168 169
179 164
164 165
164 166
168 167
206 160
162 161
180 162
164 163
599 600
10 9
642 647
642 646
642 649
642 648
358 357
418 356
378 355
353 354
371 353
350 352
350 351
375 350
358 359
375 358
215 216
238 217
219 214
225 215
213 212
214 213
209 210
227 211
217 218
230 219
322 289
289 288
49 4
276 281
276 280
276 283
276 282
276 285
276 284
276 287
276 286
677 674
676 675
677 676
678 677
672 670
672 671
677 672
674 673
262 263
296 262
260 261
266 260
266 267
270 266
266 265
262 264
270 269
266 268
58 59
114 58
95 55
53 54
55 57
55 56
128 51
51 50
145 53
51 52
538 537
535 536
540 535
64 63
532 533
535 532
530 531
532 530
538 539
540 538
128 115
164 114
115 117
115 116
112 111
109 110
112 113
114 112
115 119
115 118
421 429
421 428
535 534
433 421
421 420
421 423
421 422
421 425
421 424
421 427
421 426
330 308
308 309
301 300
340 301
301 302
304 303
347 304
304 305
304 306
308 307
572 568
568 569
568 560
562 561
572 562
562 563
565 564
577 565
565 566
568 567
230 229
236 228
241 227
225 226
228 225
225 224
222 223
236 222
222 221
219 220
392 391
389 390
160 151
151 150
158 153
153 152
156 155
153 154
156 157
160 156
158 159
164 158
676 609
609 608
642 469
463 399
637 635
415 398
47 48
114 49
47 46
95 47
88 44
44 45
95 42
44 43
70 40
42 41
639 638
4 5
658 639
501 489
489 488
486 487
522 486
486 485
483 484
511 483
481 482
483 481
481 480
471 472
474 473
471 470
642 471
474 476
478 477
478 474
474 475
548 478
478 479
