478
678
678
344 223
0 675
346 373
341 668
343 365
348 297
349 552
595 78
606 193
298 105
299 246
297 56
294 363
295 165
292 665
293 39
290 673
291 395
590 537
593 120
592 152
199 166
597 506
596 641
195 197
194 331
197 155
196 144
190 282
193 432
192 221
271 135
272 456
273 414
274 136
275 671
276 497
277 368
278 397
279 603
525 513
526 267
520 578
521 636
523 255
529 55
449 379
443 257
442 592
441 276
447 376
446 597
444 199
108 43
102 335
100 148
101 582
104 309
105 46
39 477
38 325
33 328
32 235
31 662
30 9
36 146
35 514
641 663
640 303
643 618
645 500
644 423
438 121
439 529
436 457
437 196
434 315
432 66
430 45
431 577
339 624
338 645
335 150
334 561
337 102
336 619
331 509
332 263
345 261
6 22
99 502
98 406
91 604
93 117
92 35
94 493
97 569
96 356
559 94
558 161
555 158
550 83
553 444
552 204
239 563
234 494
235 547
237 48
231 329
232 567
146 178
144 367
619 278
142 58
140 194
141 232
612 57
613 364
610 649
616 84
148 290
615 449
133 487
132 571
131 360
130 259
136 428
135 77
494 648
496 306
138 484
490 339
491 504
493 212
24 305
25 92
27 560
21 650
22 616
23 30
28 392
406 531
405 462
404 491
403 157
401 41
400 405
409 323
408 47
628 550
379 151
370 394
373 517
372 393
377 17
376 234
618 31
393 294
392 507
391 23
390 302
397 265
396 341
395 208
394 292
83 172
80 545
81 467
86 515
87 264
84 200
601 653
586 388
587 370
584 625
582 655
581 533
588 541
245 231
246 559
240 229
243 275
242 71
249 390
248 584
518 307
510 466
513 326
512 11
515 59
514 401
517 437
623 113
459 400
621 596
627 140
625 606
624 431
450 355
451 465
453 450
454 317
456 468
457 298
178 262
600 570
176 480
175 647
173 459
172 91
170 426
657 549
183 240
181 54
186 387
187 101
184 520
651 123
189 447
653 68
650 14
11 634
12 372
15 628
14 80
17 408
16 126
19 473
18 269
659 343
323 162
320 86
321 291
326 169
325 352
328 359
329 419
200 613
202 271
205 391
204 310
207 442
208 175
77 409
76 669
75 24
73 295
72 485
71 142
655 192
78 521
2 52
669 476
668 274
666 357
665 124
663 251
662 353
543 321
541 129
546 127
547 429
544 411
545 666
8 420
549 453
120 284
121 87
122 525
123 544
124 249
126 122
127 384
128 430
129 590
414 403
416 381
417 81
411 605
412 627
418 348
419 27
499 287
318 111
313 32
312 279
310 422
317 630
315 119
497 38
3 220
368 416
369 72
366 566
367 377
364 575
365 640
362 344
363 189
360 202
381 534
382 587
384 25
385 0
387 67
388 133
605 96
579 248
578 436
604 320
573 141
571 75
570 337
577 130
576 76
575 439
574 207
60 600
61 362
62 526
259 242
65 159
66 218
67 607
252 610
69 312
251 280
256 354
257 479
254 293
255 451
603 472
509 346
506 299
507 512
504 283
502 351
500 659
630 615
632 288
634 651
468 15
636 601
465 338
464 332
467 226
466 184
461 6
462 12
169 99
165 612
166 638
167 183
161 256
162 132
163 425
9 441
647 100
646 118
649 170
648 50
357 28
356 110
355 104
354 60
353 131
352 243
351 334
359 93
216 5
212 412
210 216
218 318
288 272
281 138
280 190
283 237
282 167
285 595
284 564
287 543
286 19
675 518
671 97
673 8
263 443
262 286
261 574
267 21
265 586
264 385
269 33
268 546
59 446
58 536
55 539
54 398
57 417
56 523
50 128
52 418
537 475
536 3
63 621
533 69
531 588
539 454
68 254
117 396
116 593
111 252
110 424
113 657
119 277
118 336
429 108
428 224
534 62
420 18
423 488
422 382
425 176
424 434
427 576
426 73
309 349
300 205
302 98
303 558
305 239
306 61
307 16
569 470
560 555
561 632
563 482
564 163
566 427
567 186
229 510
226 345
224 116
223 268
221 36
220 173
89 404
151 65
150 2
607 623
152 581
155 646
154 89
157 464
159 490
158 573
608 187
398 643
48 63
46 644
47 366
45 273
43 369
41 499
638 579
5 210
488 195
487 313
485 461
484 181
482 285
480 281
472 608
473 496
470 438
476 154
477 245
475 300
479 553
342 344
1 0
347 346
355 347
375 340
340 341
389 342
342 343
347 348
350 349
594 595
602 606
598 594
620 619
340 298
298 299
322 296
296 297
289 294
296 295
289 292
289 293
289 290
289 291
594 591
591 590
594 593
591 592
198 199
227 198
598 597
594 596
194 195
214 194
198 197
194 196
206 191
191 190
194 193
191 192
276 270
270 271
270 272
276 273
273 274
276 275
311 276
276 277
276 278
276 279
527 524
524 525
527 526
532 527
519 520
522 521
530 522
522 523
609 599
535 528
528 529
448 449
642 448
458 443
443 442
440 441
471 440
448 447
445 446
448 445
445 444
109 108
158 109
103 102
107 103
95 100
95 101
121 106
128 107
103 104
103 105
40 39
37 38
34 33
29 32
29 31
29 30
49 37
37 36
34 35
85 34
642 641
639 640
642 643
660 642
642 645
642 644
469 438
440 439
435 436
438 437
435 434
471 435
433 432
642 433
421 430
421 431
336 339
336 338
336 335
333 334
336 337
375 336
330 331
392 330
356 333
330 332
342 345
7 6
95 99
95 98
90 91
106 90
90 93
90 92
103 95
90 94
95 97
95 96
557 559
557 558
554 555
556 554
611 557
557 556
560 551
551 550
554 553
551 552
250 238
238 239
233 234
236 235
250 236
236 237
238 230
230 231
233 232
242 233
7 1
620 614
147 146
158 147
143 144
164 145
143 142
149 143
139 140
139 141
611 612
614 613
611 610
674 611
617 616
626 617
147 148
211 149
622 623
629 622
134 133
128 132
128 131
128 130
153 137
137 136
134 135
149 134
495 494
501 495
143 139
139 138
489 490
492 491
503 492
492 493
20 24
26 25
90 26
26 27
42 20
20 21
20 22
20 23
29 28
53 29
417 407
407 406
402 405
402 404
402 403
421 402
402 401
399 400
642 452
410 409
407 408
629 628
380 379
392 378
383 371
371 370
374 373
371 372
392 375
383 374
378 377
375 376
617 618
392 393
407 392
137 88
90 89
398 397
392 396
392 395
392 394
115 82
82 83
79 80
82 81
85 86
88 87
85 84
115 85
53 7
602 601
602 607
585 586
585 587
583 584
594 585
583 582
589 583
585 580
580 581
589 588
594 589
244 245
250 244
250 247
244 246
244 241
241 240
244 243
247 242
614 615
250 249
247 248
532 519
519 518
522 511
508 510
511 513
511 512
511 515
511 514
516 517
528 516
469 458
460 459
622 621
631 620
626 627
629 626
626 625
622 624
448 450
452 451
633 629
452 453
455 454
471 455
455 456
458 457
191 179
179 178
194 177
177 176
174 175
211 174
174 173
171 172
194 171
171 170
664 656
656 657
660 654
276 253
203 182
182 183
185 180
182 181
185 186
188 187
185 184
217 185
656 652
228 188
188 189
664 658
654 653
642 650
652 651
10 11
71 10
40 13
13 12
58 15
13 14
15 17
15 16
20 19
15 18
658 659
58 62
340 322
324 323
319 320
322 321
327 326
340 327
342 324
324 325
327 328
330 329
203 201
201 200
213 203
201 202
203 205
203 204
206 207
211 206
215 209
209 208
139 77
77 76
74 75
115 74
74 73
71 72
106 71
107 70
654 655
90 79
79 78
1 2
670 669
667 668
670 667
664 666
664 665
667 664
664 663
661 662
664 661
661 660
556 542
542 543
542 540
542 541
542 546
542 547
542 544
542 545
7 8
572 548
548 549
67 68
599 598
121 120
180 121
121 122
121 123
125 124
145 125
125 126
128 127
164 128
128 129
413 414
421 415
417 416
421 417
421 410
410 411
413 412
463 413
516 498
421 418
418 419
498 499
342 319
319 318
314 313
311 312
314 311
308 310
316 317
333 316
316 315
319 314
495 496
498 497
4 3
369 368
392 369
361 366
361 367
361 364
361 365
361 362
361 363
361 360
374 361
642 380
380 381
383 382
399 383
383 384
386 385
392 386
386 387
389 388
415 389
602 605
580 579
577 578
602 604
572 573
611 572
572 571
568 570
611 577
577 576
572 575
572 574
58 60
58 61
260 258
258 259
90 64
64 65
64 66
121 67
253 252
70 69
266 250
250 251
253 256
258 257
253 254
253 255
602 603
674 602
524 508
508 509
505 506
508 507
505 504
511 505
503 502
535 503
501 500
508 501
631 630
635 631
633 632
637 633
635 634
469 468
635 636
652 637
463 465
463 464
463 467
463 466
460 461
642 460
471 463
463 462
177 168
168 169
179 164
164 165
164 166
168 167
206 160
162 161
180 162
164 163
599 600
10 9
642 647
642 646
642 649
642 648
358 357
418 356
378 355
353 354
371 353
350 352
350 351
375 350
358 359
375 358
215 216
238 217
219 214
225 215
213 212
214 213
209 210
227 211
217 218
230 219
322 289
289 288
49 4
276 281
276 280
276 283
276 282
276 285
276 284
276 287
276 286
677 674
676 675
677 676
678 677
672 670
672 671
677 672
674 673
262 263
296 262
260 261
266 260
266 267
270 266
266 265
262 264
270 269
266 268
58 59
114 58
95 55
53 54
55 57
55 56
128 51
51 50
145 53
51 52
538 537
535 536
540 535
64 63
532 533
535 532
530 531
532 530
538 539
540 538
128 115
164 114
115 117
115 116
112 111
109 110
112 113
114 112
115 119
115 118
421 429
421 428
535 534
433 421
421 420
421 423
421 422
421 425
421 424
421 427
421 426
330 308
308 309
301 300
340 301
301 302
304 303
347 304
304 305
304 306
308 307
572 568
568 569
568 560
562 561
572 562
562 563
565 564
577 565
565 566
568 567
230 229
236 228
241 227
225 226
228 225
225 224
222 223
236 222
222 221
219 220
392 391
389 390
160 151
151 150
158 153
153 152
156 155
153 154
156 157
160 156
158 159
164 158
676 609
609 608
642 469
463 399
637 635
415 398
47 48
114 49
47 46
95 47
88 44
44 45
95 42
44 43
70 40
42 41
639 638
4 5
658 639
501 489
489 488
486 487
522 486
486 485
483 484
511 483
481 482
483 481
481 480
471 472
474 473
471 470
642 471
474 476
478 477
478 474
474 475
548 478
478 479
