478
678
678
344 344
0 0
346 346
341 341
343 343
348 348
349 349
595 595
606 606
298 298
299 299
297 297
294 294
295 295
292 292
293 293
290 290
291 291
590 590
593 593
592 592
199 199
597 597
596 596
195 195
194 194
197 197
196 196
190 190
193 193
192 192
271 271
272 272
273 273
274 274
275 275
276 276
277 277
278 278
279 279
525 525
526 526
520 520
521 521
523 523
529 529
449 449
443 443
442 442
441 441
447 447
446 446
444 444
108 108
102 102
100 100
101 101
104 104
105 105
39 39
38 38
33 33
32 32
31 31
30 30
36 36
35 35
641 641
640 640
643 643
645 645
644 644
438 438
439 439
436 436
437 437
434 434
432 432
430 430
431 431
339 339
338 338
335 335
334 334
337 337
336 336
331 331
332 332
345 345
6 6
99 99
98 98
91 91
93 93
92 92
94 94
97 97
96 96
559 559
558 558
555 555
550 550
553 553
552 552
239 239
234 234
235 235
237 237
231 231
232 232
146 146
144 144
619 619
142 142
140 140
141 141
612 612
613 613
610 610
616 616
148 148
615 615
133 133
132 132
131 131
130 130
136 136
135 135
494 494
496 496
138 138
490 490
491 491
493 493
24 24
25 25
27 27
21 21
22 22
23 23
28 28
406 406
405 405
404 404
403 403
401 401
400 400
409 409
408 408
628 628
379 379
370 370
373 373
372 372
377 377
376 376
618 618
393 393
392 392
391 391
390 390
397 397
396 396
395 395
394 394
83 83
80 80
81 81
86 86
87 87
84 84
601 601
586 586
587 587
584 584
582 582
581 581
588 588
245 245
246 246
240 240
243 243
242 242
249 249
248 248
518 518
510 510
513 513
512 512
515 515
514 514
517 517
623 623
459 459
621 621
627 627
625 625
624 624
450 450
451 451
453 453
454 454
456 456
457 457
178 178
600 600
176 176
175 175
173 173
172 172
170 170
657 657
183 183
181 181
186 186
187 187
184 184
651 651
189 189
653 653
650 650
11 11
12 12
15 15
14 14
17 17
16 16
19 19
18 18
659 659
323 323
320 320
321 321
326 326
325 325
328 328
329 329
200 200
202 202
205 205
204 204
207 207
208 208
77 77
76 76
75 75
73 73
72 72
71 71
655 655
78 78
2 2
669 669
668 668
666 666
665 665
663 663
662 662
543 543
541 541
546 546
547 547
544 544
545 545
8 8
549 549
120 120
121 121
122 122
123 123
124 124
126 126
127 127
128 128
129 129
414 414
416 416
417 417
411 411
412 412
418 418
419 419
499 499
318 318
313 313
312 312
310 310
317 317
315 315
497 497
3 3
368 368
369 369
366 366
367 367
364 364
365 365
362 362
363 363
360 360
381 381
382 382
384 384
385 385
387 387
388 388
605 605
579 579
578 578
604 604
573 573
571 571
570 570
577 577
576 576
575 575
574 574
60 60
61 61
62 62
259 259
65 65
66 66
67 67
252 252
69 69
251 251
256 256
257 257
254 254
255 255
603 603
509 509
506 506
507 507
504 504
502 502
500 500
630 630
632 632
634 634
468 468
636 636
465 465
464 464
467 467
466 466
461 461
462 462
169 169
165 165
166 166
167 167
161 161
162 162
163 163
9 9
647 647
646 646
649 649
648 648
357 357
356 356
355 355
354 354
353 353
352 352
351 351
359 359
216 216
212 212
210 210
218 218
288 288
281 281
280 280
283 283
282 282
285 285
284 284
287 287
286 286
675 675
671 671
673 673
263 263
262 262
261 261
267 267
265 265
264 264
269 269
268 268
59 59
58 58
55 55
54 54
57 57
56 56
50 50
52 52
537 537
536 536
63 63
533 533
531 531
539 539
68 68
117 117
116 116
111 111
110 110
113 113
119 119
118 118
429 429
428 428
534 534
420 420
423 423
422 422
425 425
424 424
427 427
426 426
309 309
300 300
302 302
303 303
305 305
306 306
307 307
569 569
560 560
561 561
563 563
564 564
566 566
567 567
229 229
226 226
224 224
223 223
221 221
220 220
89 89
151 151
150 150
607 607
152 152
155 155
154 154
157 157
159 159
158 158
608 608
398 398
48 48
46 46
47 47
45 45
43 43
41 41
638 638
5 5
488 488
487 487
485 485
484 484
482 482
480 480
472 472
473 473
470 470
476 476
477 477
475 475
479 479
342 344
1 0
347 346
355 347
375 340
340 341
389 342
342 343
347 348
350 349
594 595
602 606
598 594
620 619
340 298
298 299
322 296
296 297
289 294
296 295
289 292
289 293
289 290
289 291
594 591
591 590
594 593
591 592
198 199
227 198
598 597
594 596
194 195
214 194
198 197
194 196
206 191
191 190
194 193
191 192
276 270
270 271
270 272
276 273
273 274
276 275
311 276
276 277
276 278
276 279
527 524
524 525
527 526
532 527
519 520
522 521
530 522
522 523
609 599
535 528
528 529
448 449
642 448
458 443
443 442
440 441
471 440
448 447
445 446
448 445
445 444
109 108
158 109
103 102
107 103
95 100
95 101
121 106
128 107
103 104
103 105
40 39
37 38
34 33
29 32
29 31
29 30
49 37
37 36
34 35
85 34
642 641
639 640
642 643
660 642
642 645
642 644
469 438
440 439
435 436
438 437
435 434
471 435
433 432
642 433
421 430
421 431
336 339
336 338
336 335
333 334
336 337
375 336
330 331
392 330
356 333
330 332
342 345
7 6
95 99
95 98
90 91
106 90
90 93
90 92
103 95
90 94
95 97
95 96
557 559
557 558
554 555
556 554
611 557
557 556
560 551
551 550
554 553
551 552
250 238
238 239
233 234
236 235
250 236
236 237
238 230
230 231
233 232
242 233
7 1
620 614
147 146
158 147
143 144
164 145
143 142
149 143
139 140
139 141
611 612
614 613
611 610
674 611
617 616
626 617
147 148
211 149
622 623
629 622
134 133
128 132
128 131
128 130
153 137
137 136
134 135
149 134
495 494
501 495
143 139
139 138
489 490
492 491
503 492
492 493
20 24
26 25
90 26
26 27
42 20
20 21
20 22
20 23
29 28
53 29
417 407
407 406
402 405
402 404
402 403
421 402
402 401
399 400
642 452
410 409
407 408
629 628
380 379
392 378
383 371
371 370
374 373
371 372
392 375
383 374
378 377
375 376
617 618
392 393
407 392
137 88
90 89
398 397
392 396
392 395
392 394
115 82
82 83
79 80
82 81
85 86
88 87
85 84
115 85
53 7
602 601
602 607
585 586
585 587
583 584
594 585
583 582
589 583
585 580
580 581
589 588
594 589
244 245
250 244
250 247
244 246
244 241
241 240
244 243
247 242
614 615
250 249
247 248
532 519
519 518
522 511
508 510
511 513
511 512
511 515
511 514
516 517
528 516
469 458
460 459
622 621
631 620
626 627
629 626
626 625
622 624
448 450
452 451
633 629
452 453
455 454
471 455
455 456
458 457
191 179
179 178
194 177
177 176
174 175
211 174
174 173
171 172
194 171
171 170
664 656
656 657
660 654
276 253
203 182
182 183
185 180
182 181
185 186
188 187
185 184
217 185
656 652
228 188
188 189
664 658
654 653
642 650
652 651
10 11
71 10
40 13
13 12
58 15
13 14
15 17
15 16
20 19
15 18
658 659
58 62
340 322
324 323
319 320
322 321
327 326
340 327
342 324
324 325
327 328
330 329
203 201
201 200
213 203
201 202
203 205
203 204
206 207
211 206
215 209
209 208
139 77
77 76
74 75
115 74
74 73
71 72
106 71
107 70
654 655
90 79
79 78
1 2
670 669
667 668
670 667
664 666
664 665
667 664
664 663
661 662
664 661
661 660
556 542
542 543
542 540
542 541
542 546
542 547
542 544
542 545
7 8
572 548
548 549
67 68
599 598
121 120
180 121
121 122
121 123
125 124
145 125
125 126
128 127
164 128
128 129
413 414
421 415
417 416
421 417
421 410
410 411
413 412
463 413
516 498
421 418
418 419
498 499
342 319
319 318
314 313
311 312
314 311
308 310
316 317
333 316
316 315
319 314
495 496
498 497
4 3
369 368
392 369
361 366
361 367
361 364
361 365
361 362
361 363
361 360
374 361
642 380
380 381
383 382
399 383
383 384
386 385
392 386
386 387
389 388
415 389
602 605
580 579
577 578
602 604
572 573
611 572
572 571
568 570
611 577
577 576
572 575
572 574
58 60
58 61
260 258
258 259
90 64
64 65
64 66
121 67
253 252
70 69
266 250
250 251
253 256
258 257
253 254
253 255
602 603
674 602
524 508
508 509
505 506
508 507
505 504
511 505
503 502
535 503
501 500
508 501
631 630
635 631
633 632
637 633
635 634
469 468
635 636
652 637
463 465
463 464
463 467
463 466
460 461
642 460
471 463
463 462
177 168
168 169
179 164
164 165
164 166
168 167
206 160
162 161
180 162
164 163
599 600
10 9
642 647
642 646
642 649
642 648
358 357
418 356
378 355
353 354
371 353
350 352
350 351
375 350
358 359
375 358
215 216
238 217
219 214
225 215
213 212
214 213
209 210
227 211
217 218
230 219
322 289
289 288
49 4
276 281
276 280
276 283
276 282
276 285
276 284
276 287
276 286
677 674
676 675
677 676
678 677
672 670
672 671
677 672
674 673
262 263
296 262
260 261
266 260
266 267
270 266
266 265
262 264
270 269
266 268
58 59
114 58
95 55
53 54
55 57
55 56
128 51
51 50
145 53
51 52
538 537
535 536
540 535
64 63
532 533
535 532
530 531
532 530
538 539
540 538
128 115
164 114
115 117
115 116
112 111
109 110
112 113
114 112
115 119
115 118
421 429
421 428
535 534
433 421
421 420
421 423
421 422
421 425
421 424
421 427
421 426
330 308
308 309
301 300
340 301
301 302
304 303
347 304
304 305
304 306
308 307
572 568
568 569
568 560
562 561
572 562
562 563
565 564
577 565
565 566
568 567
230 229
236 228
241 227
225 226
228 225
225 224
222 223
236 222
222 221
219 220
392 391
389 390
160 151
151 150
158 153
153 152
156 155
153 154
156 157
160 156
158 159
164 158
676 609
609 608
642 469
463 399
637 635
415 398
47 48
114 49
47 46
95 47
88 44
44 45
95 42
44 43
70 40
42 41
639 638
4 5
658 639
501 489
489 488
486 487
522 486
486 485
483 484
511 483
481 482
483 481
481 480
471 472
474 473
471 470
642 471
474 476
478 477
478 474
474 475
548 478
478 479
