50
99
0
72 3
71 4
52 8
54 9
65 13
64 15
62 16
55 18
57 19
58 21
60 22
49 25
47 27
51 28
69 31
66 33
68 34
27 40
29 41
44 42
45 50
42 51
32 52
26 54
24 55
39 56
30 57
37 58
33 60
35 61
23 63
14 69
19 70
16 72
18 73
17 75
0 78
1 79
8 80
5 84
6 85
2 87
4 88
9 91
12 92
13 94
11 95
20 96
73 98
75 99
0 1
1 2
2 3
2 4
1 5
5 6
6 7
7 8
7 9
6 10
10 11
11 12
12 13
12 14
14 15
14 16
11 17
17 18
17 19
10 20
20 21
20 22
5 23
23 24
24 25
24 26
26 27
26 28
23 29
29 30
30 31
30 32
32 33
32 34
29 35
35 36
36 37
37 38
38 39
39 40
39 41
38 42
37 43
43 44
44 45
45 46
46 47
47 48
48 49
49 50
49 51
48 52
47 53
53 54
53 55
46 56
45 57
44 58
43 59
59 60
59 61
36 62
62 63
62 64
64 65
65 66
66 67
67 68
68 69
68 70
67 71
71 72
71 73
66 74
74 75
74 76
76 77
77 78
77 79
76 80
65 81
81 82
82 83
83 84
83 85
82 86
86 87
86 88
81 89
89 90
90 91
90 92
89 93
93 94
93 95
64 96
35 97
97 98
97 99
