50
84
0
37 5
30 7
45 8
26 9
32 10
24 11
23 14
20 16
18 18
14 20
19 21
16 22
13 24
12 25
11 26
9 27
5 29
2 30
6 32
4 33
17 35
8 37
1 39
0 40
44 42
29 44
27 45
35 47
33 48
42 50
39 51
75 53
73 54
72 56
71 57
52 61
54 63
60 65
65 67
64 69
62 70
58 72
57 74
55 75
51 77
49 78
47 79
69 81
68 83
66 84
0 1
1 2
2 3
3 4
4 5
4 6
6 7
6 8
6 9
6 10
6 11
6 12
12 13
13 14
13 15
15 16
15 17
17 18
17 19
19 20
19 21
19 22
19 23
23 24
23 25
23 26
23 27
23 28
28 29
28 30
28 31
31 32
31 33
19 34
34 35
34 36
36 37
36 38
38 39
38 40
12 41
41 42
41 43
43 44
43 45
6 46
46 47
46 48
6 49
49 50
49 51
3 52
52 53
52 54
2 55
55 56
55 57
1 58
58 59
59 60
60 61
60 62
62 63
62 64
64 65
64 66
66 67
66 68
68 69
68 70
64 71
71 72
71 73
73 74
73 75
59 76
76 77
76 78
76 79
58 80
80 81
80 82
82 83
82 84
