50
99
0
35 9
33 10
44 12
29 14
27 15
12 31
13 33
5 35
2 38
4 39
6 40
11 41
9 42
17 44
8 46
1 48
0 49
19 51
16 52
18 53
14 54
20 55
23 56
26 57
42 58
45 59
32 61
24 62
30 63
39 64
37 65
75 67
73 68
69 70
68 72
66 73
51 77
49 78
47 79
54 82
58 85
57 88
55 89
65 91
64 92
62 94
60 95
52 96
72 98
71 99
0 1
1 2
2 3
3 4
4 5
5 6
6 7
7 8
8 9
8 10
7 11
11 12
11 13
13 14
13 15
6 16
16 17
17 18
18 19
19 20
20 21
21 22
22 23
23 24
24 25
25 26
26 27
27 28
28 29
29 30
30 31
30 32
32 33
32 34
34 35
34 36
36 37
37 38
37 39
36 40
29 41
28 42
27 43
43 44
43 45
45 46
45 47
47 48
47 49
26 50
50 51
50 52
25 53
24 54
23 55
22 56
21 57
20 58
19 59
18 60
60 61
60 62
17 63
16 64
5 65
4 66
66 67
66 68
3 69
69 70
69 71
71 72
71 73
2 74
74 75
75 76
76 77
76 78
75 79
74 80
80 81
81 82
81 83
83 84
84 85
84 86
86 87
87 88
87 89
86 90
90 91
90 92
83 93
93 94
93 95
80 96
1 97
97 98
97 99
