50
80
1
45 7
32 9
5 13
0 17
71 30
57 32
62 34
65 35
66 39
1 41
2 42
4 43
6 44
8 45
9 46
11 47
12 48
13 49
14 50
16 51
17 52
18 53
19 54
20 55
23 56
24 57
26 58
27 59
29 60
30 61
33 62
35 63
37 64
39 65
42 66
44 67
47 68
49 69
51 70
52 71
54 72
55 73
58 74
60 75
64 76
68 77
69 78
72 79
73 80
75 81
1 2
2 3
3 4
2 5
5 6
6 7
6 8
6 9
6 10
10 11
11 12
12 13
13 14
13 15
11 16
11 17
10 18
18 19
6 20
20 21
21 22
5 23
5 24
2 25
25 26
25 27
27 28
27 29
29 30
29 31
31 32
31 33
33 34
33 35
31 36
27 37
37 38
38 39
37 40
17 41
13 42
14 43
15 44
17 45
12 46
12 47
12 48
12 49
11 50
11 51
16 52
11 53
11 54
22 55
21 56
6 57
8 58
19 59
18 60
23 61
23 62
5 63
5 64
24 65
20 66
18 67
26 68
26 69
26 70
40 71
31 72
32 73
31 74
36 75
33 76
38 77
28 78
30 79
4 80
3 81
