50
81
81
54 23
51 0
60 75
62 1
64 33
49 73
66 6
68 51
69 57
24 17
26 69
27 9
20 58
23 65
47 42
44 66
45 35
42 2
29 62
1 30
0 19
2 26
5 49
4 8
6 24
9 47
8 4
39 27
75 39
73 11
72 72
71 12
58 37
11 16
13 5
12 29
14 64
17 45
16 71
19 18
18 60
57 32
30 55
37 44
35 20
52 52
33 14
55 13
32 54
65 68
61 56
59 54
41 42
50 48
53 50
61 60
78 61
63 62
78 63
63 64
48 49
67 66
70 67
67 68
70 69
81 80
53 52
54 53
25 24
36 25
25 26
28 27
21 20
22 21
40 22
22 23
76 46
48 47
43 44
46 45
40 28
28 29
43 40
76 41
0 1
7 0
5 3
3 2
10 5
3 4
15 7
5 6
10 9
7 8
79 78
50 51
76 43
38 39
79 77
77 76
74 75
76 38
74 73
71 72
80 71
79 70
61 59
80 79
59 58
10 11
15 10
10 13
10 12
21 15
15 14
15 17
15 16
15 19
15 18
46 31
31 30
36 37
38 36
34 35
41 34
34 33
56 55
77 74
31 32
56 57
63 65
