50
99
0
71 3
72 4
52 8
54 10
60 12
58 14
57 17
55 18
65 20
62 22
64 23
47 25
51 27
49 28
69 31
66 33
68 34
73 37
75 38
37 40
30 43
32 46
39 49
42 50
26 52
24 53
45 54
44 57
27 59
29 60
33 62
35 64
23 66
20 68
14 70
9 75
12 76
6 80
4 82
2 83
5 84
11 85
13 86
19 89
16 90
18 92
17 94
8 96
1 98
0 99
0 1
1 2
2 3
2 4
1 5
5 6
6 7
7 8
7 9
9 10
9 11
11 12
11 13
13 14
13 15
15 16
16 17
16 18
15 19
19 20
19 21
21 22
21 23
6 24
24 25
24 26
26 27
26 28
5 29
29 30
30 31
30 32
32 33
32 34
29 35
35 36
36 37
36 38
35 39
39 40
39 41
41 42
42 43
42 44
44 45
45 46
45 47
47 48
48 49
48 50
47 51
51 52
51 53
44 54
41 55
55 56
56 57
56 58
58 59
58 60
55 61
61 62
61 63
63 64
63 65
65 66
65 67
67 68
67 69
69 70
69 71
71 72
72 73
73 74
74 75
74 76
73 77
77 78
78 79
79 80
79 81
81 82
81 83
78 84
77 85
72 86
71 87
87 88
88 89
88 90
87 91
91 92
91 93
93 94
93 95
95 96
95 97
97 98
97 99
