49
71
71
56 56
54 54
51 51
60 60
62 62
64 64
66 66
68 68
52 52
24 24
26 26
21 21
22 22
49 49
46 46
44 44
45 45
28 28
43 43
40 40
41 41
1 1
0 0
3 3
2 2
5 5
4 4
7 7
9 9
70 70
59 59
58 58
11 11
13 13
38 38
15 15
14 14
16 16
19 19
18 18
31 31
30 30
37 37
50 50
35 35
34 34
33 33
55 55
48 48
57 56
53 54
47 42
47 48
42 43
61 60
63 61
63 62
61 36
65 64
47 49
67 66
71 67
67 68
71 69
64 34
71 53
25 24
27 25
25 26
29 27
23 20
20 21
20 22
25 23
42 46
57 47
42 44
42 45
27 28
32 29
39 40
42 41
6 1
1 0
1 3
1 2
6 5
1 4
8 7
8 6
10 9
10 8
47 51
61 39
39 38
69 70
57 59
57 58
12 11
12 10
12 13
17 12
12 15
12 14
23 17
12 16
20 19
17 18
29 31
29 30
36 37
47 50
36 35
53 52
32 33
53 55
65 63
34 32
69 57
69 65
