198
395
0
230 10
232 11
250 12
248 14
246 15
268 16
270 18
257 19
265 23
267 24
266 26
262 28
264 29
269 30
278 32
276 33
285 35
283 38
282 40
279 41
261 43
259 44
271 48
273 50
274 51
255 52
244 56
253 59
254 60
252 61
227 63
229 64
197 72
190 74
188 75
196 78
194 80
198 81
201 83
202 86
199 87
193 89
191 90
208 93
207 94
206 96
204 98
209 99
213 101
216 103
215 104
212 106
210 107
218 109
220 110
240 113
242 114
238 116
54 127
56 130
59 133
61 134
58 136
52 137
51 138
45 142
43 143
33 146
35 147
29 150
27 151
34 152
49 155
47 157
55 158
18 162
21 164
20 165
6 171
5 173
3 174
12 176
10 178
13 180
9 181
11 182
17 184
14 187
0 188
2 190
15 191
16 192
41 197
37 198
38 199
25 201
24 203
22 204
42 206
39 208
31 209
88 215
85 217
87 219
79 220
77 221
70 223
68 224
73 226
71 227
82 230
65 232
74 234
75 235
84 238
76 239
67 240
103 245
99 247
96 249
98 251
100 252
108 254
92 255
90 258
106 260
110 261
101 263
109 264
111 267
112 268
113 269
105 272
95 274
93 275
116 277
118 278
129 285
134 288
131 289
130 290
115 292
62 295
64 296
80 297
126 300
125 302
123 303
132 305
133 306
138 309
135 311
137 313
127 314
139 316
140 317
147 319
142 320
121 322
122 324
119 325
159 329
157 330
160 331
164 332
172 334
152 338
156 340
154 341
155 342
162 343
184 348
182 349
178 351
145 355
146 356
143 357
174 361
181 362
180 363
175 364
166 368
168 369
149 371
151 372
176 373
171 375
169 376
233 381
237 383
235 384
236 385
225 386
226 389
222 391
223 392
224 394
185 395
0 1
1 2
2 3
3 4
4 5
5 6
6 7
7 8
8 9
9 10
9 11
8 12
7 13
13 14
13 15
6 16
5 17
17 18
17 19
4 20
20 21
21 22
22 23
22 24
21 25
25 26
25 27
27 28
27 29
20 30
3 31
31 32
31 33
2 34
34 35
34 36
36 37
37 38
37 39
39 40
39 41
36 42
42 43
42 44
1 45
45 46
46 47
47 48
47 49
49 50
49 51
46 52
45 53
53 54
54 55
55 56
55 57
57 58
58 59
58 60
57 61
54 62
62 63
62 64
53 65
65 66
66 67
67 68
68 69
69 70
70 71
71 72
71 73
73 74
73 75
70 76
76 77
77 78
77 79
79 80
79 81
76 82
82 83
82 84
84 85
85 86
85 87
84 88
88 89
88 90
69 91
91 92
92 93
92 94
91 95
95 96
95 97
97 98
97 99
68 100
100 101
100 102
102 103
102 104
67 105
105 106
105 107
66 108
108 109
108 110
65 111
111 112
112 113
112 114
111 115
115 116
115 117
117 118
118 119
119 120
120 121
121 122
122 123
123 124
124 125
125 126
126 127
126 128
128 129
129 130
129 131
131 132
132 133
132 134
131 135
135 136
135 137
128 138
125 139
139 140
140 141
141 142
141 143
140 144
144 145
145 146
145 147
144 148
148 149
149 150
149 151
148 152
139 153
153 154
154 155
154 156
156 157
156 158
153 159
159 160
160 161
161 162
161 163
163 164
163 165
160 166
166 167
167 168
168 169
169 170
170 171
170 172
172 173
172 174
169 175
175 176
175 177
177 178
177 179
179 180
179 181
168 182
167 183
183 184
183 185
185 186
186 187
186 188
185 189
189 190
189 191
166 192
159 193
193 194
194 195
195 196
196 197
196 198
195 199
194 200
200 201
200 202
202 203
202 204
193 205
205 206
205 207
207 208
207 209
124 210
210 211
211 212
212 213
213 214
214 215
214 216
216 217
216 218
218 219
218 220
213 221
212 222
222 223
222 224
211 225
225 226
225 227
210 228
228 229
229 230
229 231
231 232
231 233
233 234
233 235
228 236
236 237
237 238
237 239
236 240
123 241
241 242
242 243
243 244
244 245
244 246
246 247
246 248
248 249
248 250
250 251
250 252
243 253
253 254
253 255
242 256
256 257
257 258
257 259
259 260
259 261
256 262
262 263
262 264
241 265
265 266
266 267
266 268
265 269
122 270
270 271
271 272
271 273
273 274
273 275
270 276
276 277
276 278
121 279
279 280
280 281
281 282
282 283
283 284
284 285
284 286
286 287
287 288
287 289
286 290
283 291
291 292
291 293
293 294
294 295
294 296
293 297
282 298
298 299
299 300
299 301
301 302
301 303
298 304
304 305
304 306
281 307
307 308
308 309
308 310
310 311
310 312
312 313
312 314
307 315
315 316
315 317
280 318
318 319
318 320
279 321
321 322
321 323
323 324
323 325
120 326
326 327
327 328
328 329
328 330
327 331
326 332
119 333
333 334
333 335
335 336
336 337
337 338
337 339
339 340
339 341
336 342
335 343
118 344
344 345
345 346
346 347
347 348
347 349
346 350
350 351
350 352
352 353
353 354
354 355
354 356
353 357
352 358
358 359
359 360
360 361
360 362
359 363
358 364
345 365
365 366
366 367
367 368
367 369
366 370
370 371
370 372
365 373
344 374
374 375
374 376
117 377
377 378
378 379
379 380
380 381
380 382
382 383
382 384
379 385
378 386
377 387
387 388
388 389
388 390
390 391
390 392
387 393
393 394
393 395
