198
366
0
267 6
248 10
246 12
250 13
230 15
232 16
265 17
257 19
270 21
268 22
264 24
269 26
266 28
262 29
278 31
276 32
279 37
283 39
282 40
259 42
261 43
285 44
255 46
273 50
274 51
271 52
254 59
253 60
252 61
244 62
229 64
227 65
213 71
216 72
215 73
206 76
208 78
204 80
207 81
196 85
194 87
198 88
197 91
188 93
190 94
201 96
202 99
199 100
193 102
191 103
209 104
212 106
210 107
220 109
218 110
242 113
240 114
238 116
152 124
155 126
156 128
154 129
172 131
162 132
160 135
159 137
157 138
164 139
185 141
237 146
236 147
233 148
235 149
224 151
226 154
222 156
223 157
225 158
169 160
171 161
182 165
184 166
178 168
175 172
181 174
174 175
146 178
145 179
143 180
180 181
149 184
151 185
168 188
166 189
176 190
54 193
51 199
49 200
47 201
21 208
20 209
18 210
17 215
16 217
14 218
0 218
11 221
15 223
2 224
13 229
12 230
10 231
9 232
6 234
5 236
3 237
42 240
39 242
31 243
41 245
38 247
37 248
25 250
22 252
24 253
55 254
33 258
34 260
29 262
27 263
35 264
43 266
45 267
59 271
61 272
52 274
58 275
56 276
118 281
105 283
93 285
95 286
116 287
113 289
77 296
79 297
88 298
85 301
68 303
70 304
87 305
71 307
73 308
82 311
65 312
75 316
74 317
76 318
84 320
67 321
92 324
90 325
106 328
110 329
108 334
111 336
112 337
101 339
109 340
99 343
98 344
96 345
103 347
100 348
123 355
126 356
125 357
133 360
132 361
134 364
131 366
129 367
130 368
147 370
142 372
119 374
121 376
122 377
137 379
140 383
139 384
127 385
138 387
135 388
80 391
62 393
64 394
115 395
0 1
1 2
2 3
3 6
3 7
7 8
8 10
8 11
11 12
11 13
8 14
14 15
14 16
7 17
3 18
18 19
18 20
20 21
20 22
3 23
23 24
23 25
25 26
25 27
27 28
27 29
2 30
30 31
30 32
1 33
33 34
34 35
35 36
36 37
36 38
38 39
38 40
35 41
41 42
41 43
34 44
33 45
45 46
45 47
47 48
48 49
49 50
49 51
48 52
47 53
53 54
54 55
55 56
56 58
58 59
58 60
56 61
56 62
55 63
63 64
63 65
54 66
66 67
67 68
68 69
69 70
70 71
70 72
69 73
68 74
74 75
75 76
75 77
77 78
77 79
79 80
79 81
74 83
83 84
84 85
84 86
86 87
86 88
83 89
89 90
90 91
90 92
92 93
92 94
89 96
89 97
97 98
98 99
98 100
97 101
101 102
101 103
74 104
67 105
105 106
105 107
66 108
108 109
108 110
53 111
111 112
112 113
112 114
111 115
115 116
115 117
117 118
118 119
119 120
120 121
121 122
122 123
123 124
123 125
125 126
125 127
127 128
127 129
122 130
130 131
130 132
121 133
133 134
134 135
134 136
136 137
136 138
133 139
120 140
140 141
140 142
142 143
143 146
143 147
143 148
143 149
142 150
150 151
150 152
152 153
153 154
153 156
153 157
152 158
119 159
159 160
159 161
118 162
162 163
163 164
164 165
164 166
163 167
167 168
167 169
169 171
171 172
171 174
171 175
169 176
176 178
176 179
176 180
169 181
162 182
182 183
183 184
183 185
182 186
186 187
187 188
187 189
186 190
117 191
191 192
192 193
192 194
194 195
195 196
196 197
197 198
198 199
198 200
197 201
196 202
202 203
203 204
204 206
206 208
206 209
206 210
204 211
211 212
212 214
214 215
214 216
216 217
216 218
212 221
212 222
222 223
222 224
211 225
225 226
226 228
228 229
228 230
226 231
226 232
225 233
233 234
233 235
235 236
235 237
204 239
239 240
239 242
239 243
204 244
244 245
244 246
246 247
246 248
203 249
249 250
249 251
251 252
251 253
202 254
195 255
255 256
256 257
257 258
257 259
259 260
259 261
261 262
261 263
256 264
255 265
265 266
265 267
194 268
268 269
269 270
270 271
270 272
269 273
273 274
273 275
268 276
191 277
277 278
278 279
279 280
280 281
280 282
282 283
282 284
284 285
284 286
279 287
278 288
288 289
288 290
290 291
291 293
293 295
295 296
295 297
293 298
293 299
299 300
300 301
300 303
300 304
299 305
291 306
306 307
306 308
291 309
309 310
310 311
310 312
309 313
313 314
314 316
314 317
314 318
313 319
319 320
319 321
290 322
322 323
323 324
323 325
322 326
326 327
327 328
327 329
326 330
330 331
331 332
332 333
333 334
333 335
335 336
335 337
332 338
338 339
338 340
331 341
341 342
342 343
342 344
341 345
330 346
346 347
346 348
277 350
350 351
351 352
352 353
353 354
354 355
354 356
353 357
352 359
359 360
359 361
352 363
363 364
363 365
365 366
365 367
352 368
351 369
369 370
369 372
369 373
373 374
373 375
375 376
375 377
350 378
378 379
378 380
380 382
382 383
382 384
380 385
380 386
386 387
386 388
277 389
389 390
390 391
390 392
392 393
392 394
389 395
