198
311
0
283 4
282 7
279 8
261 10
259 11
285 13
278 15
276 17
262 20
264 22
269 24
268 26
265 29
267 31
250 33
246 36
248 37
230 39
232 40
257 42
270 43
266 44
274 46
273 48
271 50
255 52
244 54
253 57
229 60
227 61
218 63
220 65
212 68
210 69
215 72
216 74
213 75
204 77
207 79
206 81
209 84
196 87
198 89
194 90
190 94
188 95
199 97
202 99
201 101
193 103
191 104
197 105
208 106
252 108
254 110
242 112
240 114
238 116
226 118
225 120
222 119
233 126
236 128
237 130
235 131
223 132
224 134
171 138
169 139
168 141
176 143
166 145
184 149
182 150
175 152
181 156
174 157
146 161
145 162
143 163
180 164
178 165
149 167
151 168
185 170
172 172
162 175
155 177
152 179
156 181
154 182
159 187
157 188
160 189
164 190
147 192
142 195
129 199
131 200
80 205
64 207
62 208
115 209
132 211
133 213
126 216
123 217
125 218
134 220
130 221
137 223
139 226
140 227
138 229
135 230
121 234
119 235
122 236
116 240
95 243
93 244
105 245
118 246
127 248
113 250
112 253
98 259
96 261
99 262
92 263
108 264
110 268
90 270
106 271
109 272
101 274
100 276
103 277
111 251
71 280
73 282
65 286
82 287
67 290
76 292
84 293
75 294
74 296
87 299
77 301
79 302
85 305
88 306
70 309
68 310
59 312
61 314
58 316
56 318
52 320
54 322
51 324
55 327
47 329
43 332
45 333
35 335
33 337
29 340
27 341
34 342
49 344
31 348
39 349
42 350
21 355
20 356
18 357
22 360
24 361
25 362
41 364
38 363
37 368
15 371
2 372
11 374
16 377
17 378
13 382
9 384
12 386
10 387
6 389
3 391
5 392
14 393
0 395
0 1
1 2
2 3
3 4
3 6
6 7
6 8
3 9
9 10
9 11
2 13
2 14
14 15
14 16
16 17
16 18
18 20
18 22
18 24
18 25
25 26
25 28
28 29
28 31
28 32
32 33
32 35
35 36
35 37
32 38
38 39
38 40
25 42
25 43
18 44
1 45
45 46
45 47
47 48
47 49
49 50
49 51
51 52
51 53
53 54
53 55
55 57
55 59
59 60
59 61
55 62
62 63
62 65
62 66
66 67
67 68
67 69
66 70
70 71
71 72
71 74
71 75
70 76
76 77
76 79
76 80
80 81
80 83
83 84
83 85
85 86
86 87
86 88
88 89
88 90
85 93
93 94
93 95
85 96
96 97
97 99
96 101
96 102
102 103
102 104
85 105
80 106
55 107
107 108
107 110
107 111
111 112
111 113
113 114
113 115
115 116
115 117
117 118
117 119
119 120
119 125
125 126
125 128
125 130
125 131
119 132
119 134
119 135
135 137
137 138
137 139
135 140
140 141
140 142
142 143
142 144
144 145
144 146
146 147
147 149
147 150
147 151
151 152
152 154
154 156
154 157
154 158
158 159
159 160
160 161
160 162
159 163
158 164
151 165
146 166
166 167
166 168
135 169
169 170
169 171
171 172
171 173
173 174
174 175
174 176
176 177
176 179
176 180
180 181
180 182
173 183
183 185
185 186
186 187
186 188
185 189
183 190
183 191
191 192
191 193
193 195
193 196
196 197
197 199
197 200
197 203
203 204
204 205
204 206
206 207
206 208
203 209
197 210
210 211
210 213
210 214
214 215
215 216
215 217
214 218
197 220
197 221
196 223
196 225
225 226
225 227
196 229
196 230
193 232
232 234
232 235
232 236
193 237
237 238
238 240
238 241
241 242
242 243
242 244
241 245
238 246
237 248
237 249
249 250
249 251
251 253
251 255
255 258
258 259
258 261
258 262
255 263
255 264
255 266
266 267
267 268
267 270
267 271
266 272
255 273
273 274
273 275
275 276
275 277
251 279
279 280
279 282
279 283
283 284
284 286
284 287
284 289
289 290
289 292
289 293
284 294
294 296
283 299
283 300
300 301
300 302
283 305
283 306
283 308
308 309
308 310
283 311
311 312
311 314
311 315
315 316
315 318
315 320
315 321
321 322
321 323
323 324
323 325
325 326
326 327
326 329
326 330
330 332
330 333
330 334
334 335
334 336
336 337
336 339
339 340
339 341
336 342
325 343
343 344
343 345
345 348
345 349
345 350
345 351
351 353
353 354
354 355
354 356
353 357
351 358
358 359
359 360
359 361
358 362
351 363
363 364
363 368
363 369
369 371
369 372
369 373
373 374
373 377
373 378
373 381
381 382
381 384
381 386
381 387
373 388
388 389
388 390
390 391
390 392
373 393
393 395
