198
395
0
283 4
282 7
279 8
261 10
259 11
285 13
278 15
276 17
262 20
264 22
269 24
268 26
265 29
267 31
250 33
246 36
248 37
230 39
232 40
257 42
270 43
266 44
274 46
273 48
271 50
255 52
244 54
253 57
229 60
227 61
218 63
220 65
212 68
210 69
215 72
216 74
213 75
204 77
207 79
206 81
209 84
196 87
198 89
194 90
190 94
188 95
199 98
202 99
201 101
193 103
191 104
197 105
208 106
252 108
254 110
242 112
240 114
238 116
226 118
225 120
222 123
233 126
236 128
237 130
235 131
223 132
224 134
171 138
169 139
168 141
176 143
166 145
184 149
182 150
175 153
181 156
174 157
146 161
145 162
143 163
180 164
178 165
149 167
151 168
185 170
172 172
162 175
155 177
152 179
156 181
154 182
159 187
157 188
160 189
164 190
147 192
142 195
129 199
131 200
80 205
64 207
62 208
115 209
132 211
133 213
126 216
123 217
125 218
134 220
130 221
137 223
139 226
140 227
138 229
135 230
121 234
119 235
122 236
116 240
95 243
93 244
105 245
118 246
127 248
113 250
112 253
98 259
96 261
99 262
92 263
108 264
110 268
90 270
106 271
109 272
101 274
100 276
103 277
111 278
71 280
73 282
65 286
82 287
67 290
76 292
84 293
75 295
74 296
87 299
77 301
79 302
85 305
88 306
70 309
68 310
59 312
61 314
58 316
56 318
52 320
54 322
51 324
55 327
47 329
43 332
45 333
35 335
33 337
29 340
27 341
34 342
49 344
31 348
39 349
42 350
21 355
20 356
18 357
22 360
24 361
25 362
41 364
38 366
37 368
15 371
2 372
11 374
16 377
17 378
13 382
9 384
12 386
10 387
6 389
3 391
5 392
14 394
0 395
0 1
1 2
2 3
3 4
3 5
5 6
6 7
6 8
5 9
9 10
9 11
2 12
12 13
12 14
14 15
14 16
16 17
16 18
18 19
19 20
19 21
21 22
21 23
23 24
23 25
25 26
25 27
27 28
28 29
28 30
30 31
30 32
32 33
32 34
34 35
35 36
35 37
34 38
38 39
38 40
27 41
41 42
41 43
18 44
1 45
45 46
45 47
47 48
47 49
49 50
49 51
51 52
51 53
53 54
53 55
55 56
56 57
56 58
58 59
59 60
59 61
58 62
62 63
62 64
64 65
64 66
66 67
67 68
67 69
66 70
70 71
71 72
71 73
73 74
73 75
70 76
76 77
76 78
78 79
78 80
80 81
80 82
82 83
83 84
83 85
85 86
86 87
86 88
88 89
88 90
85 91
91 92
92 93
93 94
93 95
92 96
96 97
97 98
97 99
96 100
100 101
100 102
102 103
102 104
91 105
82 106
55 107
107 108
107 109
109 110
109 111
111 112
111 113
113 114
113 115
115 116
115 117
117 118
117 119
119 120
119 121
121 122
122 123
122 124
124 125
125 126
125 127
127 128
127 129
129 130
129 131
124 132
121 133
133 134
133 135
135 136
136 137
137 138
137 139
136 140
140 141
140 142
142 143
142 144
144 145
144 146
146 147
147 148
148 149
148 150
147 151
151 152
152 153
152 154
154 155
155 156
155 157
154 158
158 159
159 160
160 161
160 162
159 163
158 164
151 165
146 166
166 167
166 168
135 169
169 170
169 171
171 172
171 173
173 174
174 175
174 176
176 177
176 178
178 179
178 180
180 181
180 182
173 183
183 184
184 185
185 186
186 187
186 188
185 189
184 190
183 191
191 192
191 193
193 194
194 195
194 196
196 197
197 198
198 199
198 200
197 201
201 202
202 203
203 204
204 205
204 206
206 207
206 208
203 209
202 210
210 211
210 212
212 213
212 214
214 215
215 216
215 217
214 218
201 219
219 220
219 221
196 222
222 223
222 224
224 225
225 226
225 227
224 228
228 229
228 230
193 231
231 232
232 233
233 234
233 235
232 236
231 237
237 238
238 239
239 240
239 241
241 242
242 243
242 244
241 245
238 246
237 247
247 248
247 249
249 250
249 251
251 252
252 253
252 254
254 255
255 256
256 257
257 258
258 259
258 260
260 261
260 262
257 263
256 264
255 265
265 266
266 267
267 268
267 269
269 270
269 271
266 272
265 273
273 274
273 275
275 276
275 277
254 278
251 279
279 280
279 281
281 282
281 283
283 284
284 285
285 286
285 287
284 288
288 289
289 290
289 291
291 292
291 293
288 294
294 295
294 296
283 297
297 298
298 299
298 300
300 301
300 302
297 303
303 304
304 305
304 306
303 307
307 308
308 309
308 310
307 311
311 312
311 313
313 314
313 315
315 316
315 317
317 318
317 319
319 320
319 321
321 322
321 323
323 324
323 325
325 326
326 327
326 328
328 329
328 330
330 331
331 332
331 333
330 334
334 335
334 336
336 337
336 338
338 339
339 340
339 341
338 342
325 343
343 344
343 345
345 346
346 347
347 348
347 349
346 350
345 351
351 352
352 353
353 354
354 355
354 356
353 357
352 358
358 359
359 360
359 361
358 362
351 363
363 364
363 365
365 366
365 367
367 368
367 369
369 370
370 371
370 372
369 373
373 374
373 375
375 376
376 377
376 378
375 379
379 380
380 381
381 382
381 383
383 384
383 385
385 386
385 387
380 388
388 389
388 390
390 391
390 392
379 393
393 394
393 395
