98
195
0
135 2
134 4
132 7
127 8
123 13
125 14
121 16
119 19
120 20
124 21
129 23
130 24
128 26
118 29
117 30
107 34
109 35
113 37
115 39
116 40
112 42
110 44
102 47
99 51
100 52
98 55
90 56
96 60
97 61
95 62
92 65
91 66
94 67
93 68
82 74
73 78
81 79
79 82
77 83
80 85
71 86
83 87
87 88
89 89
105 91
106 93
104 94
74 97
70 100
68 101
85 103
76 104
17 109
18 110
5 114
2 116
0 117
6 121
3 122
8 123
9 126
10 127
7 128
11 129
32 133
16 137
13 138
15 139
20 140
36 142
38 143
40 145
30 151
23 152
21 153
33 154
34 155
26 157
24 158
43 163
44 166
41 167
29 170
27 171
45 172
48 174
50 177
51 178
47 180
46 181
62 183
54 186
58 188
52 189
63 190
57 193
55 194
66 195
0 1
1 2
1 3
3 4
3 5
5 6
6 7
6 8
5 9
9 10
10 11
11 12
12 13
12 14
11 15
15 16
15 17
17 18
18 19
18 20
17 21
10 22
22 23
22 24
9 25
25 26
25 27
27 28
28 29
28 30
27 31
31 32
32 33
33 34
33 35
32 36
36 37
36 38
38 39
38 40
31 41
41 42
41 43
43 44
43 45
45 46
46 47
46 48
48 49
49 50
50 51
50 52
49 53
53 54
54 55
54 56
53 57
57 58
58 59
59 60
59 61
58 62
57 63
63 64
64 65
64 66
63 67
48 68
45 69
69 70
70 71
71 72
72 73
73 74
73 75
75 76
76 77
77 78
77 79
76 80
80 81
81 82
81 83
80 84
84 85
84 86
75 87
72 88
71 89
70 90
90 91
90 92
92 93
92 94
69 95
95 96
96 97
96 98
98 99
99 100
99 101
98 102
102 103
102 104
95 105
105 106
106 107
107 108
108 109
108 110
107 111
111 112
112 113
113 114
113 115
115 116
115 117
112 118
118 119
119 120
120 121
120 122
119 123
118 124
124 125
125 126
125 127
124 128
111 129
106 130
130 131
131 132
132 133
132 134
134 135
135 136
136 137
136 138
135 139
134 140
131 141
141 142
141 143
130 144
144 145
144 146
146 147
147 148
148 149
149 150
150 151
150 152
149 153
148 154
147 155
146 156
156 157
156 158
105 159
159 160
160 161
161 162
162 163
162 164
164 165
165 166
165 167
164 168
168 169
169 170
169 171
168 172
161 173
173 174
173 175
175 176
176 177
176 178
175 179
179 180
179 181
160 182
182 183
182 184
184 185
185 186
185 187
187 188
187 189
184 190
159 191
191 192
192 193
192 194
191 195
