98
152
0
34 27
33 28
30 30
23 32
21 33
26 35
24 36
38 39
36 40
32 42
20 44
16 47
15 48
13 49
17 50
18 53
11 55
10 58
9 61
7 65
2 67
5 68
6 69
3 70
8 71
0 72
40 73
57 75
55 76
63 81
58 83
54 85
52 86
45 92
29 94
27 95
43 96
41 97
44 98
48 100
51 103
50 104
47 105
46 107
62 108
66 109
74 110
70 111
85 113
76 115
68 116
89 119
83 127
77 128
80 130
71 131
81 132
79 133
73 134
82 135
87 136
105 137
106 139
104 140
100 144
99 145
98 148
97 151
96 152
95 156
91 147
94 158
92 159
93 161
90 162
102 163
110 164
112 165
109 167
107 168
115 169
116 171
113 172
118 173
117 6
128 175
127 176
132 178
130 181
129 179
124 186
121 187
120 189
119 188
125 192
123 193
134 194
135 195
0 1
1 2
2 3
3 4
4 5
5 6
6 8
8 10
10 11
11 12
12 14
14 16
16 17
17 18
18 19
19 20
20 21
21 24
24 25
25 27
25 28
25 29
29 30
29 31
31 32
31 33
24 34
34 35
34 36
21 37
37 38
38 39
38 40
37 41
41 42
41 43
43 44
43 45
45 47
45 48
45 49
21 50
50 53
50 54
54 55
54 56
56 58
56 61
56 65
65 67
56 68
56 69
56 70
56 71
56 72
21 73
20 74
74 75
74 76
19 78
78 81
78 82
82 83
82 84
84 85
84 86
78 87
87 88
88 91
91 92
91 93
93 94
93 95
88 96
88 97
88 98
87 99
99 100
99 101
101 102
102 103
102 104
101 105
105 107
78 108
19 109
18 110
17 111
16 113
16 114
114 115
114 116
14 117
117 118
118 119
118 120
120 121
121 122
122 127
122 128
122 129
129 130
129 131
122 132
122 133
122 134
121 135
120 136
117 137
14 139
14 140
12 141
141 142
142 143
143 144
143 145
142 147
147 148
147 150
150 151
150 152
147 156
147 158
147 159
142 160
160 161
160 162
141 163
12 164
11 165
10 166
166 167
166 168
8 169
8 171
8 172
6 173
5 175
4 176
3 178
3 179
179 181
179 183
183 186
183 187
183 188
188 189
183 191
191 192
191 193
2 194
1 195
