48
95
0
79 2
77 4
74 6
68 10
72 12
70 13
54 16
56 17
65 19
63 20
60 23
58 24
62 28
57 29
53 30
46 35
44 36
40 39
33 44
35 45
32 47
30 48
38 49
37 50
43 51
26 55
17 58
10 63
7 64
6 67
9 68
8 69
5 71
3 73
2 75
0 76
11 79
13 80
14 81
21 84
23 85
18 87
20 88
24 89
28 91
29 92
51 94
49 95
0 1
1 2
1 3
3 4
3 5
5 6
5 7
7 8
8 9
9 10
9 11
11 12
11 13
8 14
14 15
15 16
15 17
14 18
18 19
18 20
7 21
21 22
22 23
22 24
21 25
25 26
26 27
27 28
27 29
26 30
25 31
31 32
32 33
33 34
34 35
34 36
33 37
37 38
38 39
38 40
40 41
41 42
42 43
43 44
43 45
42 46
46 47
46 48
41 49
40 50
37 51
32 52
52 53
53 54
54 55
54 56
56 57
57 58
57 59
59 60
60 61
61 62
62 63
62 64
61 65
65 66
66 67
66 68
65 69
60 70
70 71
70 72
72 73
72 74
74 75
74 76
59 77
77 78
78 79
78 80
77 81
56 82
82 83
83 84
83 85
82 86
86 87
86 88
53 89
52 90
90 91
90 92
31 93
93 94
93 95
