48
80
80
56 79
54 65
51 74
43 54
60 8
62 49
63 30
49 46
68 57
53 53
24 58
26 44
20 24
21 2
23 63
46 37
44 26
28 68
29 17
40 14
0 72
3 7
2 43
5 11
7 0
6 9
9 20
8 56
77 60
74 33
72 28
70 3
79 51
58 62
11 77
10 38
13 23
38 5
14 70
17 35
33 29
18 18
57 13
30 6
37 21
35 40
32 10
65 32
55 56
76 77
55 54
47 42
50 48
42 43
59 60
66 61
61 62
64 63
67 64
48 49
67 66
69 67
69 68
73 69
57 52
52 53
25 24
27 25
25 26
47 27
19 20
22 21
25 22
22 23
45 46
48 47
45 44
47 45
27 28
27 29
41 40
42 41
4 1
1 0
1 3
1 2
4 5
7 4
15 7
7 6
7 9
7 8
80 78
50 51
41 39
64 65
78 76
76 75
39 38
75 73
71 72
73 71
71 70
66 59
78 79
59 58
12 11
7 10
12 13
15 12
16 15
15 14
16 17
22 16
22 19
19 18
34 31
31 30
36 37
39 36
34 35
36 34
34 33
64 55
75 74
31 32
61 57
52 50
