48
80
80
56 30
54 10
51 0
43 79
60 70
62 46
63 6
49 5
68 35
53 3
24 38
26 57
20 28
21 68
23 11
46 23
44 13
28 20
29 17
40 60
0 14
3 43
2 8
5 9
7 54
6 26
9 72
8 56
77 44
74 77
72 33
70 53
79 29
58 2
11 62
10 51
13 58
38 32
14 7
17 18
33 40
18 49
57 24
30 74
37 63
35 65
32 37
65 21
55 56
76 77
55 54
47 42
50 48
42 43
59 60
66 61
61 62
64 63
67 64
48 49
67 66
69 67
69 68
73 69
57 52
52 53
25 24
27 25
25 26
47 27
19 20
22 21
25 22
22 23
45 46
48 47
45 44
47 45
27 28
27 29
41 40
42 41
4 1
1 0
1 3
1 2
4 5
7 4
15 7
7 6
7 9
7 8
80 78
50 51
41 39
64 65
78 76
76 75
39 38
75 73
71 72
73 71
71 70
66 59
78 79
59 58
12 11
7 10
12 13
15 12
16 15
15 14
16 17
22 16
22 19
19 18
34 31
31 30
36 37
39 36
34 35
36 34
34 33
64 55
75 74
31 32
61 57
52 50
