48
80
80
56 7
54 32
51 13
43 14
60 17
62 11
63 63
49 30
68 46
53 57
24 74
26 38
20 21
21 40
23 58
46 60
44 51
28 44
29 68
40 37
0 9
3 2
2 6
5 35
7 70
6 18
9 20
8 28
77 23
74 29
72 3
70 26
79 49
58 0
11 62
10 56
13 65
38 33
14 5
17 77
33 79
18 10
57 53
30 54
37 24
35 43
32 72
65 8
55 56
76 77
55 54
47 42
50 48
42 43
59 60
66 61
61 62
64 63
67 64
48 49
67 66
69 67
69 68
73 69
57 52
52 53
25 24
27 25
25 26
47 27
19 20
22 21
25 22
22 23
45 46
48 47
45 44
47 45
27 28
27 29
41 40
42 41
4 1
1 0
1 3
1 2
4 5
7 4
15 7
7 6
7 9
7 8
80 78
50 51
41 39
64 65
78 76
76 75
39 38
75 73
71 72
73 71
71 70
66 59
78 79
59 58
12 11
7 10
12 13
15 12
16 15
15 14
16 17
22 16
22 19
19 18
34 31
31 30
36 37
39 36
34 35
36 34
34 33
64 55
75 74
31 32
61 57
52 50
