50
84
84
56 56
43 43
61 61
63 63
64 64
53 53
67 67
68 68
81 81
24 24
26 26
27 27
21 21
22 22
49 49
46 46
47 47
82 82
45 45
29 29
40 40
0 0
3 3
2 2
5 5
7 7
6 6
9 9
77 77
75 75
38 38
72 72
71 71
70 70
78 78
12 12
59 59
14 14
17 17
16 16
19 19
32 32
30 30
37 37
36 36
35 35
33 33
74 74
54 54
50 50
55 56
76 77
55 54
52 51
51 48
44 43
62 60
62 61
65 62
62 63
65 64
48 49
69 66
66 67
69 68
83 69
84 80
57 52
52 53
58 42
25 24
34 25
25 26
28 27
23 20
20 21
23 22
34 23
44 46
48 47
48 44
44 45
40 28
28 29
41 40
42 41
10 1
1 0
4 3
1 2
4 5
10 4
8 7
4 6
8 9
13 8
79 78
83 82
84 83
41 39
66 65
79 76
76 75
39 38
76 73
73 72
69 71
69 70
60 59
80 79
60 58
15 11
11 10
15 13
11 12
18 15
13 14
16 17
18 16
20 19
23 18
39 31
31 30
34 37
34 36
34 35
42 34
34 33
57 55
73 74
31 32
80 81
58 57
51 50
