197
360
0
281 2
279 5
270 6
273 9
276 10
193 13
189 15
191 17
192 18
275 22
203 25
271 27
205 28
202 32
199 34
200 35
201 37
196 38
198 39
277 40
188 44
194 45
186 46
183 50
178 52
180 53
182 55
167 59
169 60
175 63
174 65
172 66
170 68
171 69
177 71
176 72
141 77
143 78
265 81
262 83
261 84
264 86
263 87
267 89
250 92
247 96
244 97
246 98
248 101
253 102
251 103
254 105
255 106
110 112
108 113
89 115
91 115
92 118
81 124
84 127
82 128
88 130
85 132
87 133
77 135
74 137
80 138
78 139
62 145
60 147
58 148
26 152
24 154
13 156
14 159
12 161
11 162
9 163
15 166
17 167
20 169
18 170
21 172
23 173
52 176
45 180
44 181
41 183
43 184
49 186
28 188
8 189
6 189
56 195
55 196
53 197
39 202
37 206
2 208
0 209
38 210
35 211
31 213
32 215
29 216
57 217
33 219
3 221
5 222
65 226
64 227
48 229
46 230
71 234
69 235
67 236
73 238
70 239
76 240
96 244
94 245
138 249
139 251
140 252
137 253
120 254
99 256
100 258
97 259
258 262
260 264
256 266
259 267
155 274
158 275
159 277
156 279
153 280
160 281
150 284
148 285
151 286
164 291
165 293
166 294
163 295
157 297
161 298
238 301
242 304
239 305
236 306
240 310
243 311
237 312
144 314
241 315
122 320
126 324
127 325
115 327
113 328
118 332
105 334
107 335
117 336
104 339
101 340
103 341
112 344
128 346
130 347
124 348
147 349
133 351
131 353
134 354
232 357
234 358
230 360
222 365
223 366
228 369
217 371
220 373
219 374
226 375
208 379
206 380
209 382
211 383
212 386
214 388
215 389
224 391
216 392
225 393
0 1
1 2
1 3
3 4
4 5
4 6
3 7
7 8
8 9
8 10
7 11
11 12
12 13
12 14
14 15
14 17
14 18
11 19
19 21
21 22
21 23
23 24
24 25
24 26
26 27
26 28
23 29
29 30
30 31
31 32
31 33
33 34
33 35
30 36
36 37
36 38
29 39
19 40
19 41
41 42
42 43
43 44
43 45
42 46
41 47
47 48
48 49
49 50
49 51
51 52
51 53
48 54
54 55
54 56
56 58
58 59
58 60
56 61
61 63
61 64
64 65
64 66
61 67
67 68
67 69
56 70
70 71
70 72
47 73
73 75
75 76
76 77
76 78
75 79
79 80
80 81
80 82
82 83
82 84
79 85
85 86
85 87
73 88
88 89
88 90
90 91
91 92
91 93
93 94
94 95
95 96
95 97
94 98
93 99
99 100
100 101
100 102
99 103
90 104
104 105
104 106
73 107
107 108
108 109
109 110
110 111
111 112
111 113
110 114
114 115
114 118
109 119
119 120
120 121
121 123
123 124
123 125
125 126
126 127
126 128
125 129
129 130
129 132
129 133
121 134
134 135
134 137
134 138
121 139
120 140
140 141
141 142
142 143
143 144
144 145
144 146
146 147
146 148
143 149
149 150
150 151
151 152
151 154
151 155
155 156
155 157
157 158
158 159
158 161
158 162
157 163
150 164
164 165
165 166
165 167
164 168
168 169
168 170
149 171
171 172
171 173
142 174
174 175
175 176
175 177
177 180
177 181
177 182
182 183
182 184
177 185
185 186
185 187
187 188
187 189
174 192
192 193
193 194
194 195
194 196
193 197
192 199
199 201
201 202
201 204
204 205
205 206
205 207
207 208
207 209
204 210
201 211
199 212
212 213
212 215
212 216
199 217
192 218
218 219
218 220
220 221
220 222
141 224
224 225
225 226
225 227
224 228
228 229
228 230
141 231
231 232
232 233
233 234
233 235
232 236
231 237
237 238
237 239
140 240
119 241
241 242
242 243
243 244
243 245
242 246
246 247
247 248
248 249
248 251
248 252
247 253
246 254
241 255
255 256
255 257
257 258
257 259
108 260
260 261
261 262
261 263
263 264
263 265
265 266
265 267
260 268
268 269
269 270
270 271
271 272
272 274
272 275
272 277
272 278
278 279
278 280
271 281
270 282
282 283
283 284
283 285
282 286
269 287
287 288
288 290
290 291
290 292
292 293
292 294
288 295
288 296
296 297
296 298
287 299
299 300
300 301
300 302
302 303
303 304
303 305
302 306
299 307
307 308
308 309
309 310
309 311
308 312
307 313
313 314
313 315
268 316
316 319
319 320
319 321
321 322
322 324
322 325
322 326
326 327
326 328
321 330
330 332
330 333
333 334
333 335
330 336
321 337
337 338
338 339
338 340
337 341
316 342
342 343
343 344
343 345
345 346
345 347
342 348
316 349
316 350
350 351
350 352
352 353
352 354
107 355
355 356
356 357
356 358
355 359
359 360
359 361
361 362
362 364
364 365
364 366
362 368
368 369
368 370
370 371
370 372
372 373
372 374
362 375
362 377
377 378
378 379
378 380
377 381
381 382
381 383
362 384
384 385
385 386
385 387
387 388
387 389
384 390
390 391
390 392
361 393
