197
393
0
279 2
281 4
275 7
273 8
188 13
194 14
186 15
277 17
202 20
198 24
196 25
201 26
199 28
200 29
271 31
205 33
203 34
276 36
183 41
178 43
180 44
182 46
169 49
167 50
170 55
171 56
176 58
177 59
174 61
172 62
175 63
189 66
191 67
192 69
193 70
270 72
265 76
264 79
263 80
262 82
261 83
141 85
143 86
147 93
144 98
242 102
236 103
241 105
238 106
237 107
159 111
155 114
153 117
156 118
160 119
158 120
161 123
157 124
166 126
163 128
165 130
164 131
150 133
148 135
151 136
243 139
240 140
239 141
134 143
133 145
131 146
104 155
101 156
103 157
118 158
117 160
105 162
107 163
113 166
115 167
127 168
126 169
122 170
128 174
112 175
130 176
139 182
138 183
120 185
140 186
137 187
99 189
100 192
97 193
94 195
96 196
124 197
84 203
82 204
88 206
85 208
87 209
76 212
74 213
81 215
77 218
80 219
78 220
70 224
69 225
71 227
73 228
57 235
37 239
29 242
32 243
31 244
35 246
0 248
2 249
39 251
38 252
52 253
56 256
53 257
55 259
33 261
3 263
5 264
43 267
45 270
44 271
41 272
49 274
28 276
6 278
8 279
26 283
15 288
17 289
20 291
18 292
23 294
21 295
24 296
9 298
13 301
12 302
14 304
11 305
60 308
58 309
62 310
48 313
46 314
67 316
64 318
65 319
108 322
110 323
89 326
91 327
92 328
256 331
260 332
258 334
259 335
230 338
225 345
212 346
216 348
224 349
222 353
226 354
223 355
214 357
215 358
206 361
209 363
208 364
211 365
220 368
217 369
219 370
228 371
232 373
234 374
267 376
254 379
255 380
251 383
246 386
247 388
244 389
250 390
248 392
253 393
0 1
1 2
1 3
3 4
3 5
5 6
6 7
6 8
5 9
9 10
10 11
11 12
12 13
12 14
11 15
10 16
16 17
16 18
18 19
19 20
19 21
21 22
22 23
23 24
23 25
22 26
21 27
27 28
27 29
18 30
30 31
30 32
32 33
32 34
9 35
35 36
35 37
37 38
38 39
39 40
40 41
40 42
42 43
42 44
39 45
45 46
45 47
47 48
48 49
48 50
47 51
51 52
52 53
53 54
54 55
54 56
53 57
57 58
57 59
52 60
60 61
60 62
51 63
38 64
64 65
65 66
65 67
64 68
68 69
68 70
37 71
71 72
71 73
73 74
74 75
75 76
75 77
77 78
78 79
78 80
77 81
81 82
81 83
74 84
84 85
84 86
73 87
87 88
88 89
89 90
90 91
91 92
92 93
92 94
94 95
95 96
96 97
97 98
97 99
99 100
100 101
101 102
101 103
100 104
104 105
104 106
99 107
96 108
108 109
109 110
110 111
110 112
112 113
113 114
113 115
115 116
116 117
116 118
115 119
112 120
109 121
121 122
122 123
122 124
121 125
125 126
125 127
127 128
127 129
129 130
129 131
108 132
132 133
132 134
134 135
134 136
95 137
137 138
138 139
138 140
137 141
94 142
142 143
142 144
144 145
144 146
91 147
147 148
148 149
149 150
150 151
151 152
152 153
153 154
154 155
154 156
153 157
152 158
151 159
159 160
159 161
161 162
161 163
150 164
164 165
165 166
165 167
164 168
149 169
148 170
147 171
171 172
172 173
173 174
173 175
172 176
171 177
177 178
178 179
179 180
180 181
181 182
181 183
180 184
184 185
184 186
179 187
178 188
188 189
188 190
190 191
191 192
191 193
190 194
194 195
194 196
177 197
90 198
198 199
199 200
200 201
201 202
202 203
202 204
201 205
205 206
205 207
207 208
207 209
200 210
210 211
211 212
211 213
210 214
214 215
214 216
216 217
217 218
217 219
216 220
199 221
221 222
222 223
223 224
223 225
222 226
226 227
226 228
221 229
229 230
230 231
231 232
232 233
233 234
234 235
234 236
236 237
237 238
238 239
238 240
240 241
241 242
241 243
240 244
237 245
245 246
245 247
247 248
247 249
236 250
250 251
250 252
233 253
232 254
254 255
255 256
255 257
254 258
258 259
258 260
260 261
260 262
262 263
262 264
231 265
265 266
266 267
266 268
268 269
269 270
269 271
268 272
265 273
273 274
273 275
275 276
275 277
277 278
277 279
230 280
280 281
281 282
282 283
282 284
284 285
285 286
286 287
287 288
287 289
286 290
290 291
290 292
285 293
293 294
293 295
284 296
281 297
297 298
297 299
299 300
300 301
300 302
299 303
303 304
303 305
280 306
306 307
307 308
307 309
306 310
229 311
311 312
312 313
312 314
311 315
315 316
315 317
317 318
317 319
198 320
320 321
321 322
321 323
320 324
324 325
325 326
325 327
324 328
89 329
329 330
330 331
330 332
329 333
333 334
333 335
88 336
336 337
337 338
337 339
339 340
340 341
341 342
342 343
343 344
344 345
344 346
343 347
347 348
347 349
342 350
350 351
351 352
352 353
352 354
351 355
350 356
356 357
356 358
341 359
359 360
360 361
360 362
362 363
362 364
359 365
340 366
366 367
367 368
367 369
366 370
339 371
336 372
372 373
372 374
87 375
375 376
375 377
377 378
378 379
378 380
377 381
381 382
382 383
382 384
384 385
385 386
385 387
387 388
387 389
384 390
381 391
391 392
391 393
