197
304
0
236 10
242 17
241 18
158 20
160 26
155 27
156 29
153 30
159 31
237 32
151 35
150 36
148 37
166 42
164 43
165 44
163 45
243 49
240 46
239 51
161 53
157 54
110 59
108 60
92 62
91 64
89 65
144 66
140 72
138 75
100 80
97 81
99 82
96 84
94 85
120 86
137 87
139 70
130 92
128 94
112 96
73 103
69 105
65 110
64 111
48 113
46 114
70 115
67 116
71 117
62 120
60 122
58 123
23 127
21 128
26 132
24 133
20 136
18 137
17 139
15 140
14 144
13 145
11 147
9 148
12 141
2 155
0 156
39 159
37 161
31 165
29 166
32 167
38 168
35 169
53 170
57 171
49 178
28 180
8 182
6 181
45 185
43 187
41 188
52 190
44 191
56 192
33 194
5 196
3 197
55 198
76 199
88 204
87 207
84 209
82 210
85 211
80 212
74 214
77 215
81 216
78 217
127 222
126 223
115 225
113 226
118 230
107 232
105 233
117 234
104 237
103 238
101 239
122 240
124 241
134 243
133 245
131 246
147 247
238 248
258 249
260 252
256 254
234 257
232 258
230 260
228 262
226 266
222 267
224 274
216 275
215 277
214 278
220 281
217 282
219 283
212 284
223 285
208 289
206 290
209 291
211 292
225 293
259 294
267 296
255 299
254 298
251 305
250 306
247 309
246 310
244 311
248 312
253 313
265 317
262 314
263 321
261 322
264 323
143 325
141 326
270 327
279 328
183 332
180 335
178 336
177 341
174 344
172 345
171 346
170 348
175 337
169 351
167 352
176 353
182 354
273 355
276 363
193 365
192 367
191 369
189 370
277 371
201 376
196 377
198 378
199 379
200 372
275 381
202 382
194 384
188 386
186 387
271 389
205 391
203 392
281 393
0 1
1 2
2 4
4 5
5 6
6 7
7 8
8 9
9 10
10 16
16 17
16 18
18 20
10 23
23 26
23 27
23 28
28 29
28 30
23 31
10 32
10 33
33 35
33 36
33 37
10 39
39 42
39 43
39 44
39 45
10 46
46 49
46 51
46 52
52 53
52 54
10 56
56 57
57 58
58 59
58 60
57 61
61 62
61 63
63 64
63 65
56 66
10 67
67 69
69 70
70 71
71 72
71 75
71 76
76 77
77 79
79 80
79 81
77 82
77 83
83 84
83 85
76 86
71 87
69 91
91 92
91 93
93 94
93 95
95 96
95 97
97 98
98 99
99 100
100 101
101 103
101 104
104 105
104 107
107 108
108 109
109 110
109 111
108 112
112 113
112 114
107 115
104 116
101 117
100 118
118 120
118 121
121 122
121 123
118 124
124 125
125 126
126 127
126 128
125 132
125 133
125 135
135 136
135 137
125 138
138 139
138 140
125 141
141 144
141 145
141 146
146 147
146 148
124 150
150 152
152 153
153 154
154 155
154 156
153 157
157 159
157 161
157 163
163 165
163 166
163 167
157 168
157 169
152 170
150 171
150 175
175 176
176 178
176 179
179 180
179 181
181 182
176 184
184 185
184 187
184 188
175 189
189 190
189 191
150 192
150 193
193 194
193 195
195 196
195 197
150 198
99 199
98 203
203 204
203 207
203 208
208 209
208 210
203 211
98 212
212 214
98 215
98 216
97 217
69 218
218 219
219 222
219 223
219 224
224 225
224 226
219 227
227 230
227 231
231 232
231 233
227 234
227 235
235 237
235 238
235 239
218 240
69 241
67 242
242 243
242 244
244 245
244 246
67 247
10 248
9 249
8 252
8 253
253 254
253 255
255 256
256 257
256 258
255 259
259 260
259 261
261 262
261 263
263 264
264 265
265 266
265 267
264 270
270 273
273 274
273 275
270 276
276 277
276 278
270 279
279 280
280 281
280 282
279 283
270 284
264 285
264 286
286 287
287 288
288 289
288 290
287 291
286 292
263 293
8 294
7 295
295 296
295 297
297 298
298 299
297 301
301 302
302 303
303 305
303 306
303 307
307 309
307 310
307 311
302 312
301 313
6 314
314 317
314 321
314 322
314 323
314 324
324 325
324 326
5 327
4 328
2 329
329 330
330 332
330 333
333 334
334 335
334 336
333 337
337 341
337 343
343 344
343 345
337 346
346 348
337 350
350 351
350 352
337 353
330 354
329 355
2 356
356 357
357 362
362 363
362 364
364 365
364 367
364 369
364 370
357 371
357 372
372 374
374 375
375 376
375 377
374 378
372 379
357 381
357 382
357 383
383 384
383 386
383 387
356 388
388 389
388 391
388 392
1 393
