197
293
1
94 8
99 24
124 28
236 35
242 36
163 40
237 41
240 42
175 52
200 57
262 62
238 64
254 68
167 80
177 88
53 94
6 104
12 112
13 113
0 117
2 118
3 119
5 120
8 121
9 122
11 123
14 124
15 125
17 126
18 127
20 128
21 129
23 130
24 131
26 132
28 133
29 134
31 135
32 136
33 137
35 138
37 139
38 140
39 141
41 142
43 143
44 144
45 145
46 146
48 147
49 148
52 149
55 150
56 151
57 152
58 153
60 154
62 155
64 156
65 157
67 158
69 159
70 160
71 161
73 162
74 163
76 164
77 165
78 166
80 167
81 168
82 169
84 170
85 171
87 172
88 173
89 174
91 175
92 176
96 177
97 178
100 179
101 180
103 181
104 182
105 183
107 184
108 185
110 186
112 187
113 188
115 189
117 190
118 191
120 192
122 193
126 194
127 195
128 196
130 197
131 198
133 199
134 200
137 201
138 202
139 203
140 204
141 205
143 206
144 207
147 208
148 209
150 210
151 211
153 212
155 213
156 214
157 215
158 216
159 217
160 218
161 219
164 220
165 221
166 222
169 223
170 224
171 225
172 226
174 227
176 228
178 229
180 230
182 231
183 232
186 233
188 234
189 235
191 236
192 237
193 238
194 239
196 240
198 241
199 242
201 243
202 244
203 245
205 246
206 247
208 248
209 249
211 250
212 251
214 252
215 253
216 254
217 255
219 256
220 257
222 258
223 259
224 260
225 261
226 262
228 263
230 264
232 265
234 266
239 267
241 268
243 269
244 270
246 271
247 272
248 273
250 274
251 275
253 276
255 277
256 278
258 279
259 280
260 281
261 282
263 283
264 284
265 285
267 286
270 287
271 288
273 289
275 290
276 291
277 292
279 293
281 294
1 2
2 3
3 4
2 5
5 6
5 7
7 8
7 9
5 10
10 11
5 12
12 13
13 14
13 15
15 16
16 17
16 18
15 19
15 20
12 21
21 22
22 23
21 24
21 25
21 26
21 27
5 28
5 29
29 30
30 31
31 32
5 33
33 34
2 35
35 36
35 37
37 38
35 39
39 40
35 41
35 42
42 43
35 44
44 45
45 46
35 47
35 48
48 49
49 50
50 51
50 52
49 53
53 54
54 55
54 56
53 57
57 58
57 59
48 60
48 61
61 62
35 63
35 64
35 65
35 66
66 67
66 68
66 69
69 70
69 71
71 72
71 73
71 74
66 75
75 76
75 77
66 78
78 79
79 80
79 81
79 82
78 83
83 84
83 85
85 86
2 87
87 88
2 89
2 90
90 91
91 92
92 93
93 94
93 95
95 96
96 97
93 98
98 99
93 100
92 101
101 102
92 103
92 104
91 105
105 106
91 107
91 108
108 109
109 110
108 111
91 112
112 113
112 114
112 115
90 116
97 117
97 118
99 119
99 120
104 121
115 122
112 123
112 124
91 125
105 126
105 127
105 128
91 129
107 130
91 131
91 132
103 133
95 134
95 135
95 136
98 137
96 138
96 139
96 140
96 141
101 142
101 143
101 144
102 145
20 146
20 147
92 148
103 149
93 150
100 151
93 152
108 153
111 154
108 155
114 156
11 157
116 158
109 159
110 160
106 161
109 162
15 163
19 164
16 165
16 166
16 167
18 168
17 169
15 170
17 171
17 172
15 173
4 174
4 175
14 176
27 177
25 178
26 179
6 180
32 181
32 182
89 183
31 184
3 185
3 186
34 187
29 188
29 189
31 190
31 191
21 192
7 193
30 194
30 195
33 196
33 197
10 198
9 199
10 200
22 201
22 202
22 203
23 204
63 205
63 206
2 207
5 208
44 209
44 210
45 211
37 212
37 213
37 214
43 215
37 216
38 217
37 218
43 219
39 220
39 221
39 222
80 223
52 224
52 225
52 226
52 227
52 228
65 229
59 230
65 231
65 232
87 233
53 234
56 235
56 236
82 237
56 238
74 239
51 240
57 241
57 242
58 243
57 244
72 245
72 246
86 247
86 248
85 249
85 250
85 251
85 252
85 253
85 254
84 255
83 256
83 257
85 258
85 259
85 260
85 261
85 262
85 263
67 264
47 265
77 266
42 267
35 268
42 269
60 270
70 271
60 272
46 273
60 274
60 275
60 276
68 277
69 278
76 279
69 280
69 281
62 282
62 283
61 284
62 285
48 286
73 287
72 288
54 289
53 290
54 291
55 292
49 293
81 294
