197
197
197
0 0
2 1
3 2
5 3
6 4
8 5
9 6
11 7
12 8
13 9
14 10
15 11
17 12
18 13
20 14
21 15
23 16
24 17
26 18
28 19
29 20
31 21
32 22
33 23
35 24
37 25
38 26
39 27
41 28
43 29
44 30
45 31
46 32
48 33
49 34
52 35
53 36
55 37
56 38
57 39
58 40
60 41
62 42
64 43
65 44
67 45
69 46
70 47
71 48
73 49
74 50
76 51
77 52
78 53
80 54
81 55
82 56
84 57
85 58
87 59
88 60
89 61
91 62
92 63
94 64
96 65
97 66
99 67
100 68
101 69
103 70
104 71
105 72
107 73
108 74
110 75
112 76
113 77
115 78
117 79
118 80
120 81
122 82
124 83
126 84
127 85
128 86
130 87
131 88
133 89
134 90
137 91
138 92
139 93
140 94
141 95
143 96
144 97
147 98
148 99
150 100
151 101
153 102
155 103
156 104
157 105
158 106
159 107
160 108
161 109
163 110
164 111
165 112
166 113
167 114
169 115
170 116
171 117
172 118
174 119
176 120
175 121
177 122
178 123
180 124
182 125
183 126
186 127
188 128
189 129
191 130
192 131
193 132
194 133
196 134
198 135
199 136
201 137
202 138
200 139
203 140
205 141
206 142
208 143
209 144
211 145
212 146
214 147
215 148
216 149
217 150
219 151
220 152
222 153
223 154
224 155
225 156
226 157
228 158
230 159
232 160
234 161
236 162
237 163
238 164
239 165
240 166
241 167
242 168
243 169
244 170
246 171
247 172
248 173
250 174
251 175
253 176
254 177
255 178
256 179
258 180
259 181
260 182
261 183
263 184
262 185
264 186
265 187
267 188
270 189
271 190
273 191
275 192
276 193
277 194
279 195
281 196
197 139
139 135
139 136
139 193
135 134
139 138
139 192
139 128
139 190
190 140
190 141
139 191
135 137
197 195
197 196
139 133
193 131
131 129
129 130
139 127
197 189
129 132
139 194
127 125
125 119
119 121
121 117
117 116
119 118
121 114
114 115
119 120
121 126
121 122
126 124
121 123
189 179
179 162
162 166
162 167
166 169
162 103
166 109
167 106
103 104
103 108
162 97
162 112
162 113
162 163
166 165
104 102
109 105
162 82
162 98
162 100
100 99
162 110
162 111
162 164
162 168
166 93
93 92
93 91
82 84
84 80
80 79
84 77
77 78
80 73
82 87
87 86
93 94
162 90
166 181
179 182
82 83
84 85
73 72
79 69
69 71
82 88
93 67
100 101
103 107
80 70
88 89
93 68
86 76
166 180
93 64
64 65
93 81
181 161
161 160
162 74
74 75
74 62
62 61
62 63
68 66
86 52
52 54
54 50
52 59
52 60
52 55
52 58
52 53
52 56
52 51
60 57
52 46
46 49
46 42
42 8
8 7
8 10
8 18
8 9
8 14
8 17
14 13
7 6
14 12
12 11
14 15
7 23
23 3
23 37
3 2
37 34
34 19
34 29
29 28
19 4
4 5
37 39
42 40
8 41
37 38
39 21
21 20
20 22
20 24
20 26
20 27
22 1
1 0
0 25
8 16
37 36
19 35
7 30
29 31
46 47
46 48
8 32
32 33
46 44
46 45
8 43
161 153
153 154
154 145
145 144
154 146
154 149
154 151
151 152
154 156
154 158
153 157
154 148
145 142
151 150
153 147
149 155
142 143
156 159
162 177
177 178
162 185
185 183
185 187
185 184
185 186
185 95
95 96
177 175
175 170
170 172
175 174
175 173
175 176
170 171
179 188
