197
303
0
279 3
281 4
273 9
276 10
275 13
277 15
199 19
202 21
196 24
201 25
198 26
200 16
271 29
205 31
203 32
194 35
183 38
182 40
175 42
177 48
176 49
174 51
172 52
170 54
171 53
167 57
169 58
178 60
180 61
186 62
188 63
192 67
193 68
191 69
189 70
270 72
261 76
262 74
265 80
263 82
264 83
143 85
141 86
267 89
253 92
246 97
247 99
244 100
251 101
250 102
248 103
254 104
255 106
232 111
234 112
230 114
228 116
225 118
223 120
226 124
222 125
224 129
216 130
214 133
215 134
212 135
220 138
217 139
219 140
211 142
209 144
208 146
206 147
256 148
260 150
259 152
258 154
239 156
240 155
243 160
161 163
157 165
165 169
164 170
166 171
163 172
237 176
153 181
156 182
160 183
155 184
159 185
238 189
148 191
150 193
151 194
158 197
241 196
242 199
236 173
108 204
110 205
92 207
91 209
89 210
144 212
133 217
131 218
134 219
147 220
139 223
140 228
137 229
96 233
94 234
99 236
97 238
100 239
120 240
138 241
124 242
122 245
127 247
115 251
113 252
107 255
105 256
104 260
101 262
103 263
117 264
118 265
126 266
130 268
128 270
112 272
78 274
81 276
80 278
74 280
85 283
87 285
88 287
84 289
82 290
77 291
76 294
71 297
73 298
69 300
70 302
48 307
46 308
65 310
64 311
67 312
62 315
58 317
60 318
21 325
23 326
18 329
20 330
17 332
15 333
14 337
9 339
11 340
12 334
13 342
26 343
24 344
6 348
8 350
28 351
41 355
45 356
44 358
43 359
49 360
55 362
33 365
3 367
5 368
53 371
56 372
52 374
57 376
35 380
39 381
32 384
31 386
29 387
38 388
37 390
2 392
0 393
0 1
1 3
1 4
1 5
5 6
6 9
6 10
6 11
11 13
11 15
11 16
16 19
16 21
16 22
22 23
23 24
23 25
22 26
16 28
28 29
28 31
28 32
11 33
33 35
33 36
36 37
37 38
37 40
37 41
41 42
42 47
47 48
47 49
42 50
50 51
50 52
42 53
53 54
42 56
56 57
56 58
41 59
59 60
59 61
36 62
33 63
6 64
64 67
64 68
64 69
64 70
5 71
71 72
71 73
73 74
74 76
74 80
74 81
81 82
81 83
74 84
84 85
84 86
73 87
87 88
88 89
88 90
90 91
91 92
91 93
93 94
94 96
96 97
96 99
96 100
94 101
94 102
93 103
90 104
104 106
87 107
107 108
108 109
109 110
110 111
110 112
109 113
113 114
113 115
115 116
115 117
117 118
117 119
119 120
119 123
123 124
123 125
119 126
126 128
128 129
128 130
126 132
132 133
132 134
126 135
126 136
136 137
137 138
137 139
136 140
119 141
141 142
141 143
143 144
143 145
145 146
145 147
108 148
107 150
107 151
151 152
151 153
153 154
153 155
155 156
155 160
155 162
162 163
162 165
162 166
166 169
166 170
166 171
166 172
155 173
173 176
173 177
177 180
180 181
180 182
177 183
177 184
177 185
173 189
173 190
190 191
190 193
190 194
173 196
196 197
173 199
173 201
201 202
202 203
203 204
203 205
202 206
206 207
206 208
208 209
208 210
201 212
201 213
213 214
214 215
215 216
216 217
216 218
215 219
214 220
213 223
223 225
225 228
225 229
225 230
230 231
231 232
232 233
232 234
231 236
231 237
237 238
237 239
230 240
225 241
213 242
213 244
244 245
244 246
246 247
246 250
250 251
250 252
246 253
253 254
254 255
254 256
253 259
259 260
259 262
259 263
253 264
253 265
246 266
213 267
267 268
267 269
269 270
269 271
271 272
271 273
273 274
273 275
275 276
275 278
278 280
275 282
282 283
282 285
282 287
282 288
288 289
288 290
275 291
291 293
293 294
293 295
295 297
295 298
295 299
299 300
299 302
299 303
303 304
304 305
305 306
306 307
306 308
305 309
309 310
309 311
304 312
303 313
313 315
313 316
316 317
316 318
313 319
319 320
320 324
324 325
324 326
320 328
328 329
328 330
320 331
331 332
331 333
320 334
334 337
334 339
334 340
334 342
320 343
320 344
319 345
345 346
346 347
347 348
348 350
347 351
346 353
353 355
353 356
353 358
353 359
346 360
345 362
345 364
364 365
364 366
366 367
366 368
345 370
370 371
370 372
345 373
373 374
373 375
375 376
375 377
377 380
377 381
377 383
383 384
383 386
383 387
377 388
377 389
389 390
389 391
391 392
391 393
