197
393
0
279 3
281 4
273 9
276 10
275 13
277 15
199 19
202 21
196 24
201 25
198 26
200 27
271 29
205 31
203 32
194 35
183 38
182 40
175 45
177 48
176 49
174 51
172 52
170 54
171 55
167 57
169 58
178 60
180 61
186 62
188 63
192 67
193 68
191 69
189 70
270 72
261 76
262 78
265 80
263 82
264 83
143 85
141 86
267 89
253 92
246 97
247 99
244 100
251 101
250 102
248 103
254 105
255 106
232 111
234 112
230 114
228 116
225 118
223 120
226 124
222 125
224 129
216 130
214 133
215 134
212 135
220 138
217 139
219 140
211 142
209 144
208 146
206 147
256 148
260 150
259 152
258 154
239 156
240 158
243 160
161 163
157 165
165 169
164 170
166 171
163 172
237 176
153 181
156 182
160 183
155 184
159 185
238 189
148 191
150 193
151 194
158 197
241 198
242 199
236 200
108 204
110 205
92 207
91 209
89 210
144 212
133 217
131 218
134 219
147 220
139 224
140 228
137 229
96 233
94 234
99 236
97 238
100 239
120 240
138 241
124 242
122 245
127 247
115 251
113 252
107 255
105 256
104 260
101 262
103 263
117 264
118 265
126 266
130 268
128 270
112 272
78 274
81 276
80 279
74 280
85 283
87 285
88 287
84 289
82 290
77 292
76 294
71 297
73 298
69 300
70 302
48 307
46 308
65 310
64 311
67 312
62 315
58 317
60 318
21 325
23 326
18 329
20 330
17 332
15 333
14 337
9 339
11 340
12 341
13 342
26 343
24 344
6 349
8 350
28 351
41 355
45 356
44 358
43 359
49 360
55 362
33 365
3 367
5 368
53 371
56 372
52 374
57 376
35 380
39 381
32 384
31 386
29 387
38 388
37 390
2 392
0 393
0 1
1 2
2 3
2 4
1 5
5 6
6 7
7 8
8 9
8 10
7 11
11 12
12 13
12 14
14 15
14 16
16 17
17 18
18 19
18 20
20 21
20 22
22 23
23 24
23 25
22 26
17 27
16 28
28 29
28 30
30 31
30 32
11 33
33 34
34 35
34 36
36 37
37 38
37 39
39 40
39 41
41 42
42 43
43 44
44 45
44 46
46 47
47 48
47 49
46 50
50 51
50 52
43 53
53 54
53 55
42 56
56 57
56 58
41 59
59 60
59 61
36 62
33 63
6 64
64 65
65 66
66 67
66 68
65 69
64 70
5 71
71 72
71 73
73 74
74 75
75 76
75 77
77 78
77 79
79 80
79 81
81 82
81 83
74 84
84 85
84 86
73 87
87 88
88 89
88 90
90 91
91 92
91 93
93 94
94 95
95 96
96 97
96 98
98 99
98 100
95 101
94 102
93 103
90 104
104 105
104 106
87 107
107 108
108 109
109 110
110 111
110 112
109 113
113 114
113 115
115 116
115 117
117 118
117 119
119 120
119 121
121 122
122 123
123 124
123 125
122 126
126 127
127 128
128 129
128 130
127 131
131 132
132 133
132 134
131 135
126 136
136 137
137 138
137 139
136 140
121 141
141 142
141 143
143 144
143 145
145 146
145 147
108 148
107 149
149 150
149 151
151 152
151 153
153 154
153 155
155 156
155 157
157 158
157 159
159 160
159 161
161 162
162 163
162 164
164 165
164 166
166 167
167 168
168 169
168 170
167 171
166 172
161 173
173 174
174 175
175 176
175 177
177 178
178 179
179 180
180 181
180 182
179 183
178 184
177 185
174 186
186 187
187 188
188 189
188 190
190 191
190 192
192 193
192 194
187 195
195 196
196 197
196 198
195 199
186 200
173 201
201 202
202 203
203 204
203 205
202 206
206 207
206 208
208 209
208 210
201 211
211 212
211 213
213 214
214 215
215 216
216 217
216 218
215 219
214 220
213 221
221 222
222 223
223 224
223 225
225 226
226 227
227 228
227 229
226 230
230 231
231 232
232 233
232 234
231 235
235 236
235 237
237 238
237 239
230 240
225 241
222 242
221 243
243 244
244 245
244 246
246 247
246 248
248 249
249 250
250 251
250 252
249 253
253 254
254 255
254 256
253 257
257 258
258 259
259 260
259 261
261 262
261 263
258 264
257 265
248 266
243 267
267 268
267 269
269 270
269 271
271 272
271 273
273 274
273 275
275 276
275 277
277 278
278 279
278 280
277 281
281 282
282 283
282 284
284 285
284 286
286 287
286 288
288 289
288 290
281 291
291 292
291 293
293 294
293 295
295 296
296 297
296 298
295 299
299 300
299 301
301 302
301 303
303 304
304 305
305 306
306 307
306 308
305 309
309 310
309 311
304 312
303 313
313 314
314 315
314 316
316 317
316 318
313 319
319 320
320 321
321 322
322 323
323 324
324 325
324 326
323 327
327 328
328 329
328 330
327 331
331 332
331 333
322 334
334 335
335 336
336 337
336 338
338 339
338 340
335 341
334 342
321 343
320 344
319 345
345 346
346 347
347 348
348 349
348 350
347 351
346 352
352 353
353 354
354 355
354 356
353 357
357 358
357 359
352 360
345 361
361 362
361 363
363 364
364 365
364 366
366 367
366 368
363 369
369 370
370 371
370 372
369 373
373 374
373 375
375 376
375 377
377 378
378 379
379 380
379 381
378 382
382 383
383 384
383 385
385 386
385 387
382 388
377 389
389 390
389 391
391 392
391 393
