199
282
282
216 216
214 214
215 215
224 224
165 165
218 218
132 132
131 131
137 137
136 136
135 135
134 134
139 139
138 138
166 166
24 24
25 25
26 26
167 167
21 21
22 22
28 28
29 29
161 161
0 0
4 4
281 281
8 8
163 163
119 119
121 121
261 261
123 123
125 125
265 265
127 127
128 128
129 129
268 268
220 220
118 118
58 58
55 55
56 56
50 50
53 53
52 52
259 259
201 201
179 179
194 194
197 197
196 196
191 191
203 203
193 193
115 115
114 114
117 117
89 89
111 111
110 110
113 113
112 112
82 82
279 279
81 81
86 86
87 87
84 84
85 85
256 256
206 206
3 3
7 7
247 247
273 273
225 225
245 245
244 244
108 108
109 109
241 241
240 240
242 242
102 102
101 101
106 106
107 107
104 104
105 105
39 39
33 33
32 32
31 31
30 30
37 37
36 36
177 177
34 34
246 246
252 252
271 271
176 176
60 60
61 61
63 63
66 66
178 178
68 68
69 69
174 174
253 253
172 172
171 171
255 255
222 222
249 249
248 248
183 183
180 180
181 181
186 186
6 6
188 188
189 189
221 221
185 185
99 99
98 98
168 168
169 169
228 228
227 227
90 90
93 93
92 92
160 160
94 94
97 97
96 96
11 11
10 10
13 13
12 12
15 15
14 14
17 17
16 16
19 19
18 18
272 272
116 116
275 275
151 151
153 153
152 152
154 154
157 157
156 156
159 159
238 238
235 235
236 236
230 230
231 231
276 276
233 233
48 48
49 49
46 46
47 47
44 44
42 42
43 43
41 41
1 1
9 9
146 146
200 200
144 144
202 202
142 142
204 204
207 207
141 141
209 209
148 148
149 149
76 76
75 75
73 73
72 72
79 79
78 78
262 262
270 270
260 260
266 266
217 216
280 217
213 214
213 215
213 212
219 213
212 210
212 211
164 165
267 264
264 265
217 218
280 219
140 133
130 132
130 131
145 130
138 137
133 136
133 135
133 134
138 139
147 138
164 166
23 24
23 25
27 26
38 27
27 20
20 21
23 22
27 23
173 160
208 198
27 28
27 29
162 161
1 0
5 4
280 281
9 8
162 163
103 119
269 271
263 258
164 120
120 121
126 122
124 123
147 124
124 125
140 126
126 127
126 128
130 129
278 269
269 268
219 220
103 118
65 59
59 58
54 55
65 54
62 57
57 56
57 51
45 50
54 53
51 52
258 259
170 164
199 201
205 199
178 179
199 200
199 195
195 194
198 197
195 196
192 191
211 203
192 193
198 192
103 115
103 114
93 88
88 89
103 111
103 110
103 113
103 112
80 82
88 83
122 80
80 81
103 86
88 87
83 84
86 85
269 251
208 207
257 256
205 206
229 226
258 257
2 3
178 177
257 254
5 7
251 247
269 273
254 255
226 225
239 178
243 244
103 108
103 109
239 241
239 240
269 243
239 242
103 102
120 103
133 100
100 101
103 106
103 107
103 104
103 105
243 245
40 39
40 38
27 33
27 32
27 31
27 30
38 37
35 36
40 35
35 34
243 246
247 162
251 252
211 205
226 223
175 176
59 60
62 61
64 62
64 63
67 64
70 65
65 66
70 67
67 68
70 69
182 175
175 174
182 173
171 172
250 171
173 170
223 222
178 181
254 253
247 248
247 182
184 183
178 180
5 2
164 167
190 187
239 184
5 6
187 186
187 188
190 189
203 202
219 221
184 185
239 190
98 99
122 98
164 168
170 169
232 229
229 228
103 91
91 90
100 93
91 92
103 95
95 94
95 97
95 96
9 11
9 10
9 13
9 12
9 15
9 14
9 17
9 16
20 19
9 18
239 143
103 117
251 250
103 116
277 274
274 275
150 151
155 150
173 153
150 152
175 155
153 154
158 157
155 156
158 159
175 158
278 277
282 278
239 238
269 239
280 279
237 234
234 235
237 236
243 237
229 230
232 231
234 232
234 233
223 224
282 280
45 48
45 49
45 46
45 47
45 44
51 45
40 42
40 43
45 40
40 41
2 1
27 5
23 9
269 272
145 146
164 147
143 144
160 145
143 142
203 204
164 140
140 141
210 209
210 208
147 148
150 149
88 77
77 76
74 75
83 74
74 73
71 72
80 71
71 70
80 79
77 78
264 263
250 249
263 262
226 227
258 261
269 270
258 260
277 276
274 267
267 266
