460
919
0
628 3
579 7
582 9
580 10
583 12
584 13
581 16
275 17
277 18
624 23
619 26
618 27
616 28
253 34
247 35
250 39
251 40
255 41
254 43
249 44
252 45
246 49
245 50
291 52
293 54
292 55
297 58
283 60
281 61
540 63
542 65
288 68
290 70
289 71
541 72
543 75
546 76
545 77
610 78
631 81
627 83
615 87
604 89
602 90
549 98
608 99
547 101
550 102
606 103
609 104
607 105
555 107
552 109
554 110
613 111
621 112
593 116
591 118
596 120
595 121
586 124
588 125
589 126
485 132
495 133
487 134
490 140
501 144
499 145
511 147
509 148
523 150
522 152
520 153
488 155
506 158
508 159
517 163
515 166
519 167
516 170
512 171
514 172
524 174
518 175
526 177
504 179
505 181
502 182
493 185
491 187
484 190
482 191
498 193
497 194
492 195
532 196
533 198
530 199
535 202
537 203
538 204
440 213
439 216
438 217
437 218
431 221
419 225
417 226
418 227
429 228
433 229
402 235
416 236
427 238
414 240
415 241
396 244
394 245
400 246
393 250
411 251
391 252
413 253
434 254
436 256
354 267
356 268
357 269
360 270
358 272
359 273
390 277
378 278
380 279
389 281
364 283
362 284
409 285
377 288
376 290
374 292
375 293
408 294
386 296
367 299
365 300
387 301
410 302
385 307
426 308
424 309
397 314
399 316
420 317
421 319
425 321
423 322
422 323
368 328
370 330
406 331
405 332
404 333
381 335
383 337
384 338
371 340
373 341
444 343
441 345
443 346
445 347
456 351
457 352
455 354
453 357
449 358
452 361
451 362
447 363
463 369
458 370
461 372
460 374
462 375
481 378
600 381
601 382
599 384
477 386
475 387
479 389
480 390
469 394
468 395
465 396
474 399
472 401
473 402
470 403
467 404
571 408
320 410
556 413
299 415
301 416
321 418
322 419
558 421
560 422
162 428
159 430
161 431
213 435
211 436
187 437
183 438
576 449
573 450
575 451
563 453
561 455
566 456
564 457
568 461
569 463
570 464
562 467
287 468
565 469
232 472
241 474
230 475
243 477
218 480
216 481
244 483
259 484
311 488
296 490
294 491
323 492
339 495
338 498
337 499
336 500
567 501
348 506
340 507
344 509
342 512
343 514
353 515
346 516
350 518
351 520
345 524
347 525
310 527
309 528
341 530
352 531
316 535
318 537
317 538
319 540
278 541
304 545
302 546
303 547
314 548
330 555
307 559
308 560
331 561
328 562
324 563
332 565
329 566
274 569
272 570
327 571
305 574
267 577
269 578
268 579
326 580
270 585
271 586
313 587
333 588
335 589
266 593
263 595
261 596
349 597
286 599
264 603
265 604
236 606
234 609
233 610
235 611
237 614
239 615
262 616
215 620
214 621
228 623
280 624
285 627
284 628
256 630
258 631
186 635
178 638
185 639
180 640
224 643
226 645
225 647
223 649
227 650
222 652
221 654
219 655
195 663
194 664
166 666
164 667
167 671
169 672
182 673
170 674
199 676
196 678
198 679
202 685
191 686
201 687
174 690
172 691
203 692
189 693
192 695
177 697
175 698
205 699
210 701
207 703
209 704
152 708
156 709
154 712
158 713
143 718
131 719
129 720
130 722
127 723
141 724
74 729
73 730
12 733
14 734
36 738
37 739
34 740
20 744
54 745
72 747
71 748
9 750
11 751
97 756
98 758
95 759
105 763
29 768
30 769
49 770
107 771
65 773
67 774
85 777
87 778
124 781
126 782
109 784
112 786
111 787
43 792
41 793
94 794
57 797
55 798
102 799
133 800
121 803
120 805
6 810
5 811
8 814
7 815
100 816
15 819
16 820
75 821
89 824
91 825
92 826
23 828
21 829
17 832
19 833
140 835
84 840
52 841
50 842
82 843
114 844
44 849
28 853
27 854
47 855
4 857
2 858
26 860
24 861
46 862
134 867
122 869
81 871
62 873
61 875
64 878
1 880
0 881
58 884
63 885
60 886
115 888
103 890
104 891
70 895
68 896
33 899
31 900
77 901
117 905
146 906
118 907
138 909
144 910
148 914
40 916
38 917
147 918
136 919
0 1
1 2
2 3
2 4
4 5
5 6
6 7
6 8
8 9
8 10
5 11
11 12
11 13
4 14
14 15
15 16
15 17
14 18
1 19
19 20
20 21
21 22
22 23
22 24
24 25
25 26
25 27
24 28
21 29
29 30
30 31
31 32
32 33
33 34
33 35
32 36
36 37
37 38
38 39
38 40
37 41
36 42
42 43
42 44
31 45
30 46
46 47
47 48
48 49
48 50
47 51
51 52
51 53
53 54
53 55
46 56
56 57
57 58
57 59
59 60
59 61
56 62
62 63
62 64
64 65
64 66
66 67
67 68
67 69
69 70
69 71
66 72
29 73
73 74
74 75
74 76
73 77
20 78
19 79
79 80
80 81
80 82
82 83
82 84
84 85
85 86
86 87
86 88
88 89
88 90
85 91
91 92
92 93
93 94
94 95
95 96
96 97
97 98
97 99
96 100
100 101
100 102
95 103
94 104
93 105
92 106
106 107
106 108
108 109
108 110
91 111
84 112
79 113
113 114
114 115
115 116
115 117
117 118
117 119
119 120
119 121
114 122
122 123
123 124
123 125
122 126
113 127
127 128
128 129
129 130
130 131
131 132
131 133
130 134
129 135
135 136
136 137
137 138
138 139
139 140
139 141
141 142
142 143
143 144
143 145
142 146
146 147
146 148
141 149
149 150
149 151
151 152
151 153
138 154
154 155
154 156
156 157
157 158
157 159
156 160
160 161
161 162
162 163
162 164
164 165
165 166
165 167
164 168
168 169
169 170
169 171
168 172
161 173
173 174
173 175
160 176
176 177
176 178
178 179
178 180
180 181
180 182
137 183
183 184
184 185
184 186
186 187
186 188
188 189
189 190
189 191
188 192
192 193
192 194
183 195
136 196
135 197
197 198
197 199
128 200
200 201
201 202
201 203
200 204
127 205
205 206
206 207
207 208
208 209
209 210
210 211
211 212
212 213
212 214
214 215
215 216
215 217
214 218
211 219
219 220
220 221
220 222
222 223
223 224
224 225
224 226
223 227
222 228
219 229
210 230
230 231
231 232
232 233
233 234
234 235
234 236
233 237
237 238
237 239
239 240
239 241
232 242
242 243
243 244
243 245
242 246
231 247
247 248
248 249
249 250
249 251
248 252
247 253
230 254
209 255
255 256
255 257
257 258
258 259
259 260
260 261
261 262
262 263
263 264
264 265
265 266
266 267
266 268
265 269
264 270
263 271
271 272
271 273
262 274
274 275
275 276
276 277
276 278
275 279
274 280
280 281
280 282
282 283
282 284
261 285
260 286
286 287
287 288
287 289
289 290
289 291
291 292
291 293
286 294
259 295
295 296
295 297
297 298
298 299
298 300
297 301
258 302
257 303
303 304
304 305
305 306
306 307
306 308
305 309
304 310
310 311
311 312
312 313
313 314
313 315
315 316
315 317
312 318
318 319
318 320
320 321
320 322
311 323
310 324
324 325
325 326
326 327
327 328
327 329
329 330
329 331
326 332
325 333
324 334
334 335
334 336
336 337
336 338
303 339
339 340
339 341
208 342
342 343
342 344
344 345
344 346
207 347
206 348
348 349
349 350
350 351
350 352
349 353
353 354
353 355
355 356
356 357
356 358
355 359
359 360
360 361
360 362
359 363
348 364
364 365
365 366
366 367
367 368
368 369
368 370
367 371
371 372
371 373
373 374
373 375
366 376
376 377
377 378
377 379
379 380
380 381
380 382
379 383
383 384
383 385
385 386
385 387
376 388
388 389
388 390
365 391
391 392
392 393
393 394
393 395
392 396
391 397
397 398
398 399
398 400
400 401
400 402
397 403
364 404
205 405
405 406
406 407
407 408
407 409
409 410
409 411
411 412
412 413
412 414
414 415
414 416
411 417
417 418
417 419
406 420
420 421
420 422
405 423
423 424
424 425
425 426
426 427
427 428
427 429
429 430
429 431
426 432
432 433
433 434
434 435
434 436
433 437
432 438
425 439
439 440
440 441
441 442
442 443
443 444
444 445
445 446
446 447
447 448
448 449
448 450
447 451
446 452
452 453
452 454
454 455
454 456
445 457
444 458
458 459
459 460
460 461
460 462
462 463
462 464
459 465
465 466
466 467
466 468
465 469
458 470
470 471
471 472
471 473
473 474
473 475
470 476
476 477
476 478
478 479
479 480
479 481
478 482
482 483
482 484
443 485
485 486
486 487
487 488
487 489
489 490
489 491
486 492
485 493
493 494
494 495
494 496
496 497
497 498
497 499
496 500
493 501
442 502
502 503
503 504
504 505
505 506
505 507
504 508
508 509
508 510
510 511
511 512
511 513
513 514
513 515
510 516
503 517
517 518
517 519
519 520
519 521
521 522
522 523
523 524
523 525
522 526
526 527
526 528
521 529
529 530
529 531
502 532
532 533
533 534
534 535
534 536
536 537
536 538
533 539
539 540
539 541
532 542
542 543
543 544
544 545
544 546
543 547
542 548
441 549
549 550
550 551
551 552
552 553
553 554
554 555
554 556
556 557
557 558
558 559
558 560
557 561
556 562
553 563
552 564
564 565
564 566
551 567
567 568
568 569
568 570
567 571
550 572
572 573
573 574
573 575
575 576
576 577
576 578
575 579
572 580
549 581
581 582
582 583
583 584
584 585
584 586
583 587
582 588
581 589
440 590
590 591
591 592
592 593
592 594
594 595
594 596
591 597
590 598
598 599
598 600
600 601
601 602
602 603
602 604
601 605
605 606
605 607
607 608
608 609
608 610
607 611
600 612
612 613
613 614
613 615
612 616
439 617
617 618
618 619
619 620
619 621
618 622
622 623
622 624
617 625
625 626
626 627
626 628
625 629
629 630
629 631
424 632
632 633
633 634
634 635
634 636
636 637
637 638
637 639
636 640
633 641
641 642
642 643
642 644
644 645
644 646
646 647
646 648
648 649
648 650
641 651
651 652
651 653
653 654
653 655
632 656
656 657
657 658
658 659
659 660
660 661
661 662
662 663
662 664
661 665
665 666
665 667
660 668
668 669
669 670
670 671
670 672
669 673
668 674
659 675
675 676
675 677
677 678
677 679
658 680
680 681
681 682
682 683
683 684
684 685
684 686
683 687
682 688
688 689
689 690
689 691
688 692
681 693
680 694
694 695
694 696
696 697
696 698
657 699
656 700
700 701
700 702
702 703
702 704
423 705
705 706
706 707
707 708
707 709
706 710
710 711
711 712
711 713
710 714
714 715
715 716
716 717
717 718
717 719
716 720
715 721
721 722
721 723
714 724
705 725
725 726
726 727
727 728
728 729
728 730
727 731
731 732
732 733
732 734
731 735
735 736
736 737
737 738
737 739
736 740
735 741
741 742
742 743
743 744
743 745
742 746
746 747
746 748
741 749
749 750
749 751
726 752
752 753
753 754
754 755
755 756
755 757
757 758
757 759
754 760
760 761
761 762
762 763
762 764
764 765
765 766
766 767
767 768
767 769
766 770
765 771
764 772
772 773
772 774
761 775
775 776
776 777
776 778
775 779
779 780
780 781
780 782
779 783
783 784
783 785
785 786
785 787
760 788
788 789
789 790
790 791
791 792
791 793
790 794
789 795
795 796
796 797
796 798
795 799
788 800
753 801
801 802
802 803
802 804
804 805
804 806
806 807
807 808
808 809
809 810
809 811
808 812
812 813
813 814
813 815
812 816
807 817
817 818
818 819
818 820
817 821
806 822
822 823
823 824
823 825
822 826
801 827
827 828
827 829
752 830
830 831
831 832
831 833
830 834
834 835
834 836
836 837
837 838
838 839
839 840
839 841
838 842
837 843
836 844
725 845
845 846
846 847
847 848
848 849
848 850
850 851
851 852
852 853
852 854
851 855
850 856
856 857
856 858
847 859
859 860
859 861
846 862
845 863
863 864
864 865
865 866
866 867
866 868
868 869
868 870
870 871
870 872
872 873
872 874
874 875
874 876
876 877
877 878
877 879
879 880
879 881
876 882
882 883
883 884
883 885
882 886
865 887
887 888
887 889
889 890
889 891
864 892
892 893
893 894
894 895
894 896
893 897
897 898
898 899
898 900
897 901
892 902
902 903
903 904
904 905
904 906
903 907
902 908
908 909
908 910
863 911
911 912
912 913
913 914
913 915
915 916
915 917
912 918
911 919
