460
633
633
344 201
0 268
346 27
347 565
340 365
341 49
342 375
343 146
348 332
349 589
606 127
299 161
296 166
297 613
294 520
292 420
293 4
290 112
291 462
591 415
593 504
199 41
198 615
596 509
195 21
194 596
196 452
191 380
192 143
270 284
271 470
272 554
274 487
275 262
277 502
278 253
524 417
526 330
520 54
522 228
523 517
599 384
449 259
443 556
441 341
440 174
447 477
445 195
444 499
109 267
102 424
103 309
100 566
107 31
104 219
105 404
38 63
33 492
31 364
30 164
37 508
36 346
34 444
438 221
439 236
436 394
437 311
434 458
433 573
431 340
339 348
338 148
335 28
337 246
336 293
331 34
330 604
333 245
332 515
345 138
6 538
98 472
91 191
92 422
95 180
94 421
97 263
600 580
558 343
555 549
554 0
556 393
550 275
552 414
239 75
234 265
235 624
236 335
237 425
230 575
232 455
233 518
1 215
146 189
147 473
144 371
619 461
143 115
140 23
141 386
613 303
610 87
616 222
148 170
615 50
133 233
131 187
130 29
498 530
136 443
134 342
495 30
138 91
490 406
491 14
492 512
493 192
24 47
26 111
27 383
20 109
21 465
23 347
28 258
29 475
406 281
405 114
404 490
402 198
400 288
409 12
408 301
628 493
378 261
371 73
370 558
373 390
375 36
374 264
377 561
376 400
618 456
393 606
391 241
89 324
397 94
396 396
394 2
82 336
399 68
81 140
87 360
84 175
85 232
7 158
586 254
584 329
582 567
583 294
580 26
581 618
588 58
589 482
245 130
244 71
247 318
246 607
241 89
243 547
249 434
519 576
518 320
511 550
512 445
515 535
514 16
517 593
516 488
458 67
621 57
627 357
624 368
451 511
452 169
453 522
455 133
456 147
457 141
178 11
177 15
595 608
175 6
174 97
172 72
170 437
182 5
183 451
180 107
2 323
186 497
187 237
185 129
189 289
11 373
12 285
15 542
14 468
17 172
16 453
19 523
62 374
322 610
323 322
320 350
321 353
326 60
327 333
324 339
328 299
329 316
201 485
203 555
202 560
205 118
207 545
209 250
77 82
75 218
74 37
73 501
72 120
71 131
70 413
542 92
543 310
540 426
541 154
546 210
547 568
545 77
8 526
549 433
68 224
120 541
121 495
122 543
124 308
126 381
127 619
129 352
414 207
415 405
416 283
417 345
410 269
411 65
413 292
418 440
419 431
499 62
319 438
318 216
313 52
311 225
310 505
317 235
316 326
314 199
497 287
368 102
367 256
364 581
365 95
362 159
360 40
380 514
381 227
383 162
384 74
385 17
386 569
387 104
389 182
579 44
573 586
571 628
570 122
576 337
575 362
60 356
61 314
258 211
259 186
64 214
65 359
67 7
252 399
253 156
250 474
251 33
256 213
254 584
255 427
602 84
508 609
509 124
506 571
504 223
505 230
502 378
501 389
631 85
469 46
468 385
465 540
467 533
461 296
460 270
463 480
462 302
169 481
164 484
166 349
167 621
161 317
162 196
9 185
357 271
356 498
354 631
353 194
352 436
351 419
350 304
359 70
358 167
216 277
214 266
215 358
213 602
210 469
211 297
218 105
219 9
289 81
288 449
4 582
281 64
280 570
283 243
285 506
284 491
287 183
286 313
263 583
262 423
261 479
267 252
266 136
265 8
264 307
269 121
268 255
58 278
55 38
54 126
57 516
50 391
52 601
537 439
535 429
63 177
533 370
532 61
530 627
538 327
115 205
114 305
117 239
111 319
112 134
118 409
429 416
421 463
420 616
423 202
422 272
425 599
424 402
427 290
426 387
308 331
309 226
301 338
302 55
303 247
304 537
305 546
307 367
568 457
569 467
560 20
561 251
562 562
563 178
564 234
565 354
566 1
567 244
228 286
227 411
226 24
225 203
224 519
223 377
222 579
221 460
390 98
604 152
607 291
152 591
601 595
154 209
156 588
159 600
158 552
609 144
608 564
49 441
46 344
47 117
44 103
43 563
40 418
41 376
5 408
488 524
487 397
485 351
484 100
482 328
481 43
480 19
472 274
473 321
470 410
477 532
474 447
475 249
479 280
341 344
59 0
341 346
341 347
341 340
562 341
341 342
341 343
341 348
341 349
594 595
605 606
597 594
617 619
539 298
300 299
295 296
298 297
295 294
312 295
539 292
292 293
289 290
292 291
592 591
592 590
594 593
594 592
197 199
197 198
611 597
597 596
193 195
193 194
204 197
197 196
190 191
204 190
197 193
190 192
271 270
313 271
273 272
325 273
273 274
276 275
580 276
276 277
279 278
317 279
525 524
527 525
525 526
528 527
521 520
529 521
521 522
521 523
598 599
529 528
531 529
448 449
450 448
442 443
446 442
442 441
435 440
448 447
454 446
446 445
442 444
119 108
110 109
101 102
116 103
99 100
132 101
132 106
106 107
103 104
106 105
135 39
39 38
32 33
78 32
32 31
29 30
35 37
35 36
53 35
35 34
435 438
435 439
435 436
435 437
435 434
442 435
435 432
432 433
432 430
432 431
337 339
337 338
334 335
341 334
562 337
337 336
325 331
325 330
334 333
325 332
341 345
99 6
119 99
96 98
90 91
108 90
101 93
90 92
96 95
93 94
96 97
139 96
577 559
559 558
553 555
553 554
572 557
557 556
620 551
548 550
605 553
553 552
261 238
238 239
261 234
234 235
234 236
238 237
231 230
240 231
231 232
234 233
0 1
622 614
145 146
145 147
145 144
149 145
153 142
142 143
139 140
142 141
622 612
612 613
611 610
632 611
617 616
625 617
145 148
151 149
625 623
626 622
132 133
139 132
128 131
128 130
145 137
137 136
149 135
135 134
534 494
494 495
150 139
137 138
489 490
496 491
491 492
491 493
25 24
45 25
25 26
45 27
53 20
22 21
139 22
22 23
27 28
48 29
421 407
403 406
403 405
403 404
421 403
401 402
412 401
401 400
632 629
407 409
407 408
629 628
388 379
375 378
372 371
369 370
372 373
421 372
407 375
375 374
375 377
375 376
617 618
392 393
412 392
116 88
90 89
398 397
395 396
412 395
395 394
83 82
113 83
123 80
80 81
125 86
86 87
83 84
86 85
99 7
598 601
605 607
587 586
590 587
580 584
629 585
580 582
580 583
585 580
580 581
587 588
590 589
246 245
242 244
248 247
292 246
240 241
242 240
242 243
260 242
614 615
248 249
292 248
513 519
513 518
510 511
527 510
525 513
513 512
513 515
513 514
513 517
513 516
459 458
464 459
622 621
629 620
626 627
630 626
633 625
625 624
454 450
450 451
450 452
450 453
471 454
454 455
454 456
454 457
184 179
179 178
176 177
200 176
176 175
173 174
200 173
173 172
181 171
171 170
248 253
181 182
188 183
179 180
193 181
184 186
188 187
223 184
184 185
212 188
190 189
10 11
71 10
20 13
13 12
16 15
13 14
18 17
76 16
18 19
113 18
59 62
321 322
562 323
321 320
557 321
325 326
325 327
325 324
334 325
325 328
325 329
200 201
204 200
200 203
200 202
206 205
206 204
208 207
208 206
208 209
223 208
78 77
108 76
76 75
71 74
71 73
71 72
150 71
69 70
145 79
88 78
3 2
539 542
544 543
539 540
539 541
544 546
548 547
623 544
544 545
7 8
605 548
548 549
69 68
620 598
119 120
119 121
123 122
135 123
125 124
139 125
125 126
128 127
142 128
128 129
412 414
412 415
412 416
418 417
407 410
412 411
428 412
412 413
496 498
430 418
418 419
500 499
317 319
317 318
334 313
323 312
312 311
341 310
341 317
317 316
341 315
315 314
531 496
496 497
79 3
369 368
403 369
386 366
366 367
363 364
366 365
363 362
388 363
361 360
379 361
379 380
382 381
421 382
382 383
382 384
382 385
421 386
386 387
407 388
388 389
612 605
580 579
585 578
603 604
574 573
577 572
572 571
562 570
578 577
574 576
574 575
578 574
59 60
59 61
257 258
260 259
59 64
66 65
106 66
66 67
248 252
88 69
248 250
248 251
257 256
284 257
248 254
248 255
614 603
603 602
507 508
510 509
507 506
525 507
503 504
503 505
503 502
513 503
528 500
500 501
632 630
630 631
633 632
466 469
466 468
466 465
471 464
466 467
471 466
459 461
459 460
464 463
459 462
171 168
168 169
165 164
193 165
165 166
168 167
163 160
160 161
163 162
183 163
598 600
10 9
355 357
355 356
361 355
355 354
341 353
341 352
341 351
341 350
358 359
386 358
217 216
242 217
215 214
229 215
234 212
212 213
208 210
212 211
217 218
220 219
539 289
289 288
3 4
282 281
279 280
282 283
298 282
284 285
562 284
284 287
284 286
261 263
261 262
341 261
562 260
268 267
261 266
261 265
261 264
268 269
306 268
80 59
59 58
56 55
53 54
56 57
132 56
113 51
51 50
71 53
51 52
536 537
551 536
536 535
59 63
534 533
531 532
534 531
531 530
623 539
536 538
116 115
113 114
116 117
145 116
110 111
125 110
139 113
110 112
139 119
116 118
430 429
435 428
551 534
435 421
421 420
421 423
421 422
421 425
421 424
428 427
421 426
307 308
310 309
557 300
300 301
315 302
302 303
302 304
306 305
325 306
325 307
562 568
562 569
559 560
562 561
574 562
562 563
562 564
562 565
562 566
562 567
261 229
229 228
223 227
223 226
223 225
223 224
261 223
223 222
220 221
222 220
392 391
388 390
155 151
151 150
155 153
153 152
157 155
155 154
163 157
155 156
160 159
157 158
605 609
605 608
398 399
421 398
106 48
48 49
45 46
45 47
45 44
79 45
93 42
42 43
39 40
42 41
6 5
528 489
489 488
486 487
494 486
486 485
483 484
491 483
483 482
478 481
478 480
471 472
471 473
471 470
478 471
598 476
476 477
471 474
476 475
598 478
478 479
