460
633
633
344 540
0 15
346 28
347 330
340 243
341 288
342 378
343 174
348 43
349 29
606 226
299 95
296 514
297 573
294 46
292 57
293 384
290 586
291 522
591 271
593 318
199 569
198 535
596 431
195 120
194 216
196 609
191 263
192 296
270 175
271 458
272 506
274 538
275 68
277 621
278 582
524 320
526 27
520 631
522 167
523 524
599 554
449 75
443 337
441 14
440 439
447 411
445 488
444 561
109 387
102 280
103 264
100 245
107 377
104 36
105 565
38 230
33 224
31 543
30 627
37 560
36 555
34 258
438 477
439 456
436 146
437 451
434 362
433 581
431 244
339 61
338 461
335 161
337 400
336 73
331 328
330 599
333 491
332 365
345 374
6 82
98 126
91 624
92 84
95 576
94 207
97 475
600 49
558 138
555 112
554 41
556 267
550 567
552 189
239 424
234 333
235 434
236 235
237 472
230 364
232 180
233 118
1 294
146 350
147 287
144 185
619 16
143 269
140 589
141 579
613 504
610 348
616 191
148 299
615 164
133 556
131 70
130 370
498 351
136 54
134 255
495 571
138 563
490 152
491 158
492 479
493 501
24 545
26 4
27 156
20 480
21 437
23 209
28 195
29 358
406 517
405 413
404 482
402 201
400 178
409 386
408 215
628 346
378 199
371 436
370 518
373 405
375 253
374 422
377 234
376 292
618 170
393 463
391 314
89 129
397 541
396 616
394 570
82 307
399 357
81 38
87 148
84 519
85 469
7 468
586 63
584 343
582 375
583 87
580 283
581 182
588 558
589 445
245 198
244 249
247 52
246 516
241 26
243 218
249 429
519 550
518 205
511 117
512 595
515 297
514 81
517 286
516 144
458 21
621 31
627 402
624 487
451 584
452 251
453 237
455 457
456 546
457 277
178 353
177 177
595 214
175 606
174 417
172 423
170 8
182 272
183 416
180 227
2 44
186 453
187 162
185 509
189 575
11 347
12 196
15 105
14 619
17 505
16 19
19 159
62 373
322 89
323 319
320 345
321 427
326 515
327 91
324 2
328 9
329 134
201 394
203 591
202 65
205 302
207 311
209 233
77 549
75 111
74 508
73 114
72 250
71 256
70 593
542 359
543 455
540 202
541 335
546 241
547 391
545 533
8 389
549 326
68 467
120 71
121 338
122 608
124 274
126 40
127 601
129 192
414 265
415 323
416 67
417 588
410 473
411 419
413 1
418 266
419 107
499 275
319 552
318 566
313 532
311 154
310 415
317 183
316 440
314 124
497 342
368 24
367 380
364 568
365 354
362 270
360 121
380 564
381 211
383 523
384 441
385 232
386 340
387 303
389 222
579 58
573 213
571 367
570 628
576 356
575 465
60 172
61 499
258 484
259 62
64 228
65 331
67 390
252 210
253 5
250 322
251 613
256 34
254 490
255 141
602 100
508 310
509 304
506 425
504 547
505 371
502 600
501 397
631 6
469 332
468 583
465 97
467 498
461 284
460 147
463 94
462 618
169 462
164 520
166 293
167 447
161 512
162 492
9 324
357 133
356 127
354 485
353 60
352 474
351 580
350 23
359 285
358 64
216 131
214 85
215 221
213 433
210 261
211 602
218 289
219 615
289 223
288 470
4 0
281 169
280 383
283 225
285 103
284 30
287 247
286 219
263 259
262 352
261 420
267 92
266 33
265 502
264 186
269 562
268 327
58 309
55 268
54 305
57 98
50 166
52 194
537 443
535 313
63 203
533 329
532 187
530 339
538 511
115 17
114 360
117 344
111 368
112 102
118 252
429 444
421 481
420 385
423 406
422 409
425 426
424 607
427 495
426 12
308 421
309 449
301 542
302 537
303 452
304 418
305 301
307 77
568 460
569 72
560 47
561 604
562 408
563 396
564 246
565 530
566 308
567 122
228 438
227 281
226 321
225 74
224 317
223 239
222 55
221 316
390 11
604 143
607 140
152 376
601 381
154 404
156 291
159 493
158 109
609 526
608 596
49 399
46 7
47 393
44 349
43 278
40 20
41 341
5 290
488 37
487 336
485 414
484 136
482 497
481 104
480 50
472 115
473 130
470 254
477 410
474 262
475 610
479 236
341 344
59 0
341 346
341 347
341 340
562 341
341 342
341 343
341 348
341 349
594 595
605 606
597 594
617 619
539 298
300 299
295 296
298 297
295 294
312 295
539 292
292 293
289 290
292 291
592 591
592 590
594 593
594 592
197 199
197 198
611 597
597 596
193 195
193 194
204 197
197 196
190 191
204 190
197 193
190 192
271 270
313 271
273 272
325 273
273 274
276 275
580 276
276 277
279 278
317 279
525 524
527 525
525 526
528 527
521 520
529 521
521 522
521 523
598 599
529 528
531 529
448 449
450 448
442 443
446 442
442 441
435 440
448 447
454 446
446 445
442 444
119 108
110 109
101 102
116 103
99 100
132 101
132 106
106 107
103 104
106 105
135 39
39 38
32 33
78 32
32 31
29 30
35 37
35 36
53 35
35 34
435 438
435 439
435 436
435 437
435 434
442 435
435 432
432 433
432 430
432 431
337 339
337 338
334 335
341 334
562 337
337 336
325 331
325 330
334 333
325 332
341 345
99 6
119 99
96 98
90 91
108 90
101 93
90 92
96 95
93 94
96 97
139 96
577 559
559 558
553 555
553 554
572 557
557 556
620 551
548 550
605 553
553 552
261 238
238 239
261 234
234 235
234 236
238 237
231 230
240 231
231 232
234 233
0 1
622 614
145 146
145 147
145 144
149 145
153 142
142 143
139 140
142 141
622 612
612 613
611 610
632 611
617 616
625 617
145 148
151 149
625 623
626 622
132 133
139 132
128 131
128 130
145 137
137 136
149 135
135 134
534 494
494 495
150 139
137 138
489 490
496 491
491 492
491 493
25 24
45 25
25 26
45 27
53 20
22 21
139 22
22 23
27 28
48 29
421 407
403 406
403 405
403 404
421 403
401 402
412 401
401 400
632 629
407 409
407 408
629 628
388 379
375 378
372 371
369 370
372 373
421 372
407 375
375 374
375 377
375 376
617 618
392 393
412 392
116 88
90 89
398 397
395 396
412 395
395 394
83 82
113 83
123 80
80 81
125 86
86 87
83 84
86 85
99 7
598 601
605 607
587 586
590 587
580 584
629 585
580 582
580 583
585 580
580 581
587 588
590 589
246 245
242 244
248 247
292 246
240 241
242 240
242 243
260 242
614 615
248 249
292 248
513 519
513 518
510 511
527 510
525 513
513 512
513 515
513 514
513 517
513 516
459 458
464 459
622 621
629 620
626 627
630 626
633 625
625 624
454 450
450 451
450 452
450 453
471 454
454 455
454 456
454 457
184 179
179 178
176 177
200 176
176 175
173 174
200 173
173 172
181 171
171 170
248 253
181 182
188 183
179 180
193 181
184 186
188 187
223 184
184 185
212 188
190 189
10 11
71 10
20 13
13 12
16 15
13 14
18 17
76 16
18 19
113 18
59 62
321 322
562 323
321 320
557 321
325 326
325 327
325 324
334 325
325 328
325 329
200 201
204 200
200 203
200 202
206 205
206 204
208 207
208 206
208 209
223 208
78 77
108 76
76 75
71 74
71 73
71 72
150 71
69 70
145 79
88 78
3 2
539 542
544 543
539 540
539 541
544 546
548 547
623 544
544 545
7 8
605 548
548 549
69 68
620 598
119 120
119 121
123 122
135 123
125 124
139 125
125 126
128 127
142 128
128 129
412 414
412 415
412 416
418 417
407 410
412 411
428 412
412 413
496 498
430 418
418 419
500 499
317 319
317 318
334 313
323 312
312 311
341 310
341 317
317 316
341 315
315 314
531 496
496 497
79 3
369 368
403 369
386 366
366 367
363 364
366 365
363 362
388 363
361 360
379 361
379 380
382 381
421 382
382 383
382 384
382 385
421 386
386 387
407 388
388 389
612 605
580 579
585 578
603 604
574 573
577 572
572 571
562 570
578 577
574 576
574 575
578 574
59 60
59 61
257 258
260 259
59 64
66 65
106 66
66 67
248 252
88 69
248 250
248 251
257 256
284 257
248 254
248 255
614 603
603 602
507 508
510 509
507 506
525 507
503 504
503 505
503 502
513 503
528 500
500 501
632 630
630 631
633 632
466 469
466 468
466 465
471 464
466 467
471 466
459 461
459 460
464 463
459 462
171 168
168 169
165 164
193 165
165 166
168 167
163 160
160 161
163 162
183 163
598 600
10 9
355 357
355 356
361 355
355 354
341 353
341 352
341 351
341 350
358 359
386 358
217 216
242 217
215 214
229 215
234 212
212 213
208 210
212 211
217 218
220 219
539 289
289 288
3 4
282 281
279 280
282 283
298 282
284 285
562 284
284 287
284 286
261 263
261 262
341 261
562 260
268 267
261 266
261 265
261 264
268 269
306 268
80 59
59 58
56 55
53 54
56 57
132 56
113 51
51 50
71 53
51 52
536 537
551 536
536 535
59 63
534 533
531 532
534 531
531 530
623 539
536 538
116 115
113 114
116 117
145 116
110 111
125 110
139 113
110 112
139 119
116 118
430 429
435 428
551 534
435 421
421 420
421 423
421 422
421 425
421 424
428 427
421 426
307 308
310 309
557 300
300 301
315 302
302 303
302 304
306 305
325 306
325 307
562 568
562 569
559 560
562 561
574 562
562 563
562 564
562 565
562 566
562 567
261 229
229 228
223 227
223 226
223 225
223 224
261 223
223 222
220 221
222 220
392 391
388 390
155 151
151 150
155 153
153 152
157 155
155 154
163 157
155 156
160 159
157 158
605 609
605 608
398 399
421 398
106 48
48 49
45 46
45 47
45 44
79 45
93 42
42 43
39 40
42 41
6 5
528 489
489 488
486 487
494 486
486 485
483 484
491 483
483 482
478 481
478 480
471 472
471 473
471 470
478 471
598 476
476 477
471 474
476 475
598 478
478 479
