460
633
633
344 172
0 516
346 134
347 266
340 81
341 391
342 180
343 440
348 283
349 397
606 560
299 599
296 405
297 215
294 152
292 120
293 12
290 252
291 538
591 241
593 385
199 235
198 340
596 591
195 532
194 187
196 324
191 468
192 555
270 277
271 415
272 353
274 413
275 199
277 95
278 82
524 589
526 571
520 34
522 115
523 520
599 342
449 263
443 359
441 201
440 378
447 47
445 333
444 564
109 522
102 268
103 465
100 246
107 221
104 602
105 348
38 225
33 210
31 147
30 55
37 236
36 198
34 245
438 26
439 19
436 191
437 393
434 7
433 631
431 62
339 104
338 438
335 370
337 399
336 575
331 21
330 561
333 502
332 227
345 490
6 58
98 209
91 364
92 462
95 498
94 501
97 461
600 296
558 269
555 237
554 512
556 289
550 479
552 74
239 619
234 354
235 27
236 351
237 610
230 261
232 460
233 541
1 270
146 219
147 374
144 328
619 433
143 255
140 92
141 570
613 404
610 175
616 347
148 452
615 61
133 569
131 537
130 169
498 15
136 288
134 310
495 131
138 457
490 326
491 159
492 91
493 216
24 339
26 546
27 530
20 46
21 162
23 249
28 408
29 167
406 138
405 444
404 621
402 170
400 307
409 189
408 287
628 487
378 579
371 547
370 615
373 509
375 305
374 600
377 497
376 274
618 44
393 97
391 49
89 117
397 540
396 495
394 194
82 499
399 126
81 213
87 511
84 275
85 314
7 349
586 327
584 515
582 458
583 345
580 192
581 272
588 290
589 554
245 243
244 357
247 417
246 549
241 535
243 259
249 256
519 291
518 262
511 341
512 223
515 267
514 562
517 596
516 518
458 89
621 251
627 1
624 425
451 304
452 317
453 183
455 309
456 568
457 573
178 402
177 609
595 358
175 30
174 563
172 203
170 424
182 114
183 383
180 85
2 426
186 28
187 400
185 624
189 294
11 136
12 337
15 130
14 301
17 362
16 50
19 595
62 434
322 112
323 308
320 387
321 606
326 451
327 107
324 146
328 517
329 5
201 280
203 228
202 475
205 196
207 423
209 31
77 318
75 360
74 75
73 607
72 472
71 281
70 463
542 453
543 36
540 371
541 214
546 604
547 166
545 441
8 207
549 205
68 627
120 456
121 469
122 164
124 302
126 84
127 601
129 356
414 344
415 411
416 492
417 384
410 477
411 23
413 332
418 68
419 443
499 195
319 410
318 628
313 504
311 70
310 230
317 420
316 519
314 584
497 321
368 588
367 418
364 416
365 124
362 54
360 247
380 244
381 352
383 87
384 419
385 118
386 232
387 24
389 185
579 373
573 174
571 526
570 303
576 335
575 505
60 239
61 234
258 467
259 566
64 178
65 365
67 586
252 545
253 222
250 368
251 436
256 102
254 129
255 71
602 9
508 437
509 582
506 320
504 533
505 2
502 542
501 449
631 375
469 6
468 608
465 177
467 350
461 29
460 422
463 429
462 447
169 144
164 493
166 271
167 565
161 38
162 109
9 98
357 484
356 41
354 278
353 316
352 552
351 158
350 421
359 182
358 297
216 394
214 253
215 11
213 390
210 226
211 618
218 77
219 311
289 319
288 331
4 616
281 409
280 52
283 580
285 250
284 63
287 0
286 156
263 4
262 613
261 377
267 491
266 264
265 313
264 299
269 367
268 8
58 329
55 16
54 40
57 470
50 406
52 127
537 414
535 550
63 64
533 376
532 558
530 224
538 122
115 143
114 480
117 343
111 100
112 284
118 431
429 161
421 474
420 389
423 254
422 258
425 543
424 17
427 293
426 67
308 154
309 105
301 593
302 455
303 286
304 506
305 72
307 121
568 233
569 481
560 338
561 57
562 581
563 211
564 111
565 386
566 396
567 514
228 508
227 330
226 60
225 381
224 485
223 73
222 148
221 141
390 37
604 346
607 285
152 14
601 336
154 524
156 323
159 380
158 445
609 103
608 427
49 218
46 186
47 523
44 583
43 473
40 140
41 265
5 20
488 488
487 133
485 43
484 322
482 576
481 65
480 556
472 567
473 202
470 94
477 33
474 292
475 439
479 482
341 344
59 0
341 346
341 347
341 340
562 341
341 342
341 343
341 348
341 349
594 595
605 606
597 594
617 619
539 298
300 299
295 296
298 297
295 294
312 295
539 292
292 293
289 290
292 291
592 591
592 590
594 593
594 592
197 199
197 198
611 597
597 596
193 195
193 194
204 197
197 196
190 191
204 190
197 193
190 192
271 270
313 271
273 272
325 273
273 274
276 275
580 276
276 277
279 278
317 279
525 524
527 525
525 526
528 527
521 520
529 521
521 522
521 523
598 599
529 528
531 529
448 449
450 448
442 443
446 442
442 441
435 440
448 447
454 446
446 445
442 444
119 108
110 109
101 102
116 103
99 100
132 101
132 106
106 107
103 104
106 105
135 39
39 38
32 33
78 32
32 31
29 30
35 37
35 36
53 35
35 34
435 438
435 439
435 436
435 437
435 434
442 435
435 432
432 433
432 430
432 431
337 339
337 338
334 335
341 334
562 337
337 336
325 331
325 330
334 333
325 332
341 345
99 6
119 99
96 98
90 91
108 90
101 93
90 92
96 95
93 94
96 97
139 96
577 559
559 558
553 555
553 554
572 557
557 556
620 551
548 550
605 553
553 552
261 238
238 239
261 234
234 235
234 236
238 237
231 230
240 231
231 232
234 233
0 1
622 614
145 146
145 147
145 144
149 145
153 142
142 143
139 140
142 141
622 612
612 613
611 610
632 611
617 616
625 617
145 148
151 149
625 623
626 622
132 133
139 132
128 131
128 130
145 137
137 136
149 135
135 134
534 494
494 495
150 139
137 138
489 490
496 491
491 492
491 493
25 24
45 25
25 26
45 27
53 20
22 21
139 22
22 23
27 28
48 29
421 407
403 406
403 405
403 404
421 403
401 402
412 401
401 400
632 629
407 409
407 408
629 628
388 379
375 378
372 371
369 370
372 373
421 372
407 375
375 374
375 377
375 376
617 618
392 393
412 392
116 88
90 89
398 397
395 396
412 395
395 394
83 82
113 83
123 80
80 81
125 86
86 87
83 84
86 85
99 7
598 601
605 607
587 586
590 587
580 584
629 585
580 582
580 583
585 580
580 581
587 588
590 589
246 245
242 244
248 247
292 246
240 241
242 240
242 243
260 242
614 615
248 249
292 248
513 519
513 518
510 511
527 510
525 513
513 512
513 515
513 514
513 517
513 516
459 458
464 459
622 621
629 620
626 627
630 626
633 625
625 624
454 450
450 451
450 452
450 453
471 454
454 455
454 456
454 457
184 179
179 178
176 177
200 176
176 175
173 174
200 173
173 172
181 171
171 170
248 253
181 182
188 183
179 180
193 181
184 186
188 187
223 184
184 185
212 188
190 189
10 11
71 10
20 13
13 12
16 15
13 14
18 17
76 16
18 19
113 18
59 62
321 322
562 323
321 320
557 321
325 326
325 327
325 324
334 325
325 328
325 329
200 201
204 200
200 203
200 202
206 205
206 204
208 207
208 206
208 209
223 208
78 77
108 76
76 75
71 74
71 73
71 72
150 71
69 70
145 79
88 78
3 2
539 542
544 543
539 540
539 541
544 546
548 547
623 544
544 545
7 8
605 548
548 549
69 68
620 598
119 120
119 121
123 122
135 123
125 124
139 125
125 126
128 127
142 128
128 129
412 414
412 415
412 416
418 417
407 410
412 411
428 412
412 413
496 498
430 418
418 419
500 499
317 319
317 318
334 313
323 312
312 311
341 310
341 317
317 316
341 315
315 314
531 496
496 497
79 3
369 368
403 369
386 366
366 367
363 364
366 365
363 362
388 363
361 360
379 361
379 380
382 381
421 382
382 383
382 384
382 385
421 386
386 387
407 388
388 389
612 605
580 579
585 578
603 604
574 573
577 572
572 571
562 570
578 577
574 576
574 575
578 574
59 60
59 61
257 258
260 259
59 64
66 65
106 66
66 67
248 252
88 69
248 250
248 251
257 256
284 257
248 254
248 255
614 603
603 602
507 508
510 509
507 506
525 507
503 504
503 505
503 502
513 503
528 500
500 501
632 630
630 631
633 632
466 469
466 468
466 465
471 464
466 467
471 466
459 461
459 460
464 463
459 462
171 168
168 169
165 164
193 165
165 166
168 167
163 160
160 161
163 162
183 163
598 600
10 9
355 357
355 356
361 355
355 354
341 353
341 352
341 351
341 350
358 359
386 358
217 216
242 217
215 214
229 215
234 212
212 213
208 210
212 211
217 218
220 219
539 289
289 288
3 4
282 281
279 280
282 283
298 282
284 285
562 284
284 287
284 286
261 263
261 262
341 261
562 260
268 267
261 266
261 265
261 264
268 269
306 268
80 59
59 58
56 55
53 54
56 57
132 56
113 51
51 50
71 53
51 52
536 537
551 536
536 535
59 63
534 533
531 532
534 531
531 530
623 539
536 538
116 115
113 114
116 117
145 116
110 111
125 110
139 113
110 112
139 119
116 118
430 429
435 428
551 534
435 421
421 420
421 423
421 422
421 425
421 424
428 427
421 426
307 308
310 309
557 300
300 301
315 302
302 303
302 304
306 305
325 306
325 307
562 568
562 569
559 560
562 561
574 562
562 563
562 564
562 565
562 566
562 567
261 229
229 228
223 227
223 226
223 225
223 224
261 223
223 222
220 221
222 220
392 391
388 390
155 151
151 150
155 153
153 152
157 155
155 154
163 157
155 156
160 159
157 158
605 609
605 608
398 399
421 398
106 48
48 49
45 46
45 47
45 44
79 45
93 42
42 43
39 40
42 41
6 5
528 489
489 488
486 487
494 486
486 485
483 484
491 483
483 482
478 481
478 480
471 472
471 473
471 470
478 471
598 476
476 477
471 474
476 475
598 478
478 479
