460
670
0
618 5
619 6
616 7
624 9
546 12
543 14
545 15
250 20
255 23
251 24
247 26
252 27
254 29
253 30
249 31
246 36
245 38
293 39
292 32
291 41
281 45
283 46
297 47
541 50
540 51
288 54
289 53
290 57
542 58
631 62
615 65
604 67
602 68
613 71
609 75
550 78
549 80
606 82
608 83
547 84
607 85
555 87
552 89
554 90
627 92
621 93
610 95
596 97
595 100
593 101
591 103
586 106
588 107
589 108
538 113
535 115
537 116
523 118
490 124
511 127
509 128
514 134
515 135
519 137
506 140
508 141
526 142
512 144
516 145
517 147
518 149
524 150
505 152
502 154
504 155
495 161
485 163
487 164
530 166
533 167
532 168
484 172
482 173
498 175
497 176
491 169
493 180
492 181
499 183
501 184
488 185
520 186
522 187
599 189
477 192
475 193
600 195
601 197
480 200
479 201
481 203
470 207
474 208
451 212
452 214
449 217
453 218
447 219
445 223
444 225
443 228
441 229
434 233
436 235
397 240
420 242
409 244
399 245
404 248
406 250
405 252
368 254
370 255
371 257
373 258
421 236
423 263
358 268
359 270
387 272
386 271
367 276
365 277
378 280
390 281
389 284
364 286
362 287
380 289
360 291
357 293
354 295
356 296
374 300
377 302
375 298
376 304
410 305
408 306
425 308
385 311
424 313
426 314
384 317
381 318
383 319
422 320
439 323
438 324
440 326
437 328
433 330
431 332
417 335
419 337
418 334
429 339
415 341
394 346
396 347
427 348
416 351
400 353
402 354
411 356
393 359
391 360
413 361
414 362
456 364
457 365
455 366
469 368
465 370
467 372
468 373
472 376
473 377
463 379
460 381
458 384
462 385
461 386
628 388
277 392
581 394
275 391
584 398
583 399
582 402
579 403
580 396
560 407
558 409
571 411
322 414
321 413
556 418
299 420
301 421
320 422
576 424
575 427
573 428
566 430
569 433
296 437
294 438
311 439
323 434
568 445
570 446
563 448
259 450
241 453
230 455
232 456
243 459
216 461
218 462
244 463
336 467
337 466
338 471
339 472
567 473
561 474
562 429
564 478
287 480
284 479
285 484
258 487
256 488
286 491
262 495
239 496
237 497
265 498
261 489
264 503
266 505
349 506
346 516
347 517
278 520
317 519
316 524
318 526
319 527
350 528
342 531
352 532
343 535
348 536
345 537
341 509
333 541
340 540
565 544
353 543
309 548
310 547
344 552
335 556
271 557
270 559
327 564
324 565
330 569
307 571
308 573
331 575
328 576
274 578
272 579
332 581
269 585
268 584
267 588
305 589
326 590
329 591
313 554
314 593
351 594
303 596
302 595
304 599
263 600
280 606
228 607
215 603
214 609
226 614
225 615
207 618
209 620
194 630
164 632
166 633
182 635
170 637
167 639
169 640
195 641
198 642
196 643
199 644
189 646
192 649
177 651
175 652
172 656
174 657
203 658
202 661
191 662
201 663
205 664
210 665
227 666
223 610
178 672
185 674
180 675
186 676
224 677
222 678
219 681
221 682
235 687
236 688
233 689
234 683
211 692
213 694
187 696
183 697
162 700
161 703
159 704
158 706
154 708
152 711
156 712
129 717
127 718
143 721
131 720
141 723
130 724
14 731
12 732
20 729
54 735
11 737
9 738
72 740
71 739
34 744
37 745
55 752
57 753
102 756
94 758
43 760
41 761
133 763
49 767
29 768
30 770
67 773
65 774
107 775
105 776
23 780
21 781
109 784
112 786
111 787
124 790
126 791
87 793
85 794
121 800
120 802
91 805
92 807
89 808
75 811
16 812
15 814
5 818
6 817
8 821
7 820
100 823
82 825
84 826
17 829
19 830
114 832
50 834
52 835
140 836
98 838
97 840
95 841
73 842
74 843
36 844
44 849
28 852
27 851
26 854
47 856
4 859
2 860
46 861
24 862
138 866
144 867
115 871
118 873
70 877
68 878
33 881
31 882
77 883
117 884
103 885
104 887
136 889
147 891
40 894
38 895
148 896
134 898
146 900
122 902
81 904
62 906
64 910
63 912
61 913
60 915
58 916
1 918
0 917
0 2
2 3
3 5
3 6
3 7
2 9
2 10
10 11
11 12
11 14
11 15
10 16
16 17
17 20
17 23
17 24
17 25
25 26
25 27
17 29
17 30
17 31
16 32
32 36
36 38
32 39
32 41
32 42
42 43
43 44
44 45
44 46
43 47
42 50
42 51
42 53
53 54
53 57
42 58
0 59
59 60
60 61
61 62
61 63
63 64
64 65
64 66
66 67
66 68
63 70
70 71
70 72
72 75
72 76
76 78
76 79
79 80
79 82
79 83
76 84
72 85
72 86
86 87
86 89
86 90
63 91
91 92
91 93
60 94
94 95
94 96
96 97
96 98
98 99
99 100
99 101
98 102
102 103
102 104
104 105
105 106
105 107
104 108
59 109
109 110
110 111
111 112
112 113
112 114
114 115
114 116
111 117
117 118
117 119
119 121
121 124
121 125
125 126
126 127
126 128
125 129
129 134
129 135
129 137
129 139
139 140
139 141
129 142
129 144
129 145
129 147
129 148
148 149
148 150
129 151
151 152
151 154
151 155
121 157
157 158
158 159
159 160
160 161
160 162
162 163
162 164
159 165
165 166
165 167
158 168
157 169
169 170
170 171
171 172
171 173
170 174
174 175
174 176
169 179
179 180
179 181
121 182
182 183
182 184
121 185
119 186
119 187
110 188
188 189
188 190
190 191
191 192
191 193
190 195
195 197
190 198
198 199
199 200
199 201
198 203
198 204
204 207
204 208
204 210
210 211
211 212
211 214
211 216
216 217
216 218
211 219
210 222
222 223
222 224
224 225
224 227
227 228
227 229
224 230
230 233
230 234
234 235
234 236
236 239
239 240
239 242
239 243
243 244
243 245
236 247
247 248
247 250
247 252
247 253
253 254
253 255
236 256
256 257
256 258
236 263
236 264
264 267
267 268
268 270
267 271
271 272
271 275
275 276
275 277
264 278
278 279
279 280
279 281
278 284
278 285
285 286
285 287
278 288
288 289
288 290
290 291
290 292
292 293
292 295
292 296
264 298
298 300
298 302
298 304
264 305
264 306
236 308
236 310
310 311
310 313
310 314
236 315
315 317
315 318
315 319
236 320
230 321
321 322
322 323
322 324
321 326
321 327
327 328
327 329
329 330
329 331
331 332
331 333
333 334
334 335
334 337
333 339
230 340
340 341
340 345
345 346
345 347
340 348
340 351
340 352
352 353
352 354
340 355
355 356
355 358
358 359
358 360
355 361
340 362
210 363
363 364
363 365
210 366
204 367
367 368
367 370
367 372
367 373
204 375
375 376
375 377
204 378
378 379
378 380
380 381
380 384
380 385
380 386
109 388
109 389
389 390
390 391
391 392
391 394
390 396
396 397
397 398
397 399
396 402
396 403
389 405
405 406
406 407
406 408
408 409
408 410
410 411
410 412
412 413
413 414
413 417
417 418
417 419
419 420
419 421
412 422
405 423
423 424
423 425
425 427
425 428
425 429
429 430
429 433
429 434
434 435
435 436
436 437
436 438
435 439
429 445
429 446
429 448
429 449
449 450
449 451
451 452
452 453
452 454
454 455
454 456
451 459
451 460
460 461
460 462
451 463
429 466
466 467
466 471
466 472
429 473
429 474
429 478
429 479
479 480
479 484
479 486
486 487
486 488
479 489
489 491
489 492
492 495
492 496
492 497
492 498
489 503
489 505
489 506
489 509
509 516
509 517
509 519
519 520
519 524
519 526
519 527
509 528
509 531
509 532
509 534
534 535
534 536
509 537
509 540
540 541
509 543
543 544
509 547
547 548
509 551
551 552
551 554
554 555
555 556
555 557
557 559
554 561
561 564
561 565
561 568
568 569
568 571
571 573
568 575
568 576
561 577
577 578
577 579
561 581
561 582
582 583
583 584
584 585
584 588
583 589
582 590
561 591
551 593
509 594
509 595
595 596
595 599
489 600
489 602
602 603
603 605
605 606
605 607
603 609
602 610
610 614
610 615
610 617
617 618
617 620
617 622
622 623
623 624
624 627
627 630
627 631
631 632
631 633
627 634
634 635
634 637
634 638
638 639
638 640
627 641
624 642
624 643
624 644
623 646
623 647
647 648
648 649
648 650
650 651
650 652
647 655
655 656
655 657
647 658
647 659
659 660
660 661
660 662
659 663
622 664
617 665
610 666
610 669
669 670
670 671
671 672
671 674
671 675
670 676
669 677
610 678
678 680
680 681
680 682
489 683
683 687
683 688
683 689
683 691
691 692
691 694
691 695
695 696
695 697
697 699
699 700
699 701
701 702
702 703
702 704
701 705
705 706
705 707
707 708
707 709
709 710
710 711
710 712
709 713
713 714
714 717
714 718
714 720
720 721
714 723
714 724
713 725
725 726
726 727
727 729
729 730
730 731
730 732
727 735
727 736
736 737
736 738
727 739
739 740
726 744
726 745
726 747
747 749
749 750
750 751
751 752
751 753
750 755
755 756
755 757
757 758
757 759
759 760
759 761
750 763
750 764
764 766
766 767
766 768
768 770
764 772
772 773
772 774
764 775
764 776
749 779
779 780
779 781
749 782
782 783
783 784
783 785
785 786
785 787
782 790
782 791
782 792
792 793
792 794
749 797
797 798
798 799
799 800
799 802
799 803
803 804
804 805
804 807
804 808
803 810
810 811
810 812
812 814
803 815
815 817
817 818
815 820
820 821
815 823
798 825
798 826
797 828
828 829
828 830
797 832
797 833
833 834
833 835
749 836
749 837
837 838
837 840
837 841
747 842
747 843
726 844
725 845
845 846
846 849
846 851
851 852
846 854
846 856
846 858
858 859
858 860
846 861
846 862
845 863
863 865
865 866
865 867
863 868
868 869
869 871
869 872
872 873
872 875
875 876
876 877
876 878
875 879
879 880
880 881
880 882
879 883
872 884
869 885
885 887
868 888
888 889
888 891
888 892
892 893
893 894
893 895
892 896
863 897
897 898
897 900
897 901
901 902
901 903
903 904
903 905
905 906
905 907
907 910
907 912
907 913
907 915
907 916
907 917
917 918
