460
633
633
344 344
0 0
346 346
347 347
340 340
341 341
342 342
343 343
348 348
349 349
606 606
299 299
296 296
297 297
294 294
292 292
293 293
290 290
291 291
591 591
593 593
199 199
198 198
596 596
195 195
194 194
196 196
191 191
192 192
270 270
271 271
272 272
274 274
275 275
277 277
278 278
524 524
526 526
520 520
522 522
523 523
599 599
449 449
443 443
441 441
440 440
447 447
445 445
444 444
109 109
102 102
103 103
100 100
107 107
104 104
105 105
38 38
33 33
31 31
30 30
37 37
36 36
34 34
438 438
439 439
436 436
437 437
434 434
433 433
431 431
339 339
338 338
335 335
337 337
336 336
331 331
330 330
333 333
332 332
345 345
6 6
98 98
91 91
92 92
95 95
94 94
97 97
600 600
558 558
555 555
554 554
556 556
550 550
552 552
239 239
234 234
235 235
236 236
237 237
230 230
232 232
233 233
1 1
146 146
147 147
144 144
619 619
143 143
140 140
141 141
613 613
610 610
616 616
148 148
615 615
133 133
131 131
130 130
498 498
136 136
134 134
495 495
138 138
490 490
491 491
492 492
493 493
24 24
26 26
27 27
20 20
21 21
23 23
28 28
29 29
406 406
405 405
404 404
402 402
400 400
409 409
408 408
628 628
378 378
371 371
370 370
373 373
375 375
374 374
377 377
376 376
618 618
393 393
391 391
89 89
397 397
396 396
394 394
82 82
399 399
81 81
87 87
84 84
85 85
7 7
586 586
584 584
582 582
583 583
580 580
581 581
588 588
589 589
245 245
244 244
247 247
246 246
241 241
243 243
249 249
519 519
518 518
511 511
512 512
515 515
514 514
517 517
516 516
458 458
621 621
627 627
624 624
451 451
452 452
453 453
455 455
456 456
457 457
178 178
177 177
595 595
175 175
174 174
172 172
170 170
182 182
183 183
180 180
2 2
186 186
187 187
185 185
189 189
11 11
12 12
15 15
14 14
17 17
16 16
19 19
62 62
322 322
323 323
320 320
321 321
326 326
327 327
324 324
328 328
329 329
201 201
203 203
202 202
205 205
207 207
209 209
77 77
75 75
74 74
73 73
72 72
71 71
70 70
542 542
543 543
540 540
541 541
546 546
547 547
545 545
8 8
549 549
68 68
120 120
121 121
122 122
124 124
126 126
127 127
129 129
414 414
415 415
416 416
417 417
410 410
411 411
413 413
418 418
419 419
499 499
319 319
318 318
313 313
311 311
310 310
317 317
316 316
314 314
497 497
368 368
367 367
364 364
365 365
362 362
360 360
380 380
381 381
383 383
384 384
385 385
386 386
387 387
389 389
579 579
573 573
571 571
570 570
576 576
575 575
60 60
61 61
258 258
259 259
64 64
65 65
67 67
252 252
253 253
250 250
251 251
256 256
254 254
255 255
602 602
508 508
509 509
506 506
504 504
505 505
502 502
501 501
631 631
469 469
468 468
465 465
467 467
461 461
460 460
463 463
462 462
169 169
164 164
166 166
167 167
161 161
162 162
9 9
357 357
356 356
354 354
353 353
352 352
351 351
350 350
359 359
358 358
216 216
214 214
215 215
213 213
210 210
211 211
218 218
219 219
289 289
288 288
4 4
281 281
280 280
283 283
285 285
284 284
287 287
286 286
263 263
262 262
261 261
267 267
266 266
265 265
264 264
269 269
268 268
58 58
55 55
54 54
57 57
50 50
52 52
537 537
535 535
63 63
533 533
532 532
530 530
538 538
115 115
114 114
117 117
111 111
112 112
118 118
429 429
421 421
420 420
423 423
422 422
425 425
424 424
427 427
426 426
308 308
309 309
301 301
302 302
303 303
304 304
305 305
307 307
568 568
569 569
560 560
561 561
562 562
563 563
564 564
565 565
566 566
567 567
228 228
227 227
226 226
225 225
224 224
223 223
222 222
221 221
390 390
604 604
607 607
152 152
601 601
154 154
156 156
159 159
158 158
609 609
608 608
49 49
46 46
47 47
44 44
43 43
40 40
41 41
5 5
488 488
487 487
485 485
484 484
482 482
481 481
480 480
472 472
473 473
470 470
477 477
474 474
475 475
479 479
341 344
59 0
341 346
341 347
341 340
562 341
341 342
341 343
341 348
341 349
594 595
605 606
597 594
617 619
539 298
300 299
295 296
298 297
295 294
312 295
539 292
292 293
289 290
292 291
592 591
592 590
594 593
594 592
197 199
197 198
611 597
597 596
193 195
193 194
204 197
197 196
190 191
204 190
197 193
190 192
271 270
313 271
273 272
325 273
273 274
276 275
580 276
276 277
279 278
317 279
525 524
527 525
525 526
528 527
521 520
529 521
521 522
521 523
598 599
529 528
531 529
448 449
450 448
442 443
446 442
442 441
435 440
448 447
454 446
446 445
442 444
119 108
110 109
101 102
116 103
99 100
132 101
132 106
106 107
103 104
106 105
135 39
39 38
32 33
78 32
32 31
29 30
35 37
35 36
53 35
35 34
435 438
435 439
435 436
435 437
435 434
442 435
435 432
432 433
432 430
432 431
337 339
337 338
334 335
341 334
562 337
337 336
325 331
325 330
334 333
325 332
341 345
99 6
119 99
96 98
90 91
108 90
101 93
90 92
96 95
93 94
96 97
139 96
577 559
559 558
553 555
553 554
572 557
557 556
620 551
548 550
605 553
553 552
261 238
238 239
261 234
234 235
234 236
238 237
231 230
240 231
231 232
234 233
0 1
622 614
145 146
145 147
145 144
149 145
153 142
142 143
139 140
142 141
622 612
612 613
611 610
632 611
617 616
625 617
145 148
151 149
625 623
626 622
132 133
139 132
128 131
128 130
145 137
137 136
149 135
135 134
534 494
494 495
150 139
137 138
489 490
496 491
491 492
491 493
25 24
45 25
25 26
45 27
53 20
22 21
139 22
22 23
27 28
48 29
421 407
403 406
403 405
403 404
421 403
401 402
412 401
401 400
632 629
407 409
407 408
629 628
388 379
375 378
372 371
369 370
372 373
421 372
407 375
375 374
375 377
375 376
617 618
392 393
412 392
116 88
90 89
398 397
395 396
412 395
395 394
83 82
113 83
123 80
80 81
125 86
86 87
83 84
86 85
99 7
598 601
605 607
587 586
590 587
580 584
629 585
580 582
580 583
585 580
580 581
587 588
590 589
246 245
242 244
248 247
292 246
240 241
242 240
242 243
260 242
614 615
248 249
292 248
513 519
513 518
510 511
527 510
525 513
513 512
513 515
513 514
513 517
513 516
459 458
464 459
622 621
629 620
626 627
630 626
633 625
625 624
454 450
450 451
450 452
450 453
471 454
454 455
454 456
454 457
184 179
179 178
176 177
200 176
176 175
173 174
200 173
173 172
181 171
171 170
248 253
181 182
188 183
179 180
193 181
184 186
188 187
223 184
184 185
212 188
190 189
10 11
71 10
20 13
13 12
16 15
13 14
18 17
76 16
18 19
113 18
59 62
321 322
562 323
321 320
557 321
325 326
325 327
325 324
334 325
325 328
325 329
200 201
204 200
200 203
200 202
206 205
206 204
208 207
208 206
208 209
223 208
78 77
108 76
76 75
71 74
71 73
71 72
150 71
69 70
145 79
88 78
3 2
539 542
544 543
539 540
539 541
544 546
548 547
623 544
544 545
7 8
605 548
548 549
69 68
620 598
119 120
119 121
123 122
135 123
125 124
139 125
125 126
128 127
142 128
128 129
412 414
412 415
412 416
418 417
407 410
412 411
428 412
412 413
496 498
430 418
418 419
500 499
317 319
317 318
334 313
323 312
312 311
341 310
341 317
317 316
341 315
315 314
531 496
496 497
79 3
369 368
403 369
386 366
366 367
363 364
366 365
363 362
388 363
361 360
379 361
379 380
382 381
421 382
382 383
382 384
382 385
421 386
386 387
407 388
388 389
612 605
580 579
585 578
603 604
574 573
577 572
572 571
562 570
578 577
574 576
574 575
578 574
59 60
59 61
257 258
260 259
59 64
66 65
106 66
66 67
248 252
88 69
248 250
248 251
257 256
284 257
248 254
248 255
614 603
603 602
507 508
510 509
507 506
525 507
503 504
503 505
503 502
513 503
528 500
500 501
632 630
630 631
633 632
466 469
466 468
466 465
471 464
466 467
471 466
459 461
459 460
464 463
459 462
171 168
168 169
165 164
193 165
165 166
168 167
163 160
160 161
163 162
183 163
598 600
10 9
355 357
355 356
361 355
355 354
341 353
341 352
341 351
341 350
358 359
386 358
217 216
242 217
215 214
229 215
234 212
212 213
208 210
212 211
217 218
220 219
539 289
289 288
3 4
282 281
279 280
282 283
298 282
284 285
562 284
284 287
284 286
261 263
261 262
341 261
562 260
268 267
261 266
261 265
261 264
268 269
306 268
80 59
59 58
56 55
53 54
56 57
132 56
113 51
51 50
71 53
51 52
536 537
551 536
536 535
59 63
534 533
531 532
534 531
531 530
623 539
536 538
116 115
113 114
116 117
145 116
110 111
125 110
139 113
110 112
139 119
116 118
430 429
435 428
551 534
435 421
421 420
421 423
421 422
421 425
421 424
428 427
421 426
307 308
310 309
557 300
300 301
315 302
302 303
302 304
306 305
325 306
325 307
562 568
562 569
559 560
562 561
574 562
562 563
562 564
562 565
562 566
562 567
261 229
229 228
223 227
223 226
223 225
223 224
261 223
223 222
220 221
222 220
392 391
388 390
155 151
151 150
155 153
153 152
157 155
155 154
163 157
155 156
160 159
157 158
605 609
605 608
398 399
421 398
106 48
48 49
45 46
45 47
45 44
79 45
93 42
42 43
39 40
42 41
6 5
528 489
489 488
486 487
494 486
486 485
483 484
491 483
483 482
478 481
478 480
471 472
471 473
471 470
478 471
598 476
476 477
471 474
476 475
598 478
478 479
