99
183
0
139 5
102 8
99 10
54 14
37 17
34 19
32 22
26 24
25 25
27 27
7 30
12 32
9 33
8 34
13 37
5 39
3 40
2 42
0 43
6 45
10 47
11 48
23 50
21 52
20 54
19 55
17 56
16 58
14 59
30 61
28 62
43 64
41 65
51 67
49 68
46 70
44 71
55 73
61 75
52 76
66 78
65 80
59 82
58 84
48 86
40 88
38 89
105 91
68 92
97 94
100 96
103 98
72 101
63 102
74 104
101 106
75 107
106 109
104 110
71 112
69 113
132 116
134 119
122 121
119 123
117 126
116 127
114 128
113 130
111 131
120 133
118 134
127 136
126 138
124 139
96 143
91 145
89 146
94 148
92 149
108 151
110 153
109 154
131 156
129 157
85 159
81 163
79 164
84 166
83 167
87 169
78 171
76 172
146 174
145 176
138 179
137 180
143 182
135 183
0 1
1 2
2 3
3 4
4 5
4 6
6 7
7 8
7 9
9 10
9 11
11 12
12 13
13 14
13 15
15 16
16 17
16 18
18 19
18 20
20 21
21 22
21 23
23 24
23 25
23 26
26 27
26 28
28 29
29 30
29 31
31 32
31 33
31 34
31 35
35 36
36 37
36 38
38 39
38 40
35 41
41 42
41 43
31 44
44 45
44 46
46 47
46 48
28 49
49 50
49 51
51 52
51 53
53 54
53 55
53 56
23 57
57 58
57 59
20 60
60 61
60 62
15 63
63 64
63 65
12 66
66 67
66 68
66 69
69 70
69 71
12 72
72 73
72 74
74 75
74 76
11 77
77 78
77 79
79 80
79 81
81 82
81 83
83 84
83 85
85 86
85 87
87 88
87 89
9 90
90 91
90 92
6 93
93 94
93 95
95 96
95 97
97 98
97 99
99 100
100 101
100 102
100 103
103 104
103 105
105 106
105 107
99 108
108 109
108 110
99 111
111 112
111 113
3 114
114 115
115 116
115 117
117 118
118 119
118 120
120 121
120 122
122 123
122 124
124 125
125 126
125 127
125 128
125 129
129 130
129 131
124 132
132 133
132 134
117 135
135 136
135 137
137 138
137 139
114 140
140 141
141 142
142 143
142 144
144 145
144 146
144 147
147 148
147 149
141 150
150 151
150 152
152 153
152 154
140 155
155 156
155 157
2 158
158 159
158 160
160 161
161 162
162 163
162 164
161 165
165 166
165 167
160 168
168 169
168 170
170 171
170 172
1 173
173 174
173 175
175 176
175 177
177 178
178 179
178 180
177 181
181 182
181 183
