99
148
148
132 87
131 134
137 32
135 122
134 96
139 97
138 5
25 54
26 40
27 129
20 75
21 131
23 19
28 94
0 52
8 65
120 13
122 81
124 59
126 85
127 109
129 146
118 11
59 66
58 108
55 135
54 71
51 139
52 99
114 127
117 17
89 26
111 124
110 91
113 20
83 46
81 61
119 113
87 74
84 38
85 132
3 12
7 92
108 116
109 100
102 21
103 37
100 48
101 101
106 78
104 16
105 8
38 114
32 44
30 119
37 34
34 10
61 104
63 0
65 145
66 126
68 72
69 25
2 102
6 41
99 3
91 103
92 138
94 49
97 111
96 76
11 69
10 79
13 2
12 43
14 27
17 105
16 58
19 7
116 6
48 84
49 51
46 110
44 30
43 23
40 63
41 143
5 28
9 68
146 137
145 14
143 89
76 118
75 117
74 106
72 9
71 55
79 120
78 83
141 133
133 132
130 131
141 130
136 137
144 136
136 135
133 134
140 139
136 138
31 24
24 25
24 26
24 27
18 20
22 21
24 22
22 23
29 28
33 29
1 0
24 4
4 8
115 119
121 120
123 121
123 122
133 123
125 124
128 125
125 126
128 127
133 128
130 129
115 118
60 59
57 58
56 55
53 54
60 57
62 56
50 51
62 50
56 53
50 52
121 115
115 114
107 88
90 89
112 111
107 110
112 113
115 112
86 82
82 83
82 80
80 81
88 86
88 87
82 84
86 85
4 3
4 7
107 108
107 109
98 102
98 103
98 100
98 101
98 106
130 107
98 104
98 105
47 39
39 38
35 33
31 32
33 31
29 30
36 37
53 36
36 35
35 34
64 60
62 61
67 62
64 63
98 64
64 65
67 66
98 67
67 68
70 69
1 2
4 6
98 99
140 98
90 91
95 90
95 93
93 92
107 95
93 94
98 97
95 96
4 11
4 10
4 13
4 12
24 15
15 14
18 17
15 16
18 19
31 18
115 117
115 116
47 48
50 49
45 46
57 47
45 44
50 45
53 42
42 43
39 40
42 41
4 1
4 5
4 9
147 146
148 147
147 144
144 145
147 142
144 143
142 140
142 141
82 77
77 76
73 75
73 74
98 73
73 72
70 71
98 70
80 79
77 78
