100
148
1
22 14
19 16
120 22
86 34
62 42
113 46
130 52
131 56
0 58
2 59
3 60
4 61
5 62
7 63
8 64
9 65
10 66
11 67
13 68
15 69
16 70
17 71
20 72
23 73
25 74
27 75
28 76
30 77
31 78
33 79
35 80
36 81
38 82
39 83
40 84
42 85
45 86
46 87
48 88
49 89
51 90
53 91
55 92
56 93
58 94
59 95
61 96
64 97
65 98
67 99
68 100
70 101
71 102
73 103
74 104
75 105
76 106
77 107
78 108
80 109
81 110
83 111
84 112
87 113
89 114
90 115
91 116
93 117
94 118
95 119
97 120
98 121
101 122
103 123
104 124
106 125
108 126
109 127
110 128
112 129
115 130
117 131
118 132
122 133
124 134
125 135
126 136
128 137
129 138
132 139
134 140
135 141
136 142
139 143
140 144
141 145
143 146
144 147
146 148
147 149
1 2
2 3
2 4
4 5
5 6
6 7
7 8
8 9
8 10
7 11
11 12
12 13
13 14
14 15
15 16
15 17
17 18
15 19
13 20
5 21
4 22
22 23
23 24
24 25
24 26
24 27
24 28
23 29
29 30
29 31
31 32
32 33
32 34
32 35
35 36
35 37
35 38
38 39
35 40
40 41
35 42
35 43
22 44
22 45
45 46
4 47
47 48
2 49
2 50
2 51
2 52
52 53
52 54
52 55
52 56
52 57
19 58
19 59
19 60
19 61
18 62
17 63
17 64
17 65
17 66
17 67
18 68
15 69
16 70
16 71
16 72
14 73
13 74
13 75
11 76
11 77
12 78
11 79
11 80
10 81
10 82
10 83
8 84
10 85
8 86
13 87
13 88
7 89
7 90
55 91
55 92
41 93
41 94
41 95
41 96
40 97
36 98
36 99
36 100
39 101
38 102
43 103
40 104
35 105
35 106
37 107
35 108
32 109
33 110
33 111
32 112
28 113
28 114
28 115
48 116
47 117
47 118
27 119
27 120
31 121
30 122
29 123
29 124
28 125
25 126
26 127
45 128
45 129
45 130
22 131
44 132
55 133
54 134
55 135
52 136
50 137
57 138
49 139
2 140
21 141
53 142
51 143
3 144
9 145
9 146
9 147
9 148
6 149
