100
150
150
132 27
131 136
130 51
136 10
135 62
134 103
139 75
25 22
27 17
20 95
22 73
23 2
28 141
0 45
4 109
8 120
120 126
122 25
124 0
125 113
126 4
128 78
129 125
59 83
58 101
55 59
56 146
51 110
53 139
115 49
117 91
89 46
110 67
113 9
112 71
83 36
80 3
81 77
86 40
87 11
84 90
3 117
7 19
108 16
109 129
103 7
101 144
106 94
104 106
39 13
38 28
33 53
31 39
30 65
36 38
35 131
61 143
62 128
64 48
65 31
67 124
68 5
2 112
98 56
91 147
90 15
93 74
95 61
94 30
97 134
11 81
10 87
13 20
15 132
17 70
16 140
19 89
48 84
49 86
46 135
45 64
42 122
40 104
118 55
5 130
9 68
146 97
147 42
144 93
143 115
140 58
141 108
77 33
76 98
75 76
74 23
73 8
71 118
70 80
78 35
138 133
133 132
130 131
137 130
138 137
137 136
133 135
133 134
138 139
149 138
43 24
26 25
34 26
26 27
21 20
24 21
24 22
22 23
29 28
32 29
1 0
1 4
6 8
121 119
121 120
138 121
123 122
130 123
123 124
123 125
127 126
130 127
127 128
127 129
119 118
60 59
57 58
54 55
123 54
60 57
57 56
50 51
52 50
54 53
145 52
114 115
119 114
107 88
88 89
114 111
111 110
114 113
111 112
85 82
82 83
79 80
82 81
85 86
88 87
85 84
99 85
1 3
6 7
107 108
107 109
105 102
102 103
102 100
100 101
107 106
111 107
105 104
116 105
37 39
37 38
34 33
34 32
32 31
29 30
44 37
37 36
34 35
43 34
69 60
60 61
63 62
72 63
63 64
66 65
72 66
66 67
66 68
72 69
1 2
12 6
100 99
99 98
92 91
88 90
92 93
102 92
96 95
92 94
96 97
107 96
12 11
6 10
12 13
18 12
14 15
18 14
18 17
14 16
21 19
19 18
116 117
120 116
47 48
50 49
47 46
52 47
52 44
44 45
41 42
47 43
41 40
52 41
14 1
6 5
6 9
145 146
148 147
145 144
148 145
145 142
142 143
138 140
142 141
149 148
150 149
72 77
72 76
72 75
72 74
72 73
79 72
69 71
69 70
85 79
72 78
