100
199
0
135 3
128 9
139 12
129 13
126 14
130 15
53 19
125 21
55 22
124 24
122 25
136 26
131 27
134 30
140 31
132 33
120 36
104 39
101 42
103 43
93 46
91 48
94 49
98 51
84 53
83 56
81 57
78 61
59 68
61 70
58 72
56 73
70 75
71 76
75 77
76 79
62 82
64 83
74 84
65 86
68 88
67 89
77 91
73 92
80 93
86 94
117 95
113 98
112 101
110 103
109 105
108 107
95 110
97 111
89 113
106 116
87 117
90 118
115 119
118 120
147 122
51 125
49 126
40 129
144 132
146 134
141 136
143 137
42 141
38 142
39 144
36 145
45 146
46 148
48 150
35 153
33 155
31 157
28 159
30 160
27 162
25 164
23 167
22 168
20 170
19 172
17 174
16 176
11 180
9 182
8 185
13 188
5 189
10 190
7 191
15 192
4 194
3 196
2 198
0 199
0 1
1 2
2 3
2 4
4 5
5 6
6 7
7 8
8 9
8 10
10 11
11 12
11 13
10 14
7 15
6 16
16 17
17 18
18 19
18 20
20 21
20 22
17 23
23 24
23 25
16 26
5 27
4 28
28 29
29 30
29 31
28 32
32 33
32 34
34 35
35 36
35 37
37 38
38 39
38 40
40 41
41 42
41 43
40 44
44 45
45 46
45 47
47 48
47 49
44 50
50 51
50 52
52 53
52 54
54 55
55 56
55 57
54 58
58 59
59 60
60 61
60 62
62 63
63 64
64 65
65 66
66 67
67 68
67 69
69 70
69 71
71 72
71 73
66 74
74 75
74 76
65 77
64 78
78 79
78 80
80 81
81 82
81 83
80 84
63 85
85 86
85 87
87 88
87 89
62 90
90 91
90 92
59 93
58 94
37 95
34 96
96 97
97 98
97 99
99 100
100 101
100 102
102 103
102 104
104 105
104 106
106 107
106 108
108 109
109 110
109 111
108 112
112 113
112 114
114 115
115 116
115 117
114 118
99 119
96 120
1 121
121 122
121 123
123 124
124 125
124 126
123 127
127 128
128 129
128 130
130 131
131 132
131 133
133 134
133 135
135 136
135 137
130 138
138 139
139 140
140 141
140 142
139 143
143 144
143 145
138 146
127 147
147 148
147 149
149 150
149 151
151 152
152 153
152 154
154 155
154 156
156 157
156 158
158 159
158 160
151 161
161 162
161 163
163 164
163 165
165 166
166 167
166 168
165 169
169 170
169 171
171 172
171 173
173 174
173 175
175 176
175 177
177 178
178 179
179 180
179 181
181 182
181 183
183 184
184 185
184 186
186 187
187 188
187 189
186 190
183 191
178 192
177 193
193 194
193 195
195 196
195 197
197 198
197 199
