100
164
0
135 3
128 9
139 12
129 13
126 14
130 5
53 19
125 21
55 22
124 24
122 25
136 26
131 27
134 30
140 31
132 33
120 35
104 39
101 42
103 43
93 46
91 48
94 49
98 51
84 53
83 56
81 57
78 61
59 68
61 70
58 72
56 73
70 75
71 76
75 77
76 79
62 82
64 83
74 84
65 86
68 88
67 89
77 91
73 92
80 93
86 94
117 95
113 98
112 101
110 103
109 105
108 107
95 110
97 111
89 113
106 116
87 117
90 118
115 119
118 120
147 122
51 125
49 126
40 129
144 132
146 134
141 136
143 137
42 141
38 142
39 144
36 145
45 146
46 148
48 150
35 153
33 155
31 157
28 159
30 160
27 162
25 164
23 167
22 166
20 170
19 171
17 174
16 176
11 180
9 182
8 185
13 188
5 189
10 190
7 191
15 192
4 194
3 196
2 198
0 199
0 1
1 2
2 3
2 5
5 8
8 9
8 11
11 12
11 13
8 14
5 17
17 18
18 19
18 21
18 22
17 24
17 25
5 26
5 27
2 28
28 29
29 30
29 31
28 33
28 34
34 35
35 37
37 38
38 39
38 40
40 41
41 42
41 43
40 44
44 45
45 46
45 48
45 49
44 50
50 51
50 52
52 53
52 54
54 55
55 56
55 57
54 59
59 60
60 61
60 66
66 67
67 68
67 70
67 71
71 72
71 73
66 74
74 75
74 76
60 77
60 79
60 81
81 82
81 83
60 84
60 85
85 86
85 88
85 89
60 91
60 92
59 93
54 94
37 95
34 96
96 97
97 98
97 100
100 101
100 103
100 104
104 105
104 106
106 107
106 109
109 110
109 111
106 112
112 113
112 115
115 116
115 117
112 118
97 119
96 120
1 121
121 122
121 123
123 125
123 126
123 127
127 128
128 129
128 131
131 132
131 133
133 134
133 135
135 136
135 137
128 138
138 139
139 140
140 141
140 142
139 144
139 145
138 146
127 147
147 148
147 149
149 150
149 151
151 152
152 153
152 154
154 155
154 156
156 157
156 158
158 159
158 160
151 161
161 162
161 163
163 164
163 165
165 166
166 167
165 169
169 170
169 171
171 174
171 175
175 176
175 177
177 178
178 179
179 180
179 181
181 182
181 185
181 187
187 188
187 189
181 190
181 191
178 192
177 193
193 194
193 195
195 196
195 198
195 199
