99
146
146
133 133
131 131
136 136
134 134
138 138
24 24
25 25
26 26
21 21
28 28
29 29
0 0
4 4
120 120
121 121
123 123
125 125
126 126
128 128
129 129
59 59
58 58
55 55
54 54
57 57
56 56
51 51
50 50
53 53
52 52
115 115
114 114
117 117
111 111
112 112
82 82
83 83
81 81
86 86
118 118
84 84
3 3
7 7
109 109
103 103
100 100
101 101
106 106
105 105
39 39
33 33
32 32
30 30
37 37
35 35
34 34
60 60
62 62
63 63
65 65
67 67
69 69
2 2
6 6
98 98
91 91
90 90
93 93
92 92
95 95
97 97
11 11
10 10
12 12
14 14
17 17
16 16
19 19
88 88
49 49
47 47
44 44
45 45
42 42
43 43
40 40
5 5
9 9
144 144
142 142
140 140
76 76
75 75
73 73
72 72
71 71
70 70
79 79
78 78
132 133
135 132
132 131
132 130
143 137
137 136
141 135
135 134
143 139
139 138
23 24
23 25
27 26
34 27
22 20
22 21
23 22
31 23
27 28
46 29
1 0
1 4
13 8
122 119
119 120
122 121
124 122
124 123
139 124
124 125
127 126
130 127
127 128
130 129
119 118
53 59
53 58
53 55
53 54
53 57
53 56
50 51
137 50
64 53
53 52
116 115
113 114
89 88
96 89
110 111
113 110
116 113
113 112
89 82
82 83
87 80
80 81
85 86
102 87
85 84
87 85
1 3
8 7
116 108
110 109
108 102
104 103
99 100
102 101
104 106
108 107
107 104
104 105
38 39
41 38
31 33
31 32
41 31
29 30
36 37
38 36
34 35
36 34
61 60
68 61
61 62
64 63
68 64
66 65
68 66
66 67
74 68
68 69
1 2
1 6
107 99
99 98
89 91
89 90
94 93
89 92
94 95
108 94
96 97
104 96
8 11
8 10
15 13
13 12
18 15
13 14
18 17
15 16
20 19
20 18
116 117
139 116
50 48
50 49
48 46
48 47
41 44
46 45
41 42
41 43
41 40
50 41
13 1
1 5
8 9
143 144
146 145
141 142
145 143
141 140
145 141
80 77
77 76
74 75
77 74
74 73
68 72
68 71
68 70
85 79
79 78
