179
357
0
260 2
209 6
196 8
198 9
183 13
185 14
203 19
204 21
199 22
193 24
205 25
177 28
176 29
188 31
186 32
201 34
207 36
189 39
191 40
195 41
178 44
180 45
181 46
165 54
163 55
171 56
172 60
242 61
244 62
174 67
256 69
175 70
246 72
248 74
166 76
168 77
245 78
255 81
249 82
247 83
169 85
154 92
148 95
150 96
145 97
144 99
141 101
143 102
155 104
156 105
147 106
153 108
151 109
159 111
157 112
140 114
63 121
61 122
96 127
99 131
30 132
14 136
66 137
38 138
56 139
58 142
60 143
59 145
2 147
0 148
36 149
12 154
10 155
13 156
19 159
17 160
44 164
47 165
46 170
41 171
45 172
48 173
43 174
49 176
51 177
40 180
28 182
27 184
25 185
97 188
64 190
68 193
67 194
16 195
98 197
5 200
6 201
54 202
69 209
72 210
73 212
71 215
53 216
20 218
21 219
74 220
76 221
33 223
35 224
90 229
101 231
87 232
91 233
88 234
77 238
78 239
89 240
85 241
113 244
125 245
124 247
123 248
92 253
94 254
129 255
4 258
3 259
9 261
7 262
126 268
117 271
119 272
118 273
127 274
115 275
136 276
24 279
22 280
130 281
132 283
110 286
112 287
102 289
104 290
109 293
105 295
107 296
32 301
31 302
79 303
81 305
84 307
83 308
121 309
250 311
251 313
252 315
162 318
160 319
253 320
235 325
233 326
221 329
219 330
228 331
232 334
229 336
214 341
213 343
211 344
215 346
217 347
225 350
224 351
226 352
222 353
238 355
236 356
240 357
0 1
1 2
1 3
3 4
4 5
5 6
5 7
7 8
7 9
4 10
10 11
11 12
12 13
12 14
11 15
15 16
16 17
17 18
18 19
18 20
20 21
20 22
17 23
23 24
23 25
16 26
26 27
27 28
27 29
26 30
30 31
30 32
15 33
33 34
33 35
35 36
35 37
37 38
38 39
38 40
37 41
10 42
42 43
43 44
43 45
42 46
3 47
47 48
48 49
49 50
50 51
51 52
52 53
53 54
53 55
52 56
51 57
57 58
58 59
59 60
59 61
58 62
57 63
63 64
64 65
65 66
66 67
66 68
68 69
68 70
65 71
71 72
71 73
73 74
73 75
75 76
75 77
64 78
63 79
79 80
80 81
80 82
79 83
50 84
84 85
84 86
86 87
87 88
88 89
89 90
90 91
91 92
91 93
93 94
94 95
94 96
93 97
90 98
98 99
98 100
100 101
100 102
89 103
103 104
103 105
88 106
87 107
107 108
107 109
86 110
110 111
110 112
49 113
113 114
113 115
115 116
116 117
117 118
118 119
119 120
120 121
120 122
119 123
123 124
124 125
125 126
126 127
126 128
128 129
129 130
130 131
130 132
129 133
133 134
134 135
135 136
135 137
134 138
133 139
128 140
140 141
141 142
141 143
140 144
144 145
144 146
146 147
146 148
125 149
124 150
150 151
151 152
152 153
153 154
153 155
152 156
151 157
157 158
158 159
158 160
157 161
161 162
162 163
163 164
163 165
162 166
166 167
167 168
168 169
169 170
169 171
168 172
167 173
166 174
161 175
175 176
175 177
150 178
178 179
179 180
179 181
181 182
181 183
183 184
183 185
178 186
186 187
187 188
187 189
189 190
189 191
191 192
192 193
192 194
191 195
186 196
196 197
196 198
198 199
199 200
199 201
198 202
123 203
203 204
204 205
205 206
206 207
207 208
208 209
208 210
207 211
211 212
211 213
213 214
214 215
214 216
213 217
217 218
217 219
206 220
205 221
204 222
222 223
222 224
203 225
225 226
226 227
227 228
228 229
228 230
230 231
230 232
227 233
226 234
225 235
235 236
236 237
237 238
237 239
236 240
235 241
118 242
242 243
243 244
243 245
242 246
246 247
246 248
117 249
249 250
250 251
251 252
252 253
252 254
251 255
250 256
256 257
257 258
257 259
256 260
260 261
260 262
249 263
263 264
264 265
265 266
266 267
267 268
267 269
269 270
270 271
270 272
269 273
266 274
265 275
264 276
263 277
277 278
278 279
278 280
277 281
116 282
282 283
282 284
284 285
285 286
285 287
284 288
288 289
288 290
115 291
291 292
292 293
292 294
294 295
294 296
291 297
297 298
298 299
299 300
300 301
300 302
299 303
298 304
304 305
304 306
306 307
306 308
297 309
48 310
310 311
310 312
312 313
312 314
314 315
314 316
316 317
317 318
317 319
316 320
47 321
321 322
322 323
323 324
324 325
324 326
323 327
327 328
328 329
328 330
327 331
322 332
332 333
333 334
333 335
335 336
335 337
337 338
338 339
339 340
340 341
340 342
342 343
342 344
339 345
345 346
345 347
338 348
348 349
349 350
349 351
348 352
337 353
332 354
354 355
354 356
321 357
