184
254
254
216 216
217 217
214 214
213 213
211 211
165 165
218 218
219 219
132 132
130 130
137 137
135 135
134 134
138 138
225 225
24 24
25 25
26 26
167 167
20 20
22 22
23 23
223 223
28 28
29 29
222 222
0 0
4 4
8 8
163 163
227 227
122 122
123 123
125 125
127 127
128 128
118 118
58 58
55 55
54 54
57 57
56 56
51 51
50 50
53 53
52 52
199 199
179 179
200 200
194 194
197 197
196 196
191 191
193 193
115 115
252 252
88 88
116 116
111 111
110 110
113 113
176 176
82 82
181 181
81 81
87 87
84 84
207 207
226 226
7 7
247 247
245 245
244 244
108 108
241 241
240 240
243 243
242 242
102 102
103 103
100 100
248 248
104 104
105 105
39 39
38 38
33 33
32 32
224 224
30 30
36 36
35 35
60 60
61 61
63 63
65 65
66 66
178 178
177 177
69 69
175 175
174 174
253 253
172 172
171 171
182 182
183 183
2 2
162 162
185 185
186 186
188 188
189 189
202 202
221 221
99 99
98 98
168 168
169 169
229 229
228 228
164 164
90 90
166 166
92 92
160 160
94 94
97 97
96 96
11 11
10 10
13 13
12 12
15 15
17 17
16 16
18 18
117 117
89 89
151 151
150 150
153 153
152 152
155 155
157 157
156 156
159 159
238 238
239 239
234 234
235 235
236 236
237 237
230 230
231 231
232 232
233 233
48 48
49 49
47 47
44 44
45 45
42 42
41 41
1 1
5 5
146 146
147 147
203 203
145 145
142 142
143 143
140 140
206 206
208 208
149 149
77 77
76 76
75 75
73 73
72 72
70 70
79 79
205 205
215 216
215 217
215 214
220 215
220 212
212 213
254 210
212 211
161 165
215 218
215 219
136 133
133 132
154 131
129 130
136 137
148 136
136 135
133 134
141 139
139 138
221 225
85 24
24 25
27 26
107 27
21 20
83 21
21 22
24 23
161 160
27 28
27 29
221 222
106 0
3 4
228 161
9 8
161 163
120 119
121 120
124 121
121 122
124 123
131 124
126 125
131 126
126 127
129 128
154 129
168 167
119 118
95 59
59 58
62 55
55 54
55 57
55 56
49 51
49 50
49 53
49 52
161 164
209 201
198 199
180 179
198 200
201 195
195 194
198 197
177 178
190 191
192 190
192 193
198 192
114 115
119 114
86 88
86 89
112 111
109 110
112 113
114 112
83 82
112 83
95 80
80 81
93 86
86 87
85 84
95 85
254 251
204 207
228 141
221 226
86 3
221 177
6 7
246 247
228 170
228 166
246 245
228 244
109 108
114 109
228 241
228 240
228 243
228 242
101 102
101 103
95 100
114 101
114 106
120 107
101 104
106 105
40 39
37 38
34 33
31 32
109 31
31 30
86 37
37 36
34 35
64 34
249 246
251 252
204 205
221 223
175 176
59 60
59 61
80 62
95 63
86 64
64 65
67 66
86 67
101 68
68 69
180 175
173 174
228 173
173 172
170 171
210 198
204 203
180 181
254 253
249 248
180 182
184 183
250 180
3 2
161 162
204 187
198 184
114 6
250 220
187 186
187 188
190 189
201 202
195 196
246 221
184 185
95 99
95 98
221 168
170 169
228 229
250 228
95 91
91 90
107 93
91 92
101 95
93 94
95 97
95 96
86 11
9 10
14 13
11 12
14 15
67 14
63 17
17 16
37 19
19 18
114 117
251 250
114 116
209 204
148 151
148 150
154 153
148 152
154 155
166 154
158 157
154 156
158 159
161 158
228 238
228 239
228 234
228 235
228 236
228 237
228 230
228 231
228 232
228 233
221 224
49 48
93 49
62 46
46 47
43 44
46 45
43 42
78 43
68 40
40 41
0 1
6 5
19 9
144 146
148 147
154 144
144 145
141 142
144 143
139 140
204 206
210 209
204 208
161 148
148 149
74 77
74 76
74 75
101 74
74 73
71 72
95 71
71 70
78 79
95 78
250 249
228 227
