100
185
0
151 2
148 5
139 8
135 9
133 10
138 16
76 20
79 22
77 23
78 24
73 27
56 30
55 32
65 34
57 36
59 39
48 41
44 42
27 43
9 50
4 52
3 53
2 54
1 55
0 56
10 58
12 59
13 61
15 63
7 65
5 66
22 68
21 69
19 71
17 72
25 74
24 75
45 77
60 79
42 80
37 82
30 85
28 86
33 88
31 89
36 91
34 92
54 94
50 97
41 99
39 100
52 102
51 103
61 105
74 107
63 108
71 110
69 111
88 113
85 116
83 117
82 119
80 120
92 123
94 125
90 126
68 128
66 129
103 133
102 134
100 136
98 137
97 139
95 140
107 142
106 144
104 145
140 147
136 148
141 152
129 154
128 157
121 159
120 161
118 162
127 164
125 165
126 167
123 168
113 170
116 172
115 173
134 175
109 176
137 178
131 179
112 181
110 182
146 184
144 185
0 1
1 2
1 3
3 4
4 5
4 6
6 7
7 8
7 9
7 10
7 11
11 12
12 13
13 14
14 15
15 16
15 17
17 18
18 19
19 20
19 21
21 22
21 23
21 24
21 25
25 26
26 27
26 28
28 29
29 30
29 31
31 32
31 33
33 34
33 35
35 36
35 37
37 38
38 39
38 40
40 41
40 42
40 43
40 44
44 45
45 46
46 47
47 48
48 49
49 50
49 51
51 52
51 53
51 54
51 55
51 56
48 57
57 58
57 59
47 60
60 61
60 62
62 63
62 64
64 65
64 66
46 67
67 68
67 69
45 70
70 71
70 72
44 73
73 74
73 75
38 76
76 77
76 78
78 79
78 80
37 81
81 82
81 83
83 84
84 85
84 86
83 87
87 88
87 89
81 90
90 91
90 92
28 93
93 94
93 95
95 96
96 97
96 98
98 99
98 100
95 101
101 102
101 103
26 104
104 105
104 106
106 107
106 108
25 109
109 110
109 111
18 112
112 113
112 114
114 115
115 116
115 117
114 118
118 119
118 120
17 121
121 122
122 123
122 124
124 125
124 126
121 127
127 128
127 129
14 130
130 131
131 132
132 133
132 134
131 135
135 136
135 137
130 138
138 139
138 140
13 141
141 142
141 143
143 144
143 145
12 146
146 147
146 148
11 149
149 150
150 151
151 152
151 153
153 154
153 155
155 156
156 157
156 158
158 159
158 160
160 161
160 162
156 163
163 164
163 165
156 166
166 167
166 168
155 169
169 170
169 171
171 172
171 173
150 174
174 175
174 176
149 177
177 178
177 179
6 180
180 181
180 182
3 183
183 184
183 185
