96
175
0
151 3
146 6
144 7
148 9
110 11
112 13
134 16
102 18
103 19
98 22
100 23
95 25
97 26
135 28
133 29
139 30
109 32
131 34
137 35
141 37
129 39
113 42
116 44
115 45
128 47
127 49
125 50
123 52
126 53
121 55
118 57
120 58
140 60
136 61
107 64
104 65
106 66
138 68
68 72
66 73
90 75
94 76
92 77
88 80
83 83
85 84
80 86
82 87
76 89
79 90
78 91
69 94
71 95
73 97
63 99
61 101
56 103
54 105
50 107
52 109
51 110
41 112
39 113
55 115
65 117
57 119
59 122
45 124
42 126
60 127
37 129
34 131
36 132
28 136
30 137
31 139
33 140
27 143
48 144
44 145
24 148
17 151
19 152
21 155
22 156
13 159
15 161
5 163
7 164
10 166
9 169
12 170
2 172
4 173
0 174
3 175
0 1
1 2
2 3
2 4
4 5
5 6
5 7
4 8
8 9
8 10
10 11
10 12
12 13
12 14
14 15
15 16
15 17
17 18
17 19
17 20
20 21
21 22
21 23
20 24
24 25
24 26
14 27
27 28
27 29
27 30
27 31
31 32
31 33
33 34
33 35
31 36
36 37
36 38
38 39
38 40
40 41
41 42
41 43
43 44
43 45
40 46
46 47
46 48
48 49
48 50
46 51
51 52
51 53
46 54
54 55
54 56
56 57
56 58
27 59
59 60
59 61
59 62
62 63
63 64
63 65
63 66
62 67
67 68
67 69
69 70
70 71
71 72
71 73
70 74
74 75
74 76
74 77
69 78
78 79
79 80
79 81
81 82
82 83
82 84
81 85
85 86
85 87
78 88
88 89
88 90
88 91
88 92
92 93
93 94
93 95
92 96
96 97
96 98
98 99
96 100
100 101
100 102
102 103
102 104
104 105
104 106
106 107
106 108
108 109
108 110
106 111
111 112
111 113
102 114
114 115
114 116
116 117
116 118
118 119
118 120
120 121
121 122
121 123
123 124
123 125
125 126
125 127
120 128
128 129
128 130
130 131
130 132
128 133
133 134
134 135
135 136
135 137
134 138
138 139
138 140
133 141
141 142
142 143
142 144
142 145
141 146
146 147
147 148
146 149
149 150
150 151
150 152
149 153
153 154
154 155
154 156
153 157
157 158
158 159
158 160
160 161
160 162
162 163
162 164
157 165
165 166
165 167
167 168
168 169
168 170
167 171
171 172
171 173
171 174
171 175
