100
199
0
56 19
54 21
52 22
51 25
50 26
41 28
39 29
55 30
65 32
31 36
25 39
24 40
9 46
12 48
4 53
3 54
2 55
1 56
0 57
10 58
15 61
7 63
5 64
13 65
22 67
21 68
19 70
17 71
48 74
44 75
27 76
60 81
42 82
45 83
59 84
57 86
37 89
36 91
34 92
33 94
30 96
28 97
61 99
63 101
74 102
73 103
71 105
69 106
79 110
77 111
78 112
76 113
88 116
85 119
83 120
82 122
80 123
68 125
66 126
94 129
90 130
92 131
138 132
107 134
106 136
104 137
97 141
95 142
100 144
98 145
103 147
102 148
133 149
140 153
136 154
137 156
131 157
139 160
135 161
112 163
110 164
109 167
134 168
141 170
129 172
128 177
126 180
123 181
125 182
113 185
115 186
116 187
121 189
120 191
118 192
127 193
148 195
146 197
144 198
151 199
0 1
1 2
2 3
3 4
4 5
5 6
6 7
7 8
8 9
9 10
10 11
11 12
12 13
13 14
14 15
15 16
16 17
17 18
18 19
18 20
20 21
20 22
17 23
23 24
24 25
24 26
23 27
27 28
27 29
16 30
15 31
31 32
31 33
33 34
34 35
35 36
35 37
37 38
38 39
38 40
37 41
41 42
42 43
43 44
44 45
45 46
45 47
47 48
47 49
49 50
50 51
51 52
52 53
52 54
51 55
50 56
49 57
44 58
43 59
59 60
60 61
60 62
62 63
62 64
59 65
42 66
66 67
66 68
41 69
69 70
69 71
34 72
72 73
73 74
73 75
72 76
33 77
77 78
78 79
79 80
80 81
80 82
79 83
78 84
77 85
85 86
85 87
87 88
88 89
88 90
90 91
90 92
87 93
93 94
93 95
95 96
95 97
14 98
98 99
98 100
100 101
100 102
13 103
12 104
104 105
104 106
11 107
107 108
108 109
109 110
109 111
108 112
107 113
10 114
114 115
115 116
115 117
117 118
118 119
118 120
117 121
121 122
121 123
114 124
124 125
124 126
9 127
127 128
128 129
128 130
127 131
8 132
7 133
133 134
133 135
135 136
135 137
6 138
138 139
139 140
140 141
140 142
139 143
143 144
143 145
138 146
146 147
146 148
5 149
4 150
150 151
151 152
152 153
152 154
151 155
155 156
155 157
150 158
158 159
159 160
159 161
158 162
162 163
162 164
3 165
165 166
166 167
166 168
165 169
169 170
169 171
171 172
171 173
173 174
174 175
175 176
176 177
176 178
178 179
179 180
179 181
178 182
175 183
183 184
184 185
184 186
183 187
174 188
188 189
188 190
190 191
190 192
173 193
2 194
194 195
194 196
196 197
196 198
1 199
