100
161
0
151 2
148 5
146 7
144 8
112 11
110 12
133 14
139 16
135 18
103 23
102 24
98 27
100 28
97 30
95 31
138 33
104 35
107 37
106 38
136 40
140 42
131 44
137 46
141 49
129 51
115 55
116 56
113 57
128 59
121 63
118 65
120 66
126 68
123 69
127 71
125 72
134 74
109 76
94 78
90 80
92 82
88 85
83 88
85 89
80 91
82 92
68 95
66 96
76 98
78 102
79 103
77 99
69 107
71 108
56 113
55 114
39 118
41 119
51 121
50 122
52 123
54 124
63 127
74 126
73 130
61 132
65 134
60 136
45 140
30 144
28 145
31 147
33 148
36 151
34 152
37 153
57 154
59 156
44 158
48 160
42 162
27 163
25 166
24 168
19 171
17 172
22 175
21 176
13 179
15 181
5 183
7 184
10 186
9 188
12 190
4 193
1 191
2 197
3 198
0 199
0 1
1 2
1 3
3 5
3 6
6 7
6 8
3 9
9 11
9 12
9 13
13 14
13 16
13 18
13 19
19 20
20 21
21 23
21 24
21 25
25 26
26 27
26 28
25 29
29 30
29 31
20 33
20 34
34 35
34 37
34 38
19 40
19 42
19 43
43 44
43 46
43 47
47 48
48 49
48 50
50 51
50 52
52 53
53 54
54 55
54 56
53 57
52 58
58 59
58 62
62 63
62 64
64 65
64 66
58 67
67 68
67 69
58 70
70 71
70 72
47 74
47 75
75 76
75 77
77 78
77 80
77 82
77 83
83 84
84 85
84 86
86 87
87 88
87 89
86 90
90 91
90 92
83 94
94 95
94 96
83 97
97 98
97 99
99 102
99 103
99 105
105 106
106 107
106 108
105 109
109 110
110 112
112 113
112 114
110 116
116 117
117 118
117 119
116 121
116 122
110 123
110 124
109 126
126 127
109 130
109 132
109 133
133 134
133 135
135 136
135 139
139 140
139 141
141 142
142 143
143 144
143 145
142 146
146 147
146 148
141 150
150 151
150 152
141 153
135 154
135 156
135 157
157 158
157 160
157 162
157 163
163 165
165 166
166 168
165 169
169 170
170 171
170 172
169 173
173 174
174 175
174 176
173 177
177 178
178 179
178 180
180 181
180 182
182 183
182 184
177 185
185 186
185 187
187 188
187 189
189 190
189 191
191 193
191 197
191 198
191 199
