100
152
152
133 133
131 131
137 137
136 136
135 135
134 134
139 139
138 138
24 24
25 25
27 27
21 21
22 22
28 28
0 0
4 4
120 120
121 121
123 123
125 125
126 126
127 127
128 128
129 129
59 59
55 55
54 54
57 57
56 56
51 51
50 50
52 52
115 115
88 88
116 116
110 110
113 113
112 112
82 82
83 83
80 80
118 118
85 85
3 3
7 7
109 109
102 102
103 103
100 100
106 106
107 107
104 104
39 39
33 33
31 31
30 30
37 37
36 36
34 34
60 60
61 61
63 63
65 65
66 66
68 68
69 69
2 2
98 98
90 90
92 92
95 95
94 94
97 97
10 10
13 13
12 12
15 15
17 17
19 19
151 151
48 48
44 44
45 45
42 42
41 41
1 1
5 5
9 9
146 146
144 144
140 140
141 141
148 148
77 77
76 76
74 74
73 73
71 71
79 79
78 78
132 133
142 132
132 131
143 130
132 137
132 136
132 135
132 134
132 139
132 138
25 24
26 25
27 26
47 27
23 20
20 21
23 22
26 23
29 28
32 29
1 0
1 4
11 8
122 119
119 120
122 121
124 122
124 123
130 124
124 125
124 126
124 127
124 128
130 129
119 118
58 59
64 58
53 55
53 54
58 57
53 56
49 51
49 50
72 53
53 52
114 115
117 114
89 88
93 89
132 111
111 110
114 113
111 112
81 82
84 83
81 80
86 81
89 86
93 87
86 84
84 85
1 3
6 7
132 108
108 109
101 102
101 103
99 100
132 101
105 106
105 107
105 104
132 105
40 39
46 38
32 33
46 32
32 31
29 30
38 37
35 36
38 35
35 34
58 60
62 61
72 62
62 63
72 64
64 65
67 66
87 67
67 68
70 69
1 2
16 6
101 99
99 98
93 91
91 90
108 93
91 92
96 95
93 94
96 97
101 96
20 11
11 10
14 13
11 12
14 15
16 14
18 17
20 16
18 19
26 18
124 117
117 116
150 151
152 150
47 48
53 49
58 46
58 47
43 44
46 45
43 42
47 43
49 40
40 41
8 1
6 5
8 9
145 146
149 147
145 144
149 145
143 142
147 143
132 140
142 141
147 148
150 149
87 77
77 76
77 75
72 74
72 73
75 72
70 71
75 70
77 79
77 78
