192
289
0
208 7
206 10
131 11
118 13
116 14
202 17
112 19
103 21
102 23
100 24
201 25
271 29
200 30
204 31
207 34
135 38
129 39
134 40
132 43
95 45
83 47
81 48
93 50
91 51
205 54
127 53
122 59
121 58
128 61
203 62
108 64
107 63
268 68
264 70
97 73
126 74
198 77
119 81
99 82
115 84
114 83
106 86
105 88
124 71
267 95
266 96
111 97
90 100
89 101
87 102
86 105
84 106
80 110
76 112
75 115
73 116
71 117
78 118
68 122
67 125
64 126
43 128
15 135
14 133
13 137
5 140
2 141
4 142
44 143
42 144
40 146
1 149
0 151
23 152
38 154
36 155
60 162
52 163
35 165
33 166
53 171
32 172
29 174
10 177
8 175
9 180
7 181
59 185
51 186
57 187
30 188
58 192
48 193
55 194
54 195
50 196
27 198
25 199
56 200
62 204
47 205
45 206
22 211
21 212
19 215
18 216
16 218
11 219
12 220
20 221
196 226
192 228
191 229
194 230
195 233
189 234
187 235
110 236
246 242
184 244
183 243
243 246
245 247
248 249
247 251
256 255
229 258
217 262
220 263
212 266
214 267
225 273
219 274
215 275
224 277
223 278
211 280
209 281
221 282
222 283
228 285
226 286
255 288
253 289
258 292
252 297
185 298
251 300
186 294
182 304
181 306
179 307
178 309
176 312
147 317
144 319
142 321
140 322
141 325
139 326
138 328
136 329
145 330
146 331
174 335
173 336
168 344
164 347
163 349
162 350
160 351
153 353
151 354
159 355
157 357
165 358
150 359
156 361
154 362
169 364
167 366
148 367
170 368
249 369
242 371
240 375
234 377
232 378
238 379
237 381
235 382
262 383
0 1
1 2
2 3
3 6
6 7
6 10
6 11
6 12
12 13
12 14
3 16
16 17
16 18
18 19
18 20
20 21
20 23
20 24
3 25
3 28
28 29
28 30
3 31
3 34
3 35
35 38
35 39
35 40
35 41
41 43
41 44
44 45
44 46
46 47
46 48
41 50
41 51
3 53
53 54
53 58
58 59
53 61
3 62
3 63
63 64
2 67
67 68
67 69
69 70
69 71
71 72
72 73
72 74
71 76
76 77
76 79
79 80
80 81
80 82
79 83
83 84
76 86
86 88
2 90
90 94
94 95
94 96
90 97
90 98
98 100
98 101
98 102
90 103
103 104
104 105
104 106
103 107
107 110
107 111
111 112
111 114
114 115
114 116
111 117
107 118
107 119
119 120
120 121
121 122
121 125
121 126
121 127
127 128
128 133
133 135
133 137
128 138
138 140
138 141
138 142
128 143
128 144
127 145
145 146
145 147
147 148
148 149
149 151
148 152
147 153
153 154
153 155
120 157
157 158
158 161
161 162
161 163
158 164
164 165
164 166
158 170
170 171
170 172
158 173
173 174
173 175
175 177
175 179
179 180
179 181
158 182
182 184
184 185
184 186
182 187
182 188
158 189
189 191
191 192
191 193
189 194
189 195
158 196
157 198
157 199
120 200
119 201
201 202
202 203
203 204
203 205
202 206
201 207
207 210
210 211
210 212
207 213
213 214
214 215
214 216
213 218
213 219
207 220
207 221
90 222
222 223
223 224
224 225
225 226
225 228
225 229
224 230
223 232
232 233
232 234
223 235
222 236
1 237
237 238
238 239
239 242
239 243
243 244
239 246
239 247
238 248
248 249
249 251
248 252
252 253
253 254
254 255
254 256
256 257
257 258
257 259
259 261
261 262
261 263
259 265
265 266
265 267
259 273
259 274
259 275
259 276
276 277
276 278
259 279
279 280
279 281
259 282
259 283
256 284
284 285
284 286
253 288
253 289
252 290
290 291
291 292
291 293
293 294
294 296
296 297
296 298
294 300
294 303
303 304
303 306
303 307
294 308
308 309
308 310
310 311
311 312
311 313
313 317
313 319
313 321
313 322
322 325
322 326
313 327
327 328
327 329
313 330
313 331
310 332
332 333
333 334
334 335
334 336
333 343
343 344
343 345
345 347
345 349
345 350
345 351
333 352
352 353
352 354
333 355
355 357
333 358
333 359
333 360
360 361
360 362
333 363
363 364
363 365
365 366
365 367
332 368
293 369
290 370
370 371
370 372
372 375
372 376
376 377
376 378
372 379
372 380
380 381
380 382
237 383
