192
274
274
217 15
214 252
215 157
212 136
211 204
165 89
264 35
219 106
132 211
131 179
136 84
135 8
134 181
139 59
138 225
225 185
25 90
27 144
20 25
21 93
22 23
23 164
160 112
29 100
0 205
4 7
8 154
220 248
119 198
258 160
121 13
122 1
124 40
266 202
126 135
127 255
128 78
129 16
268 264
59 224
58 167
55 103
54 21
57 12
56 247
51 86
50 215
53 60
52 266
164 105
201 182
198 53
200 245
195 214
194 174
178 64
191 212
203 194
192 206
115 51
114 22
89 2
111 19
110 20
112 44
83 267
80 0
81 5
86 163
87 237
84 114
251 81
207 18
256 251
206 178
226 141
7 52
247 102
255 176
245 132
108 62
246 268
240 219
243 221
242 232
102 76
103 209
100 116
106 139
107 229
271 243
105 256
38 48
33 134
32 129
224 253
30 162
36 201
35 228
252 38
205 110
223 9
60 126
62 75
64 33
179 238
67 68
68 148
176 173
174 119
173 56
170 99
181 156
253 191
248 131
182 153
183 32
2 222
162 184
187 183
184 73
185 83
186 189
189 142
202 234
196 47
221 150
99 67
168 122
169 97
229 147
228 235
91 108
90 195
93 50
167 118
95 146
222 95
97 203
163 246
11 186
10 91
13 168
12 107
15 127
14 4
16 192
19 208
18 71
116 223
151 165
150 249
153 145
154 200
157 87
156 187
159 58
238 128
234 30
235 36
237 151
232 124
48 140
47 271
44 54
45 55
42 14
43 11
40 57
118 80
1 240
5 27
9 29
146 242
147 217
144 169
145 121
142 258
204 42
140 196
141 170
209 220
208 159
148 43
76 262
75 45
73 226
71 111
78 115
249 138
262 10
267 207
218 216
216 217
213 214
216 215
213 212
218 213
218 210
210 211
166 165
263 264
273 265
230 218
218 219
199 133
133 132
130 131
199 130
143 137
137 136
133 135
133 134
140 139
137 138
171 166
37 24
26 25
49 26
26 27
17 20
17 21
17 22
24 23
161 160
49 28
28 29
166 161
1 0
3 4
28 8
161 163
120 119
270 271
257 258
123 120
127 121
121 122
197 123
125 124
197 125
125 126
199 127
127 128
130 129
273 269
269 268
166 167
117 118
49 59
49 58
49 55
49 54
49 57
49 56
49 51
49 50
49 53
49 52
261 259
161 164
199 201
272 199
180 179
199 200
193 195
193 194
263 197
177 178
190 191
193 190
273 193
193 192
114 115
123 114
109 88
88 89
109 111
109 110
199 113
113 112
96 82
82 83
79 80
82 81
85 86
88 87
85 84
94 85
250 251
197 198
254 256
199 206
227 226
259 257
6 3
250 177
259 254
8 7
248 247
274 273
254 255
218 225
244 245
260 244
107 108
244 246
259 241
239 240
244 243
241 242
101 102
101 103
101 100
113 101
197 106
199 107
133 104
106 105
41 39
39 38
34 33
31 32
49 31
31 30
39 37
37 36
34 35
49 34
265 109
250 252
199 205
218 223
175 176
61 60
70 61
63 62
77 63
65 64
66 65
69 66
66 67
69 68
70 69
177 175
172 174
172 173
175 172
172 171
171 170
199 203
218 222
180 181
254 253
260 248
180 182
244 183
186 180
3 2
161 162
188 187
183 184
43 6
218 220
250 186
190 188
188 189
199 202
193 196
218 221
186 185
98 99
120 98
166 168
166 169
230 229
227 228
92 91
88 90
92 93
104 92
96 95
109 94
98 97
104 96
17 11
8 10
14 13
11 12
14 15
43 14
63 17
17 16
17 19
17 18
199 117
257 250
117 116
199 204
152 151
149 150
152 153
166 152
166 155
155 154
158 157
155 156
158 159
166 158
233 234
239 238
241 239
199 207
236 235
239 236
236 237
231 230
257 231
233 232
239 233
218 224
49 48
61 49
62 46
46 47
43 44
46 45
43 42
65 43
41 40
65 41
24 1
6 5
8 9
273 272
143 146
143 147
143 144
143 145
143 142
175 143
143 140
140 141
210 209
199 208
149 148
166 149
79 77
77 76
74 75
77 74
74 73
77 72
72 71
72 70
94 79
79 78
269 263
250 249
261 262
231 227
270 261
272 270
261 260
265 267
265 266
