192
274
274
217 103
214 10
215 56
212 105
211 73
165 234
264 99
219 48
132 0
131 139
136 102
135 126
134 189
139 45
138 229
225 32
25 75
27 22
20 14
21 191
22 174
23 47
160 116
29 4
0 19
4 90
8 178
220 140
119 215
258 179
121 156
122 1
124 168
266 169
126 132
127 262
128 36
129 89
268 110
59 76
58 35
55 121
54 157
57 114
56 21
51 148
50 221
53 93
52 53
164 184
201 240
198 129
200 256
195 86
194 237
178 40
191 60
203 141
192 146
115 162
114 7
89 127
111 173
110 235
112 51
83 150
80 9
81 217
86 264
87 202
84 5
251 30
207 18
256 68
206 147
226 159
7 118
247 91
255 43
245 245
108 242
246 25
240 209
243 124
242 207
102 67
103 131
100 11
106 97
107 128
271 187
105 247
38 185
33 238
32 50
224 255
30 192
36 2
35 71
252 111
205 122
223 220
60 80
62 194
64 167
179 271
67 12
68 182
176 8
174 20
173 249
170 136
181 81
253 78
248 248
182 195
183 106
2 108
162 27
187 54
184 246
185 251
186 107
189 115
202 186
196 266
221 142
99 196
168 253
169 219
229 160
228 83
91 164
90 138
93 62
167 252
95 84
222 100
97 258
163 183
11 201
10 33
13 59
12 44
15 205
14 112
16 15
19 181
18 144
116 223
151 87
150 55
153 224
154 119
157 208
156 176
159 57
238 16
234 226
235 153
237 198
232 13
48 232
47 200
44 206
45 222
42 212
43 211
40 203
118 267
1 42
5 38
9 163
146 170
147 154
144 228
145 95
142 243
204 52
140 58
141 268
209 64
208 151
148 145
76 204
75 134
73 214
71 135
78 165
249 225
262 29
267 23
218 216
216 217
213 214
216 215
213 212
218 213
218 210
210 211
166 165
263 264
273 265
230 218
218 219
199 133
133 132
130 131
199 130
143 137
137 136
133 135
133 134
140 139
137 138
171 166
37 24
26 25
49 26
26 27
17 20
17 21
17 22
24 23
161 160
49 28
28 29
166 161
1 0
3 4
28 8
161 163
120 119
270 271
257 258
123 120
127 121
121 122
197 123
125 124
197 125
125 126
199 127
127 128
130 129
273 269
269 268
166 167
117 118
49 59
49 58
49 55
49 54
49 57
49 56
49 51
49 50
49 53
49 52
261 259
161 164
199 201
272 199
180 179
199 200
193 195
193 194
263 197
177 178
190 191
193 190
273 193
193 192
114 115
123 114
109 88
88 89
109 111
109 110
199 113
113 112
96 82
82 83
79 80
82 81
85 86
88 87
85 84
94 85
250 251
197 198
254 256
199 206
227 226
259 257
6 3
250 177
259 254
8 7
248 247
274 273
254 255
218 225
244 245
260 244
107 108
244 246
259 241
239 240
244 243
241 242
101 102
101 103
101 100
113 101
197 106
199 107
133 104
106 105
41 39
39 38
34 33
31 32
49 31
31 30
39 37
37 36
34 35
49 34
265 109
250 252
199 205
218 223
175 176
61 60
70 61
63 62
77 63
65 64
66 65
69 66
66 67
69 68
70 69
177 175
172 174
172 173
175 172
172 171
171 170
199 203
218 222
180 181
254 253
260 248
180 182
244 183
186 180
3 2
161 162
188 187
183 184
43 6
218 220
250 186
190 188
188 189
199 202
193 196
218 221
186 185
98 99
120 98
166 168
166 169
230 229
227 228
92 91
88 90
92 93
104 92
96 95
109 94
98 97
104 96
17 11
8 10
14 13
11 12
14 15
43 14
63 17
17 16
17 19
17 18
199 117
257 250
117 116
199 204
152 151
149 150
152 153
166 152
166 155
155 154
158 157
155 156
158 159
166 158
233 234
239 238
241 239
199 207
236 235
239 236
236 237
231 230
257 231
233 232
239 233
218 224
49 48
61 49
62 46
46 47
43 44
46 45
43 42
65 43
41 40
65 41
24 1
6 5
8 9
273 272
143 146
143 147
143 144
143 145
143 142
175 143
143 140
140 141
210 209
199 208
149 148
166 149
79 77
77 76
74 75
77 74
74 73
77 72
72 71
72 70
94 79
79 78
269 263
250 249
261 262
231 227
270 261
272 270
261 260
265 267
265 266
