192
295
0
266 2
267 4
110 6
191 10
194 14
187 16
189 18
195 19
196 20
192 21
268 24
264 26
126 28
106 31
105 33
115 37
114 36
99 41
97 42
119 43
198 44
124 27
108 48
107 47
202 54
102 57
103 59
100 60
112 61
201 62
131 68
208 69
206 71
116 73
118 74
200 76
271 78
262 80
245 84
246 86
183 88
184 90
243 91
247 93
248 92
256 98
253 99
255 100
229 104
209 112
211 113
224 116
219 117
223 118
217 120
215 121
222 124
220 125
214 127
212 128
225 129
221 130
226 132
228 133
258 135
181 141
182 143
179 144
186 137
251 146
252 148
185 150
178 152
170 155
150 162
167 164
148 165
165 166
168 168
160 171
162 173
163 175
164 176
169 177
153 179
151 180
157 182
159 181
174 186
173 187
156 189
154 190
142 195
146 196
136 200
138 201
145 202
139 205
140 204
141 208
144 209
147 210
176 211
249 212
242 214
232 218
234 219
238 221
235 223
237 224
240 225
207 227
135 230
134 231
129 233
95 236
83 238
81 239
93 241
91 243
132 244
203 246
205 248
128 250
127 249
121 253
122 255
204 256
87 259
89 261
90 262
111 264
86 267
84 268
78 270
80 272
76 275
73 277
75 278
71 280
12 287
11 286
16 289
19 291
18 292
20 294
21 296
22 297
45 299
62 301
47 302
60 304
52 306
51 310
59 311
57 313
30 314
50 318
35 320
33 321
29 324
9 327
7 328
10 330
8 325
53 333
32 334
58 337
48 339
54 341
55 342
56 344
27 347
25 348
67 351
68 353
64 354
42 357
43 356
44 362
5 364
2 366
4 367
13 369
14 368
15 372
40 374
38 377
36 378
23 380
1 381
0 383
0 1
1 2
1 4
1 5
5 6
5 7
7 8
8 9
9 10
9 11
11 13
13 14
13 15
15 16
15 17
17 18
17 19
11 20
11 21
8 23
23 24
23 25
25 26
25 27
27 28
27 30
30 31
31 33
30 35
35 36
36 37
35 39
39 40
40 41
40 42
39 43
30 44
8 46
46 47
47 48
46 50
50 53
53 54
53 55
55 56
56 57
56 59
56 60
55 61
50 62
50 66
66 68
66 69
66 71
66 72
72 73
72 74
50 75
75 76
75 77
77 78
77 79
79 80
79 81
81 82
82 83
83 84
83 85
85 86
85 88
88 90
85 91
82 92
92 93
81 95
95 96
96 97
97 98
97 99
96 100
95 101
101 102
102 103
103 104
103 105
105 106
106 110
110 111
111 112
111 113
110 116
110 117
110 118
106 119
119 120
119 121
106 123
123 124
123 125
106 126
126 127
126 128
106 129
106 130
105 131
131 132
131 133
102 135
102 136
136 137
137 140
140 141
140 143
140 144
137 146
137 148
137 149
149 150
149 151
151 152
151 153
153 154
154 155
154 156
156 161
161 162
161 163
163 164
163 165
156 166
156 167
167 168
167 170
170 171
170 173
170 175
170 176
167 177
156 178
178 179
178 180
156 181
181 182
156 184
184 185
185 186
185 187
184 188
188 189
188 190
153 191
191 192
192 195
192 196
192 199
199 200
199 201
192 202
192 204
204 205
204 208
192 209
192 210
191 211
136 212
101 213
213 214
213 215
215 217
217 218
217 219
215 221
215 222
222 223
222 224
215 225
50 227
50 228
228 230
228 231
228 233
228 234
234 235
235 236
235 237
237 238
237 239
234 241
234 243
234 244
50 246
50 248
50 249
249 250
249 253
253 255
50 256
7 258
258 259
258 261
258 262
7 264
7 265
265 266
266 267
266 268
265 269
269 270
269 272
269 273
273 275
273 276
276 277
276 278
273 279
279 280
279 281
281 282
282 283
283 286
286 287
283 289
283 290
290 291
290 292
283 293
293 294
293 295
295 296
295 297
282 298
298 299
298 300
300 301
300 302
281 303
303 304
303 305
305 306
305 307
307 308
308 309
309 310
309 311
308 313
308 314
307 318
307 319
319 320
319 321
307 323
323 324
323 325
325 326
326 327
326 328
325 330
307 332
332 333
332 334
307 337
307 338
338 339
338 341
338 342
307 344
307 345
345 347
345 348
345 349
349 351
349 352
352 353
352 354
349 355
355 356
356 357
356 362
356 363
363 364
363 366
363 367
356 368
368 369
368 372
355 373
373 374
373 375
375 376
376 377
376 378
375 379
379 380
379 381
381 383
