192
274
274
217 217
214 214
215 215
212 212
211 211
165 165
264 264
219 219
132 132
131 131
136 136
135 135
134 134
139 139
138 138
225 225
25 25
27 27
20 20
21 21
22 22
23 23
160 160
29 29
0 0
4 4
8 8
220 220
119 119
258 258
121 121
122 122
124 124
266 266
126 126
127 127
128 128
129 129
268 268
59 59
58 58
55 55
54 54
57 57
56 56
51 51
50 50
53 53
52 52
164 164
201 201
198 198
200 200
195 195
194 194
178 178
191 191
203 203
192 192
115 115
114 114
89 89
111 111
110 110
112 112
83 83
80 80
81 81
86 86
87 87
84 84
251 251
207 207
256 256
206 206
226 226
7 7
247 247
255 255
245 245
108 108
246 246
240 240
243 243
242 242
102 102
103 103
100 100
106 106
107 107
271 271
105 105
38 38
33 33
32 32
224 224
30 30
36 36
35 35
252 252
205 205
223 223
60 60
62 62
64 64
179 179
67 67
68 68
176 176
174 174
173 173
170 170
181 181
253 253
248 248
182 182
183 183
2 2
162 162
187 187
184 184
185 185
186 186
189 189
202 202
196 196
221 221
99 99
168 168
169 169
229 229
228 228
91 91
90 90
93 93
167 167
95 95
222 222
97 97
163 163
11 11
10 10
13 13
12 12
15 15
14 14
16 16
19 19
18 18
116 116
151 151
150 150
153 153
154 154
157 157
156 156
159 159
238 238
234 234
235 235
237 237
232 232
48 48
47 47
44 44
45 45
42 42
43 43
40 40
118 118
1 1
5 5
9 9
146 146
147 147
144 144
145 145
142 142
204 204
140 140
141 141
209 209
208 208
148 148
76 76
75 75
73 73
71 71
78 78
249 249
262 262
267 267
218 216
216 217
213 214
216 215
213 212
218 213
218 210
210 211
166 165
263 264
273 265
230 218
218 219
199 133
133 132
130 131
199 130
143 137
137 136
133 135
133 134
140 139
137 138
171 166
37 24
26 25
49 26
26 27
17 20
17 21
17 22
24 23
161 160
49 28
28 29
166 161
1 0
3 4
28 8
161 163
120 119
270 271
257 258
123 120
127 121
121 122
197 123
125 124
197 125
125 126
199 127
127 128
130 129
273 269
269 268
166 167
117 118
49 59
49 58
49 55
49 54
49 57
49 56
49 51
49 50
49 53
49 52
261 259
161 164
199 201
272 199
180 179
199 200
193 195
193 194
263 197
177 178
190 191
193 190
273 193
193 192
114 115
123 114
109 88
88 89
109 111
109 110
199 113
113 112
96 82
82 83
79 80
82 81
85 86
88 87
85 84
94 85
250 251
197 198
254 256
199 206
227 226
259 257
6 3
250 177
259 254
8 7
248 247
274 273
254 255
218 225
244 245
260 244
107 108
244 246
259 241
239 240
244 243
241 242
101 102
101 103
101 100
113 101
197 106
199 107
133 104
106 105
41 39
39 38
34 33
31 32
49 31
31 30
39 37
37 36
34 35
49 34
265 109
250 252
199 205
218 223
175 176
61 60
70 61
63 62
77 63
65 64
66 65
69 66
66 67
69 68
70 69
177 175
172 174
172 173
175 172
172 171
171 170
199 203
218 222
180 181
254 253
260 248
180 182
244 183
186 180
3 2
161 162
188 187
183 184
43 6
218 220
250 186
190 188
188 189
199 202
193 196
218 221
186 185
98 99
120 98
166 168
166 169
230 229
227 228
92 91
88 90
92 93
104 92
96 95
109 94
98 97
104 96
17 11
8 10
14 13
11 12
14 15
43 14
63 17
17 16
17 19
17 18
199 117
257 250
117 116
199 204
152 151
149 150
152 153
166 152
166 155
155 154
158 157
155 156
158 159
166 158
233 234
239 238
241 239
199 207
236 235
239 236
236 237
231 230
257 231
233 232
239 233
218 224
49 48
61 49
62 46
46 47
43 44
46 45
43 42
65 43
41 40
65 41
24 1
6 5
8 9
273 272
143 146
143 147
143 144
143 145
143 142
175 143
143 140
140 141
210 209
199 208
149 148
166 149
79 77
77 76
74 75
77 74
74 73
77 72
72 71
72 70
94 79
79 78
269 263
250 249
261 262
231 227
270 261
272 270
261 260
265 267
265 266
