182
253
252
216 216
217 217
214 214
224 224
213 213
210 210
211 211
165 165
132 132
131 131
137 137
135 135
134 134
139 139
138 138
24 24
26 26
27 27
20 20
21 21
22 22
23 23
160 160
28 28
29 29
222 222
0 0
4 4
8 8
119 119
120 120
122 122
123 123
125 125
127 127
128 128
129 129
167 167
58 58
55 55
51 51
50 50
53 53
52 52
201 201
199 199
179 179
195 195
197 197
178 178
191 191
190 190
193 193
115 115
114 114
88 88
89 89
111 111
110 110
113 113
112 112
82 82
83 83
81 81
86 86
87 87
84 84
85 85
251 251
198 198
226 226
7 7
244 244
108 108
109 109
241 241
240 240
243 243
102 102
103 103
100 100
107 107
105 105
39 39
38 38
33 33
32 32
31 31
30 30
36 36
205 205
223 223
60 60
61 61
63 63
64 64
66 66
67 67
177 177
69 69
175 175
174 174
253 253
172 172
171 171
170 170
203 203
181 181
248 248
182 182
183 183
2 2
162 162
187 187
184 184
185 185
188 188
202 202
99 99
98 98
169 169
228 228
164 164
90 90
93 93
92 92
95 95
94 94
97 97
220 220
11 11
10 10
12 12
15 15
14 14
17 17
19 19
117 117
116 116
204 204
151 151
150 150
153 153
152 152
154 154
157 157
156 156
159 159
238 238
239 239
234 234
235 235
236 236
237 237
230 230
232 232
49 49
46 46
47 47
43 43
41 41
1 1
5 5
146 146
200 200
144 144
145 145
142 142
143 143
140 140
206 206
208 208
148 148
149 149
77 77
76 76
75 75
74 74
72 72
71 71
79 79
78 78
215 216
218 217
215 214
218 215
219 212
212 213
209 210
212 211
166 165
219 218
229 219
147 133
133 132
130 131
141 130
136 137
141 136
136 135
133 134
136 139
136 138
221 166
25 24
37 25
25 26
25 27
18 20
18 21
23 22
34 23
158 160
249 198
25 28
25 29
163 161
1 0
3 4
9 8
166 163
118 119
121 120
147 121
121 122
124 123
141 124
126 125
147 126
126 127
126 128
130 129
168 167
124 118
80 59
57 58
56 55
56 54
80 57
68 56
59 51
48 50
54 53
51 52
198 201
198 199
178 179
198 200
196 195
207 194
198 197
207 196
192 191
189 190
192 193
194 192
109 115
109 114
80 88
109 89
109 111
109 110
109 113
109 112
80 82
80 83
91 80
80 81
80 86
80 87
80 84
80 85
250 251
198 91
198 206
227 226
35 3
176 177
6 7
252 247
231 225
225 178
242 244
109 108
196 109
242 241
238 240
242 243
245 242
101 102
104 103
101 100
198 101
198 106
106 107
198 104
104 105
246 245
37 39
37 38
25 33
25 32
25 31
25 30
40 37
35 36
40 35
37 34
247 246
198 205
221 223
249 207
221 176
59 60
62 61
250 62
62 63
65 64
75 65
65 66
68 67
109 68
70 69
176 175
173 174
245 173
173 172
168 171
168 170
198 203
221 222
180 181
252 253
247 248
180 182
180 183
189 180
3 2
163 162
186 187
180 184
34 6
221 220
194 186
189 188
192 189
198 202
227 221
186 185
180 99
99 98
173 168
168 169
231 229
229 228
163 164
89 90
180 93
91 92
96 95
93 94
96 97
106 96
9 11
9 10
25 13
13 12
16 15
13 14
18 17
37 16
18 19
25 18
118 117
252 250
109 116
198 204
147 151
147 150
147 153
147 152
161 155
155 154
158 157
155 156
158 159
161 158
246 238
238 239
233 234
233 235
233 236
233 237
229 230
245 231
233 232
245 233
225 224
57 48
48 49
45 46
48 47
45 44
54 45
44 42
42 43
44 40
42 41
16 1
6 5
25 9
147 146
161 147
141 144
141 145
141 142
141 143
141 140
147 141
215 209
209 208
147 148
147 149
76 77
186 76
80 75
73 74
250 73
73 72
70 71
76 70
104 79
79 78
252 249
233 227
