198
395
0
292 2
288 6
287 9
282 10
285 11
290 12
274 16
278 18
228 21
227 22
249 23
267 27
266 28
268 29
253 31
238 36
239 37
204 41
202 42
217 43
205 46
207 47
216 48
240 49
225 52
212 53
208 57
210 58
211 59
209 61
188 63
186 64
197 73
196 76
194 77
189 79
190 80
200 82
199 83
233 86
213 88
191 90
193 91
236 92
232 95
231 97
229 98
224 100
222 101
271 103
221 108
218 109
220 110
244 112
242 113
255 114
270 116
265 118
257 120
256 121
261 124
263 125
279 126
179 132
177 133
248 134
286 135
276 136
154 141
182 144
184 145
180 148
185 149
183 150
176 153
260 154
171 156
259 157
165 159
119 168
117 169
126 170
151 172
148 173
150 174
103 181
101 182
90 184
89 185
120 186
137 187
141 189
140 190
139 191
155 193
167 195
169 197
157 198
131 204
116 205
99 206
132 209
124 210
100 211
114 214
129 217
127 218
130 220
133 221
112 224
96 228
98 229
113 232
93 233
152 234
110 236
106 238
104 239
80 243
78 244
88 245
95 247
92 248
85 251
84 252
83 255
81 256
68 258
70 264
74 265
62 267
65 269
64 270
66 271
75 274
71 275
76 278
77 279
73 280
59 284
57 285
61 286
54 290
52 292
49 293
46 296
51 298
55 299
48 300
25 309
17 310
19 311
14 315
22 316
24 317
26 320
23 321
0 323
1 324
20 327
42 328
21 329
9 332
11 333
16 334
7 337
8 340
5 341
4 343
2 344
13 345
34 350
37 351
36 352
43 353
40 355
45 356
50 358
39 360
33 362
30 364
27 366
29 367
147 370
122 372
136 374
107 376
109 377
164 378
162 381
160 382
158 385
144 388
142 390
145 391
143 392
172 394
174 395
0 1
1 2
1 3
3 4
4 5
5 6
5 7
7 8
8 9
8 10
7 11
4 12
3 13
13 14
14 15
15 16
15 17
17 18
17 19
19 20
20 21
20 22
19 23
14 24
24 25
25 26
26 27
26 28
25 29
24 30
30 31
30 32
32 33
33 34
34 35
35 36
35 37
34 38
38 39
39 40
40 41
40 42
39 43
38 44
44 45
45 46
45 47
44 48
33 49
32 50
50 51
51 52
51 53
50 54
54 55
55 56
56 57
56 58
55 59
54 60
60 61
60 62
62 63
62 64
13 65
65 66
66 67
67 68
68 69
69 70
70 71
71 72
72 73
72 74
74 75
75 76
75 77
74 78
78 79
78 80
71 81
81 82
81 83
70 84
84 85
85 86
85 87
87 88
87 89
89 90
89 91
84 92
69 93
93 94
94 95
94 96
96 97
96 98
93 99
99 100
99 101
68 102
102 103
102 104
104 105
105 106
106 107
107 108
107 109
106 110
105 111
111 112
111 113
104 114
67 115
115 116
115 117
117 118
117 119
119 120
119 121
66 122
122 123
123 124
123 125
122 126
65 127
127 128
128 129
129 130
130 131
131 132
131 133
130 134
129 135
128 136
127 137
137 138
138 139
139 140
140 141
140 142
142 143
143 144
143 145
142 146
146 147
147 148
147 149
146 150
139 151
151 152
152 153
152 154
151 155
155 156
155 157
138 158
158 159
158 160
160 161
161 162
162 163
163 164
164 165
165 166
166 167
167 168
167 169
166 170
165 171
171 172
171 173
164 174
163 175
175 176
176 177
177 178
178 179
179 180
180 181
180 182
179 183
183 184
183 185
178 186
177 187
176 188
188 189
188 190
175 191
162 192
192 193
192 194
194 195
194 196
196 197
196 198
161 199
199 200
200 201
201 202
202 203
203 204
203 205
202 206
201 207
207 208
208 209
208 210
207 211
200 212
212 213
213 214
213 215
215 216
216 217
216 218
215 219
219 220
219 221
212 222
222 223
223 224
223 225
225 226
226 227
227 228
227 229
226 230
230 231
231 232
231 233
230 234
225 235
235 236
235 237
237 238
237 239
222 240
240 241
241 242
242 243
242 244
241 245
240 246
246 247
246 248
199 249
249 250
250 251
250 252
249 253
253 254
254 255
254 256
253 257
257 258
257 259
259 260
260 261
261 262
262 263
263 264
263 265
262 266
266 267
266 268
268 269
268 270
261 271
260 272
272 273
273 274
273 275
272 276
276 277
277 278
277 279
276 280
259 281
281 282
282 283
283 284
283 285
282 286
281 287
287 288
288 289
289 290
289 291
291 292
291 293
288 294
294 295
295 296
295 297
297 298
297 299
294 300
287 301
301 302
302 303
303 304
304 305
305 306
306 307
307 308
308 309
308 310
307 311
306 312
312 313
313 314
314 315
314 316
313 317
312 318
318 319
319 320
319 321
318 322
322 323
322 324
305 325
325 326
326 327
326 328
325 329
304 330
330 331
331 332
331 333
330 334
303 335
335 336
336 337
336 338
338 339
339 340
339 341
338 342
342 343
342 344
335 345
302 346
346 347
347 348
348 349
349 350
349 351
348 352
347 353
346 354
354 355
354 356
301 357
357 358
357 359
359 360
359 361
361 362
361 363
363 364
363 365
365 366
365 367
160 368
368 369
369 370
369 371
371 372
371 373
373 374
373 375
375 376
375 377
368 378
137 379
379 380
380 381
380 382
379 383
383 384
384 385
384 386
386 387
387 388
387 389
389 390
389 391
386 392
383 393
393 394
393 395
