198
306
1
68 5
64 21
20 29
11 32
85 35
99 47
131 49
147 60
171 72
164 76
172 78
209 84
267 93
239 94
286 97
248 99
282 105
257 106
227 113
199 118
189 121
0 131
1 132
2 133
4 134
5 135
7 136
8 137
9 138
13 139
14 140
16 141
17 142
19 143
21 144
22 145
23 146
24 147
25 148
26 149
27 150
29 151
30 152
33 153
34 154
36 155
37 156
39 157
40 158
42 159
43 160
45 161
46 162
48 163
49 164
50 165
51 166
52 167
54 168
55 169
57 170
59 171
61 172
62 173
65 174
66 175
70 176
71 177
73 178
74 179
75 180
76 181
77 182
78 183
80 184
81 185
83 186
84 187
88 188
89 189
90 190
92 191
93 192
95 193
96 194
98 195
100 196
101 197
103 198
104 199
106 200
107 201
109 202
110 203
112 204
113 205
114 206
116 207
117 208
119 209
120 210
122 211
124 212
126 213
127 214
129 215
130 216
132 217
133 218
136 219
137 220
139 221
140 222
141 223
142 224
144 225
145 226
143 227
148 228
150 229
151 230
152 231
154 232
155 233
157 234
158 235
160 236
162 237
165 238
167 239
169 240
174 241
176 242
177 243
179 244
180 245
182 246
183 247
184 248
185 249
186 250
188 251
190 252
191 253
193 254
194 255
196 256
197 257
200 258
202 259
204 260
205 261
207 262
208 263
210 264
211 265
212 266
213 267
216 268
217 269
218 270
220 271
221 272
222 273
224 274
225 275
228 276
229 277
231 278
232 279
233 280
236 281
238 282
240 283
242 284
244 285
249 286
253 287
255 288
256 289
259 290
260 291
261 292
263 293
265 294
266 295
268 296
270 297
271 298
274 299
276 300
278 301
279 302
285 303
287 304
288 305
290 306
292 307
1 2
2 3
3 4
4 5
4 6
6 7
7 8
7 9
9 10
7 11
11 12
12 13
12 14
11 15
6 16
4 17
4 18
18 19
18 20
20 21
4 22
22 23
4 24
24 25
25 26
25 27
27 28
28 29
27 30
30 31
31 32
27 33
27 34
3 35
35 36
36 37
37 38
38 39
38 40
38 41
38 42
42 43
43 44
36 45
45 46
36 47
36 48
36 49
35 50
3 51
2 52
52 53
52 54
2 55
2 56
56 57
56 58
56 59
59 60
59 61
59 62
62 63
62 64
64 65
62 66
66 67
67 68
59 69
59 70
56 71
71 72
71 73
73 74
71 75
56 76
56 77
77 78
2 79
79 80
80 81
80 82
79 83
79 84
84 85
84 86
2 87
2 88
88 89
89 90
89 91
88 92
92 93
93 94
94 95
88 96
96 97
96 98
98 99
96 100
88 101
101 102
88 103
103 104
104 105
104 106
103 107
107 108
107 109
107 110
107 111
111 112
112 113
112 114
114 115
112 116
116 117
112 118
111 119
119 120
119 121
111 122
122 123
111 124
124 125
111 126
103 127
2 128
128 129
129 130
33 131
27 132
24 133
26 134
25 135
24 136
25 137
31 138
25 139
27 140
30 141
27 142
13 143
28 144
27 145
27 146
34 147
27 148
28 149
10 150
10 151
10 152
9 153
15 154
15 155
15 156
9 157
11 158
14 159
11 160
11 161
7 162
7 163
8 164
7 165
7 166
7 167
7 168
7 169
16 170
16 171
6 172
20 173
20 174
19 175
18 176
4 177
22 178
4 179
23 180
17 181
4 182
44 183
44 184
3 185
51 186
50 187
43 188
68 189
68 190
42 191
38 192
42 193
40 194
40 195
47 196
68 197
68 198
39 199
39 200
130 201
130 202
39 203
38 204
41 205
36 206
36 207
64 208
64 209
67 210
129 211
45 212
63 213
37 214
37 215
37 216
46 217
61 218
128 219
66 220
62 221
55 222
66 223
48 224
48 225
48 226
48 227
62 228
65 229
62 230
81 231
56 232
59 233
59 234
87 235
77 236
77 237
56 238
59 239
69 240
100 241
73 242
98 243
82 244
75 245
57 246
70 247
58 248
75 249
85 250
85 251
121 252
91 253
91 254
120 255
119 256
119 257
119 258
95 259
115 260
114 261
114 262
84 263
84 264
84 265
84 266
91 267
114 268
114 269
117 270
116 271
116 272
124 273
123 274
86 275
113 276
125 277
125 278
125 279
126 280
111 281
94 282
54 283
122 284
53 285
83 286
52 287
109 288
106 289
71 290
71 291
103 292
103 293
106 294
127 295
93 296
108 297
110 298
90 299
96 300
92 301
103 302
101 303
88 304
101 305
101 306
102 307
