198
198
198
0 0
1 1
2 2
4 3
5 4
7 5
8 6
9 7
11 8
13 9
14 10
16 11
17 12
19 13
20 14
21 15
22 16
23 17
24 18
25 19
26 20
27 21
29 22
30 23
33 24
34 25
36 26
37 27
39 28
40 29
42 30
43 31
45 32
46 33
48 34
49 35
50 36
51 37
52 38
54 39
55 40
57 41
59 42
61 43
62 44
64 45
65 46
66 47
68 48
70 49
71 50
73 51
74 52
75 53
76 54
77 55
78 56
80 57
81 58
83 59
84 60
85 61
88 62
89 63
90 64
92 65
93 66
95 67
96 68
98 69
99 70
100 71
101 72
103 73
104 74
106 75
107 76
109 77
110 78
112 79
113 80
114 81
116 82
117 83
119 84
120 85
122 86
124 87
126 88
127 89
129 90
130 91
131 92
132 93
133 94
136 95
137 96
139 97
140 98
141 99
142 100
144 101
145 102
143 103
147 104
148 105
150 106
151 107
152 108
154 109
155 110
157 111
158 112
160 113
162 114
164 115
165 116
167 117
169 118
171 119
172 120
174 121
176 122
177 123
179 124
180 125
182 126
183 127
184 128
185 129
186 130
188 131
189 132
190 133
191 134
193 135
194 136
196 137
197 138
199 139
200 140
202 141
204 142
205 143
207 144
208 145
210 146
211 147
209 148
212 149
213 150
216 151
217 152
218 153
220 154
221 155
222 156
224 157
225 158
227 159
228 160
229 161
231 162
232 163
233 164
236 165
238 166
239 167
240 168
242 169
244 170
248 171
249 172
253 173
255 174
256 175
257 176
259 177
260 178
261 179
263 180
265 181
266 182
267 183
268 184
270 185
271 186
274 187
276 188
278 189
279 190
282 191
285 192
286 193
287 194
288 195
290 196
292 197
198 197
198 189
189 183
183 184
183 167
167 166
167 168
167 173
167 149
149 148
148 147
148 145
149 158
148 146
148 131
131 130
183 192
192 195
192 188
188 193
192 194
192 196
188 113
113 114
113 116
113 177
177 125
125 129
177 178
125 128
125 126
178 117
117 107
107 97
97 96
107 83
83 84
107 111
97 99
107 105
83 88
97 85
107 110
83 70
70 71
70 81
81 90
90 89
81 67
67 65
67 66
67 62
67 75
67 79
90 91
70 82
75 74
75 78
70 61
61 58
58 55
55 51
61 60
55 49
55 54
49 52
55 42
42 41
55 43
55 50
43 39
39 32
32 31
31 27
27 25
27 26
31 40
39 38
40 28
28 24
24 22
22 21
40 33
40 37
49 46
46 44
46 45
55 48
58 59
62 56
56 57
67 69
69 68
178 122
40 36
49 47
67 80
113 120
125 127
177 119
27 1
1 19
1 0
1 10
1 11
1 12
1 6
6 4
6 5
6 9
1 15
1 17
5 2
17 20
1 18
11 7
6 3
1 14
1 16
7 8
31 29
40 34
107 118
117 115
115 104
104 86
167 144
144 143
143 151
151 142
142 141
151 152
192 190
190 180
1 13
51 53
70 92
83 106
85 63
63 64
64 72
64 73
86 76
113 109
180 179
183 182
192 191
193 186
186 174
174 154
154 155
154 153
154 170
186 176
176 175
176 181
176 185
22 23
70 108
76 77
90 94
96 98
120 112
112 103
103 100
103 101
100 102
120 121
189 187
39 35
154 140
140 138
138 137
138 132
132 133
138 136
138 139
138 165
165 164
164 135
135 134
135 150
165 156
156 161
161 163
161 162
156 157
70 87
70 93
86 95
11 30
154 169
188 171
171 123
123 124
173 159
159 160
159 172
