198
293
293
216 265
217 70
212 130
213 236
210 197
211 231
265 65
218 112
133 17
132 131
131 25
130 90
137 37
136 286
165 167
139 51
225 224
24 248
25 54
26 208
27 8
20 233
21 202
22 133
23 256
160 57
29 78
0 177
4 238
8 27
220 282
285 14
287 204
286 46
120 113
122 183
260 76
124 77
266 174
126 22
127 196
129 186
268 182
59 55
55 43
54 124
57 287
51 218
50 157
52 263
292 64
290 45
199 13
179 257
200 213
194 142
197 171
196 117
191 103
190 200
193 271
227 62
114 165
117 16
116 190
274 95
110 189
113 151
112 155
278 268
83 48
80 228
81 98
119 242
84 26
85 274
207 126
256 127
257 114
7 120
244 288
109 212
240 66
242 199
103 59
100 109
101 259
106 49
107 205
104 278
39 99
33 7
224 188
30 220
37 221
36 9
177 116
34 285
205 267
271 180
61 148
62 176
259 106
64 249
65 33
66 244
68 36
176 147
174 255
253 136
172 222
171 143
255 88
288 172
249 2
248 253
182 150
183 0
180 232
2 129
167 194
184 290
185 24
186 71
188 19
189 30
202 160
221 137
99 40
98 93
169 229
229 276
228 270
164 29
90 5
93 75
92 279
95 21
222 261
162 132
96 152
11 61
270 217
13 96
282 144
14 11
17 169
16 140
19 154
88 1
89 101
204 179
151 164
150 260
152 225
155 209
154 84
157 292
158 122
238 50
239 39
279 158
236 207
231 107
232 110
233 193
48 52
49 83
46 81
45 185
42 85
43 191
40 240
1 42
5 100
9 68
147 92
144 104
145 119
142 216
143 34
140 145
141 211
209 74
208 141
148 73
77 184
76 162
75 210
74 80
73 23
71 139
70 266
78 20
263 239
261 89
276 227
267 4
215 216
215 217
234 214
241 215
226 212
214 213
209 210
209 211
166 165
269 264
264 265
219 218
243 219
134 133
128 132
128 131
128 130
138 137
135 136
146 135
156 134
138 139
149 138
226 225
18 24
18 25
18 26
28 27
18 20
18 21
18 22
18 23
161 160
31 28
28 29
166 161
291 289
1 0
3 4
283 281
6 8
262 263
219 220
284 285
289 284
284 287
284 286
118 119
272 271
275 258
121 120
138 121
123 122
135 123
125 124
149 125
125 126
128 127
134 128
128 129
273 269
267 268
168 167
125 118
58 59
72 58
284 283
56 55
53 54
58 57
60 56
47 51
47 50
56 53
53 52
258 259
291 292
289 290
293 291
163 164
246 201
198 199
178 179
201 200
198 195
195 194
198 197
195 196
192 191
189 190
192 193
214 192
128 115
115 114
87 88
90 89
115 111
111 110
111 113
111 112
86 82
82 83
79 80
82 81
111 86
91 87
85 84
86 85
272 251
206 207
257 256
215 206
245 226
264 257
6 3
178 177
272 254
6 7
275 247
281 273
254 255
258 166
247 178
243 244
123 108
108 109
245 241
241 240
254 243
243 242
121 102
102 103
99 100
102 101
105 106
108 107
105 104
111 105
252 245
38 39
47 38
32 33
38 32
32 31
31 30
35 37
35 36
44 35
35 34
251 246
258 181
281 282
267 252
206 205
237 223
175 176
69 60
60 61
63 62
67 63
63 64
63 65
67 66
69 67
69 68
72 69
258 175
173 174
175 173
173 172
170 171
201 198
215 203
223 222
284 288
250 249
252 253
247 248
181 182
181 183
181 180
3 2
161 162
209 187
181 184
12 6
187 186
187 188
195 189
203 202
219 221
181 185
115 99
97 98
258 163
258 168
170 169
230 229
227 228
111 91
102 90
94 93
91 92
94 95
111 94
115 97
97 96
10 11
18 10
12 13
15 12
18 15
15 14
18 17
15 16
18 19
41 18
118 117
289 250
115 116
275 274
203 204
289 275
149 151
149 150
258 153
153 152
156 155
153 154
156 157
168 156
173 159
159 158
289 277
277 278
239 238
245 239
280 279
235 234
251 235
235 236
246 237
237 230
230 231
230 232
234 233
223 224
283 280
47 48
47 49
47 46
56 47
56 44
44 45
41 42
44 43
41 40
44 41
18 1
6 5
10 9
273 272
163 146
146 147
143 144
143 145
143 142
159 143
138 140
138 141
212 209
209 208
149 148
156 149
72 77
72 76
72 75
72 74
72 73
82 72
72 71
69 70
87 79
79 78
258 170
280 262
250 227
262 261
269 270
258 260
275 276
277 267
267 266
