198
293
293
216 131
217 144
212 253
213 188
210 176
211 140
265 242
218 130
133 155
132 266
131 263
130 238
137 88
136 231
165 24
139 182
225 89
24 54
25 286
26 137
27 55
20 268
21 282
22 147
23 45
160 122
29 25
0 98
4 222
8 64
220 90
285 164
287 154
286 261
120 70
122 256
260 19
124 141
266 139
126 233
127 221
129 239
268 193
59 46
55 287
54 62
57 43
51 260
50 290
52 190
292 95
290 259
199 66
179 278
200 27
194 107
197 29
196 207
191 124
190 276
193 100
227 240
114 104
117 185
116 74
274 71
110 119
113 236
112 40
278 204
83 11
80 68
81 117
119 133
84 210
85 34
207 33
256 183
257 22
7 265
244 96
109 179
240 73
242 20
103 129
100 42
101 218
106 177
107 148
104 101
39 169
33 288
224 157
30 279
37 39
36 59
177 151
34 174
205 85
271 8
61 213
62 83
259 110
64 30
65 21
66 132
68 106
176 229
174 9
253 194
172 249
171 292
255 228
288 189
249 78
248 200
182 216
183 217
180 126
2 23
167 57
184 81
185 202
186 112
188 17
189 50
202 92
221 205
99 244
98 2
169 52
229 136
228 127
164 225
90 36
93 211
92 80
95 270
222 162
162 13
96 16
11 220
270 232
13 186
282 271
14 227
17 180
16 103
19 167
88 152
89 224
204 7
151 84
150 199
152 0
155 61
154 51
157 4
158 267
238 37
239 65
279 143
236 191
231 113
232 209
233 165
48 49
49 172
46 26
45 255
42 109
43 285
40 75
1 150
5 1
9 120
147 160
144 48
145 93
142 248
143 5
140 184
141 142
209 114
208 257
148 145
77 197
76 171
75 14
74 99
73 77
71 212
70 274
78 158
263 76
261 116
276 196
267 208
215 216
215 217
234 214
241 215
226 212
214 213
209 210
209 211
166 165
269 264
264 265
219 218
243 219
134 133
128 132
128 131
128 130
138 137
135 136
146 135
156 134
138 139
149 138
226 225
18 24
18 25
18 26
28 27
18 20
18 21
18 22
18 23
161 160
31 28
28 29
166 161
291 289
1 0
3 4
283 281
6 8
262 263
219 220
284 285
289 284
284 287
284 286
118 119
272 271
275 258
121 120
138 121
123 122
135 123
125 124
149 125
125 126
128 127
134 128
128 129
273 269
267 268
168 167
125 118
58 59
72 58
284 283
56 55
53 54
58 57
60 56
47 51
47 50
56 53
53 52
258 259
291 292
289 290
293 291
163 164
246 201
198 199
178 179
201 200
198 195
195 194
198 197
195 196
192 191
189 190
192 193
214 192
128 115
115 114
87 88
90 89
115 111
111 110
111 113
111 112
86 82
82 83
79 80
82 81
111 86
91 87
85 84
86 85
272 251
206 207
257 256
215 206
245 226
264 257
6 3
178 177
272 254
6 7
275 247
281 273
254 255
258 166
247 178
243 244
123 108
108 109
245 241
241 240
254 243
243 242
121 102
102 103
99 100
102 101
105 106
108 107
105 104
111 105
252 245
38 39
47 38
32 33
38 32
32 31
31 30
35 37
35 36
44 35
35 34
251 246
258 181
281 282
267 252
206 205
237 223
175 176
69 60
60 61
63 62
67 63
63 64
63 65
67 66
69 67
69 68
72 69
258 175
173 174
175 173
173 172
170 171
201 198
215 203
223 222
284 288
250 249
252 253
247 248
181 182
181 183
181 180
3 2
161 162
209 187
181 184
12 6
187 186
187 188
195 189
203 202
219 221
181 185
115 99
97 98
258 163
258 168
170 169
230 229
227 228
111 91
102 90
94 93
91 92
94 95
111 94
115 97
97 96
10 11
18 10
12 13
15 12
18 15
15 14
18 17
15 16
18 19
41 18
118 117
289 250
115 116
275 274
203 204
289 275
149 151
149 150
258 153
153 152
156 155
153 154
156 157
168 156
173 159
159 158
289 277
277 278
239 238
245 239
280 279
235 234
251 235
235 236
246 237
237 230
230 231
230 232
234 233
223 224
283 280
47 48
47 49
47 46
56 47
56 44
44 45
41 42
44 43
41 40
44 41
18 1
6 5
10 9
273 272
163 146
146 147
143 144
143 145
143 142
159 143
138 140
138 141
212 209
209 208
149 148
156 149
72 77
72 76
72 75
72 74
72 73
82 72
72 71
69 70
87 79
79 78
258 170
280 262
250 227
262 261
269 270
258 260
275 276
277 267
267 266
