200
285
285
216 216
215 215
212 212
213 213
210 210
211 211
265 265
218 218
219 219
133 133
227 227
131 131
136 136
134 134
139 139
138 138
225 225
25 25
26 26
167 167
21 21
22 22
23 23
160 160
29 29
161 161
0 0
4 4
281 281
8 8
283 283
163 163
258 258
263 263
121 121
122 122
260 260
124 124
125 125
126 126
128 128
129 129
268 268
220 220
59 59
58 58
56 56
50 50
53 53
52 52
259 259
201 201
198 198
200 200
195 195
197 197
178 178
191 191
190 190
193 193
115 115
177 177
117 117
116 116
111 111
275 275
113 113
112 112
82 82
83 83
80 80
81 81
86 86
87 87
84 84
85 85
207 207
256 256
226 226
3 3
254 254
7 7
247 247
245 245
108 108
109 109
240 240
243 243
242 242
102 102
103 103
100 100
249 249
107 107
104 104
105 105
38 38
32 32
31 31
30 30
37 37
36 36
34 34
246 246
252 252
205 205
223 223
61 61
62 62
63 63
64 64
65 65
67 67
68 68
253 253
175 175
173 173
257 257
171 171
255 255
203 203
222 222
181 181
182 182
180 180
2 2
186 186
184 184
188 188
273 273
98 98
168 168
169 169
229 229
228 228
164 164
90 90
166 166
92 92
95 95
94 94
96 96
11 11
10 10
13 13
14 14
16 16
19 19
18 18
272 272
250 250
89 89
151 151
153 153
152 152
155 155
154 154
157 157
159 159
277 277
238 238
279 279
235 235
230 230
231 231
232 232
233 233
224 224
280 280
48 48
119 119
44 44
45 45
42 42
40 40
118 118
5 5
146 146
147 147
144 144
145 145
142 142
204 204
140 140
209 209
208 208
149 149
77 77
75 75
74 74
73 73
72 72
71 71
70 70
79 79
78 78
261 261
270 270
276 276
267 267
217 216
221 217
217 214
214 215
206 212
206 213
206 210
206 211
176 165
266 264
264 265
217 218
217 219
132 133
141 132
130 131
137 130
141 137
135 136
148 135
135 134
137 139
137 138
165 166
33 24
24 25
27 26
46 27
31 20
20 21
28 22
24 23
158 160
41 28
28 29
162 161
1 0
1 4
282 281
9 8
282 283
162 163
285 284
116 119
274 271
254 258
123 120
120 121
123 122
132 123
123 124
123 125
127 126
145 127
127 128
130 129
274 269
269 268
221 220
116 118
60 59
57 58
62 55
55 54
62 57
57 56
54 51
51 50
54 53
51 52
254 259
165 164
199 201
206 199
189 179
199 200
194 195
196 194
196 197
176 178
192 191
189 190
194 193
194 192
114 115
120 114
96 88
88 89
110 111
116 110
114 113
110 112
80 82
84 83
84 80
80 81
84 86
88 87
91 84
84 85
254 251
199 198
254 256
214 206
224 226
179 172
1 3
264 254
6 7
248 247
274 273
254 255
224 225
244 245
254 244
106 108
106 109
251 241
239 240
244 243
241 242
101 102
101 103
101 100
110 101
141 106
106 107
101 104
106 105
47 39
39 38
39 33
33 32
33 31
31 30
35 37
35 36
55 35
35 34
244 246
224 162
284 282
251 252
206 205
224 223
187 176
62 60
60 61
71 62
62 63
62 64
66 65
76 66
66 67
69 68
80 69
174 175
185 174
172 173
176 177
170 171
172 170
202 203
221 222
179 181
254 253
254 248
183 182
187 183
179 180
1 2
168 167
194 187
183 184
27 6
185 186
187 188
192 189
237 202
202 196
234 221
187 185
110 99
99 98
174 168
170 169
224 229
224 228
96 91
91 90
97 93
93 92
96 95
93 94
99 97
97 96
12 11
9 10
12 13
17 12
46 15
15 14
33 17
15 16
20 19
17 18
116 117
248 250
120 116
254 257
278 274
202 204
274 275
150 151
158 150
150 153
150 152
154 155
224 154
156 157
224 156
158 159
224 158
274 277
236 234
237 238
254 239
278 279
206 207
236 235
241 236
254 237
224 230
224 231
224 232
234 233
239 224
278 280
47 48
54 49
49 46
49 47
43 44
46 45
43 42
46 43
41 40
55 41
6 1
1 5
22 9
271 272
145 146
145 147
143 144
150 145
143 142
156 143
141 140
154 141
206 209
206 208
150 148
148 149
76 77
80 76
71 75
71 74
71 73
71 72
80 71
69 70
284 278
80 79
76 78
262 263
248 249
266 262
224 227
262 261
271 270
254 260
274 276
266 267
269 266
