96
165
0
139 3
87 7
130 9
126 10
128 11
127 12
125 13
83 15
81 16
80 18
78 20
77 22
72 24
69 26
52 29
48 31
58 34
45 37
44 38
40 39
43 41
42 42
29 44
27 45
2 46
0 47
16 49
14 50
21 52
19 54
17 55
46 57
39 59
37 61
26 63
41 65
24 67
22 68
7 70
6 71
35 73
34 75
32 76
31 77
10 79
5 81
3 82
33 84
8 85
13 87
11 88
64 90
57 92
55 93
62 95
51 97
50 98
60 100
63 102
68 103
66 105
54 106
75 108
73 109
86 111
84 112
129 114
89 115
136 117
134 118
137 120
120 124
112 126
104 128
103 129
111 131
108 132
110 134
102 136
101 137
107 139
105 140
122 143
116 145
114 146
119 148
117 149
133 151
131 152
99 154
95 156
93 158
98 160
97 162
92 164
90 165
0 1
1 2
2 3
2 4
4 5
5 6
6 7
6 8
8 9
8 10
8 11
8 12
8 13
8 14
14 15
14 16
14 17
17 18
17 19
19 20
19 21
21 22
21 23
23 24
23 25
25 26
25 27
27 28
28 29
28 30
30 31
30 32
32 33
33 34
33 35
35 36
36 37
36 38
36 39
36 40
40 41
40 42
40 43
43 44
43 45
43 46
43 47
43 48
48 49
48 50
36 51
51 52
51 53
53 54
53 55
35 56
56 57
56 58
58 59
58 60
60 61
60 62
62 63
62 64
64 65
64 66
66 67
66 68
64 69
69 70
69 71
35 72
72 73
72 74
74 75
74 76
74 77
74 78
78 79
78 80
80 81
80 82
78 83
83 84
83 85
33 86
86 87
86 88
32 89
89 90
89 91
91 92
91 93
32 94
94 95
94 96
96 97
96 98
30 99
99 100
99 101
101 102
101 103
27 104
104 105
104 106
21 107
107 108
107 109
8 110
110 111
110 112
6 113
113 114
113 115
5 116
116 117
116 118
4 119
119 120
119 121
121 122
122 123
123 124
123 125
125 126
125 127
127 128
127 129
127 130
130 131
130 132
130 133
133 134
133 135
135 136
135 137
122 138
138 139
138 140
121 141
141 142
142 143
142 144
144 145
144 146
141 147
147 148
147 149
4 150
150 151
150 152
1 153
153 154
153 155
155 156
155 157
157 158
157 159
159 160
159 161
161 162
161 163
163 164
163 165
