91
164
0
99 4
95 6
93 8
98 10
97 12
90 14
92 15
139 17
133 20
131 21
137 23
114 27
116 28
122 30
117 32
119 33
107 36
105 37
120 39
112 41
102 44
110 46
111 48
108 49
104 51
136 54
134 55
87 57
89 59
129 60
125 62
128 63
127 64
84 66
86 67
130 68
83 70
81 71
80 73
77 75
73 77
75 78
78 80
72 82
69 84
54 87
66 88
52 90
48 92
60 94
63 95
57 99
55 100
62 102
51 104
68 106
50 107
58 109
13 112
11 113
35 115
31 118
34 119
33 121
8 122
32 123
10 125
5 127
3 128
44 130
40 131
45 132
37 134
46 136
39 137
21 139
19 141
17 142
26 144
41 145
7 147
22 149
24 150
43 152
42 154
0 156
29 158
27 160
2 161
14 163
16 164
0 1
1 2
2 3
3 4
3 5
5 6
5 7
7 8
7 9
9 10
9 11
11 12
11 13
13 14
13 15
2 16
16 17
16 18
18 19
19 20
19 21
18 22
22 23
22 24
24 25
25 26
26 27
26 28
25 29
29 30
29 31
31 32
31 33
24 34
34 35
35 36
35 37
34 38
38 39
38 40
40 41
40 42
42 43
43 44
42 45
45 46
45 47
47 48
47 49
47 50
50 51
18 52
52 53
53 54
53 55
52 56
56 57
56 58
58 59
58 60
56 61
61 62
61 63
61 64
61 65
65 66
65 67
61 68
61 69
69 70
69 71
69 72
72 73
72 74
74 75
74 76
76 77
76 78
74 79
79 80
79 81
81 82
81 83
83 84
83 85
85 86
86 87
86 88
85 89
89 90
89 91
91 92
91 93
93 94
93 95
91 96
96 97
97 98
98 99
98 100
96 101
101 102
101 103
103 104
103 105
105 106
105 107
96 108
108 109
108 110
110 111
111 112
111 113
110 114
114 115
114 116
116 117
117 118
117 119
117 120
120 121
120 122
117 123
117 124
124 125
124 126
126 127
126 128
116 129
129 130
129 131
129 132
129 133
133 134
133 135
135 136
135 137
129 138
138 139
138 140
140 141
140 142
129 143
143 144
143 145
143 146
146 147
143 148
148 149
148 150
129 151
151 152
151 153
153 154
153 155
155 156
155 157
157 158
157 159
159 160
159 161
159 162
162 163
162 164
