96
154
0
43 29
29 32
16 34
27 36
14 37
2 39
0 40
42 41
37 42
41 46
7 48
6 47
24 51
22 52
26 53
45 54
40 55
21 59
19 61
17 62
39 63
44 64
34 68
10 71
8 72
5 74
3 75
33 77
32 78
31 79
35 80
46 81
58 82
57 85
55 86
64 83
68 90
51 92
50 93
13 95
11 96
63 98
60 99
48 100
52 102
62 103
66 105
54 106
69 107
72 108
75 110
73 111
78 113
77 114
80 115
81 116
83 117
130 119
126 4
127 126
125 127
129 130
89 131
87 132
86 134
84 135
128 136
137 140
112 144
111 149
110 150
108 151
104 153
103 152
102 156
101 155
120 159
107 161
105 162
116 165
114 166
119 169
117 170
122 171
133 173
131 174
136 176
134 177
139 178
99 180
95 183
92 185
90 186
98 189
97 190
93 191
0 1
1 2
2 3
3 4
4 5
5 7
7 8
8 10
10 11
11 12
12 14
14 16
16 18
18 19
19 21
21 22
22 27
27 29
27 30
30 32
30 34
30 35
35 36
35 37
30 38
38 39
38 40
27 41
22 42
22 43
43 46
43 47
47 48
43 50
50 51
50 52
43 53
22 54
22 55
22 57
57 59
57 60
60 61
60 62
57 63
22 64
21 65
65 68
65 69
69 71
69 72
69 73
73 74
73 75
65 76
76 77
76 78
65 79
19 80
19 81
18 82
16 83
83 84
84 85
84 86
16 88
88 89
89 90
89 91
91 92
91 93
88 94
94 95
94 96
14 97
97 98
97 99
14 100
12 101
101 102
101 103
12 104
104 105
104 106
11 107
10 108
8 109
109 110
109 111
8 113
8 114
7 115
5 116
5 117
4 119
4 126
4 127
4 128
128 129
129 130
129 131
128 132
4 133
133 134
133 135
4 136
3 137
137 139
139 140
139 141
141 142
142 143
143 144
143 146
146 149
146 150
146 151
146 152
152 153
143 155
155 156
142 158
158 159
158 160
160 161
160 162
141 163
163 164
164 165
164 166
163 167
167 168
168 169
168 170
167 171
137 172
172 173
172 174
137 175
175 176
175 177
2 178
1 179
179 180
179 181
181 182
182 183
182 184
184 185
184 186
181 188
188 189
188 190
181 191
