96
96
96
0 0
2 1
3 2
5 3
6 4
7 5
8 6
10 7
11 8
13 9
14 10
16 11
17 12
19 13
21 14
22 15
24 16
26 17
27 18
29 19
31 20
32 21
33 22
34 23
35 24
37 25
39 26
40 27
41 28
42 29
43 30
44 31
45 32
46 33
48 34
50 35
51 36
52 37
54 38
55 39
57 40
58 41
60 42
62 43
63 44
64 45
66 46
68 47
69 48
72 49
73 50
75 51
77 52
78 53
80 54
81 55
83 56
84 57
86 58
87 59
89 60
90 61
92 62
93 63
95 64
97 65
98 66
99 67
101 68
102 69
103 70
104 71
105 72
107 73
108 74
110 75
111 76
112 77
114 78
116 79
117 80
119 81
120 82
122 83
125 84
127 85
128 86
129 87
126 88
130 89
131 90
133 91
134 92
136 93
137 94
139 95
96 61
61 62
61 63
61 64
62 65
62 66
63 67
96 85
85 88
88 86
88 57
88 89
86 59
88 55
88 84
57 58
88 54
54 53
53 50
50 52
88 87
88 60
50 51
88 56
50 49
49 45
45 41
45 44
45 34
45 36
36 35
45 17
17 4
17 25
4 5
17 18
17 27
17 28
17 32
18 0
0 29
17 26
25 14
0 1
4 15
17 16
0 30
18 10
0 19
14 12
12 13
17 20
20 3
3 2
3 6
2 23
6 22
3 7
17 33
44 42
0 11
3 21
17 31
25 24
41 8
8 9
45 40
41 43
44 46
45 48
41 37
88 94
34 38
45 39
88 91
36 47
86 95
91 90
88 92
92 93
94 68
68 69
68 70
70 76
70 71
70 74
70 75
70 77
70 82
82 73
73 72
68 79
79 78
79 83
83 80
80 81
