96
144
144
133 97
131 87
130 93
137 116
136 95
134 125
139 37
24 11
26 32
27 39
21 101
22 50
29 92
0 33
8 51
120 137
122 117
125 84
126 127
127 62
128 29
129 22
58 119
55 129
54 26
57 134
51 99
50 108
52 54
114 40
117 2
116 75
111 8
110 73
112 7
83 57
80 55
81 10
86 0
87 102
84 122
3 13
7 111
108 90
102 14
103 6
101 133
107 114
104 128
105 66
39 103
33 44
32 110
31 48
37 5
35 43
34 69
60 131
62 72
63 45
64 16
66 60
68 81
69 42
2 52
6 126
99 27
98 3
90 64
93 17
92 83
95 41
97 120
11 35
10 104
13 136
14 78
17 86
16 130
19 105
89 98
48 139
46 58
119 89
44 31
45 68
42 34
43 107
40 80
41 46
5 63
77 112
75 24
73 77
72 19
78 21
132 133
141 132
132 131
126 130
138 137
135 136
142 135
135 134
140 139
141 138
23 24
38 25
25 26
28 27
38 20
20 21
23 22
25 23
38 28
28 29
1 0
9 4
9 8
118 119
121 120
124 121
123 122
124 123
138 124
126 125
140 126
126 127
126 128
126 129
124 118
65 59
59 58
56 55
53 54
56 57
65 56
49 51
49 50
70 53
53 52
123 115
115 114
118 117
88 89
109 111
109 110
121 113
113 112
126 82
82 83
79 80
82 81
85 86
88 87
85 84
126 85
4 3
6 7
109 108
113 109
101 102
113 103
143 100
113 101
124 106
106 107
103 104
106 105
38 39
47 38
30 33
30 32
30 31
36 30
38 37
47 36
36 35
30 34
61 60
65 61
61 62
64 63
65 64
67 65
67 66
70 67
67 68
70 69
1 2
25 6
100 99
96 98
96 91
91 90
94 93
91 92
94 95
96 94
96 97
100 96
12 11
9 10
12 13
59 12
28 15
15 14
18 17
15 16
18 19
20 18
126 88
115 116
49 48
65 49
47 46
59 47
38 44
38 45
38 42
38 43
38 40
38 41
28 1
4 5
30 9
143 142
144 143
141 140
142 141
76 77
79 76
74 75
76 74
74 73
71 72
76 71
71 70
82 79
76 78
