96
144
144
133 93
131 80
130 29
137 84
136 131
134 68
139 50
24 86
26 2
27 90
21 128
22 10
29 11
0 51
8 89
120 21
122 55
125 26
126 83
127 117
128 99
129 43
58 0
55 13
54 95
57 41
51 5
50 110
52 87
114 7
117 16
116 97
111 78
110 114
112 119
83 8
80 31
81 69
86 116
87 32
84 22
3 52
7 130
108 77
102 133
103 75
101 101
107 125
104 17
105 139
39 24
33 111
32 136
31 48
37 42
35 34
34 102
60 107
62 98
63 66
64 72
66 46
68 57
69 6
2 39
6 108
99 129
98 35
90 120
93 92
92 73
95 3
97 54
11 14
10 64
13 137
14 63
17 45
16 33
19 40
89 104
48 81
46 27
119 127
44 60
45 126
42 122
43 112
40 37
41 58
5 103
77 134
75 44
73 105
72 62
78 19
132 133
141 132
132 131
126 130
138 137
135 136
142 135
135 134
140 139
141 138
23 24
38 25
25 26
28 27
38 20
20 21
23 22
25 23
38 28
28 29
1 0
9 4
9 8
118 119
121 120
124 121
123 122
124 123
138 124
126 125
140 126
126 127
126 128
126 129
124 118
65 59
59 58
56 55
53 54
56 57
65 56
49 51
49 50
70 53
53 52
123 115
115 114
118 117
88 89
109 111
109 110
121 113
113 112
126 82
82 83
79 80
82 81
85 86
88 87
85 84
126 85
4 3
6 7
109 108
113 109
101 102
113 103
143 100
113 101
124 106
106 107
103 104
106 105
38 39
47 38
30 33
30 32
30 31
36 30
38 37
47 36
36 35
30 34
61 60
65 61
61 62
64 63
65 64
67 65
67 66
70 67
67 68
70 69
1 2
25 6
100 99
96 98
96 91
91 90
94 93
91 92
94 95
96 94
96 97
100 96
12 11
9 10
12 13
59 12
28 15
15 14
18 17
15 16
18 19
20 18
126 88
115 116
49 48
65 49
47 46
59 47
38 44
38 45
38 42
38 43
38 40
38 41
28 1
4 5
30 9
143 142
144 143
141 140
142 141
76 77
79 76
74 75
76 74
74 73
71 72
76 71
71 70
82 79
76 78
