96
191
0
95 6
92 8
90 9
97 10
98 11
93 13
99 14
136 17
134 18
120 24
102 27
101 28
103 32
104 33
111 36
110 37
108 38
112 39
107 41
105 42
117 45
119 46
116 49
114 50
122 51
137 52
131 55
133 56
139 58
129 61
89 62
87 64
130 66
126 68
125 72
128 73
86 75
84 76
127 78
83 81
81 82
73 85
75 86
77 88
78 91
80 92
72 94
69 96
54 99
52 100
66 102
68 106
63 107
60 108
48 110
62 113
51 115
50 116
64 119
55 121
57 122
58 124
11 127
13 128
46 130
35 132
31 137
34 138
33 140
32 141
10 143
8 145
3 147
5 148
45 150
39 154
21 156
17 158
19 159
26 163
37 164
22 167
24 168
41 169
7 171
6 172
40 175
44 176
42 179
43 180
29 183
14 186
27 187
2 188
16 190
0 191
0 1
1 2
2 3
3 4
4 5
5 6
5 7
7 8
7 9
4 10
3 11
2 12
12 13
12 14
1 15
15 16
16 17
16 18
15 19
19 20
20 21
21 22
22 23
23 24
23 25
25 26
26 27
26 28
25 29
29 30
30 31
31 32
31 33
30 34
34 35
35 36
35 37
34 38
29 39
22 40
40 41
40 42
21 43
43 44
44 45
44 46
43 47
47 48
48 49
48 50
47 51
20 52
19 53
53 54
54 55
54 56
53 57
57 58
57 59
59 60
60 61
60 62
59 63
63 64
63 65
65 66
65 67
67 68
67 69
69 70
70 71
71 72
71 73
70 74
74 75
74 76
69 77
77 78
77 79
79 80
80 81
80 82
79 83
83 84
84 85
84 86
83 87
87 88
87 89
89 90
90 91
90 92
89 93
93 94
93 95
95 96
95 97
97 98
98 99
98 100
97 101
101 102
101 103
103 104
104 105
105 106
105 107
104 108
103 109
109 110
109 111
111 112
112 113
112 114
114 115
114 116
111 117
117 118
118 119
118 120
120 121
120 122
117 123
123 124
123 125
125 126
126 127
126 128
125 129
129 130
129 131
131 132
131 133
133 134
134 135
135 136
136 137
136 138
135 139
139 140
139 141
134 142
142 143
142 144
144 145
144 146
146 147
146 148
133 149
149 150
149 151
151 152
152 153
153 154
153 155
155 156
155 157
157 158
157 159
152 160
160 161
161 162
162 163
162 164
161 165
165 166
166 167
166 168
165 169
160 170
170 171
170 172
151 173
173 174
174 175
174 176
173 177
177 178
178 179
178 180
177 181
181 182
182 183
182 184
184 185
185 186
185 187
184 188
181 189
189 190
189 191
