97
193
0
141 3
118 4
142 7
120 9
113 11
111 13
109 15
110 16
116 18
115 20
94 29
93 30
87 32
89 33
90 36
92 37
96 39
77 45
75 46
85 47
84 49
82 50
83 52
80 54
78 55
58 64
44 66
56 67
51 68
53 73
42 74
54 75
52 76
50 78
55 79
40 82
38 83
41 84
47 86
48 88
46 89
23 94
25 95
9 102
11 103
18 104
21 106
36 107
22 110
5 112
3 113
20 115
14 117
12 118
6 120
8 121
29 122
32 125
31 126
15 129
17 130
34 131
0 134
2 135
27 136
66 140
64 142
68 145
67 146
69 147
63 150
62 151
61 152
59 153
74 155
72 157
70 158
98 159
101 161
99 163
102 164
108 166
105 168
106 169
139 170
144 172
130 176
127 178
129 179
135 182
133 183
131 185
126 187
124 190
121 191
123 192
137 193
0 1
1 2
2 3
2 4
1 5
5 6
6 7
6 8
8 9
8 10
10 11
10 12
12 13
12 14
14 15
14 16
5 17
17 18
17 19
19 20
19 21
21 22
22 23
23 24
24 25
25 26
26 27
27 28
28 29
28 30
27 31
31 32
31 33
26 34
34 35
35 36
35 37
34 38
38 39
38 40
40 41
41 42
42 43
43 44
44 45
44 46
43 47
42 48
48 49
48 50
41 51
51 52
51 53
53 54
53 55
40 56
56 57
57 58
58 59
59 60
60 61
61 62
62 63
63 64
63 65
65 66
65 67
62 68
61 69
69 70
70 71
71 72
72 73
72 74
71 75
70 76
69 77
77 78
77 79
60 80
80 81
81 82
81 83
80 84
59 85
85 86
85 87
87 88
87 89
58 90
90 91
91 92
92 93
93 94
93 95
92 96
96 97
97 98
98 99
99 100
100 101
101 102
101 103
100 104
99 105
105 106
105 107
98 108
108 109
109 110
109 111
111 112
111 113
108 114
114 115
114 116
116 117
116 118
97 119
119 120
119 121
96 122
91 123
123 124
124 125
124 126
123 127
127 128
128 129
128 130
127 131
90 132
132 133
133 134
133 135
132 136
57 137
137 138
138 139
139 140
139 141
141 142
141 143
143 144
144 145
144 146
143 147
138 148
148 149
149 150
149 151
148 152
137 153
56 154
154 155
154 156
156 157
156 158
25 159
24 160
160 161
160 162
162 163
162 164
23 165
165 166
165 167
167 168
167 169
22 170
21 171
171 172
171 173
173 174
174 175
175 176
175 177
177 178
177 179
174 180
180 181
181 182
181 183
180 184
184 185
184 186
186 187
186 188
188 189
189 190
189 191
188 192
173 193
