97
153
1
38 7
14 9
5 11
22 13
18 25
46 27
59 29
62 30
52 36
41 38
85 43
80 44
93 47
135 55
110 60
0 73
2 74
3 75
6 76
8 77
9 78
11 79
12 80
15 81
17 82
20 83
21 84
23 85
25 86
27 87
29 88
31 89
32 90
34 91
36 92
40 93
42 94
44 95
47 96
48 97
50 98
51 99
53 100
54 101
55 102
56 103
58 104
61 105
63 106
64 107
66 108
67 109
68 110
69 111
70 112
72 113
74 114
75 115
77 116
78 117
82 118
83 119
84 120
87 121
89 122
90 123
92 124
94 125
96 126
98 127
99 128
101 129
102 130
105 131
106 132
108 133
109 134
111 135
113 136
115 137
116 138
118 139
120 140
121 141
123 142
124 143
126 144
127 145
129 146
130 147
131 148
133 149
137 150
139 151
141 152
142 153
144 154
1 2
2 3
3 4
4 5
2 6
2 7
2 8
8 9
8 10
10 11
10 12
8 13
8 14
8 15
15 16
16 17
17 18
8 19
19 20
8 21
21 22
8 23
8 24
24 25
2 26
26 27
26 28
28 29
28 30
30 31
31 32
31 33
26 34
34 35
34 36
34 37
34 38
2 39
39 40
40 41
40 42
40 43
39 44
39 45
45 46
39 47
47 48
47 49
49 50
49 51
51 52
52 53
52 54
54 55
52 56
56 57
56 58
56 59
59 60
56 61
61 62
51 63
49 64
64 65
2 66
66 67
66 68
68 69
68 70
70 71
70 72
5 73
4 74
12 75
20 76
8 77
24 78
22 79
9 80
17 81
18 82
21 83
8 84
15 85
14 86
3 87
19 88
67 89
16 90
15 91
23 92
35 93
2 94
26 95
27 96
27 97
34 98
26 99
34 100
37 101
34 102
26 103
26 104
30 105
30 106
32 107
30 108
31 109
31 110
33 111
46 112
46 113
45 114
41 115
41 116
39 117
42 118
39 119
40 120
47 121
48 122
50 123
50 124
47 125
40 126
49 127
64 128
64 129
65 130
63 131
53 132
51 133
60 134
59 135
59 136
52 137
52 138
52 139
56 140
69 141
69 142
69 143
69 144
72 145
71 146
70 147
54 148
54 149
62 150
6 151
58 152
61 153
57 154
