97
97
97
0 0
2 1
3 2
5 3
6 4
8 5
9 6
11 7
12 8
14 9
15 10
17 11
18 12
20 13
21 14
22 15
23 16
25 17
27 18
29 19
31 20
32 21
34 22
36 23
38 24
40 25
41 26
42 27
44 28
46 29
47 30
48 31
50 32
51 33
52 34
53 35
54 36
55 37
56 38
58 39
59 40
61 41
63 42
62 43
64 44
66 45
67 46
68 47
69 48
70 49
72 50
74 51
75 52
77 53
78 54
80 55
82 56
83 57
84 58
85 59
87 60
89 61
90 62
92 63
93 64
94 65
96 66
98 67
99 68
101 69
102 70
105 71
106 72
108 73
109 74
110 75
111 76
113 77
115 78
116 79
118 80
120 81
121 82
123 83
124 84
126 85
127 86
129 87
130 88
131 89
133 90
135 91
137 92
139 93
141 94
142 95
144 96
97 94
94 80
80 78
78 79
78 71
71 73
71 69
69 68
69 70
79 76
76 74
74 75
76 77
76 95
68 64
64 60
60 61
64 65
64 66
66 52
52 53
52 58
58 56
52 54
52 57
52 55
52 49
49 50
49 51
57 45
45 43
45 46
45 47
43 38
38 39
39 33
43 41
43 42
39 27
27 35
39 28
39 29
29 31
29 30
45 48
27 32
39 24
43 40
45 44
24 25
27 36
32 37
24 26
27 34
27 21
21 20
21 22
21 10
21 14
14 6
14 9
9 8
14 23
14 5
14 15
14 19
14 13
66 62
62 63
5 4
6 7
6 12
14 2
2 3
52 59
5 17
22 16
52 67
71 93
71 72
76 81
28 18
18 1
1 0
5 11
95 96
97 92
92 89
89 85
85 84
84 82
84 83
89 90
90 91
90 88
88 86
86 87
