97
145
145
133 113
131 82
130 67
137 63
135 29
139 111
25 25
27 59
20 83
21 14
22 141
23 80
29 105
0 23
8 51
120 44
121 98
123 8
124 42
126 84
127 11
129 85
118 53
59 124
58 102
55 47
54 32
56 109
51 54
50 66
53 64
52 36
115 108
116 77
111 93
110 31
113 15
82 38
83 68
80 131
87 123
84 6
85 69
3 50
108 48
109 115
102 126
101 78
106 18
105 52
38 96
32 58
31 127
36 5
34 74
61 139
62 130
63 70
64 135
66 40
67 46
68 106
69 20
2 110
6 94
99 41
98 120
90 21
93 142
92 0
94 116
96 137
11 55
12 2
15 129
14 56
17 90
18 144
89 101
48 3
46 12
47 62
44 34
42 133
40 61
41 22
5 75
9 99
144 118
142 89
141 121
77 72
75 87
74 9
72 92
70 27
78 17
132 133
134 132
132 131
128 130
138 137
138 136
134 135
136 134
140 139
143 138
33 24
24 25
45 26
26 27
19 20
19 21
19 22
24 23
33 28
28 29
1 0
19 4
7 8
140 119
119 120
122 121
125 122
122 123
122 124
134 125
125 126
128 127
136 128
128 129
117 118
60 59
57 58
49 55
49 54
62 57
57 56
49 51
49 50
49 53
49 52
114 115
117 114
93 88
88 89
112 111
112 110
112 113
119 112
81 82
81 83
81 80
86 81
95 86
88 87
81 84
86 85
4 3
19 7
107 108
110 109
100 102
104 103
103 100
100 101
107 106
114 107
107 104
104 105
49 39
39 38
35 33
30 32
30 31
35 30
43 37
37 36
37 35
35 34
62 60
62 61
65 62
62 63
65 64
79 65
65 66
65 67
65 68
65 69
1 2
7 6
100 99
97 98
95 91
91 90
97 93
91 92
97 95
93 94
103 97
95 96
10 11
19 10
19 13
13 12
16 15
13 14
16 17
30 16
28 19
19 18
140 117
114 116
46 48
57 49
60 46
46 47
45 44
57 45
43 42
49 43
39 40
39 41
26 1
4 5
10 9
143 144
140 142
145 143
143 140
140 141
76 77
81 76
76 75
73 74
81 73
71 72
73 71
71 70
81 79
79 78
