97
158
0
137 3
131 7
126 9
123 11
124 13
121 14
133 16
135 17
129 19
130 21
127 22
144 24
141 26
120 29
111 31
113 33
110 34
109 36
142 38
116 40
118 42
115 44
139 46
106 48
105 50
108 52
102 55
99 57
101 58
98 60
94 63
89 66
87 67
93 62
92 71
90 72
96 74
85 76
82 79
84 80
75 83
77 84
83 86
80 88
78 90
74 93
72 95
70 96
64 98
68 100
67 102
69 104
66 105
63 108
62 107
61 112
59 114
47 117
46 116
48 120
56 122
44 125
51 126
58 128
38 131
41 133
40 134
52 137
54 138
55 141
50 142
53 144
42 146
17 152
15 153
31 155
32 156
34 157
36 162
21 163
22 166
5 169
3 170
20 171
18 174
11 176
9 177
6 180
8 181
12 183
14 182
29 185
23 187
25 188
27 190
2 192
0 193
0 1
1 2
2 3
2 4
4 5
5 6
6 7
6 8
8 9
8 10
10 11
10 12
12 13
12 14
5 15
15 16
15 17
4 18
18 19
18 21
18 22
1 23
23 24
23 25
25 26
25 27
27 28
28 29
28 30
30 31
30 33
30 34
34 36
27 38
27 39
39 40
39 42
39 44
39 45
45 46
45 47
47 48
47 50
47 51
51 52
51 53
53 54
54 55
54 57
54 58
53 59
59 60
59 61
61 62
62 63
62 65
65 66
65 67
61 69
69 70
70 71
70 72
69 73
73 74
73 75
75 76
75 77
77 78
78 79
78 80
77 82
82 83
82 84
77 85
85 86
85 87
87 88
87 90
87 91
91 92
92 93
92 94
94 95
94 96
91 97
97 98
97 99
99 100
99 102
99 104
99 105
105 107
107 108
107 112
107 113
113 114
113 115
115 116
116 117
116 120
115 121
121 122
121 125
121 126
121 128
121 130
130 131
130 133
130 134
121 135
135 137
135 138
135 140
140 141
140 142
135 143
143 144
143 146
143 147
147 148
148 151
151 152
151 153
148 154
154 155
154 156
148 157
148 158
158 159
159 160
160 161
161 162
161 163
160 166
160 167
167 168
168 169
168 170
167 171
160 173
173 174
173 175
175 176
175 177
160 179
179 180
179 181
160 182
182 183
159 185
158 186
186 187
186 188
147 189
189 190
189 191
191 192
191 193
