195
287
287
217 129
214 10
215 56
213 211
210 152
211 226
265 105
219 259
133 45
132 169
131 82
137 156
136 246
135 191
134 274
138 19
166 89
24 9
25 144
26 16
27 100
21 204
22 238
29 62
161 164
0 83
162 88
281 222
8 63
283 168
163 167
285 11
120 136
121 73
123 120
124 176
273 86
126 49
127 14
129 157
268 85
59 3
55 141
54 38
57 143
56 240
258 161
53 35
52 103
259 163
198 150
197 153
178 126
191 2
203 135
192 48
114 0
117 101
116 173
111 24
110 214
113 127
112 177
82 250
83 174
80 217
81 228
86 59
118 162
85 213
207 110
256 254
206 133
226 253
257 231
3 65
254 249
247 77
225 243
245 97
108 258
246 53
241 30
240 265
243 236
103 210
100 93
101 225
106 29
104 80
105 207
39 230
38 98
32 27
224 252
30 70
36 187
35 116
34 52
252 196
271 182
61 123
62 147
63 189
65 256
67 145
68 285
176 277
250 181
174 112
173 67
177 131
171 140
255 198
222 203
181 26
253 234
182 138
180 192
2 106
187 178
6 104
189 34
196 42
221 40
185 90
98 17
168 271
169 241
228 121
164 281
90 55
93 57
167 113
94 283
97 221
96 224
11 166
10 134
13 262
14 22
17 180
16 25
19 96
88 68
89 159
274 197
204 94
151 8
150 148
153 171
152 76
154 44
157 117
156 233
159 185
277 245
238 132
279 81
234 43
236 118
237 247
230 108
231 111
233 61
48 260
49 137
46 219
47 124
44 5
45 74
42 215
43 6
40 263
5 47
9 13
201 237
147 114
144 206
145 257
143 273
140 46
141 201
208 255
148 21
149 149
77 154
76 39
74 208
73 279
70 36
263 268
249 151
262 32
260 54
221 216
218 217
213 214
216 215
218 212
216 213
209 210
212 211
170 165
267 264
264 265
220 218
220 219
132 133
195 132
132 131
146 130
132 137
132 136
132 135
132 134
199 139
139 138
165 166
23 24
23 25
23 26
28 27
50 20
20 21
23 22
31 23
175 160
41 28
28 29
160 161
1 0
23 4
282 281
7 8
282 283
160 163
286 285
286 284
287 286
130 119
272 271
256 258
119 120
122 121
132 122
122 123
122 124
195 125
125 126
128 127
195 128
128 129
280 269
269 268
165 167
119 118
58 59
69 58
51 55
51 54
58 57
51 56
66 51
60 50
51 53
51 52
264 259
165 164
200 201
202 199
183 179
227 200
200 195
212 194
195 197
179 178
190 191
193 190
194 193
193 192
130 115
113 114
87 88
87 89
112 111
109 110
125 113
146 112
79 82
84 83
79 80
79 81
87 86
91 87
87 84
84 85
266 251
199 198
259 256
205 206
223 226
256 257
4 3
175 177
251 254
41 7
248 247
272 273
256 255
223 225
244 245
251 244
109 108
115 109
242 241
239 240
242 243
251 242
113 102
102 103
99 100
102 101
102 106
142 107
102 104
102 105
37 39
37 38
50 33
31 32
41 31
31 30
60 37
37 36
33 35
33 34
244 246
284 282
251 252
218 205
235 223
175 176
66 60
60 61
60 62
64 63
66 64
66 65
71 66
66 67
66 68
71 69
184 175
175 174
172 173
175 172
172 171
184 170
202 203
223 222
179 181
251 253
251 248
183 182
184 183
179 180
1 2
160 162
188 187
186 184
7 6
270 220
188 186
194 188
190 189
213 202
195 196
227 221
186 185
195 99
99 98
165 168
170 169
270 229
229 228
92 91
91 90
92 93
107 92
107 95
95 94
95 97
95 96
12 11
33 10
12 13
41 12
20 15
15 14
18 17
15 16
18 19
64 18
115 117
251 250
115 116
275 274
205 204
276 275
146 151
146 150
146 153
146 152
205 155
155 154
158 157
155 156
158 159
160 158
278 277
235 234
239 238
244 239
280 279
205 207
270 235
235 236
235 237
229 230
232 231
270 232
232 233
223 224
284 280
41 48
41 49
41 46
41 47
41 44
41 45
41 42
41 43
41 40
51 41
41 1
4 5
10 9
276 272
195 146
146 147
142 144
146 145
195 142
142 143
139 140
142 141
232 209
209 208
146 148
146 149
78 77
75 76
78 75
75 74
72 73
75 72
72 71
69 70
286 278
87 79
79 78
264 263
248 249
261 262
235 227
266 261
275 270
261 260
278 276
269 267
267 266
