195
287
287
217 3
214 36
215 181
213 213
210 61
211 132
265 45
219 80
133 238
132 166
131 93
137 173
136 231
135 271
134 57
138 68
166 178
24 177
25 185
26 106
27 140
21 283
22 135
29 169
161 14
0 22
162 268
281 147
8 59
283 34
163 97
285 262
120 263
121 279
123 76
124 219
273 153
126 118
127 39
129 168
268 114
59 103
55 46
54 110
57 215
56 56
258 116
53 196
52 101
259 225
198 83
197 82
178 208
191 189
203 117
192 228
114 13
117 133
116 44
111 86
110 127
113 104
112 120
82 124
83 150
80 176
81 222
86 35
118 113
85 141
207 55
256 217
206 16
226 8
257 49
3 259
254 214
247 63
225 43
245 246
108 137
246 174
241 277
240 157
243 243
103 70
100 171
101 42
106 285
104 17
105 85
39 162
38 111
32 29
224 156
30 143
36 182
35 100
34 65
252 98
271 47
61 77
62 0
63 149
65 234
67 154
68 237
176 274
250 10
174 187
173 191
177 249
171 224
255 240
222 67
181 26
253 204
182 258
180 198
2 241
187 112
6 131
189 180
196 226
221 6
185 90
98 247
168 32
169 74
228 265
164 121
90 164
93 221
167 273
94 255
97 108
96 197
11 134
10 88
13 126
14 151
17 62
16 252
19 161
88 81
89 89
274 40
204 233
151 94
150 11
153 19
152 48
154 192
157 52
156 138
159 207
277 24
238 210
279 25
234 163
236 148
237 145
230 167
231 129
233 144
48 27
49 230
46 2
47 257
44 256
45 201
42 123
43 38
40 152
5 236
9 260
201 254
147 206
144 211
145 54
143 73
140 281
141 53
208 159
148 253
149 21
77 96
76 245
74 250
73 9
70 30
263 105
249 5
262 136
260 203
221 216
218 217
213 214
216 215
218 212
216 213
209 210
212 211
170 165
267 264
264 265
220 218
220 219
132 133
195 132
132 131
146 130
132 137
132 136
132 135
132 134
199 139
139 138
165 166
23 24
23 25
23 26
28 27
50 20
20 21
23 22
31 23
175 160
41 28
28 29
160 161
1 0
23 4
282 281
7 8
282 283
160 163
286 285
286 284
287 286
130 119
272 271
256 258
119 120
122 121
132 122
122 123
122 124
195 125
125 126
128 127
195 128
128 129
280 269
269 268
165 167
119 118
58 59
69 58
51 55
51 54
58 57
51 56
66 51
60 50
51 53
51 52
264 259
165 164
200 201
202 199
183 179
227 200
200 195
212 194
195 197
179 178
190 191
193 190
194 193
193 192
130 115
113 114
87 88
87 89
112 111
109 110
125 113
146 112
79 82
84 83
79 80
79 81
87 86
91 87
87 84
84 85
266 251
199 198
259 256
205 206
223 226
256 257
4 3
175 177
251 254
41 7
248 247
272 273
256 255
223 225
244 245
251 244
109 108
115 109
242 241
239 240
242 243
251 242
113 102
102 103
99 100
102 101
102 106
142 107
102 104
102 105
37 39
37 38
50 33
31 32
41 31
31 30
60 37
37 36
33 35
33 34
244 246
284 282
251 252
218 205
235 223
175 176
66 60
60 61
60 62
64 63
66 64
66 65
71 66
66 67
66 68
71 69
184 175
175 174
172 173
175 172
172 171
184 170
202 203
223 222
179 181
251 253
251 248
183 182
184 183
179 180
1 2
160 162
188 187
186 184
7 6
270 220
188 186
194 188
190 189
213 202
195 196
227 221
186 185
195 99
99 98
165 168
170 169
270 229
229 228
92 91
91 90
92 93
107 92
107 95
95 94
95 97
95 96
12 11
33 10
12 13
41 12
20 15
15 14
18 17
15 16
18 19
64 18
115 117
251 250
115 116
275 274
205 204
276 275
146 151
146 150
146 153
146 152
205 155
155 154
158 157
155 156
158 159
160 158
278 277
235 234
239 238
244 239
280 279
205 207
270 235
235 236
235 237
229 230
232 231
270 232
232 233
223 224
284 280
41 48
41 49
41 46
41 47
41 44
41 45
41 42
41 43
41 40
51 41
41 1
4 5
10 9
276 272
195 146
146 147
142 144
146 145
195 142
142 143
139 140
142 141
232 209
209 208
146 148
146 149
78 77
75 76
78 75
75 74
72 73
75 72
72 71
69 70
286 278
87 79
79 78
264 263
248 249
261 262
235 227
266 261
275 270
261 260
278 276
269 267
267 266
