195
389
0
279 3
247 8
249 9
253 13
241 15
252 17
243 18
250 19
245 22
240 25
238 26
246 27
254 28
262 31
260 32
263 35
258 38
256 40
257 42
255 43
259 44
265 45
268 46
285 48
281 51
283 52
277 54
273 57
271 58
274 60
219 63
217 66
156 69
154 70
204 72
207 74
206 75
211 77
192 79
189 81
191 83
187 85
185 87
182 91
181 93
180 95
178 96
169 98
168 101
164 102
167 104
166 105
157 109
159 110
161 113
162 114
163 115
177 117
171 119
173 122
174 123
176 124
210 128
208 129
233 131
231 132
228 135
230 136
224 139
225 141
226 143
222 144
236 147
237 148
234 150
221 152
213 155
203 157
214 160
140 162
138 163
198 164
215 166
201 168
127 170
197 173
147 178
118 180
117 182
110 185
108 186
116 187
152 191
153 192
149 193
148 195
112 197
111 199
120 200
151 201
129 203
150 204
132 210
133 212
136 214
121 215
123 219
124 220
135 221
134 223
137 224
131 225
196 226
106 232
105 234
104 235
103 237
101 238
114 240
113 241
126 242
143 244
100 247
98 248
144 251
141 252
93 255
145 256
97 259
94 261
96 262
83 265
90 266
85 269
89 271
88 273
86 274
81 277
80 278
77 280
82 282
74 284
76 286
73 288
65 290
63 293
68 296
70 299
57 301
59 302
19 304
17 305
67 307
61 310
38 313
36 314
39 315
16 319
14 320
21 321
34 324
10 326
9 327
35 328
62 330
13 333
11 334
52 337
53 338
55 341
54 343
56 344
45 346
40 350
8 353
6 354
43 355
48 358
49 360
29 362
27 363
44 365
47 366
46 369
42 370
32 373
22 378
26 379
3 381
5 382
24 383
25 384
30 386
2 388
0 389
0 1
1 2
2 3
2 4
4 5
5 6
6 7
7 8
7 9
6 10
10 11
11 12
12 13
12 14
14 15
14 16
16 17
16 18
11 19
10 20
20 21
21 22
21 23
23 24
24 25
24 26
23 27
20 28
5 29
29 30
30 31
30 32
29 33
33 34
34 35
34 36
36 37
37 38
37 39
39 40
39 41
41 42
41 43
36 44
33 45
4 46
1 47
47 48
47 49
49 50
50 51
50 52
49 53
53 54
53 55
55 56
56 57
56 58
55 59
59 60
59 61
61 62
62 63
62 64
64 65
65 66
65 67
67 68
68 69
68 70
67 71
71 72
71 73
73 74
73 75
64 76
76 77
76 78
78 79
78 80
80 81
80 82
82 83
82 84
84 85
84 86
86 87
86 88
88 89
89 90
90 91
90 92
92 93
92 94
94 95
94 96
89 97
97 98
97 99
99 100
100 101
100 102
99 103
103 104
103 105
88 106
106 107
107 108
108 109
108 110
107 111
111 112
112 113
112 114
111 115
106 116
116 117
116 118
118 119
118 120
120 121
121 122
121 123
120 124
61 125
125 126
126 127
127 128
127 129
126 130
130 131
130 132
125 133
133 134
134 135
134 136
133 137
137 138
138 139
138 140
140 141
140 142
142 143
142 144
137 145
145 146
146 147
146 148
145 149
149 150
149 151
151 152
151 153
153 154
154 155
154 156
156 157
156 158
158 159
159 160
159 161
161 162
161 163
158 164
153 165
165 166
165 167
167 168
167 169
169 170
169 171
171 172
172 173
172 174
174 175
175 176
176 177
177 178
177 179
179 180
179 181
181 182
181 183
183 184
184 185
184 186
183 187
176 188
188 189
189 190
190 191
190 192
189 193
188 194
194 195
194 196
196 197
196 198
198 199
198 200
175 201
174 202
202 203
202 204
171 205
205 206
206 207
207 208
208 209
209 210
209 211
211 212
211 213
213 214
213 215
208 216
216 217
217 218
218 219
218 220
217 221
216 222
222 223
222 224
207 225
206 226
205 227
227 228
228 229
229 230
230 231
231 232
231 233
233 234
233 235
230 236
236 237
236 238
229 239
239 240
239 241
228 242
227 243
243 244
243 245
245 246
246 247
246 248
245 249
249 250
250 251
250 252
249 253
253 254
254 255
254 256
253 257
257 258
258 259
258 260
260 261
260 262
257 263
263 264
264 265
264 266
263 267
267 268
268 269
268 270
270 271
270 272
272 273
272 274
267 275
275 276
276 277
276 278
275 279
279 280
279 281
281 282
281 283
283 284
283 285
285 286
285 287
287 288
287 289
289 290
289 291
291 292
292 293
292 294
294 295
295 296
295 297
297 298
298 299
298 300
300 301
300 302
297 303
303 304
303 305
294 306
306 307
306 308
308 309
309 310
309 311
311 312
312 313
312 314
311 315
308 316
316 317
317 318
318 319
318 320
317 321
316 322
322 323
323 324
323 325
325 326
325 327
322 328
291 329
329 330
329 331
331 332
332 333
332 334
331 335
335 336
336 337
336 338
335 339
339 340
340 341
340 342
342 343
342 344
339 345
345 346
345 347
347 348
348 349
349 350
349 351
351 352
352 353
352 354
351 355
348 356
356 357
357 358
357 359
359 360
359 361
361 362
361 363
356 364
364 365
364 366
347 367
367 368
368 369
368 370
367 371
371 372
372 373
372 374
374 375
375 376
376 377
377 378
377 379
376 380
380 381
380 382
375 383
374 384
371 385
385 386
385 387
387 388
387 389
