195
287
287
217 217
214 214
215 215
213 213
210 210
211 211
265 265
219 219
133 133
132 132
131 131
137 137
136 136
135 135
134 134
138 138
166 166
24 24
25 25
26 26
27 27
21 21
22 22
29 29
161 161
0 0
162 162
281 281
8 8
283 283
163 163
285 285
120 120
121 121
123 123
124 124
273 273
126 126
127 127
129 129
268 268
59 59
55 55
54 54
57 57
56 56
258 258
53 53
52 52
259 259
198 198
197 197
178 178
191 191
203 203
192 192
114 114
117 117
116 116
111 111
110 110
113 113
112 112
82 82
83 83
80 80
81 81
86 86
118 118
85 85
207 207
256 256
206 206
226 226
257 257
3 3
254 254
247 247
225 225
245 245
108 108
246 246
241 241
240 240
243 243
103 103
100 100
101 101
106 106
104 104
105 105
39 39
38 38
32 32
224 224
30 30
36 36
35 35
34 34
252 252
271 271
61 61
62 62
63 63
65 65
67 67
68 68
176 176
250 250
174 174
173 173
177 177
171 171
255 255
222 222
181 181
253 253
182 182
180 180
2 2
187 187
6 6
189 189
196 196
221 221
185 185
98 98
168 168
169 169
228 228
164 164
90 90
93 93
167 167
94 94
97 97
96 96
11 11
10 10
13 13
14 14
17 17
16 16
19 19
88 88
89 89
274 274
204 204
151 151
150 150
153 153
152 152
154 154
157 157
156 156
159 159
277 277
238 238
279 279
234 234
236 236
237 237
230 230
231 231
233 233
48 48
49 49
46 46
47 47
44 44
45 45
42 42
43 43
40 40
5 5
9 9
201 201
147 147
144 144
145 145
143 143
140 140
141 141
208 208
148 148
149 149
77 77
76 76
74 74
73 73
70 70
263 263
249 249
262 262
260 260
221 216
218 217
213 214
216 215
218 212
216 213
209 210
212 211
170 165
267 264
264 265
220 218
220 219
132 133
195 132
132 131
146 130
132 137
132 136
132 135
132 134
199 139
139 138
165 166
23 24
23 25
23 26
28 27
50 20
20 21
23 22
31 23
175 160
41 28
28 29
160 161
1 0
23 4
282 281
7 8
282 283
160 163
286 285
286 284
287 286
130 119
272 271
256 258
119 120
122 121
132 122
122 123
122 124
195 125
125 126
128 127
195 128
128 129
280 269
269 268
165 167
119 118
58 59
69 58
51 55
51 54
58 57
51 56
66 51
60 50
51 53
51 52
264 259
165 164
200 201
202 199
183 179
227 200
200 195
212 194
195 197
179 178
190 191
193 190
194 193
193 192
130 115
113 114
87 88
87 89
112 111
109 110
125 113
146 112
79 82
84 83
79 80
79 81
87 86
91 87
87 84
84 85
266 251
199 198
259 256
205 206
223 226
256 257
4 3
175 177
251 254
41 7
248 247
272 273
256 255
223 225
244 245
251 244
109 108
115 109
242 241
239 240
242 243
251 242
113 102
102 103
99 100
102 101
102 106
142 107
102 104
102 105
37 39
37 38
50 33
31 32
41 31
31 30
60 37
37 36
33 35
33 34
244 246
284 282
251 252
218 205
235 223
175 176
66 60
60 61
60 62
64 63
66 64
66 65
71 66
66 67
66 68
71 69
184 175
175 174
172 173
175 172
172 171
184 170
202 203
223 222
179 181
251 253
251 248
183 182
184 183
179 180
1 2
160 162
188 187
186 184
7 6
270 220
188 186
194 188
190 189
213 202
195 196
227 221
186 185
195 99
99 98
165 168
170 169
270 229
229 228
92 91
91 90
92 93
107 92
107 95
95 94
95 97
95 96
12 11
33 10
12 13
41 12
20 15
15 14
18 17
15 16
18 19
64 18
115 117
251 250
115 116
275 274
205 204
276 275
146 151
146 150
146 153
146 152
205 155
155 154
158 157
155 156
158 159
160 158
278 277
235 234
239 238
244 239
280 279
205 207
270 235
235 236
235 237
229 230
232 231
270 232
232 233
223 224
284 280
41 48
41 49
41 46
41 47
41 44
41 45
41 42
41 43
41 40
51 41
41 1
4 5
10 9
276 272
195 146
146 147
142 144
146 145
195 142
142 143
139 140
142 141
232 209
209 208
146 148
146 149
78 77
75 76
78 75
75 74
72 73
75 72
72 71
69 70
286 278
87 79
79 78
264 263
248 249
261 262
235 227
266 261
275 270
261 260
278 276
269 267
267 266
