46
82
0
80 2
79 4
69 7
67 9
64 11
39 14
40 16
37 18
36 19
35 20
32 22
33 24
29 26
28 28
16 31
24 33
15 37
14 38
12 39
7 41
5 42
25 44
8 46
4 48
2 49
21 51
19 52
18 54
10 56
1 58
0 59
55 61
54 62
52 63
51 66
50 67
73 69
72 70
70 71
42 73
48 75
45 76
47 78
44 79
78 81
74 82
0 1
1 2
1 3
3 4
3 5
5 6
6 7
6 8
8 9
8 10
10 11
10 12
12 13
13 14
13 15
15 16
15 17
17 18
17 19
17 20
17 21
21 22
21 23
23 24
23 25
25 26
25 27
27 28
27 29
29 30
30 31
30 32
32 33
32 34
34 35
35 36
36 37
36 38
36 39
35 40
40 41
40 42
34 43
43 44
43 45
45 46
45 47
47 48
47 49
32 50
50 51
50 52
29 53
53 54
53 55
55 56
55 57
57 58
57 59
12 60
60 61
60 62
60 63
5 64
64 65
65 66
65 67
65 68
68 69
68 70
68 71
64 72
72 73
72 74
74 75
74 76
72 77
77 78
77 79
3 80
80 81
80 82
