50
90
0
80 3
79 5
69 8
67 10
64 12
39 15
40 17
37 19
36 20
35 21
32 23
33 25
29 27
28 29
16 32
24 34
15 38
14 39
12 40
7 42
5 43
25 45
8 47
4 49
2 50
21 52
19 53
18 55
10 57
1 59
0 60
55 62
54 63
52 64
51 67
50 68
73 70
72 71
70 72
42 74
48 76
45 77
47 79
44 80
78 82
74 83
59 86
57 87
62 89
60 90
0 1
1 2
2 3
2 4
4 5
4 6
6 7
7 8
7 9
9 10
9 11
11 12
11 13
13 14
14 15
14 16
16 17
16 18
18 19
18 20
18 21
18 22
22 23
22 24
24 25
24 26
26 27
26 28
28 29
28 30
30 31
31 32
31 33
33 34
33 35
35 36
36 37
37 38
37 39
37 40
36 41
41 42
41 43
35 44
44 45
44 46
46 47
46 48
48 49
48 50
33 51
51 52
51 53
30 54
54 55
54 56
56 57
56 58
58 59
58 60
13 61
61 62
61 63
61 64
6 65
65 66
66 67
66 68
66 69
69 70
69 71
69 72
65 73
73 74
73 75
75 76
75 77
73 78
78 79
78 80
4 81
81 82
81 83
1 84
84 85
85 86
85 87
84 88
88 89
88 90
