50
88
0
80 3
79 5
69 8
67 10
64 12
39 15
40 17
37 19
36 20
35 21
32 23
33 25
29 27
28 29
24 32
16 33
15 36
14 37
12 38
7 40
5 41
25 43
8 45
4 47
2 48
21 50
19 51
18 53
10 55
1 57
0 58
55 60
54 61
52 62
51 65
50 66
73 68
72 69
70 70
42 72
48 74
45 75
47 77
44 78
78 80
74 81
59 84
57 85
62 87
60 88
0 1
1 2
2 3
2 4
4 5
4 6
6 7
7 8
7 9
9 10
9 11
11 12
11 13
13 14
14 15
14 16
16 17
16 18
18 19
18 20
18 21
18 22
22 23
22 24
24 25
24 26
26 27
26 28
28 29
28 30
30 31
31 32
31 33
31 34
34 35
35 36
35 37
35 38
34 39
39 40
39 41
31 42
42 43
42 44
44 45
44 46
46 47
46 48
31 49
49 50
49 51
30 52
52 53
52 54
54 55
54 56
56 57
56 58
13 59
59 60
59 61
59 62
6 63
63 64
64 65
64 66
64 67
67 68
67 69
67 70
63 71
71 72
71 73
73 74
73 75
71 76
76 77
76 78
4 79
79 80
79 81
1 82
82 83
83 84
83 85
82 86
86 87
86 88
