50
86
0
15 21
14 23
12 24
7 26
5 27
25 30
24 31
21 34
19 35
16 37
8 39
4 41
2 42
18 44
10 46
1 47
0 49
28 50
29 51
33 52
32 53
37 55
36 57
35 58
40 59
39 60
55 62
54 64
52 65
64 66
67 67
69 68
48 72
45 73
42 75
44 77
47 78
73 82
70 83
72 84
51 86
50 87
62 90
60 91
59 93
57 94
78 96
74 97
79 98
80 99
0 1
1 2
2 4
4 5
5 6
6 7
7 8
8 9
9 10
10 11
11 12
12 13
13 14
14 15
15 16
16 17
17 19
19 20
20 21
20 23
20 24
19 25
25 26
25 27
17 30
17 31
17 33
33 34
33 35
17 36
36 37
36 38
38 39
38 40
40 41
40 42
17 43
43 44
43 45
45 46
45 47
47 49
16 50
15 51
14 52
13 53
12 55
12 57
12 58
11 59
10 60
9 61
61 62
61 64
61 65
8 66
7 67
6 68
5 69
69 70
70 71
71 72
71 73
70 75
70 76
76 77
76 78
69 79
79 80
80 82
80 83
80 84
79 86
79 87
4 88
88 89
89 90
89 91
88 92
92 93
92 94
2 95
95 96
95 97
2 98
1 99
