50
83
1
80 4
78 8
40 19
24 29
1 30
28 32
0 41
2 42
4 43
5 44
7 45
8 46
10 47
12 48
14 49
15 50
16 51
18 52
19 53
21 54
25 55
29 56
32 57
33 58
35 59
36 60
37 61
39 62
42 63
44 64
45 65
47 66
48 67
50 68
51 69
52 70
54 71
55 72
57 73
59 74
60 75
62 76
64 77
67 78
69 79
70 80
72 81
73 82
74 83
79 84
1 2
2 3
3 4
3 5
5 6
3 7
3 8
2 9
9 10
9 11
2 12
12 13
12 14
14 15
12 16
2 17
17 18
18 19
18 20
20 21
21 22
22 23
22 24
22 25
22 26
26 27
22 28
22 29
22 30
22 31
21 32
17 33
33 34
34 35
35 36
36 37
35 38
34 39
33 40
30 41
28 42
28 43
25 44
25 45
28 46
30 47
31 48
31 49
31 50
27 51
26 52
23 53
22 54
24 55
20 56
37 57
37 58
37 59
37 60
37 61
36 62
14 63
14 64
15 65
15 66
15 67
12 68
16 69
38 70
38 71
38 72
9 73
11 74
6 75
10 76
34 77
39 78
40 79
13 80
13 81
13 82
5 83
7 84
