50
50
50
0 0
1 1
2 2
4 3
5 4
7 5
8 6
10 7
12 8
14 9
15 10
16 11
18 12
19 13
21 14
24 15
25 16
28 17
29 18
32 19
33 20
35 21
36 22
37 23
39 24
40 25
42 26
44 27
45 28
47 29
48 30
50 31
51 32
52 33
54 34
55 35
57 36
59 37
60 38
62 39
64 40
67 41
69 42
70 43
72 44
73 45
74 46
78 47
79 48
80 49
50 48
50 47
47 46
50 49
47 45
45 43
45 44
45 31
45 32
47 42
42 40
40 41
40 24
24 25
24 22
22 23
22 19
19 20
22 21
24 33
33 35
33 34
19 17
17 14
14 2
2 3
2 6
14 13
14 15
14 10
10 8
10 9
2 12
14 5
5 4
2 16
12 1
1 0
1 7
14 11
17 18
43 26
26 30
30 28
26 27
30 29
50 38
38 39
38 37
37 36
