50
81
81
54 15
42 50
50 79
60 54
62 32
64 78
67 10
69 45
80 8
24 12
25 36
21 51
48 7
47 64
44 2
45 19
28 24
29 73
40 67
1 1
0 16
2 28
5 4
4 39
7 70
8 57
51 5
74 42
73 60
72 35
70 47
59 52
79 74
78 37
10 40
39 48
12 44
15 18
14 55
16 21
19 72
18 14
57 62
37 0
36 33
35 80
52 25
33 29
55 69
32 59
65 56
81 77
53 54
43 42
46 48
46 43
61 60
63 61
61 62
76 63
65 64
56 53
68 66
66 67
75 68
68 69
81 80
53 52
23 24
23 25
27 26
30 27
23 20
20 21
23 22
26 23
49 46
46 47
43 44
46 45
27 28
30 29
41 40
56 41
11 1
1 0
9 3
3 2
6 5
3 4
6 7
22 6
23 9
9 8
77 78
49 51
71 49
38 39
66 65
77 76
77 75
41 38
71 73
71 72
76 71
71 70
58 59
77 79
63 58
26 11
11 10
22 13
13 12
13 15
13 14
23 17
17 16
20 19
17 18
34 31
31 30
34 37
34 36
34 35
38 34
31 33
53 55
75 74
31 32
58 57
49 50
