50
81
81
54 59
42 12
50 45
60 54
62 67
64 21
67 48
69 62
80 40
24 47
25 2
21 78
48 72
47 8
44 28
45 33
28 14
29 24
40 69
1 19
0 80
2 50
5 70
4 36
7 4
8 15
51 51
74 5
73 1
72 64
70 0
59 18
79 60
78 74
10 10
39 73
12 79
15 37
14 35
16 44
19 52
18 42
57 32
37 29
36 57
35 25
52 7
33 16
55 55
32 39
65 56
81 77
53 54
43 42
46 48
46 43
61 60
63 61
61 62
76 63
65 64
56 53
68 66
66 67
75 68
68 69
81 80
53 52
23 24
23 25
27 26
30 27
23 20
20 21
23 22
26 23
49 46
46 47
43 44
46 45
27 28
30 29
41 40
56 41
11 1
1 0
9 3
3 2
6 5
3 4
6 7
22 6
23 9
9 8
77 78
49 51
71 49
38 39
66 65
77 76
77 75
41 38
71 73
71 72
76 71
71 70
58 59
77 79
63 58
26 11
11 10
22 13
13 12
13 15
13 14
23 17
17 16
20 19
17 18
34 31
31 30
34 37
34 36
34 35
38 34
31 33
53 55
75 74
31 32
58 57
49 50
