50
81
81
54 54
42 42
50 50
60 60
62 62
64 64
67 67
69 69
80 80
24 24
25 25
21 21
48 48
47 47
44 44
45 45
28 28
29 29
40 40
1 1
0 0
2 2
5 5
4 4
7 7
8 8
51 51
74 74
73 73
72 72
70 70
59 59
79 79
78 78
10 10
39 39
12 12
15 15
14 14
16 16
19 19
18 18
57 57
37 37
36 36
35 35
52 52
33 33
55 55
32 32
65 56
81 77
53 54
43 42
46 48
46 43
61 60
63 61
61 62
76 63
65 64
56 53
68 66
66 67
75 68
68 69
81 80
53 52
23 24
23 25
27 26
30 27
23 20
20 21
23 22
26 23
49 46
46 47
43 44
46 45
27 28
30 29
41 40
56 41
11 1
1 0
9 3
3 2
6 5
3 4
6 7
22 6
23 9
9 8
77 78
49 51
71 49
38 39
66 65
77 76
77 75
41 38
71 73
71 72
76 71
71 70
58 59
77 79
63 58
26 11
11 10
22 13
13 12
13 15
13 14
23 17
17 16
20 19
17 18
34 31
31 30
34 37
34 36
34 35
38 34
31 33
53 55
75 74
31 32
58 57
49 50
