50
78
77
42 42
50 50
60 60
61 61
63 63
53 53
67 67
69 69
24 24
26 26
27 27
20 20
22 22
46 46
44 44
28 28
29 29
41 41
0 0
3 3
2 2
5 5
4 4
7 7
6 6
8 8
78 78
39 39
76 76
74 74
70 70
58 58
11 11
10 10
13 13
38 38
15 15
48 48
17 17
16 16
19 19
32 32
31 31
56 56
51 51
36 36
35 35
34 34
55 55
65 65
57 56
62 54
43 42
47 48
45 43
59 60
62 61
64 62
62 63
71 64
52 49
68 66
66 67
72 68
68 69
59 52
54 53
23 24
29 25
25 26
25 27
21 20
23 21
21 22
25 23
47 46
75 47
45 44
47 45
25 28
30 29
43 40
40 41
12 1
1 0
1 3
1 2
14 5
5 4
12 7
7 6
14 9
9 8
77 78
52 51
40 39
66 65
75 76
77 75
37 38
77 73
73 72
72 71
71 70
64 59
57 58
12 11
9 10
12 13
18 12
14 15
18 14
18 17
14 16
18 19
23 18
30 31
33 30
47 37
37 36
33 35
33 34
49 33
54 55
73 74
33 32
59 57
49 50
