49
89
0
72 2
69 5
49 9
47 11
43 15
27 18
15 21
14 22
16 24
12 25
11 27
9 28
5 31
29 33
3 34
30 36
6 37
28 39
25 40
31 42
22 43
24 45
17 47
8 49
7 50
2 52
0 53
38 56
35 58
33 59
42 61
41 62
37 64
21 66
19 67
67 69
65 70
63 71
62 72
60 74
66 76
64 77
58 79
57 81
55 82
50 84
54 86
53 88
52 89
0 1
1 2
1 3
3 4
4 5
4 6
6 7
7 8
8 9
8 10
10 11
10 12
12 13
13 14
14 15
14 16
16 17
17 18
17 19
19 20
20 21
20 22
20 23
23 24
23 25
19 26
26 27
26 28
17 29
29 30
30 31
30 32
32 33
32 34
29 35
35 36
35 37
17 38
38 39
38 40
17 41
41 42
41 43
16 44
44 45
44 46
46 47
46 48
48 49
48 50
48 51
51 52
51 53
13 54
54 55
55 56
55 57
57 58
57 59
54 60
60 61
60 62
12 63
63 64
63 65
65 66
65 67
7 68
68 69
68 70
68 71
68 72
68 73
73 74
73 75
75 76
75 77
6 78
78 79
78 80
80 81
80 82
3 83
83 84
83 85
85 86
85 87
87 88
87 89
