49
93
1
52 7
60 13
37 31
7 37
31 40
15 43
24 51
0 53
2 54
3 55
5 56
6 57
8 58
9 59
11 60
12 61
14 62
16 63
17 64
19 65
21 66
22 67
25 68
27 69
28 70
29 71
30 72
33 73
35 74
38 75
41 76
42 77
43 78
47 79
49 80
50 81
53 82
54 83
55 84
57 85
58 86
62 87
63 88
64 89
65 90
66 91
67 92
69 93
72 94
1 2
2 3
3 4
4 5
5 6
4 7
3 8
2 9
9 10
10 11
11 12
11 13
11 14
14 15
14 16
11 17
11 18
11 19
10 20
20 21
20 22
22 23
22 24
24 25
24 26
10 27
9 28
9 29
29 30
9 31
2 32
32 33
33 34
33 35
32 36
36 37
32 38
38 39
39 40
38 41
38 42
42 43
42 44
38 45
38 46
38 47
38 48
38 49
32 50
50 51
50 52
8 53
37 54
41 55
41 56
41 57
37 58
49 59
48 60
42 61
44 62
42 63
36 64
30 65
29 66
39 67
46 68
45 69
46 70
52 71
47 72
6 73
5 74
34 75
3 76
3 77
35 78
19 79
19 80
26 81
25 82
23 83
14 84
15 85
28 86
17 87
11 88
18 89
11 90
12 91
11 92
27 93
21 94
