49
73
73
42 60
43 30
60 49
62 47
63 7
64 67
53 22
66 14
67 38
69 54
24 64
25 28
27 15
21 65
22 63
49 50
47 62
28 19
29 42
41 25
0 8
3 66
2 3
5 69
7 24
6 6
9 31
8 35
38 29
72 27
58 5
11 21
12 11
15 2
14 12
17 0
16 57
19 53
54 33
31 58
30 37
37 52
50 55
35 17
52 16
33 9
55 41
57 43
65 72
59 56
51 54
40 42
61 48
40 43
61 60
68 61
61 62
61 63
61 64
48 49
61 66
61 67
70 68
70 69
51 52
51 53
23 24
26 25
32 26
26 27
36 20
20 21
23 22
32 23
48 46
46 47
45 44
46 45
26 28
26 29
44 40
40 41
7 1
1 0
4 3
1 2
4 5
26 4
18 7
4 6
10 9
7 8
71 51
40 39
61 65
39 38
71 72
73 71
71 70
68 59
59 58
10 11
26 10
26 13
13 12
13 15
13 14
18 17
13 16
20 19
23 18
26 31
26 30
36 37
45 36
34 35
44 34
34 33
56 55
39 32
56 57
51 50
