49
97
0
72 2
50 5
54 7
52 9
53 10
69 12
58 15
55 17
57 18
63 23
65 24
66 26
67 27
60 30
64 31
62 32
49 34
47 36
37 39
21 41
19 42
41 44
35 48
33 49
38 50
42 52
43 54
16 59
12 60
14 62
15 63
28 68
5 69
25 70
3 73
29 74
11 76
9 77
6 81
30 82
22 84
31 85
27 86
24 88
17 90
8 92
7 94
2 96
0 97
0 1
1 2
1 3
3 4
4 5
4 6
6 7
6 8
8 9
8 10
3 11
11 12
11 13
13 14
14 15
14 16
16 17
16 18
13 19
19 20
20 21
21 22
22 23
22 24
21 25
25 26
25 27
20 28
28 29
29 30
29 31
28 32
19 33
33 34
33 35
35 36
35 37
37 38
38 39
38 40
40 41
40 42
37 43
43 44
43 45
45 46
46 47
47 48
47 49
46 50
45 51
51 52
51 53
53 54
53 55
55 56
56 57
57 58
58 59
58 60
57 61
61 62
61 63
56 64
64 65
65 66
66 67
67 68
67 69
66 70
65 71
71 72
72 73
72 74
71 75
75 76
75 77
64 78
78 79
79 80
80 81
80 82
79 83
83 84
83 85
78 86
55 87
87 88
87 89
89 90
89 91
91 92
91 93
93 94
93 95
95 96
95 97
