49
73
73
42 42
43 43
60 60
62 62
63 63
64 64
53 53
66 66
67 67
69 69
24 24
25 25
27 27
21 21
22 22
49 49
47 47
28 28
29 29
41 41
0 0
3 3
2 2
5 5
7 7
6 6
9 9
8 8
38 38
72 72
58 58
11 11
12 12
15 15
14 14
17 17
16 16
19 19
54 54
31 31
30 30
37 37
50 50
35 35
52 52
33 33
55 55
57 57
65 65
59 56
51 54
40 42
61 48
40 43
61 60
68 61
61 62
61 63
61 64
48 49
61 66
61 67
70 68
70 69
51 52
51 53
23 24
26 25
32 26
26 27
36 20
20 21
23 22
32 23
48 46
46 47
45 44
46 45
26 28
26 29
44 40
40 41
7 1
1 0
4 3
1 2
4 5
26 4
18 7
4 6
10 9
7 8
71 51
40 39
61 65
39 38
71 72
73 71
71 70
68 59
59 58
10 11
26 10
26 13
13 12
13 15
13 14
18 17
13 16
20 19
23 18
26 31
26 30
36 37
45 36
34 35
44 34
34 33
56 55
39 32
56 57
51 50
