47
66
65
56 56
51 51
43 43
60 60
61 61
63 63
53 53
66 66
52 52
24 24
25 25
26 26
27 27
20 20
48 48
23 23
47 47
45 45
42 42
29 29
40 40
0 0
3 3
2 2
5 5
6 6
8 8
39 39
59 59
11 11
10 10
13 13
15 15
58 58
16 16
19 19
18 18
31 31
49 49
37 37
36 36
35 35
34 34
55 55
54 54
57 57
50 50
53 56
53 54
41 42
64 48
44 43
53 60
62 61
64 62
53 57
65 64
48 49
65 66
53 52
64 53
22 24
22 25
22 26
22 27
21 20
30 21
28 22
22 23
64 46
48 47
46 44
44 45
30 28
28 29
41 40
46 41
22 1
1 0
4 3
1 2
4 5
7 4
14 7
7 6
22 9
9 8
48 51
38 39
53 38
53 59
53 58
12 11
9 10
12 13
17 12
14 15
28 14
21 17
17 16
17 19
17 18
32 31
32 30
38 37
33 36
33 35
33 34
53 55
62 63
33 32
53 33
48 50
