49
97
0
46 5
50 6
48 7
45 9
43 10
37 18
39 19
35 21
36 22
42 26
40 27
55 28
57 29
58 30
60 31
30 35
27 37
25 38
33 39
8 45
5 47
3 48
18 50
17 51
2 57
0 59
1 60
16 61
6 62
13 65
14 66
10 67
15 70
19 71
12 72
23 73
22 76
21 77
28 78
66 81
67 84
61 86
65 87
64 89
63 90
52 93
54 94
70 96
69 97
0 1
1 2
2 3
3 4
4 5
4 6
3 7
2 8
8 9
8 10
1 11
11 12
12 13
13 14
14 15
15 16
16 17
17 18
17 19
16 20
20 21
20 22
15 23
23 24
24 25
25 26
25 27
24 28
23 29
14 30
13 31
12 32
32 33
33 34
34 35
34 36
36 37
36 38
33 39
32 40
40 41
41 42
42 43
43 44
44 45
44 46
46 47
46 48
43 49
49 50
49 51
42 52
52 53
53 54
54 55
55 56
56 57
56 58
58 59
58 60
55 61
54 62
53 63
63 64
64 65
64 66
63 67
52 68
68 69
69 70
69 71
68 72
41 73
40 74
74 75
75 76
75 77
74 78
11 79
79 80
80 81
80 82
82 83
83 84
83 85
85 86
85 87
82 88
88 89
88 90
79 91
91 92
92 93
92 94
91 95
95 96
95 97
