49
87
0
33 5
30 7
23 10
17 12
18 14
10 15
5 17
8 19
3 21
16 24
6 25
2 27
1 28
0 29
12 31
19 33
15 34
14 36
13 37
28 39
22 41
21 42
25 44
27 45
60 47
58 49
57 51
55 52
42 54
40 55
39 57
37 58
36 60
35 61
66 64
67 66
65 67
61 68
64 70
63 71
69 73
70 75
54 77
52 78
48 81
50 83
46 84
45 86
43 87
0 1
1 2
2 3
3 4
4 5
4 6
6 7
6 8
8 9
9 10
9 11
11 12
11 13
13 14
13 15
13 16
16 17
16 18
18 19
18 20
20 21
20 22
22 23
23 24
23 25
23 26
26 27
26 28
26 29
22 30
30 31
30 32
32 33
32 34
22 35
35 36
35 37
8 38
38 39
38 40
40 41
40 42
6 43
43 44
43 45
3 46
46 47
46 48
48 49
48 50
50 51
50 52
50 53
53 54
53 55
50 56
56 57
56 58
50 59
59 60
59 61
2 62
62 63
63 64
63 65
65 66
65 67
65 68
65 69
69 70
69 71
62 72
72 73
72 74
74 75
74 76
76 77
76 78
1 79
79 80
80 81
80 82
82 83
82 84
79 85
85 86
85 87
