49
83
0
3 10
5 12
8 13
16 17
2 19
1 21
0 18
14 25
6 26
13 27
19 30
15 31
12 32
10 33
18 34
17 35
23 36
33 40
30 42
25 43
27 44
28 46
22 48
21 47
54 55
52 56
70 57
69 58
66 61
64 62
67 65
63 67
61 68
65 69
60 71
58 73
57 78
36 80
35 79
55 82
39 84
37 85
42 87
40 88
50 92
46 93
48 94
45 96
43 97
0 1
1 2
2 3
3 4
4 5
5 6
6 7
7 8
8 9
9 10
9 11
11 12
11 13
8 16
16 17
16 18
18 19
18 21
8 24
24 25
24 26
8 27
8 28
28 29
29 30
29 31
28 32
7 33
6 34
5 35
4 36
3 39
39 40
39 41
41 42
41 43
3 44
3 45
45 46
45 47
47 48
2 50
50 51
51 52
52 53
53 54
54 55
54 56
53 57
52 58
51 59
59 60
60 61
60 62
59 63
63 65
63 67
63 68
63 69
50 70
70 71
70 72
72 73
72 74
74 78
74 79
79 80
74 82
74 83
83 84
83 85
74 86
86 87
86 88
1 89
89 90
90 91
91 92
91 93
90 94
89 95
95 96
95 97
