49
74
74
54 50
42 21
50 30
60 69
61 65
63 5
64 40
65 55
66 2
67 25
69 43
25 35
27 22
21 17
22 1
23 67
46 45
45 64
28 60
43 63
40 13
1 14
0 52
3 16
2 37
5 70
6 8
8 66
39 3
70 39
58 36
10 57
13 15
12 48
15 54
14 28
17 6
16 61
19 18
18 46
57 58
30 0
37 23
36 27
35 10
52 42
33 12
55 19
48 33
59 56
53 54
41 42
47 48
44 43
59 60
62 61
71 62
62 63
62 64
51 49
62 66
62 67
71 68
68 69
72 34
68 53
32 24
26 25
31 26
26 27
24 20
29 21
21 22
24 23
47 46
49 47
51 44
44 45
29 28
34 29
41 40
56 41
0 1
7 0
4 3
0 2
4 5
9 4
11 7
7 6
11 9
9 8
73 51
38 39
62 65
56 38
74 73
73 72
72 71
68 70
72 59
56 58
20 11
11 10
11 13
11 12
11 15
11 14
11 17
11 16
20 19
11 18
34 31
31 30
38 37
35 36
56 35
53 52
32 33
56 55
34 32
56 57
49 50
