49
74
74
54 43
42 30
50 40
60 42
61 67
63 21
64 61
65 48
66 6
67 37
69 5
25 52
27 19
21 14
22 35
23 15
46 17
45 28
28 54
43 25
40 65
1 45
0 50
3 39
2 55
5 18
6 22
8 3
39 36
70 2
58 64
10 8
13 70
12 10
15 46
14 0
17 60
16 33
19 58
18 66
57 1
30 63
37 13
36 12
35 16
52 69
33 23
55 27
48 57
59 56
53 54
41 42
47 48
44 43
59 60
62 61
71 62
62 63
62 64
51 49
62 66
62 67
71 68
68 69
72 34
68 53
32 24
26 25
31 26
26 27
24 20
29 21
21 22
24 23
47 46
49 47
51 44
44 45
29 28
34 29
41 40
56 41
0 1
7 0
4 3
0 2
4 5
9 4
11 7
7 6
11 9
9 8
73 51
38 39
62 65
56 38
74 73
73 72
72 71
68 70
72 59
56 58
20 11
11 10
11 13
11 12
11 15
11 14
11 17
11 16
20 19
11 18
34 31
31 30
38 37
35 36
56 35
53 52
32 33
56 55
34 32
56 57
49 50
