49
81
0
45 4
43 5
48 7
50 9
46 10
66 14
67 16
65 19
61 20
64 22
63 21
69 25
70 27
54 29
52 30
60 33
58 35
55 37
36 41
35 40
57 43
42 46
40 47
37 49
39 50
30 53
25 55
27 56
28 59
21 60
22 62
33 64
23 66
18 68
5 72
3 73
8 74
17 76
12 80
15 82
19 83
13 86
14 87
10 88
16 90
6 92
2 95
1 96
0 93
0 1
1 2
2 3
3 4
3 5
2 6
6 7
6 8
8 9
8 10
1 11
11 12
12 13
13 14
13 15
15 16
15 19
15 20
15 21
21 22
12 24
24 25
24 26
26 27
26 28
28 29
28 30
11 31
31 32
32 33
32 34
34 35
34 36
36 37
36 40
40 41
36 43
36 45
45 46
45 47
36 48
48 49
48 50
31 51
51 52
52 53
52 54
54 55
54 56
51 58
58 59
58 60
60 62
51 63
63 64
63 65
65 66
65 67
67 68
67 70
70 71
71 72
71 73
70 74
67 76
67 77
77 79
79 80
79 81
81 82
81 83
77 85
85 86
85 87
77 88
77 89
89 90
89 92
89 93
93 95
93 96
