465
799
0
528 6
527 8
525 9
573 11
532 15
530 16
533 17
522 19
524 20
582 21
596 24
598 25
599 26
579 31
569 33
567 37
571 38
568 39
570 40
594 41
437 45
439 46
430 50
429 51
427 52
431 53
459 59
463 60
574 61
453 63
460 65
451 67
450 68
577 70
465 72
462 74
448 75
578 82
456 83
454 84
576 85
445 88
443 89
467 91
446 93
447 94
464 98
466 99
441 101
442 102
457 103
433 106
436 108
435 109
468 110
590 115
585 119
589 120
583 121
587 123
588 124
592 125
508 132
509 133
506 134
511 135
476 138
470 139
473 143
475 144
469 147
474 148
471 149
481 151
478 153
479 155
477 157
480 158
520 159
496 164
490 165
488 166
516 168
514 171
517 174
513 175
486 179
487 180
518 181
495 182
515 183
485 188
484 190
482 191
504 192
493 198
491 199
499 200
497 201
501 203
502 204
503 205
500 206
559 214
558 216
556 217
562 218
561 219
554 220
551 224
553 225
291 233
290 234
289 235
292 236
275 239
283 240
282 240
306 244
305 245
233 248
178 251
176 252
193 254
199 256
194 260
196 261
198 263
197 264
195 265
202 267
204 268
163 277
165 279
167 280
169 281
166 282
154 284
152 286
155 287
160 288
158 289
156 292
162 293
159 294
137 299
143 300
135 303
136 304
133 306
139 307
93 317
94 318
8 320
6 321
89 323
86 324
95 327
48 328
46 329
91 333
88 334
36 337
34 338
37 339
1 345
0 346
65 347
33 351
31 352
64 353
66 354
96 355
92 356
24 359
29 362
30 363
25 364
26 367
27 368
28 369
16 373
14 374
97 376
90 377
42 380
41 382
38 383
40 384
4 390
61 391
5 391
62 394
2 398
3 399
60 400
19 403
17 404
59 405
20 407
22 409
23 410
55 415
56 416
53 417
52 418
54 421
98 422
57 423
81 427
79 428
82 430
107 431
117 435
99 440
101 441
12 445
9 448
11 449
67 450
51 453
69 454
71 457
70 458
49 460
50 461
118 462
116 464
108 466
110 466
109 469
115 471
113 473
83 475
111 477
85 478
121 482
122 484
119 485
77 488
76 489
74 491
45 493
78 495
72 498
43 500
75 501
73 502
128 503
125 505
126 508
102 510
104 512
105 513
127 515
129 517
106 518
147 523
132 525
130 526
148 527
149 529
145 530
140 533
142 534
144 535
179 540
190 543
181 545
172 548
170 549
182 550
188 552
173 556
175 557
187 558
184 561
183 562
191 565
185 566
186 569
192 570
189 571
201 573
200 574
208 579
207 580
205 581
240 582
254 584
222 586
223 587
303 596
345 597
212 600
248 602
250 603
281 606
280 607
277 609
279 610
344 616
343 617
348 618
346 619
549 621
349 622
326 625
325 625
329 629
547 635
544 637
550 638
315 640
316 640
317 643
319 644
320 644
548 649
308 651
307 652
545 653
546 654
347 656
350 657
273 659
271 660
318 662
299 664
297 665
210 670
213 672
214 673
236 674
234 676
235 677
288 679
286 684
287 685
296 686
251 689
252 690
285 692
284 693
247 695
245 696
265 700
262 702
261 703
221 707
220 708
263 710
264 711
219 714
217 715
266 716
311 718
322 719
259 723
228 726
230 727
231 728
243 730
242 732
244 733
270 736
267 739
268 740
269 741
227 744
226 745
224 746
541 749
330 755
331 756
332 757
334 758
340 759
327 761
339 764
338 765
294 767
293 768
357 772
359 773
323 778
354 779
355 779
358 783
356 784
258 788
215 790
216 791
239 793
237 794
255 796
257 797
360 798
534 804
540 805
353 807
351 808
537 809
542 813
342 815
363 818
362 820
361 821
543 822
538 824
535 825
539 828
336 829
300 832
301 833
365 834
366 834
312 839
313 840
536 841
565 842
401 850
388 851
402 852
375 854
394 857
391 861
395 862
389 864
373 866
386 867
387 867
392 870
378 875
399 877
397 878
376 881
390 882
398 883
369 886
385 888
367 891
382 892
384 893
400 894
379 896
381 897
421 898
408 902
406 903
409 904
416 905
403 909
405 910
410 913
422 914
418 915
419 916
425 919
423 920
413 922
370 926
372 927
414 928
415 929
0 1
1 2
2 3
3 4
4 5
5 6
5 7
7 8
7 9
4 10
10 11
10 12
12 13
13 14
14 15
14 16
13 17
12 18
18 19
18 20
3 21
2 22
22 23
23 24
23 25
22 26
1 27
27 28
28 29
29 30
30 31
30 32
32 33
32 34
34 36
36 37
36 38
34 39
34 40
29 41
28 42
42 43
43 44
44 45
44 46
43 47
47 48
48 49
49 50
49 51
48 52
47 53
42 54
54 56
56 58
58 59
58 60
56 61
56 63
56 64
64 65
64 66
66 67
66 68
54 69
69 70
69 71
71 72
71 73
73 74
73 75
54 76
76 78
78 80
80 81
81 82
81 83
80 84
78 85
78 86
86 87
87 88
87 89
86 91
86 92
92 93
92 94
76 95
95 97
97 98
97 99
95 100
100 101
100 102
95 103
76 104
104 105
105 106
105 107
107 108
107 109
104 110
27 111
111 112
112 113
113 114
114 115
114 116
116 117
117 119
117 120
117 121
116 122
122 123
122 124
113 125
112 126
126 127
127 128
128 129
129 130
130 131
131 132
131 133
130 134
129 135
128 136
136 138
136 139
136 142
142 143
142 144
136 146
146 147
146 148
136 149
136 150
150 151
150 152
152 153
152 155
152 156
156 157
156 158
127 159
126 160
160 161
161 162
162 163
163 164
163 165
162 166
161 167
167 168
167 169
169 170
170 171
170 172
172 173
173 174
173 175
172 176
176 177
177 178
178 179
178 180
177 181
176 182
169 183
160 184
184 185
185 186
186 187
187 188
187 189
189 190
189 191
186 192
185 194
194 195
195 196
196 198
196 199
196 200
195 201
194 202
202 203
202 204
185 205
184 206
111 207
207 208
208 209
209 210
210 211
211 212
212 213
213 214
213 215
215 216
215 217
212 218
211 219
210 220
209 221
221 222
222 223
223 224
223 225
222 226
226 227
227 228
228 229
229 230
230 233
230 234
230 235
230 236
229 237
237 239
237 240
237 244
237 245
228 246
246 247
247 248
247 249
249 250
250 251
250 252
249 253
253 254
253 255
255 256
255 257
257 259
259 260
259 261
257 263
257 264
257 265
246 266
266 267
266 268
227 269
269 270
270 272
272 273
273 274
274 276
276 277
276 278
278 279
278 280
274 281
274 282
273 283
283 284
283 285
285 286
285 287
272 288
270 289
270 290
290 291
291 292
291 293
290 294
269 295
295 297
297 298
298 299
298 300
297 301
301 302
302 303
302 304
301 306
301 307
295 308
308 309
309 311
311 313
313 314
314 315
315 317
315 318
315 319
319 320
319 321
314 322
322 323
322 324
313 325
325 326
326 327
326 328
325 329
311 331
331 332
332 333
332 334
331 335
335 336
336 337
336 338
335 339
311 340
340 342
342 344
344 345
344 346
342 347
342 350
350 351
350 352
342 353
342 354
340 355
340 356
311 357
357 358
358 359
358 360
360 362
360 363
360 364
357 365
365 366
366 367
366 368
365 369
309 370
370 371
371 373
371 374
371 376
371 377
370 380
370 381
381 382
381 383
370 384
309 385
385 386
386 387
387 388
388 389
389 390
389 391
388 394
387 396
396 397
397 398
397 399
396 400
387 401
401 402
402 403
402 404
401 405
386 406
406 407
406 409
406 410
385 411
411 412
412 414
414 415
414 416
412 417
412 418
411 419
419 421
419 422
419 423
308 425
425 427
425 428
425 430
425 431
308 434
434 435
434 436
436 438
438 439
439 440
439 441
438 442
442 443
443 444
444 445
444 446
446 448
446 449
446 450
443 452
452 453
452 454
443 455
455 457
455 458
455 459
459 460
459 461
442 462
436 463
463 464
463 465
465 466
465 469
436 471
436 473
436 474
474 475
474 477
474 478
308 479
479 481
481 482
481 483
483 484
483 485
479 486
486 487
487 488
487 489
486 491
486 493
486 495
486 497
497 498
497 500
497 501
486 502
479 503
308 504
504 505
504 506
506 507
507 508
507 509
509 510
509 511
511 512
511 513
506 514
514 515
514 516
516 517
516 518
295 520
520 521
521 522
522 523
522 524
524 525
524 526
521 527
520 528
528 529
528 530
295 531
531 532
532 533
532 534
531 535
226 536
536 537
537 538
538 539
539 540
539 543
539 544
544 545
544 546
546 547
547 548
547 549
546 550
539 552
539 553
553 555
555 556
555 557
553 558
553 559
559 560
560 561
560 562
559 564
564 565
564 566
559 568
568 569
568 570
559 571
538 572
572 573
572 574
537 575
575 576
576 577
577 579
577 580
577 581
576 582
575 583
583 584
583 585
585 586
585 587
536 589
589 592
592 593
593 594
594 595
595 596
595 597
594 598
598 599
599 600
599 602
599 603
598 604
604 605
605 606
605 607
604 608
608 609
608 610
593 611
611 612
612 613
613 614
614 615
615 616
615 617
614 618
613 619
612 620
620 621
620 622
611 625
625 629
611 630
630 631
631 634
634 635
634 637
634 638
631 639
639 640
639 643
631 644
631 648
648 649
648 650
650 651
650 652
631 653
630 654
611 655
655 656
655 657
592 658
658 659
658 660
589 661
661 662
661 663
663 664
663 665
589 666
666 667
667 669
669 670
669 671
671 672
671 673
667 674
667 675
675 676
675 677
666 678
678 679
678 680
680 681
681 682
682 683
683 684
683 685
682 686
681 687
687 688
688 689
688 690
687 692
687 693
680 694
694 695
694 696
589 697
697 698
698 700
698 701
701 702
701 703
698 706
706 707
706 708
698 709
709 710
709 711
698 712
712 714
712 715
712 716
697 717
717 718
717 719
536 720
720 721
721 722
722 723
722 724
724 725
725 726
725 727
724 728
721 729
729 730
729 731
731 732
731 733
720 734
734 736
734 737
737 738
738 739
738 740
737 741
734 742
742 743
743 744
743 745
742 746
221 747
747 749
747 750
750 751
751 752
752 753
753 754
754 755
754 756
753 757
752 758
751 759
750 760
760 761
760 762
762 763
763 764
763 765
762 766
766 767
766 768
747 770
770 772
770 773
770 775
775 776
776 777
777 778
777 779
776 782
782 783
782 784
775 785
785 787
787 788
787 789
789 790
789 791
785 792
792 793
792 794
785 795
795 796
795 797
770 798
747 799
799 800
800 801
801 803
803 804
803 805
801 806
806 807
806 808
801 809
800 812
812 813
812 815
812 816
816 817
817 818
817 820
817 821
816 822
800 823
823 824
823 825
800 827
827 828
827 829
800 830
830 831
831 832
831 833
830 834
799 837
837 838
838 839
838 840
837 841
208 842
207 843
843 844
844 846
846 847
847 849
849 850
849 851
847 852
847 854
847 855
855 856
856 857
856 859
859 860
860 861
860 862
859 864
859 865
865 866
865 867
856 870
855 872
872 874
874 875
874 876
876 877
876 878
872 879
879 880
880 881
880 882
879 883
872 886
872 887
887 888
887 889
889 891
889 892
889 893
872 894
855 895
895 896
895 897
846 898
844 899
899 900
900 902
900 903
900 904
899 905
844 907
907 908
908 909
908 910
907 912
912 913
912 914
907 915
844 916
843 917
917 918
918 919
918 920
917 921
921 922
921 924
924 925
925 926
925 927
924 928
921 929
