465
601
601
344 181
0 210
346 567
347 306
340 382
342 334
343 178
348 437
349 244
594 375
299 197
296 527
297 293
294 42
292 119
293 200
290 577
291 515
590 599
592 589
199 130
198 355
596 41
195 76
194 108
197 89
196 590
191 570
190 205
193 4
192 156
270 239
271 594
273 549
275 158
277 217
279 227
524 125
525 1
527 69
520 173
522 467
599 145
528 86
448 524
443 544
442 214
441 504
447 493
446 250
445 433
108 284
109 160
102 24
101 221
106 49
107 50
104 40
105 288
38 466
33 400
31 16
30 511
37 578
36 551
34 104
439 11
436 247
437 189
435 257
433 54
430 268
431 176
339 365
338 445
334 251
336 556
331 46
330 381
332 82
345 77
6 487
99 342
98 116
91 447
90 195
93 198
92 463
95 568
94 12
97 185
96 392
559 541
558 128
554 385
556 331
551 5
550 263
553 25
239 339
234 105
235 401
236 366
237 297
230 301
231 169
233 62
1 172
147 186
144 349
145 579
142 236
143 194
140 414
148 520
149 539
133 159
132 479
130 548
137 413
136 289
135 543
495 122
139 317
497 167
490 502
491 233
493 14
24 456
25 587
26 204
27 219
20 259
22 129
23 281
28 275
29 585
406 279
405 143
403 55
402 399
401 0
400 2
409 598
408 252
379 327
378 338
370 121
373 517
372 115
375 61
376 269
392 290
88 280
89 149
397 547
395 340
394 576
82 419
83 191
399 266
81 496
86 235
85 346
587 234
585 107
582 287
583 152
588 326
589 237
245 29
244 93
247 537
240 476
243 163
242 118
248 127
518 323
511 329
513 522
515 267
514 573
517 436
516 184
459 453
450 79
451 345
453 148
454 90
456 362
457 435
179 451
178 258
176 270
175 81
173 367
172 561
170 78
182 213
183 553
181 91
186 330
187 315
184 3
185 96
188 459
189 92
11 470
12 465
14 83
17 351
16 532
19 73
62 533
322 43
323 228
320 391
326 538
327 418
325 30
329 406
201 132
200 6
202 415
205 59
204 378
207 33
208 255
77 56
76 596
75 220
74 536
73 490
72 305
71 133
70 482
79 363
78 254
2 571
542 500
543 474
540 75
541 199
546 480
547 88
544 162
545 72
8 136
548 292
549 126
598 357
121 506
122 574
125 94
126 106
127 348
128 442
129 558
414 183
415 51
416 464
410 102
413 402
418 8
419 135
499 554
319 528
318 359
313 282
312 187
311 477
317 245
316 98
315 325
496 299
3 67
369 28
366 546
367 356
365 99
362 307
363 22
360 216
361 31
381 117
382 545
384 223
385 425
386 394
387 188
388 20
389 350
579 311
578 569
573 193
571 303
570 110
577 109
576 485
574 296
60 283
61 137
258 386
259 446
64 113
65 179
66 516
67 491
252 486
69 166
250 192
251 294
257 277
254 443
255 240
508 226
509 389
506 45
504 373
502 140
503 427
500 231
501 215
469 52
468 212
465 354
464 559
467 286
466 65
460 416
463 202
462 473
169 454
165 468
166 344
167 34
160 155
162 273
163 429
9 70
357 71
356 376
355 588
354 222
353 285
351 439
350 525
359 460
358 499
216 175
217 313
214 508
215 360
212 165
213 208
210 372
219 196
289 495
288 448
4 583
281 242
280 85
283 142
282 462
285 518
284 471
287 384
286 318
263 97
262 592
261 390
267 291
266 410
265 343
264 353
269 26
268 36
59 582
55 405
54 422
57 431
56 261
51 101
50 230
53 332
52 409
537 475
536 201
535 370
534 17
533 513
532 60
530 423
539 308
538 336
115 530
117 430
116 358
111 154
110 408
113 361
119 64
118 182
429 540
421 514
423 48
422 190
425 497
427 316
308 170
300 501
301 74
303 457
305 369
306 320
307 481
568 503
569 9
561 565
562 262
565 248
567 271
228 38
227 66
226 144
224 398
223 441
222 264
221 53
220 111
391 395
390 207
152 542
155 550
154 478
156 322
159 562
158 19
398 312
48 37
49 224
46 488
45 265
42 147
43 397
40 450
41 509
5 388
488 535
487 421
486 57
485 387
484 243
482 379
481 300
480 27
473 484
470 319
471 403
476 95
477 469
474 534
475 347
478 23
479 139
544 344
63 0
344 346
344 347
341 340
342 341
361 342
344 343
344 348
344 349
600 595
595 594
315 298
298 299
295 296
298 297
328 294
544 295
290 292
294 293
314 290
290 291
593 591
591 590
600 593
591 592
194 199
194 198
600 597
597 596
194 195
232 194
194 197
194 196
183 191
183 190
194 193
183 192
267 270
272 271
302 272
272 273
315 274
276 275
304 276
278 277
309 278
278 279
523 524
526 525
529 526
526 527
519 520
595 521
523 522
572 523
597 599
529 528
581 529
461 449
449 448
444 443
441 442
464 441
446 440
446 447
575 446
444 445
446 444
114 108
108 109
103 102
124 103
114 100
100 101
124 106
106 107
103 104
103 105
87 39
39 38
32 33
63 32
32 31
25 30
35 37
35 36
87 35
35 34
440 438
438 439
434 436
438 437
464 434
434 435
440 432
434 433
428 430
432 431
337 339
337 338
534 335
333 334
342 337
335 336
330 331
333 330
341 333
330 332
344 345
7 6
100 99
87 98
87 91
87 90
87 93
87 92
87 95
87 94
87 97
87 96
557 559
557 558
560 555
555 554
563 557
557 556
552 551
544 550
552 553
555 552
256 238
238 239
235 234
284 235
235 236
238 237
229 230
229 231
276 232
232 233
0 1
150 146
146 147
141 144
146 145
141 142
141 143
141 140
151 141
146 148
150 149
134 133
131 132
146 131
131 130
138 137
134 136
134 135
138 134
512 494
494 495
138 139
151 138
489 490
492 491
498 492
492 493
25 24
87 25
25 26
25 27
21 20
58 21
21 22
21 23
25 28
25 29
409 407
407 406
404 405
417 404
404 403
396 402
396 401
396 400
411 409
407 408
380 379
377 378
412 371
371 370
374 373
371 372
374 375
387 374
396 377
377 376
396 393
393 392
87 88
87 89
396 397
417 396
393 395
393 394
80 82
84 83
124 80
80 81
87 86
124 87
112 84
84 85
87 7
593 586
586 587
586 584
584 585
581 582
584 583
595 580
600 581
586 588
586 589
246 245
242 244
246 247
284 246
253 241
241 240
242 243
274 242
278 249
249 248
521 519
512 518
510 511
519 510
512 513
521 512
512 515
512 514
512 517
512 516
464 458
458 459
449 450
452 451
461 452
452 453
455 454
575 455
455 456
458 457
180 179
177 178
194 177
177 176
174 175
183 174
174 173
171 172
183 171
171 170
310 253
183 182
211 183
183 180
180 181
183 186
183 187
183 184
183 185
183 188
183 189
10 11
13 10
68 13
13 12
87 15
15 14
18 17
15 16
18 19
58 18
58 62
321 322
324 323
319 320
544 321
329 326
328 327
354 324
326 325
337 328
344 329
235 201
201 200
232 203
203 202
206 205
203 204
206 207
209 206
241 209
209 208
72 77
72 76
72 75
72 74
72 73
123 72
68 71
68 70
80 79
72 78
3 2
534 542
534 543
534 540
534 541
544 546
544 547
552 544
544 545
7 8
544 548
544 549
114 68
597 598
123 120
120 121
120 122
124 123
141 124
124 125
124 126
124 127
124 128
124 129
412 414
412 415
417 416
420 417
411 410
420 411
426 412
412 413
505 498
417 418
420 419
498 499
544 319
315 318
335 313
313 312
310 311
321 310
315 317
315 316
544 315
544 314
494 496
498 497
58 3
383 368
368 369
364 366
368 367
534 364
364 365
361 362
361 363
354 360
534 361
396 380
380 381
383 382
396 383
383 384
383 385
387 386
393 387
387 388
387 389
580 579
575 578
572 573
581 572
568 571
568 570
575 577
575 576
595 575
575 574
58 60
58 61
256 258
260 259
63 64
63 65
63 66
68 67
284 252
68 69
249 250
252 251
324 256
256 257
253 254
256 255
507 508
507 509
507 506
519 507
505 504
512 505
498 502
498 503
498 500
498 501
472 469
464 468
464 465
575 464
464 467
464 466
464 461
461 460
461 463
461 462
194 168
168 169
168 164
164 165
164 166
164 167
161 160
164 161
161 162
164 163
601 600
10 9
354 357
354 356
354 355
534 354
352 353
534 352
352 351
344 350
354 359
354 358
215 216
218 217
211 214
256 215
211 212
211 213
211 210
235 211
261 218
218 219
290 289
284 288
5 4
278 281
278 280
304 283
283 282
284 285
295 284
284 287
284 286
261 263
261 262
321 261
274 260
302 267
261 266
261 265
261 264
267 269
267 268
58 59
87 58
52 55
52 54
52 57
52 56
49 51
49 50
52 53
87 52
534 537
534 536
534 535
87 63
531 533
531 532
572 531
531 530
534 539
534 538
114 115
124 114
114 117
114 116
112 111
108 110
114 113
114 112
120 119
114 118
428 429
432 428
564 534
420 421
426 420
424 423
420 422
424 425
426 424
428 427
428 426
544 308
344 309
364 300
300 301
309 302
302 303
314 304
304 305
304 306
308 307
595 568
568 569
564 560
560 561
563 562
564 563
566 564
566 565
580 566
568 567
260 229
229 228
225 227
225 226
267 225
225 224
222 223
253 222
220 221
261 220
387 391
387 390
157 151
151 150
164 153
153 152
153 155
153 154
164 157
157 156
157 159
157 158
396 399
396 398
47 48
68 49
47 46
87 47
72 44
44 45
39 42
44 43
39 40
39 41
58 5
494 489
489 488
512 487
487 486
483 485
483 484
498 483
483 482
472 481
472 480
510 472
472 473
469 470
472 471
472 476
472 477
472 474
472 475
472 478
472 479
