465
601
601
344 435
0 540
346 447
347 24
340 182
342 480
343 102
348 357
349 410
594 334
299 6
296 83
297 392
294 330
292 484
293 413
290 548
291 471
590 1
592 427
199 347
198 183
596 567
195 358
194 549
197 460
196 268
191 539
190 208
193 445
192 592
270 207
271 48
273 501
275 294
277 166
279 561
524 397
525 336
527 317
520 28
522 318
599 41
528 184
448 482
443 137
442 228
441 270
447 311
446 53
445 251
108 331
109 64
102 115
101 62
106 459
107 508
104 97
105 488
38 338
33 542
31 474
30 485
37 590
36 382
34 45
439 313
436 31
437 414
435 537
433 281
430 454
431 385
339 495
338 476
334 327
336 343
331 587
330 577
332 473
345 344
6 546
99 79
98 27
91 25
90 82
93 76
92 441
95 2
94 556
97 105
96 535
559 237
558 234
554 59
556 91
551 384
550 378
553 376
239 394
234 504
235 50
236 517
237 418
230 499
231 490
233 240
1 421
147 70
144 514
145 487
142 422
143 173
140 267
148 470
149 75
133 401
132 61
130 598
137 451
136 72
135 362
495 121
139 186
497 22
490 36
491 582
493 37
24 578
25 5
26 583
27 379
20 220
22 196
23 430
28 353
29 243
406 300
405 40
403 269
402 373
401 4
400 167
409 185
408 42
379 247
378 429
370 372
373 405
372 527
375 78
376 345
392 271
88 400
89 204
397 569
395 127
394 221
82 93
83 159
399 520
81 205
86 279
85 599
587 443
585 125
582 162
583 467
588 201
589 230
245 518
244 265
247 250
240 175
243 116
242 248
248 389
518 363
511 369
513 464
515 297
514 122
517 147
516 149
459 189
450 259
451 365
453 77
454 524
456 11
457 197
179 219
178 573
176 33
175 545
173 98
172 340
170 544
182 257
183 169
181 541
186 126
187 511
184 104
185 543
188 530
189 88
11 216
12 312
14 419
17 193
16 20
19 550
62 554
322 442
323 67
320 475
326 315
327 56
325 465
329 106
201 570
200 350
202 466
205 320
204 301
207 135
208 406
77 148
76 133
75 236
74 90
73 381
72 49
71 579
70 355
79 254
78 291
2 284
542 585
543 282
540 26
541 479
546 199
547 277
544 223
545 158
8 299
548 17
549 288
598 99
121 145
122 290
125 283
126 506
127 348
128 66
129 285
414 306
415 255
416 367
410 515
413 457
418 227
419 565
499 200
319 375
318 65
313 96
312 231
311 136
317 496
316 179
315 513
496 456
3 215
369 553
366 551
367 129
365 415
362 342
363 142
360 346
361 448
381 74
382 478
384 12
385 323
386 140
387 547
388 160
389 108
579 516
578 194
573 217
571 533
570 187
577 213
576 307
574 111
60 3
61 409
258 154
259 322
64 439
65 29
66 402
67 491
252 351
69 522
250 170
251 502
257 576
254 139
255 366
508 532
509 289
506 436
504 292
502 416
503 433
500 446
501 191
469 117
468 305
465 55
464 534
467 503
466 165
460 245
463 113
462 52
169 214
165 332
166 19
167 156
160 296
162 264
163 360
9 92
357 262
356 386
355 391
354 559
353 408
351 30
350 242
359 387
358 8
216 110
217 188
214 190
215 130
212 14
213 212
210 588
219 263
289 398
288 144
4 235
281 86
280 293
283 450
282 286
285 525
284 319
287 152
286 71
263 95
262 94
261 16
267 500
266 181
265 252
264 0
269 107
268 54
59 143
55 528
54 23
57 486
56 266
51 354
50 128
53 589
52 85
537 558
536 303
535 399
534 423
533 509
532 224
530 477
539 594
538 453
115 596
117 462
116 51
111 73
110 536
113 568
119 9
118 356
429 370
421 222
423 431
422 326
425 481
427 210
308 562
300 119
301 571
303 359
305 425
306 361
307 468
568 118
569 437
561 198
562 469
565 349
567 101
228 226
227 258
226 239
224 109
223 38
222 69
221 176
220 89
391 339
390 34
152 574
155 497
154 308
156 395
159 132
158 43
398 388
48 163
49 178
46 244
45 192
42 60
43 275
40 202
41 538
5 233
488 261
487 403
486 280
485 316
484 463
482 81
481 329
480 390
473 172
470 195
471 46
476 287
477 273
474 325
475 57
478 155
479 493
544 344
63 0
344 346
344 347
341 340
342 341
361 342
344 343
344 348
344 349
600 595
595 594
315 298
298 299
295 296
298 297
328 294
544 295
290 292
294 293
314 290
290 291
593 591
591 590
600 593
591 592
194 199
194 198
600 597
597 596
194 195
232 194
194 197
194 196
183 191
183 190
194 193
183 192
267 270
272 271
302 272
272 273
315 274
276 275
304 276
278 277
309 278
278 279
523 524
526 525
529 526
526 527
519 520
595 521
523 522
572 523
597 599
529 528
581 529
461 449
449 448
444 443
441 442
464 441
446 440
446 447
575 446
444 445
446 444
114 108
108 109
103 102
124 103
114 100
100 101
124 106
106 107
103 104
103 105
87 39
39 38
32 33
63 32
32 31
25 30
35 37
35 36
87 35
35 34
440 438
438 439
434 436
438 437
464 434
434 435
440 432
434 433
428 430
432 431
337 339
337 338
534 335
333 334
342 337
335 336
330 331
333 330
341 333
330 332
344 345
7 6
100 99
87 98
87 91
87 90
87 93
87 92
87 95
87 94
87 97
87 96
557 559
557 558
560 555
555 554
563 557
557 556
552 551
544 550
552 553
555 552
256 238
238 239
235 234
284 235
235 236
238 237
229 230
229 231
276 232
232 233
0 1
150 146
146 147
141 144
146 145
141 142
141 143
141 140
151 141
146 148
150 149
134 133
131 132
146 131
131 130
138 137
134 136
134 135
138 134
512 494
494 495
138 139
151 138
489 490
492 491
498 492
492 493
25 24
87 25
25 26
25 27
21 20
58 21
21 22
21 23
25 28
25 29
409 407
407 406
404 405
417 404
404 403
396 402
396 401
396 400
411 409
407 408
380 379
377 378
412 371
371 370
374 373
371 372
374 375
387 374
396 377
377 376
396 393
393 392
87 88
87 89
396 397
417 396
393 395
393 394
80 82
84 83
124 80
80 81
87 86
124 87
112 84
84 85
87 7
593 586
586 587
586 584
584 585
581 582
584 583
595 580
600 581
586 588
586 589
246 245
242 244
246 247
284 246
253 241
241 240
242 243
274 242
278 249
249 248
521 519
512 518
510 511
519 510
512 513
521 512
512 515
512 514
512 517
512 516
464 458
458 459
449 450
452 451
461 452
452 453
455 454
575 455
455 456
458 457
180 179
177 178
194 177
177 176
174 175
183 174
174 173
171 172
183 171
171 170
310 253
183 182
211 183
183 180
180 181
183 186
183 187
183 184
183 185
183 188
183 189
10 11
13 10
68 13
13 12
87 15
15 14
18 17
15 16
18 19
58 18
58 62
321 322
324 323
319 320
544 321
329 326
328 327
354 324
326 325
337 328
344 329
235 201
201 200
232 203
203 202
206 205
203 204
206 207
209 206
241 209
209 208
72 77
72 76
72 75
72 74
72 73
123 72
68 71
68 70
80 79
72 78
3 2
534 542
534 543
534 540
534 541
544 546
544 547
552 544
544 545
7 8
544 548
544 549
114 68
597 598
123 120
120 121
120 122
124 123
141 124
124 125
124 126
124 127
124 128
124 129
412 414
412 415
417 416
420 417
411 410
420 411
426 412
412 413
505 498
417 418
420 419
498 499
544 319
315 318
335 313
313 312
310 311
321 310
315 317
315 316
544 315
544 314
494 496
498 497
58 3
383 368
368 369
364 366
368 367
534 364
364 365
361 362
361 363
354 360
534 361
396 380
380 381
383 382
396 383
383 384
383 385
387 386
393 387
387 388
387 389
580 579
575 578
572 573
581 572
568 571
568 570
575 577
575 576
595 575
575 574
58 60
58 61
256 258
260 259
63 64
63 65
63 66
68 67
284 252
68 69
249 250
252 251
324 256
256 257
253 254
256 255
507 508
507 509
507 506
519 507
505 504
512 505
498 502
498 503
498 500
498 501
472 469
464 468
464 465
575 464
464 467
464 466
464 461
461 460
461 463
461 462
194 168
168 169
168 164
164 165
164 166
164 167
161 160
164 161
161 162
164 163
601 600
10 9
354 357
354 356
354 355
534 354
352 353
534 352
352 351
344 350
354 359
354 358
215 216
218 217
211 214
256 215
211 212
211 213
211 210
235 211
261 218
218 219
290 289
284 288
5 4
278 281
278 280
304 283
283 282
284 285
295 284
284 287
284 286
261 263
261 262
321 261
274 260
302 267
261 266
261 265
261 264
267 269
267 268
58 59
87 58
52 55
52 54
52 57
52 56
49 51
49 50
52 53
87 52
534 537
534 536
534 535
87 63
531 533
531 532
572 531
531 530
534 539
534 538
114 115
124 114
114 117
114 116
112 111
108 110
114 113
114 112
120 119
114 118
428 429
432 428
564 534
420 421
426 420
424 423
420 422
424 425
426 424
428 427
428 426
544 308
344 309
364 300
300 301
309 302
302 303
314 304
304 305
304 306
308 307
595 568
568 569
564 560
560 561
563 562
564 563
566 564
566 565
580 566
568 567
260 229
229 228
225 227
225 226
267 225
225 224
222 223
253 222
220 221
261 220
387 391
387 390
157 151
151 150
164 153
153 152
153 155
153 154
164 157
157 156
157 159
157 158
396 399
396 398
47 48
68 49
47 46
87 47
72 44
44 45
39 42
44 43
39 40
39 41
58 5
494 489
489 488
512 487
487 486
483 485
483 484
498 483
483 482
472 481
472 480
510 472
472 473
469 470
472 471
472 476
472 477
472 474
472 475
472 478
472 479
