465
601
601
344 344
0 0
346 346
347 347
340 340
342 342
343 343
348 348
349 349
594 594
299 299
296 296
297 297
294 294
292 292
293 293
290 290
291 291
590 590
592 592
199 199
198 198
596 596
195 195
194 194
197 197
196 196
191 191
190 190
193 193
192 192
270 270
271 271
273 273
275 275
277 277
279 279
524 524
525 525
527 527
520 520
522 522
599 599
528 528
448 448
443 443
442 442
441 441
447 447
446 446
445 445
108 108
109 109
102 102
101 101
106 106
107 107
104 104
105 105
38 38
33 33
31 31
30 30
37 37
36 36
34 34
439 439
436 436
437 437
435 435
433 433
430 430
431 431
339 339
338 338
334 334
336 336
331 331
330 330
332 332
345 345
6 6
99 99
98 98
91 91
90 90
93 93
92 92
95 95
94 94
97 97
96 96
559 559
558 558
554 554
556 556
551 551
550 550
553 553
239 239
234 234
235 235
236 236
237 237
230 230
231 231
233 233
1 1
147 147
144 144
145 145
142 142
143 143
140 140
148 148
149 149
133 133
132 132
130 130
137 137
136 136
135 135
495 495
139 139
497 497
490 490
491 491
493 493
24 24
25 25
26 26
27 27
20 20
22 22
23 23
28 28
29 29
406 406
405 405
403 403
402 402
401 401
400 400
409 409
408 408
379 379
378 378
370 370
373 373
372 372
375 375
376 376
392 392
88 88
89 89
397 397
395 395
394 394
82 82
83 83
399 399
81 81
86 86
85 85
587 587
585 585
582 582
583 583
588 588
589 589
245 245
244 244
247 247
240 240
243 243
242 242
248 248
518 518
511 511
513 513
515 515
514 514
517 517
516 516
459 459
450 450
451 451
453 453
454 454
456 456
457 457
179 179
178 178
176 176
175 175
173 173
172 172
170 170
182 182
183 183
181 181
186 186
187 187
184 184
185 185
188 188
189 189
11 11
12 12
14 14
17 17
16 16
19 19
62 62
322 322
323 323
320 320
326 326
327 327
325 325
329 329
201 201
200 200
202 202
205 205
204 204
207 207
208 208
77 77
76 76
75 75
74 74
73 73
72 72
71 71
70 70
79 79
78 78
2 2
542 542
543 543
540 540
541 541
546 546
547 547
544 544
545 545
8 8
548 548
549 549
598 598
121 121
122 122
125 125
126 126
127 127
128 128
129 129
414 414
415 415
416 416
410 410
413 413
418 418
419 419
499 499
319 319
318 318
313 313
312 312
311 311
317 317
316 316
315 315
496 496
3 3
369 369
366 366
367 367
365 365
362 362
363 363
360 360
361 361
381 381
382 382
384 384
385 385
386 386
387 387
388 388
389 389
579 579
578 578
573 573
571 571
570 570
577 577
576 576
574 574
60 60
61 61
258 258
259 259
64 64
65 65
66 66
67 67
252 252
69 69
250 250
251 251
257 257
254 254
255 255
508 508
509 509
506 506
504 504
502 502
503 503
500 500
501 501
469 469
468 468
465 465
464 464
467 467
466 466
460 460
463 463
462 462
169 169
165 165
166 166
167 167
160 160
162 162
163 163
9 9
357 357
356 356
355 355
354 354
353 353
351 351
350 350
359 359
358 358
216 216
217 217
214 214
215 215
212 212
213 213
210 210
219 219
289 289
288 288
4 4
281 281
280 280
283 283
282 282
285 285
284 284
287 287
286 286
263 263
262 262
261 261
267 267
266 266
265 265
264 264
269 269
268 268
59 59
55 55
54 54
57 57
56 56
51 51
50 50
53 53
52 52
537 537
536 536
535 535
534 534
533 533
532 532
530 530
539 539
538 538
115 115
117 117
116 116
111 111
110 110
113 113
119 119
118 118
429 429
421 421
423 423
422 422
425 425
427 427
308 308
300 300
301 301
303 303
305 305
306 306
307 307
568 568
569 569
561 561
562 562
565 565
567 567
228 228
227 227
226 226
224 224
223 223
222 222
221 221
220 220
391 391
390 390
152 152
155 155
154 154
156 156
159 159
158 158
398 398
48 48
49 49
46 46
45 45
42 42
43 43
40 40
41 41
5 5
488 488
487 487
486 486
485 485
484 484
482 482
481 481
480 480
473 473
470 470
471 471
476 476
477 477
474 474
475 475
478 478
479 479
544 344
63 0
344 346
344 347
341 340
342 341
361 342
344 343
344 348
344 349
600 595
595 594
315 298
298 299
295 296
298 297
328 294
544 295
290 292
294 293
314 290
290 291
593 591
591 590
600 593
591 592
194 199
194 198
600 597
597 596
194 195
232 194
194 197
194 196
183 191
183 190
194 193
183 192
267 270
272 271
302 272
272 273
315 274
276 275
304 276
278 277
309 278
278 279
523 524
526 525
529 526
526 527
519 520
595 521
523 522
572 523
597 599
529 528
581 529
461 449
449 448
444 443
441 442
464 441
446 440
446 447
575 446
444 445
446 444
114 108
108 109
103 102
124 103
114 100
100 101
124 106
106 107
103 104
103 105
87 39
39 38
32 33
63 32
32 31
25 30
35 37
35 36
87 35
35 34
440 438
438 439
434 436
438 437
464 434
434 435
440 432
434 433
428 430
432 431
337 339
337 338
534 335
333 334
342 337
335 336
330 331
333 330
341 333
330 332
344 345
7 6
100 99
87 98
87 91
87 90
87 93
87 92
87 95
87 94
87 97
87 96
557 559
557 558
560 555
555 554
563 557
557 556
552 551
544 550
552 553
555 552
256 238
238 239
235 234
284 235
235 236
238 237
229 230
229 231
276 232
232 233
0 1
150 146
146 147
141 144
146 145
141 142
141 143
141 140
151 141
146 148
150 149
134 133
131 132
146 131
131 130
138 137
134 136
134 135
138 134
512 494
494 495
138 139
151 138
489 490
492 491
498 492
492 493
25 24
87 25
25 26
25 27
21 20
58 21
21 22
21 23
25 28
25 29
409 407
407 406
404 405
417 404
404 403
396 402
396 401
396 400
411 409
407 408
380 379
377 378
412 371
371 370
374 373
371 372
374 375
387 374
396 377
377 376
396 393
393 392
87 88
87 89
396 397
417 396
393 395
393 394
80 82
84 83
124 80
80 81
87 86
124 87
112 84
84 85
87 7
593 586
586 587
586 584
584 585
581 582
584 583
595 580
600 581
586 588
586 589
246 245
242 244
246 247
284 246
253 241
241 240
242 243
274 242
278 249
249 248
521 519
512 518
510 511
519 510
512 513
521 512
512 515
512 514
512 517
512 516
464 458
458 459
449 450
452 451
461 452
452 453
455 454
575 455
455 456
458 457
180 179
177 178
194 177
177 176
174 175
183 174
174 173
171 172
183 171
171 170
310 253
183 182
211 183
183 180
180 181
183 186
183 187
183 184
183 185
183 188
183 189
10 11
13 10
68 13
13 12
87 15
15 14
18 17
15 16
18 19
58 18
58 62
321 322
324 323
319 320
544 321
329 326
328 327
354 324
326 325
337 328
344 329
235 201
201 200
232 203
203 202
206 205
203 204
206 207
209 206
241 209
209 208
72 77
72 76
72 75
72 74
72 73
123 72
68 71
68 70
80 79
72 78
3 2
534 542
534 543
534 540
534 541
544 546
544 547
552 544
544 545
7 8
544 548
544 549
114 68
597 598
123 120
120 121
120 122
124 123
141 124
124 125
124 126
124 127
124 128
124 129
412 414
412 415
417 416
420 417
411 410
420 411
426 412
412 413
505 498
417 418
420 419
498 499
544 319
315 318
335 313
313 312
310 311
321 310
315 317
315 316
544 315
544 314
494 496
498 497
58 3
383 368
368 369
364 366
368 367
534 364
364 365
361 362
361 363
354 360
534 361
396 380
380 381
383 382
396 383
383 384
383 385
387 386
393 387
387 388
387 389
580 579
575 578
572 573
581 572
568 571
568 570
575 577
575 576
595 575
575 574
58 60
58 61
256 258
260 259
63 64
63 65
63 66
68 67
284 252
68 69
249 250
252 251
324 256
256 257
253 254
256 255
507 508
507 509
507 506
519 507
505 504
512 505
498 502
498 503
498 500
498 501
472 469
464 468
464 465
575 464
464 467
464 466
464 461
461 460
461 463
461 462
194 168
168 169
168 164
164 165
164 166
164 167
161 160
164 161
161 162
164 163
601 600
10 9
354 357
354 356
354 355
534 354
352 353
534 352
352 351
344 350
354 359
354 358
215 216
218 217
211 214
256 215
211 212
211 213
211 210
235 211
261 218
218 219
290 289
284 288
5 4
278 281
278 280
304 283
283 282
284 285
295 284
284 287
284 286
261 263
261 262
321 261
274 260
302 267
261 266
261 265
261 264
267 269
267 268
58 59
87 58
52 55
52 54
52 57
52 56
49 51
49 50
52 53
87 52
534 537
534 536
534 535
87 63
531 533
531 532
572 531
531 530
534 539
534 538
114 115
124 114
114 117
114 116
112 111
108 110
114 113
114 112
120 119
114 118
428 429
432 428
564 534
420 421
426 420
424 423
420 422
424 425
426 424
428 427
428 426
544 308
344 309
364 300
300 301
309 302
302 303
314 304
304 305
304 306
308 307
595 568
568 569
564 560
560 561
563 562
564 563
566 564
566 565
580 566
568 567
260 229
229 228
225 227
225 226
267 225
225 224
222 223
253 222
220 221
261 220
387 391
387 390
157 151
151 150
164 153
153 152
153 155
153 154
164 157
157 156
157 159
157 158
396 399
396 398
47 48
68 49
47 46
87 47
72 44
44 45
39 42
44 43
39 40
39 41
58 5
494 489
489 488
512 487
487 486
483 485
483 484
498 483
483 482
472 481
472 480
510 472
472 473
469 470
472 471
472 476
472 477
472 474
472 475
472 478
472 479
