460
596
596
0 0
346 346
347 347
340 340
341 341
343 343
299 299
296 296
297 297
294 294
295 295
292 292
293 293
290 290
291 291
591 591
592 592
199 199
594 594
195 195
197 197
196 196
191 191
190 190
193 193
192 192
270 270
271 271
273 273
275 275
276 276
278 278
279 279
525 525
526 526
520 520
521 521
523 523
528 528
529 529
448 448
443 443
442 442
441 441
440 440
447 447
446 446
444 444
108 108
109 109
102 102
103 103
100 100
106 106
105 105
39 39
38 38
33 33
32 32
31 31
36 36
35 35
438 438
439 439
437 437
434 434
435 435
432 432
433 433
430 430
339 339
335 335
334 334
337 337
331 331
330 330
333 333
332 332
345 345
6 6
99 99
98 98
91 91
90 90
93 93
95 95
94 94
96 96
559 559
558 558
555 555
554 554
557 557
556 556
551 551
550 550
553 553
552 552
238 238
234 234
235 235
237 237
230 230
232 232
146 146
147 147
144 144
145 145
142 142
143 143
140 140
141 141
148 148
149 149
133 133
132 132
131 131
130 130
498 498
136 136
135 135
134 134
494 494
495 495
139 139
138 138
490 490
491 491
492 492
25 25
26 26
27 27
20 20
22 22
23 23
28 28
29 29
407 407
405 405
404 404
402 402
401 401
408 408
379 379
371 371
373 373
372 372
374 374
377 377
376 376
392 392
88 88
390 390
397 397
396 396
395 395
394 394
83 83
80 80
81 81
86 86
84 84
85 85
7 7
584 584
585 585
582 582
580 580
581 581
588 588
589 589
244 244
247 247
246 246
241 241
240 240
243 243
249 249
518 518
510 510
513 513
512 512
515 515
516 516
458 458
459 459
451 451
452 452
454 454
455 455
456 456
179 179
178 178
177 177
176 176
174 174
173 173
171 171
170 170
253 253
182 182
180 180
181 181
186 186
187 187
184 184
185 185
189 189
11 11
10 10
13 13
12 12
15 15
14 14
17 17
16 16
19 19
62 62
322 322
323 323
320 320
321 321
326 326
327 327
324 324
325 325
328 328
329 329
200 200
203 203
202 202
205 205
206 206
208 208
77 77
76 76
75 75
74 74
73 73
72 72
71 71
70 70
79 79
78 78
542 542
543 543
540 540
541 541
546 546
547 547
544 544
545 545
8 8
549 549
68 68
120 120
121 121
123 123
125 125
127 127
128 128
2 2
414 414
415 415
417 417
410 410
411 411
413 413
418 418
419 419
499 499
319 319
313 313
312 312
310 310
317 317
316 316
315 315
314 314
497 497
3 3
368 368
369 369
366 366
364 364
365 365
363 363
360 360
361 361
380 380
382 382
383 383
386 386
387 387
388 388
389 389
579 579
578 578
573 573
572 572
571 571
570 570
577 577
576 576
575 575
574 574
60 60
61 61
258 258
259 259
64 64
65 65
66 66
67 67
252 252
69 69
250 250
256 256
255 255
509 509
506 506
507 507
504 504
503 503
500 500
501 501
469 469
465 465
464 464
467 467
466 466
461 461
460 460
463 463
462 462
168 168
169 169
165 165
166 166
160 160
162 162
163 163
9 9
357 357
356 356
355 355
353 353
352 352
350 350
359 359
217 217
214 214
215 215
212 212
213 213
210 210
211 211
218 218
289 289
288 288
4 4
281 281
283 283
282 282
285 285
284 284
287 287
286 286
263 263
261 261
267 267
266 266
264 264
268 268
58 58
55 55
54 54
57 57
51 51
50 50
52 52
537 537
536 536
63 63
533 533
531 531
530 530
539 539
538 538
115 115
114 114
117 117
110 110
113 113
112 112
118 118
429 429
534 534
421 421
423 423
422 422
424 424
427 427
426 426
308 308
309 309
300 300
301 301
303 303
304 304
305 305
306 306
568 568
569 569
560 560
561 561
562 562
563 563
564 564
566 566
567 567
229 229
228 228
227 227
226 226
225 225
224 224
223 223
222 222
220 220
151 151
150 150
153 153
155 155
157 157
156 156
159 159
399 399
398 398
48 48
46 46
47 47
44 44
42 42
43 43
40 40
5 5
489 489
487 487
486 486
485 485
484 484
481 481
480 480
472 472
473 473
470 470
477 477
475 475
478 478
348 344
1 0
347 346
358 347
358 340
340 341
348 342
344 343
349 348
361 349
596 595
595 594
313 298
298 299
282 296
298 297
282 294
282 295
282 292
282 293
282 290
282 291
590 591
593 590
596 593
593 592
198 199
211 198
194 195
231 194
198 197
194 196
188 191
188 190
188 193
188 192
269 270
272 271
282 272
272 273
282 274
274 275
277 276
327 277
277 278
280 279
535 524
524 525
527 526
535 527
519 520
522 521
527 522
524 523
527 528
527 529
450 449
449 448
436 443
436 442
436 441
436 440
445 447
445 446
449 445
445 444
107 108
107 109
101 102
104 103
97 100
107 101
107 106
126 107
122 104
104 105
37 39
37 38
30 33
30 32
30 31
62 30
62 37
34 36
34 35
62 34
436 438
436 439
445 436
436 437
431 434
436 435
431 432
431 433
431 430
436 431
338 339
349 338
336 335
327 334
336 337
351 336
327 331
327 330
327 333
327 332
344 345
5 6
97 99
97 98
92 91
89 90
92 93
124 92
92 95
92 94
107 97
97 96
551 559
551 558
551 555
551 554
551 557
551 556
567 551
551 550
551 553
551 552
239 238
282 239
233 234
236 235
282 236
236 237
231 230
274 231
233 232
242 233
62 1
137 146
137 147
137 144
137 145
137 142
137 143
137 140
137 141
137 148
137 149
129 133
129 132
129 131
129 130
152 137
137 136
129 135
129 134
493 494
496 495
137 139
137 138
488 490
488 491
493 492
548 493
37 24
24 25
24 26
62 27
21 20
62 21
21 22
24 23
27 28
30 29
406 407
436 406
406 405
403 404
436 403
403 402
400 401
436 400
436 409
409 408
378 379
387 378
370 371
384 370
370 373
370 372
567 375
375 374
378 377
375 376
551 393
393 392
87 88
101 89
393 397
393 396
393 395
393 394
85 82
82 83
62 80
82 81
87 86
101 87
85 84
137 85
5 7
595 586
596 587
583 584
583 585
583 582
586 583
576 580
576 581
587 588
590 589
254 245
245 244
248 247
245 246
242 241
239 240
242 243
282 242
248 249
282 248
522 519
517 518
519 511
511 510
514 513
511 512
514 515
535 514
522 517
517 516
457 458
460 459
453 450
450 451
450 452
488 453
453 454
453 455
457 456
466 457
175 179
175 178
175 177
175 176
194 175
175 174
172 173
175 172
172 171
167 170
254 253
183 182
211 183
175 180
175 181
209 186
188 187
183 184
186 185
211 188
188 189
34 11
8 10
14 13
11 12
14 15
27 14
18 17
14 16
18 19
37 18
89 62
318 322
318 323
318 320
318 321
327 326
338 327
342 324
324 325
327 328
327 329
211 201
201 200
204 203
201 202
204 205
211 204
221 207
207 206
211 209
207 208
62 77
62 76
62 75
62 74
62 73
62 72
62 71
62 70
62 79
62 78
1 2
541 542
541 543
541 540
587 541
541 546
548 547
541 544
541 545
14 8
595 548
548 549
62 68
119 120
119 121
137 122
122 123
137 124
124 125
137 126
126 127
129 128
137 129
412 414
416 415
436 416
416 417
409 410
412 411
436 412
412 413
496 498
416 418
420 419
496 499
318 319
327 318
327 313
313 312
327 311
311 310
318 317
313 316
313 315
313 314
548 496
496 497
62 3
367 368
370 369
367 366
551 367
551 364
364 365
576 362
362 363
358 360
362 361
381 380
551 381
381 382
384 383
385 384
391 385
385 386
551 387
551 388
388 389
576 579
576 578
567 573
567 572
567 571
567 570
576 577
586 576
576 575
567 574
59 60
62 61
257 258
260 259
62 64
62 65
62 66
62 67
251 252
62 69
251 250
262 251
257 256
265 257
260 254
254 255
522 508
508 509
505 506
508 507
505 504
535 505
541 502
502 503
496 500
502 501
468 469
488 468
460 465
460 464
468 467
471 466
460 461
476 460
460 463
460 462
167 168
167 169
167 164
164 165
167 166
175 167
161 160
211 161
161 162
164 163
8 9
358 357
354 356
354 355
362 354
354 353
351 352
361 351
349 350
358 359
362 358
221 216
216 217
211 214
216 215
211 212
211 213
209 210
274 211
219 218
242 219
282 289
282 288
3 4
280 281
311 280
282 283
313 282
282 285
282 284
282 287
282 286
272 263
265 262
262 261
265 260
265 267
265 266
282 265
263 264
313 269
269 268
87 59
59 58
56 55
53 54
56 57
89 56
49 51
49 50
62 53
53 52
535 537
535 536
595 535
62 63
532 533
535 532
532 531
527 530
535 539
535 538
116 115
113 114
116 117
126 116
137 111
111 110
137 113
111 112
137 119
119 118
428 429
436 428
535 534
420 421
436 420
436 423
423 422
436 425
425 424
428 427
425 426
307 308
307 309
298 300
302 301
313 302
302 303
342 304
304 305
307 306
313 307
567 568
567 569
551 560
551 561
551 562
551 563
565 564
567 565
565 566
583 567
221 229
221 228
221 227
221 226
221 225
221 224
221 223
221 222
251 221
219 220
551 391
391 390
152 151
137 150
154 153
154 152
154 155
172 154
158 157
154 156
158 159
175 158
400 399
393 398
49 48
62 49
45 46
45 47
45 44
62 45
41 42
41 43
41 40
89 41
14 5
488 489
548 488
488 487
488 486
486 485
483 484
488 483
488 482
482 481
479 480
471 472
474 473
471 470
548 471
482 476
476 477
476 474
474 475
479 478
483 479
