476
951
0
663 2
658 4
657 7
659 9
660 10
648 14
646 15
662 16
655 18
653 26
654 27
645 29
636 32
639 33
641 34
650 35
638 37
633 39
631 40
642 41
628 43
630 44
585 49
583 50
586 51
588 53
567 58
569 59
557 61
554 65
548 66
542 73
538 74
540 75
541 76
547 78
545 79
552 81
550 82
561 85
556 86
553 87
559 91
555 92
544 94
543 95
551 98
558 99
560 100
574 101
563 107
566 108
564 111
535 113
537 114
534 117
532 118
565 119
572 121
578 122
570 124
581 125
580 127
576 128
635 130
626 135
625 136
620 138
622 139
501 142
498 145
502 146
500 147
616 148
608 152
610 153
615 156
611 157
613 159
618 160
601 164
603 165
605 167
595 174
594 175
598 177
597 178
596 179
515 182
519 183
517 184
531 186
529 187
599 188
476 193
358 198
466 199
348 201
349 202
467 205
464 206
360 210
361 211
362 212
468 213
489 219
485 221
497 222
488 224
492 226
491 227
478 228
490 229
483 231
473 234
471 235
480 236
440 240
439 243
437 244
430 246
432 247
449 250
450 253
447 254
451 255
452 256
435 259
433 261
415 265
413 266
429 269
425 270
427 272
428 273
394 279
393 281
391 282
370 284
372 285
412 290
409 292
411 295
407 296
375 298
373 299
376 300
410 301
390 305
385 307
383 308
368 311
367 313
365 314
369 315
406 318
380 322
388 323
387 324
382 325
403 327
401 330
405 331
404 332
420 335
421 336
418 338
416 339
424 341
422 343
399 346
398 347
396 349
378 351
379 352
441 353
512 361
510 362
514 363
591 365
592 366
525 372
527 373
528 375
521 376
506 378
522 379
507 381
509 382
524 384
526 386
593 388
523 390
504 391
481 393
493 394
487 396
495 397
444 406
459 407
445 409
352 412
354 413
446 414
457 415
460 416
469 418
470 419
357 422
350 424
355 426
351 427
463 428
461 429
311 432
309 433
338 437
363 440
364 441
334 442
336 443
339 445
337 446
252 450
254 451
259 458
258 459
270 461
289 463
290 464
229 468
231 469
223 476
208 478
206 479
234 481
232 482
237 483
236 485
239 486
240 488
238 489
230 490
235 491
243 495
241 496
249 497
246 499
248 500
257 504
255 505
218 510
251 511
228 514
225 515
216 516
213 519
215 520
210 524
209 525
212 527
211 528
227 529
301 530
220 533
222 534
296 536
298 538
299 539
324 546
326 547
346 548
244 551
245 552
343 554
344 555
274 559
345 561
342 562
285 564
283 565
271 567
272 568
263 572
318 576
317 577
313 579
265 580
322 583
323 584
321 587
316 588
315 590
320 591
454 596
347 597
275 600
277 602
455 603
341 604
456 605
279 607
331 610
333 612
306 614
281 617
282 618
307 620
305 621
293 623
292 625
260 627
262 629
261 630
330 632
329 634
327 635
268 640
266 641
288 644
286 645
294 647
295 648
319 649
302 651
304 652
180 657
182 658
191 662
192 663
185 664
179 666
176 667
184 669
178 671
162 676
160 677
166 678
157 680
155 681
152 689
150 690
153 692
154 693
137 695
124 699
105 701
107 702
131 703
129 704
89 711
87 712
85 715
88 716
83 717
81 718
79 719
86 721
82 723
78 725
76 726
112 732
116 733
48 734
84 738
121 739
114 740
46 741
118 745
47 746
122 749
92 752
93 753
91 756
90 757
31 759
33 760
50 764
58 766
113 767
117 770
115 771
119 772
120 774
110 776
111 777
108 779
123 781
44 782
64 787
65 789
66 790
95 791
2 794
4 795
15 799
13 800
0 802
1 803
16 805
5 807
6 808
67 810
70 814
69 815
7 818
9 819
24 821
26 823
27 824
12 826
10 827
60 828
132 831
134 833
127 835
30 837
28 838
136 842
37 845
34 846
36 847
159 848
42 855
63 856
61 857
41 860
40 861
39 863
43 865
38 866
72 867
99 871
101 873
103 876
100 877
18 879
20 880
57 883
56 885
54 886
96 888
102 889
98 890
169 892
75 897
73 898
23 900
21 901
146 902
148 906
149 907
53 910
51 911
126 912
144 913
171 917
174 918
173 920
170 921
142 924
140 925
165 927
163 929
143 930
200 933
187 935
189 936
201 938
199 940
193 943
197 946
195 947
205 949
203 950
202 951
0 1
1 2
1 3
3 4
3 5
5 6
6 7
6 8
8 9
8 10
5 11
11 12
12 13
13 14
13 15
12 16
11 17
17 18
17 19
19 20
20 21
21 22
22 23
23 24
24 25
25 26
25 27
24 28
28 29
28 30
30 31
31 32
31 33
30 34
23 35
22 36
36 37
36 38
38 39
38 40
21 41
20 42
42 43
42 44
19 45
45 46
46 47
47 48
48 49
48 50
47 51
46 52
52 53
52 54
54 55
55 56
56 57
57 58
57 59
56 60
60 61
60 62
62 63
63 64
64 65
64 66
63 67
67 68
68 69
69 70
70 71
71 72
72 73
72 74
71 75
70 76
69 77
77 78
77 79
68 80
80 81
80 82
67 83
83 84
84 85
84 86
83 87
62 88
88 89
89 90
90 91
90 92
89 93
93 94
93 95
88 96
96 97
97 98
97 99
96 100
55 101
54 102
102 103
103 104
104 105
105 106
106 107
106 108
105 109
109 110
110 111
110 112
112 113
112 114
109 115
115 116
116 117
116 118
115 119
104 120
120 121
120 122
103 123
123 124
123 125
102 126
126 127
126 128
45 129
129 130
129 131
131 132
132 133
133 134
134 135
134 136
133 137
137 138
137 139
132 140
140 141
141 142
141 143
143 144
144 145
144 146
143 147
140 148
131 149
149 150
150 151
151 152
151 153
150 154
154 155
155 156
155 157
154 158
158 159
158 160
149 161
161 162
162 163
163 164
163 165
162 166
166 167
166 168
168 169
169 170
170 171
171 172
172 173
173 174
173 175
172 176
176 177
176 178
171 179
170 180
180 181
181 182
181 183
180 184
169 185
185 186
185 187
168 188
161 189
189 190
190 191
191 192
192 193
192 194
194 195
195 196
196 197
197 198
197 199
196 200
200 201
200 202
195 203
203 204
204 205
204 206
203 207
207 208
208 209
209 210
209 211
208 212
207 213
194 214
214 215
215 216
216 217
217 218
218 219
218 220
220 221
220 222
217 223
223 224
223 225
225 226
225 227
216 228
215 229
214 230
230 231
230 232
232 233
233 234
233 235
232 236
191 237
237 238
238 239
239 240
239 241
241 242
242 243
242 244
241 245
245 246
245 247
238 248
248 249
249 250
249 251
251 252
252 253
252 254
251 255
248 256
237 257
257 258
258 259
258 260
260 261
260 262
262 263
263 264
264 265
264 266
263 267
267 268
268 269
268 270
267 271
271 272
271 273
262 274
274 275
275 276
276 277
277 278
278 279
278 280
280 281
280 282
277 283
283 284
283 285
276 286
286 287
287 288
288 289
289 290
289 291
291 292
291 293
293 294
294 295
294 296
293 297
297 298
297 299
288 300
287 301
286 302
302 303
303 304
304 305
304 306
306 307
306 308
303 309
309 310
310 311
310 312
312 313
312 314
309 315
302 316
316 317
317 318
317 319
319 320
320 321
321 322
321 323
320 324
319 325
316 326
326 327
326 328
328 329
329 330
329 331
328 332
275 333
333 334
334 335
334 336
333 337
337 338
337 339
274 340
340 341
340 342
342 343
342 344
344 345
345 346
345 347
344 348
348 349
348 350
350 351
350 352
257 353
190 354
354 355
355 356
356 357
357 358
358 359
359 360
360 361
360 362
359 363
358 364
364 365
364 366
357 367
367 368
368 369
369 370
370 371
371 372
371 373
370 374
374 375
374 376
369 377
377 378
377 379
368 380
380 381
380 382
367 383
383 384
383 385
385 386
385 387
387 388
387 389
389 390
389 391
356 392
392 393
392 394
355 395
395 396
395 397
354 398
398 399
399 400
400 401
401 402
402 403
403 404
404 405
405 406
405 407
404 408
408 409
408 410
410 411
411 412
411 413
410 414
403 415
402 416
401 417
417 418
417 419
400 420
420 421
421 422
421 423
423 424
423 425
425 426
425 427
420 428
399 429
398 430
430 431
431 432
431 433
430 434
434 435
435 436
436 437
436 438
438 439
439 440
439 441
438 442
435 443
434 444
444 445
444 446
189 447
447 448
448 449
449 450
449 451
448 452
452 453
453 454
454 455
455 456
456 457
457 458
457 459
456 460
460 461
460 462
462 463
462 464
455 465
465 466
466 467
467 468
467 469
466 470
470 471
471 472
472 473
473 474
474 475
475 476
475 477
477 478
477 479
474 480
480 481
480 482
473 483
472 484
484 485
484 486
471 487
487 488
487 489
470 490
465 491
454 492
492 493
493 494
494 495
494 496
493 497
492 498
498 499
498 500
453 501
501 502
502 503
503 504
503 505
502 506
506 507
507 508
508 509
509 510
509 511
508 512
512 513
513 514
513 515
512 516
507 517
517 518
518 519
518 520
517 521
521 522
522 523
523 524
523 525
522 526
526 527
526 528
521 529
506 530
501 531
531 532
532 533
532 534
531 535
535 536
535 537
537 538
537 539
452 540
540 541
541 542
542 543
543 544
544 545
545 546
545 547
544 548
543 549
549 550
550 551
550 552
549 553
553 554
553 555
542 556
556 557
557 558
558 559
558 560
560 561
560 562
557 563
563 564
563 565
556 566
566 567
566 568
541 569
569 570
570 571
571 572
571 573
573 574
574 575
575 576
575 577
574 578
578 579
578 580
573 581
581 582
582 583
582 584
581 585
585 586
586 587
586 588
585 589
589 590
589 591
570 592
592 593
593 594
594 595
595 596
595 597
594 598
598 599
599 600
599 601
601 602
601 603
598 604
593 605
592 606
606 607
606 608
608 609
609 610
609 611
611 612
611 613
613 614
613 615
615 616
616 617
616 618
615 619
619 620
619 621
608 622
622 623
622 624
624 625
624 626
626 627
626 628
628 629
628 630
569 631
631 632
631 633
633 634
633 635
540 636
636 637
637 638
638 639
639 640
639 641
638 642
642 643
643 644
643 645
642 646
646 647
646 648
637 649
636 650
650 651
650 652
447 653
653 654
654 655
655 656
656 657
656 658
655 659
659 660
660 661
661 662
661 663
660 664
659 665
665 666
665 667
654 668
668 669
668 670
670 671
670 672
672 673
673 674
674 675
675 676
675 677
674 678
673 679
679 680
679 681
672 682
682 683
683 684
684 685
685 686
686 687
687 688
688 689
688 690
687 691
691 692
691 693
686 694
694 695
694 696
696 697
697 698
698 699
698 700
700 701
700 702
697 703
696 704
685 705
705 706
706 707
707 708
708 709
709 710
710 711
710 712
709 713
713 714
714 715
714 716
713 717
708 718
707 719
706 720
720 721
720 722
722 723
722 724
724 725
724 726
705 727
727 728
728 729
729 730
730 731
731 732
731 733
730 734
729 735
735 736
736 737
737 738
737 739
736 740
735 741
728 742
742 743
743 744
744 745
744 746
743 747
747 748
748 749
748 750
750 751
751 752
751 753
750 754
754 755
755 756
755 757
754 758
758 759
758 760
747 761
761 762
762 763
763 764
763 765
765 766
765 767
762 768
768 769
769 770
769 771
768 772
761 773
773 774
773 775
775 776
775 777
742 778
778 779
778 780
780 781
780 782
727 783
783 784
784 785
785 786
786 787
786 788
788 789
788 790
785 791
784 792
792 793
793 794
793 795
792 796
796 797
797 798
798 799
798 800
797 801
801 802
801 803
796 804
804 805
804 806
806 807
806 808
783 809
809 810
809 811
811 812
812 813
813 814
813 815
812 816
816 817
817 818
817 819
816 820
820 821
820 822
822 823
822 824
811 825
825 826
825 827
684 828
683 829
829 830
830 831
830 832
832 833
832 834
834 835
834 836
836 837
836 838
829 839
839 840
840 841
841 842
841 843
843 844
844 845
844 846
843 847
840 848
839 849
849 850
850 851
851 852
852 853
853 854
854 855
854 856
853 857
852 858
858 859
859 860
859 861
858 862
862 863
862 864
864 865
864 866
851 867
850 868
868 869
869 870
870 871
870 872
872 873
872 874
874 875
875 876
875 877
874 878
878 879
878 880
869 881
881 882
882 883
882 884
884 885
884 886
881 887
887 888
887 889
868 890
849 891
891 892
891 893
893 894
894 895
895 896
896 897
896 898
895 899
899 900
899 901
894 902
893 903
903 904
904 905
905 906
905 907
904 908
908 909
909 910
909 911
908 912
903 913
682 914
914 915
915 916
916 917
916 918
915 919
919 920
919 921
914 922
922 923
923 924
923 925
922 926
926 927
926 928
928 929
928 930
653 931
931 932
932 933
932 934
934 935
934 936
931 937
937 938
937 939
939 940
939 941
941 942
942 943
942 944
944 945
945 946
945 947
944 948
948 949
948 950
941 951
