476
951
0
274 31
343 34
347 37
345 38
326 40
324 41
344 42
342 43
346 46
299 49
298 52
222 54
220 55
296 56
285 58
283 59
272 61
271 62
295 65
294 66
288 68
286 69
279 71
254 73
252 74
455 79
277 80
275 82
249 86
248 87
246 88
243 90
241 91
333 96
331 97
307 101
305 103
306 104
282 106
281 107
293 111
261 114
260 115
262 116
292 117
257 119
255 120
251 122
228 129
225 130
216 131
218 132
227 133
212 137
210 139
211 140
209 141
202 146
193 148
189 150
187 151
200 153
162 158
160 159
166 161
163 168
165 170
143 172
142 174
140 175
174 179
171 181
159 182
170 183
173 185
157 186
169 188
155 189
149 194
148 197
144 198
126 200
53 202
51 203
146 207
75 208
73 209
23 211
21 212
103 217
102 222
96 223
20 225
18 226
54 229
57 231
100 232
56 233
101 234
99 235
98 236
42 240
63 243
43 244
61 245
41 247
39 249
40 251
38 252
72 253
136 255
37 258
34 259
36 260
134 263
132 264
127 266
30 268
28 269
60 271
50 277
154 279
131 283
129 284
124 286
107 288
105 289
152 291
150 293
137 294
113 295
123 311
108 313
44 314
116 316
4 318
2 319
117 320
119 321
118 322
112 323
120 324
122 328
90 330
31 333
33 334
47 335
91 336
93 337
111 339
84 340
121 343
114 344
46 345
86 349
76 350
89 355
87 356
88 359
83 360
85 361
82 363
78 364
79 365
81 366
110 367
115 372
70 375
12 377
10 378
27 380
26 382
24 384
9 386
7 387
69 388
67 389
95 392
66 394
65 396
64 397
13 401
15 402
16 404
1 406
0 407
6 409
5 410
48 411
92 412
153 413
58 414
185 417
179 420
176 421
178 422
184 423
192 426
191 427
182 429
180 430
201 432
199 433
205 435
197 438
195 439
203 440
215 442
213 443
330 445
329 447
327 448
454 450
341 452
304 455
302 456
290 459
289 460
270 464
259 465
258 466
240 475
236 476
239 477
231 479
229 480
238 482
223 483
235 485
232 486
234 488
230 489
208 491
206 492
237 493
456 495
301 498
263 499
245 501
244 502
323 507
321 509
316 510
320 513
315 514
265 515
318 517
317 518
322 521
313 523
268 525
266 526
319 527
481 528
507 532
487 533
493 534
495 535
354 541
352 542
446 544
445 545
460 547
459 550
444 551
457 552
469 554
470 555
463 558
355 561
351 563
350 564
357 565
461 566
497 567
364 570
363 571
339 575
337 576
336 578
334 580
311 582
309 583
338 584
492 590
491 593
490 597
450 601
451 604
449 605
447 606
452 608
440 611
435 613
433 615
429 621
425 622
428 623
427 624
415 626
413 627
424 629
422 632
399 634
398 637
396 638
379 640
378 641
410 646
406 649
390 651
385 654
383 655
376 657
369 659
367 662
365 663
368 664
412 670
411 671
405 673
404 675
403 678
401 679
382 682
380 683
388 685
387 686
409 687
375 689
373 690
407 691
372 694
370 695
394 697
393 699
391 700
421 702
420 703
418 705
416 706
439 708
437 710
432 712
430 713
441 714
478 715
489 716
488 717
464 723
467 724
468 725
361 727
362 729
360 730
358 732
349 734
348 735
466 736
483 738
480 740
473 741
485 743
471 744
476 745
593 746
592 749
591 753
514 755
512 757
510 758
528 764
527 765
525 766
521 767
522 768
526 770
524 771
509 773
506 774
523 776
504 777
603 779
601 780
605 782
599 784
598 789
597 791
595 792
594 794
531 796
529 797
519 800
515 801
517 802
596 803
608 805
610 806
615 809
613 811
618 812
611 813
625 814
626 817
616 819
502 823
498 824
500 825
501 826
622 828
620 829
635 830
650 834
654 837
653 838
645 840
641 842
639 844
636 845
638 846
633 848
631 849
630 851
628 852
588 854
570 858
580 859
581 863
563 868
535 870
537 871
566 872
564 873
565 876
534 877
532 878
569 880
567 881
578 885
572 886
576 887
574 888
542 896
538 897
541 898
548 899
544 903
543 904
559 912
550 913
560 914
558 916
547 918
545 919
551 920
553 921
555 923
554 924
557 925
561 926
552 927
556 928
540 929
655 930
642 932
586 934
585 936
583 937
662 939
648 941
646 942
663 945
660 947
659 948
658 950
657 951
0 1
1 2
2 3
3 4
4 5
5 6
6 7
7 8
8 9
9 10
10 11
11 12
12 13
13 14
14 15
15 16
16 17
17 18
18 19
19 20
20 21
21 22
22 23
23 24
24 25
25 26
26 27
27 28
28 29
29 30
30 31
30 32
32 33
33 34
33 35
35 36
36 37
36 38
35 39
39 40
39 41
32 42
29 43
28 44
44 45
45 46
45 47
47 48
48 49
48 50
50 51
51 52
51 53
53 54
53 55
50 56
47 57
57 58
57 59
44 60
60 61
60 62
27 63
63 64
64 65
64 66
63 67
67 68
67 69
26 70
70 71
70 72
72 73
72 74
25 75
75 76
76 77
77 78
78 79
78 80
77 81
81 82
81 83
83 84
84 85
85 86
85 87
84 88
83 89
89 90
89 91
76 92
92 93
93 94
94 95
95 96
95 97
94 98
98 99
99 100
100 101
100 102
102 103
102 104
99 105
105 106
105 107
98 108
108 109
109 110
110 111
110 112
112 113
113 114
113 115
112 116
109 117
108 118
118 119
118 120
93 121
121 122
121 123
123 124
124 125
125 126
126 127
127 128
128 129
128 130
127 131
126 132
125 133
124 134
134 135
135 136
136 137
136 138
138 139
138 140
135 141
134 142
142 143
143 144
144 145
145 146
145 147
147 148
147 149
149 150
149 151
144 152
152 153
152 154
154 155
155 156
156 157
157 158
157 159
156 160
160 161
160 162
162 163
163 164
164 165
165 166
166 167
167 168
167 169
169 170
169 171
171 172
171 173
173 174
173 175
166 176
176 177
177 178
178 179
178 180
180 181
180 182
177 183
176 184
184 185
184 186
165 187
187 188
187 189
164 190
190 191
191 192
192 193
193 194
193 195
195 196
196 197
196 198
195 199
199 200
199 201
201 202
201 203
192 204
204 205
205 206
206 207
206 208
205 209
204 210
210 211
210 212
191 213
213 214
214 215
215 216
216 217
216 218
218 219
219 220
220 221
221 222
221 223
220 224
224 225
224 226
219 227
227 228
228 229
228 230
230 231
230 232
227 233
218 234
215 235
214 236
213 237
237 238
238 239
239 240
239 241
241 242
242 243
242 244
241 245
238 246
246 247
246 248
248 249
248 250
250 251
250 252
237 253
190 254
254 255
254 256
256 257
257 258
257 259
256 260
163 261
261 262
262 263
262 264
261 265
265 266
265 267
267 268
267 269
162 270
270 271
270 272
272 273
273 274
274 275
275 276
276 277
276 278
278 279
278 280
280 281
281 282
282 283
282 284
281 285
285 286
285 287
287 288
287 289
280 290
290 291
290 292
292 293
292 294
275 295
274 296
296 297
297 298
298 299
299 300
300 301
301 302
302 303
303 304
304 305
305 306
306 307
307 308
308 309
309 310
310 311
310 312
312 313
312 314
309 315
315 316
315 317
317 318
317 319
308 320
307 321
306 322
305 323
304 324
303 325
325 326
326 327
327 328
327 329
329 330
329 331
331 332
332 333
332 334
331 335
326 336
325 337
302 338
338 339
338 340
301 341
341 342
342 343
342 344
341 345
300 346
346 347
347 348
348 349
348 350
347 351
351 352
352 353
353 354
354 355
354 356
353 357
357 358
358 359
358 360
357 361
352 362
362 363
362 364
351 365
346 366
299 367
298 368
368 369
369 370
370 371
371 372
371 373
373 374
374 375
374 376
376 377
376 378
373 379
379 380
379 381
381 382
381 383
383 384
383 385
385 386
385 387
370 388
369 389
368 390
390 391
391 392
391 393
393 394
393 395
395 396
395 397
390 398
398 399
399 400
400 401
400 402
399 403
403 404
403 405
405 406
405 407
398 408
408 409
408 410
297 411
296 412
273 413
272 414
155 415
415 416
416 417
416 418
418 419
419 420
419 421
418 422
415 423
154 424
424 425
425 426
425 427
424 428
428 429
428 430
143 431
431 432
431 433
142 434
434 435
434 436
436 437
437 438
437 439
436 440
123 441
441 442
441 443
92 444
444 445
444 446
446 447
446 448
75 449
449 450
449 451
451 452
451 453
453 454
454 455
454 456
453 457
457 458
458 459
458 460
457 461
461 462
462 463
463 464
463 465
462 466
461 467
467 468
468 469
469 470
470 471
471 472
472 473
473 474
474 475
474 476
473 477
472 478
478 479
478 480
471 481
481 482
481 483
470 484
484 485
484 486
469 487
487 488
487 489
468 490
490 491
490 492
467 493
24 494
494 495
494 496
496 497
497 498
497 499
496 500
500 501
500 502
23 503
503 504
504 505
505 506
506 507
506 508
508 509
508 510
505 511
511 512
512 513
512 514
511 515
504 516
516 517
516 518
503 519
519 520
520 521
520 522
522 523
522 524
524 525
524 526
519 527
22 528
21 529
529 530
530 531
531 532
531 533
530 534
529 535
20 536
536 537
537 538
538 539
539 540
540 541
540 542
539 543
543 544
543 545
538 546
546 547
546 548
548 549
549 550
549 551
548 552
537 553
553 554
553 555
536 556
556 557
557 558
557 559
559 560
560 561
560 562
562 563
562 564
559 565
556 566
19 567
18 568
568 569
569 570
569 571
568 572
572 573
573 574
574 575
574 576
573 577
577 578
577 579
579 580
579 581
581 582
581 583
572 584
17 585
585 586
586 587
587 588
588 589
589 590
589 591
591 592
592 593
592 594
594 595
595 596
596 597
596 598
598 599
599 600
600 601
600 602
602 603
603 604
603 605
602 606
599 607
607 608
607 609
609 610
610 611
610 612
612 613
612 614
614 615
614 616
616 617
617 618
618 619
619 620
620 621
620 622
619 623
618 624
617 625
625 626
625 627
616 628
628 629
628 630
630 631
631 632
631 633
633 634
633 635
635 636
636 637
636 638
635 639
639 640
639 641
630 642
642 643
643 644
644 645
645 646
645 647
647 648
648 649
648 650
650 651
650 652
652 653
653 654
653 655
652 656
656 657
656 658
658 659
658 660
660 661
661 662
661 663
660 664
647 665
665 666
666 667
667 668
668 669
669 670
669 671
668 672
672 673
672 674
674 675
674 676
676 677
677 678
677 679
676 680
680 681
681 682
681 683
680 684
684 685
684 686
667 687
666 688
688 689
688 690
665 691
644 692
692 693
693 694
693 695
692 696
696 697
696 698
698 699
698 700
643 701
701 702
701 703
642 704
704 705
704 706
609 707
707 708
707 709
709 710
709 711
711 712
711 713
598 714
595 715
594 716
591 717
588 718
718 719
719 720
720 721
721 722
722 723
722 724
721 725
720 726
726 727
726 728
728 729
728 730
719 731
731 732
731 733
733 734
733 735
718 736
587 737
737 738
737 739
739 740
739 741
586 742
742 743
742 744
585 745
16 746
15 747
747 748
748 749
748 750
750 751
751 752
752 753
752 754
754 755
754 756
756 757
756 758
751 759
759 760
760 761
761 762
762 763
763 764
763 765
762 766
761 767
760 768
759 769
769 770
769 771
750 772
772 773
772 774
747 775
775 776
775 777
14 778
778 779
778 780
13 781
781 782
781 783
783 784
783 785
785 786
786 787
787 788
788 789
788 790
790 791
790 792
787 793
793 794
793 795
795 796
795 797
786 798
798 799
799 800
799 801
798 802
785 803
12 804
804 805
804 806
11 807
807 808
808 809
808 810
810 811
810 812
807 813
10 814
9 815
815 816
816 817
816 818
818 819
818 820
820 821
821 822
822 823
822 824
821 825
820 826
815 827
827 828
827 829
8 830
7 831
831 832
832 833
833 834
833 835
835 836
836 837
836 838
835 839
839 840
839 841
841 842
841 843
843 844
843 845
832 846
831 847
847 848
847 849
6 850
850 851
850 852
5 853
853 854
853 855
855 856
856 857
857 858
857 859
856 860
860 861
861 862
862 863
862 864
864 865
865 866
866 867
867 868
867 869
869 870
869 871
866 872
865 873
864 874
874 875
875 876
875 877
874 878
861 879
879 880
879 881
860 882
882 883
883 884
884 885
884 886
883 887
882 888
855 889
889 890
890 891
891 892
892 893
893 894
894 895
895 896
895 897
894 898
893 899
892 900
900 901
901 902
902 903
902 904
901 905
905 906
906 907
907 908
908 909
909 910
910 911
911 912
911 913
910 914
909 915
915 916
915 917
917 918
917 919
908 920
907 921
906 922
922 923
922 924
905 925
900 926
891 927
890 928
889 929
4 930
3 931
931 932
931 933
933 934
933 935
935 936
935 937
2 938
938 939
938 940
940 941
940 942
1 943
943 944
944 945
944 946
946 947
946 948
943 949
949 950
949 951
