476
661
1
361 12
464 14
339 17
364 18
469 20
352 22
91 26
150 30
143 31
124 34
160 49
118 52
111 55
46 56
48 57
87 60
64 63
2 69
6 72
1 73
38 85
61 87
20 91
56 92
57 93
553 97
551 99
558 100
543 101
379 103
279 110
265 113
319 114
321 115
305 116
261 118
257 122
258 124
289 125
237 128
231 131
210 134
343 141
347 142
271 147
245 148
346 149
294 153
351 154
200 158
203 169
563 172
394 177
375 179
481 190
521 191
509 193
599 196
595 197
488 206
504 209
620 222
166 227
428 233
425 234
422 235
605 237
0 254
4 255
5 256
7 257
9 258
10 259
12 260
13 261
15 262
16 263
18 264
21 265
23 266
24 267
26 268
27 269
28 270
30 271
31 272
33 273
34 274
36 275
37 276
39 277
40 278
41 279
42 280
43 281
44 282
47 283
50 284
51 285
53 286
54 287
58 288
60 289
63 290
65 291
66 292
67 293
69 294
70 295
72 296
73 297
75 298
76 299
78 300
79 301
81 302
82 303
83 304
84 305
85 306
86 307
88 308
89 309
90 310
92 311
93 312
95 313
96 314
98 315
99 316
100 317
101 318
102 319
103 320
105 321
107 322
108 323
110 324
112 325
113 326
114 327
115 328
116 329
117 330
119 331
120 332
121 333
122 334
123 335
126 336
127 337
129 338
131 339
132 340
134 341
136 342
137 343
140 344
142 345
144 346
146 347
148 348
149 349
152 350
153 351
154 352
155 353
157 354
159 355
162 356
163 357
165 358
169 359
170 360
171 361
173 362
174 363
176 364
178 365
179 366
180 367
182 368
184 369
185 370
187 371
189 372
191 373
192 374
193 375
195 376
197 377
199 378
201 379
202 380
205 381
206 382
208 383
209 384
211 385
212 386
213 387
215 388
216 389
218 390
220 391
222 392
223 393
225 394
227 395
228 396
229 397
230 398
232 399
234 400
235 401
236 402
238 403
239 404
240 405
241 406
243 407
244 408
246 409
248 410
249 411
251 412
252 413
254 414
255 415
259 416
260 417
262 418
263 419
266 420
268 421
270 422
272 423
274 424
275 425
277 426
281 427
282 428
283 429
285 430
286 431
288 432
290 433
292 434
293 435
295 436
296 437
298 438
299 439
301 440
302 441
304 442
306 443
307 444
309 445
311 446
313 447
315 448
316 449
317 450
318 451
320 452
322 453
323 454
324 455
326 456
327 457
329 458
330 459
331 460
333 461
334 462
336 463
337 464
338 465
341 466
342 467
344 468
345 469
348 470
349 471
350 472
354 473
355 474
357 475
358 476
360 477
362 478
363 479
365 480
367 481
368 482
369 483
370 484
372 485
373 486
376 487
378 488
380 489
382 490
383 491
385 492
387 493
388 494
390 495
391 496
393 497
396 498
398 499
399 500
401 501
403 502
404 503
405 504
406 505
407 506
409 507
410 508
411 509
412 510
413 511
415 512
416 513
418 514
420 515
421 516
424 517
427 518
429 519
430 520
432 521
433 522
435 523
437 524
439 525
440 526
441 527
444 528
445 529
446 530
447 531
449 532
450 533
451 534
452 535
454 536
455 537
456 538
457 539
459 540
460 541
461 542
463 543
466 544
467 545
468 546
470 547
471 548
473 549
476 550
478 551
480 552
483 553
485 554
487 555
489 556
490 557
491 558
492 559
493 560
495 561
497 562
498 563
500 564
501 565
502 566
506 567
507 568
510 569
512 570
514 571
515 572
517 573
519 574
522 575
523 576
524 577
525 578
526 579
527 580
528 581
529 582
531 583
532 584
534 585
535 586
537 587
538 588
540 589
541 590
542 591
544 592
545 593
547 594
548 595
550 596
552 597
554 598
555 599
556 600
557 601
559 602
560 603
561 604
564 605
565 606
566 607
567 608
569 609
570 610
572 611
574 612
576 613
578 614
580 615
581 616
583 617
585 618
586 619
588 620
591 621
592 622
593 623
594 624
596 625
597 626
598 627
601 628
603 629
608 630
610 631
611 632
613 633
615 634
616 635
618 636
622 637
625 638
626 639
628 640
630 641
631 642
633 643
635 644
636 645
638 646
639 647
641 648
642 649
645 650
646 651
648 652
650 653
653 654
654 655
655 656
657 657
658 658
659 659
660 660
662 661
663 662
1 2
2 3
3 4
4 5
4 6
6 7
3 8
2 9
2 10
10 11
10 12
12 13
13 14
13 15
10 16
16 17
16 18
10 19
19 20
19 21
21 22
19 23
10 24
2 25
25 26
26 27
27 28
28 29
29 30
29 31
29 32
32 33
33 34
28 35
35 36
36 37
36 38
36 39
36 40
35 41
41 42
41 43
43 44
35 45
45 46
45 47
35 48
35 49
28 50
50 51
27 52
27 53
53 54
27 55
27 56
27 57
27 58
58 59
58 60
58 61
27 62
62 63
62 64
64 65
64 66
64 67
67 68
62 69
62 70
70 71
70 72
70 73
26 74
2 75
75 76
75 77
2 78
2 79
79 80
79 81
79 82
82 83
83 84
82 85
85 86
86 87
86 88
85 89
89 90
90 91
90 92
89 93
89 94
79 95
2 96
96 97
97 98
97 99
99 100
99 101
99 102
96 103
103 104
104 105
2 106
106 107
106 108
106 109
109 110
109 111
111 112
112 113
112 114
112 115
111 116
116 117
111 118
118 119
109 120
109 121
121 122
122 123
121 124
124 125
124 126
126 127
126 128
126 129
126 130
126 131
121 132
132 133
132 134
132 135
135 136
135 137
137 138
137 139
109 140
109 141
141 142
141 143
141 144
141 145
145 146
141 147
141 148
141 149
109 150
106 151
106 152
106 153
2 154
154 155
2 156
156 157
157 158
157 159
159 160
157 161
161 162
161 163
161 164
164 165
165 166
164 167
167 168
161 169
156 170
156 171
2 172
172 173
173 174
2 175
175 176
176 177
175 178
178 179
178 180
180 181
178 182
182 183
175 184
184 185
2 186
2 187
187 188
188 189
189 190
188 191
191 192
191 193
188 194
187 195
195 196
195 197
197 198
187 199
199 200
199 201
201 202
202 203
203 204
204 205
199 206
187 207
2 208
208 209
208 210
208 211
208 212
212 213
212 214
212 215
212 216
212 217
217 218
218 219
218 220
220 221
218 222
218 223
2 224
224 225
224 226
226 227
226 228
2 229
229 230
230 231
231 232
231 233
231 234
229 235
229 236
229 237
2 238
2 239
239 240
239 241
2 242
242 243
243 244
244 245
245 246
245 247
243 248
243 249
242 250
2 251
251 252
251 253
73 254
69 255
72 256
68 257
68 258
66 259
66 260
71 261
70 262
70 263
91 264
44 265
44 266
67 267
67 268
67 269
25 270
25 271
74 272
74 273
38 274
38 275
38 276
85 277
85 278
85 279
88 280
85 281
27 282
26 283
28 284
42 285
42 286
93 287
50 288
35 289
86 290
63 291
63 292
62 293
65 294
64 295
86 296
43 297
43 298
61 299
61 300
59 301
58 302
61 303
58 304
54 305
58 306
61 307
58 308
60 309
26 310
26 311
26 312
62 313
89 314
90 315
90 316
90 317
90 318
90 319
90 320
33 321
33 322
27 323
27 324
27 325
28 326
53 327
64 328
27 329
27 330
27 331
27 332
53 333
26 334
27 335
41 336
25 337
32 338
32 339
25 340
25 341
39 342
94 343
47 344
81 345
41 346
139 347
41 348
41 349
29 350
29 351
29 352
37 353
51 354
36 355
48 356
45 357
45 358
35 359
45 360
40 361
45 362
45 363
138 364
160 365
138 366
166 367
159 368
46 369
107 370
167 371
168 372
165 373
165 374
164 375
163 376
157 377
162 378
80 379
162 380
161 381
127 382
127 383
134 384
134 385
134 386
133 387
133 388
135 389
135 390
77 391
77 392
126 393
136 394
132 395
136 396
126 397
129 398
130 399
126 400
95 401
126 402
126 403
126 404
126 405
75 406
75 407
148 408
76 409
152 410
75 411
135 412
146 413
145 414
123 415
124 416
118 417
118 418
112 419
151 420
151 421
124 422
147 423
141 424
109 425
150 426
117 427
117 428
141 429
238 430
153 431
153 432
125 433
111 434
119 435
153 436
240 437
239 438
241 439
121 440
140 441
108 442
116 443
116 444
17 445
16 446
112 447
112 448
170 449
112 450
112 451
112 452
112 453
112 454
143 455
143 456
120 457
120 458
111 459
111 460
111 461
16 462
16 463
17 464
16 465
109 466
141 467
141 468
141 469
15 470
15 471
154 472
21 473
154 474
154 475
15 476
12 477
12 478
18 479
183 480
183 481
183 482
183 483
185 484
185 485
178 486
178 487
103 488
181 489
181 490
182 491
182 492
181 493
181 494
182 495
176 496
176 497
104 498
105 499
103 500
180 501
180 502
180 503
180 504
180 505
178 506
178 507
178 508
178 509
178 510
232 511
232 512
175 513
175 514
184 515
184 516
184 517
231 518
231 519
205 520
9 521
230 522
84 523
204 524
204 525
204 526
83 527
155 528
19 529
19 530
203 531
203 532
203 533
203 534
203 535
109 536
109 537
109 538
19 539
19 540
23 541
211 542
78 543
15 544
13 545
13 546
20 547
201 548
201 549
11 550
202 551
201 552
199 553
200 554
207 555
202 556
202 557
206 558
206 559
189 560
189 561
206 562
219 563
219 564
219 565
219 566
144 567
208 568
24 569
24 570
210 571
198 572
198 573
198 574
191 575
10 576
192 577
191 578
192 579
191 580
191 581
197 582
197 583
174 584
174 585
173 586
173 587
97 588
97 589
97 590
97 591
101 592
97 593
97 594
99 595
98 596
98 597
102 598
102 599
97 600
99 601
99 602
99 603
97 604
173 605
174 606
173 607
7 608
7 609
245 610
247 611
247 612
228 613
171 614
6 615
253 616
246 617
220 618
220 619
221 620
194 621
187 622
187 623
197 624
197 625
197 626
197 627
186 628
215 629
214 630
236 631
213 632
212 633
212 634
219 635
217 636
218 637
223 638
218 639
8 640
8 641
216 642
5 643
249 644
216 645
216 646
216 647
216 648
244 649
216 650
242 651
242 652
248 653
4 654
4 655
225 656
252 657
250 658
250 659
250 660
243 661
250 662
