476
664
664
344 292
0 254
346 611
347 298
341 69
342 396
343 205
348 239
349 302
595 248
298 440
299 255
296 271
294 218
295 567
292 354
293 268
290 633
591 435
593 110
592 234
199 320
594 490
597 316
596 87
195 61
598 542
197 146
191 363
193 131
192 336
270 650
271 215
272 184
274 645
275 532
277 476
279 461
524 553
525 376
526 658
527 318
521 200
522 166
523 144
528 457
529 424
449 209
441 229
440 492
447 42
446 72
445 84
444 554
108 40
102 304
103 154
100 24
101 23
107 528
105 631
39 197
38 155
33 405
31 547
30 526
37 347
36 18
34 421
641 95
642 160
645 625
439 307
437 361
435 517
432 107
433 240
430 232
339 101
338 514
334 295
337 468
336 301
331 321
330 105
333 495
345 446
6 369
99 418
98 445
91 529
90 1
93 143
92 31
95 352
96 121
559 338
558 294
555 355
554 317
557 519
556 483
551 5
550 21
553 192
552 83
238 399
239 455
234 235
235 481
236 249
237 485
230 34
231 523
232 261
1 422
146 228
144 326
142 501
143 13
140 115
613 311
610 613
611 555
616 263
148 157
149 39
622 265
132 469
131 259
137 382
136 398
134 33
495 296
497 9
490 92
491 47
492 556
493 375
24 16
26 43
27 543
20 425
21 341
23 15
28 433
407 79
406 527
405 258
404 557
403 260
401 203
409 266
379 537
378 63
370 30
373 346
372 283
375 391
376 654
618 243
393 525
88 552
89 70
396 67
394 605
82 262
83 114
399 558
81 578
86 159
87 427
84 348
85 430
7 466
586 180
585 127
583 594
580 189
581 401
588 113
245 290
244 65
246 406
241 351
240 437
243 73
615 170
249 580
248 329
519 550
510 81
601 334
512 220
515 493
514 337
517 450
459 507
620 387
626 231
625 51
450 324
451 85
452 342
628 10
454 452
455 20
456 244
457 601
179 306
178 282
176 46
174 343
173 544
171 191
170 28
657 241
654 378
182 86
599 630
180 252
2 559
187 618
184 76
185 140
189 370
658 126
653 641
650 441
10 112
13 521
12 257
15 163
16 41
18 299
659 535
322 137
323 66
320 313
321 100
326 487
327 480
324 123
329 227
201 98
200 512
203 103
202 173
205 497
206 365
209 208
208 96
76 585
75 572
73 333
72 407
70 488
655 56
79 411
78 293
663 560
662 206
660 153
542 460
543 108
540 201
541 510
547 93
544 524
545 119
548 563
120 545
121 648
122 165
123 111
124 662
126 187
127 538
129 583
415 281
416 403
410 89
411 415
412 2
413 122
498 323
418 230
319 178
318 211
313 185
311 245
317 551
316 616
315 509
368 289
369 635
367 566
364 454
365 459
362 383
363 64
360 428
361 27
380 82
382 212
383 202
385 327
387 449
388 339
578 237
572 132
570 373
576 344
574 646
60 564
61 279
258 149
259 657
64 639
65 502
66 37
67 216
252 622
69 470
251 309
257 498
254 660
255 565
603 150
509 380
506 288
507 412
504 305
502 53
500 447
501 88
630 12
631 541
633 478
469 489
468 404
636 50
638 653
464 388
467 367
466 330
461 171
460 0
463 591
169 315
165 152
166 349
160 456
162 176
163 576
9 270
646 4
648 222
357 7
355 238
354 223
352 659
351 385
350 626
358 586
216 439
215 393
212 54
213 655
210 331
211 379
218 78
289 148
288 410
4 409
281 592
283 350
282 58
285 134
286 464
263 120
262 362
261 663
260 608
266 358
265 6
268 372
58 593
54 615
57 162
56 620
51 90
50 522
53 99
537 75
535 26
63 319
532 491
531 588
538 598
115 581
114 534
117 548
116 357
111 368
110 60
113 540
112 117
119 531
118 174
429 36
428 416
534 286
421 118
420 246
422 199
425 471
424 394
427 444
309 473
301 345
302 570
304 213
305 124
306 364
307 504
569 225
560 272
561 603
563 390
564 193
565 420
566 274
567 116
229 285
228 136
227 236
225 463
223 596
222 195
220 44
391 322
390 429
605 142
150 102
153 129
152 451
155 636
154 506
157 515
159 179
608 574
635 569
398 277
48 599
46 595
47 210
44 169
42 628
43 360
40 182
41 432
5 467
639 57
489 38
488 48
487 642
485 638
483 91
481 413
480 275
473 610
470 500
471 597
476 251
478 561
343 344
1 0
343 346
343 347
453 340
340 341
343 342
453 343
349 348
359 349
600 595
607 606
595 594
621 619
297 298
297 299
297 296
312 297
343 294
294 295
291 292
291 293
289 290
332 291
590 591
606 590
590 593
590 592
198 199
204 198
595 597
595 596
196 195
198 194
196 197
204 196
190 191
198 190
194 193
190 192
269 270
343 271
271 272
343 273
273 274
276 275
453 276
278 277
308 278
278 279
521 524
521 525
521 526
521 527
590 520
590 521
521 522
521 523
600 599
521 528
530 529
448 449
475 448
458 443
448 442
442 441
438 440
448 447
443 446
443 445
443 444
109 108
151 109
97 102
97 103
97 100
97 101
125 106
106 107
145 104
106 105
38 39
62 38
32 33
109 32
32 31
29 30
35 37
35 36
135 35
35 34
640 641
644 640
660 643
643 642
644 645
651 644
448 438
438 439
442 436
438 437
436 434
436 435
431 432
434 433
431 430
438 431
335 339
335 338
364 335
335 334
335 337
335 336
332 331
328 330
332 333
453 332
343 345
17 6
97 99
97 98
109 91
91 90
91 93
91 92
94 95
109 94
139 97
97 96
551 559
551 558
551 555
551 554
551 557
551 556
575 551
551 550
551 553
551 552
233 238
233 239
233 234
233 235
233 236
233 237
229 230
229 231
233 232
258 233
14 1
619 614
145 146
158 147
145 144
147 145
141 142
141 143
141 140
168 141
614 612
612 613
609 610
612 611
617 616
624 617
147 148
147 149
624 623
623 622
168 133
133 132
130 131
138 130
138 137
135 136
158 135
133 134
503 494
494 495
158 139
151 138
488 490
488 491
488 492
494 493
25 24
68 25
25 26
25 27
19 20
22 21
104 22
22 23
29 28
128 29
408 407
402 406
402 405
402 404
402 403
408 402
402 401
419 400
649 629
408 409
419 408
629 628
397 379
379 378
400 371
371 370
374 373
371 372
374 375
408 374
389 377
377 376
619 618
392 393
395 392
80 88
80 89
423 397
397 396
400 395
395 394
80 82
80 83
109 80
80 81
80 86
80 87
80 84
80 85
8 7
602 601
614 607
587 586
589 587
587 584
584 585
589 582
584 583
579 580
579 581
587 588
643 589
343 245
245 244
276 247
247 246
242 241
233 240
242 243
247 242
614 615
247 249
247 248
518 519
595 518
513 511
511 510
520 513
511 512
516 515
513 514
516 517
518 516
474 458
458 459
623 621
621 620
634 627
627 626
624 625
627 624
448 450
448 451
448 452
482 453
453 454
453 455
453 456
458 457
177 179
177 178
186 177
177 176
183 175
172 174
172 173
175 172
168 171
168 170
661 656
656 657
652 654
343 253
181 182
190 183
181 180
190 181
190 186
188 187
183 184
186 185
660 652
194 188
188 189
656 658
652 653
651 650
652 651
68 11
11 10
14 13
11 12
14 15
17 14
109 17
14 16
97 19
19 18
660 659
71 62
314 322
314 323
314 320
314 321
325 326
328 327
325 324
343 325
453 328
328 329
198 201
198 200
204 203
198 202
204 205
219 204
224 207
207 206
210 209
207 208
80 77
77 76
74 75
104 74
74 73
71 72
139 71
68 70
656 655
80 79
77 78
3 2
664 663
661 662
664 661
661 660
539 542
551 543
539 540
539 541
551 546
546 547
543 544
546 545
25 8
549 548
551 549
94 68
595 598
109 120
109 121
109 122
109 123
125 124
130 125
147 126
128 127
133 128
130 129
426 414
414 415
417 416
419 417
408 410
408 411
408 412
414 413
499 498
417 418
423 419
617 499
314 319
314 318
314 313
343 312
310 311
335 310
314 317
314 316
314 315
453 314
590 496
496 497
94 3
366 368
377 369
369 366
366 367
520 364
366 365
361 362
364 363
361 360
465 361
381 380
386 381
381 382
384 383
389 384
384 385
402 386
386 387
386 388
408 389
604 605
582 579
577 578
606 604
577 573
573 572
577 571
571 570
579 577
577 576
582 575
573 574
59 60
62 61
269 258
258 259
94 64
64 65
64 66
68 67
253 252
68 69
251 250
332 251
280 256
256 257
253 254
256 255
602 603
607 602
521 508
508 509
505 506
508 507
505 504
521 505
499 502
521 503
499 500
499 501
629 630
632 631
644 632
632 633
474 469
465 468
637 636
640 637
488 465
465 464
465 467
465 466
462 461
458 460
462 463
477 462
172 168
168 169
168 164
164 165
167 166
175 167
161 160
167 161
161 162
164 163
604 600
8 9
649 647
647 646
661 649
647 648
356 357
462 356
356 355
353 354
443 353
353 352
356 351
351 350
465 359
359 358
217 216
226 217
273 214
214 215
210 212
214 213
219 210
210 211
217 218
250 219
303 289
287 288
3 4
280 281
305 280
284 283
280 282
284 285
312 284
294 287
287 286
264 263
261 262
291 261
261 260
308 267
267 266
264 265
300 264
289 269
267 268
109 59
59 58
97 55
55 54
55 57
55 56
52 51
49 50
52 53
126 52
536 537
562 536
536 535
62 63
562 533
533 532
530 531
595 530
549 539
539 538
109 115
109 114
109 117
109 116
109 111
109 110
109 113
109 112
109 119
109 118
426 429
426 428
533 534
419 421
419 420
426 423
423 422
426 425
423 424
426 427
434 426
453 308
310 309
314 300
300 301
303 302
340 303
303 304
332 305
305 306
305 307
575 568
568 569
551 560
551 561
571 562
562 563
562 564
562 565
562 566
568 567
233 229
226 228
226 227
250 226
226 225
233 224
224 223
221 222
297 221
221 220
392 391
389 390
168 151
151 150
151 153
151 152
156 155
151 154
156 157
172 156
158 159
168 158
614 609
609 608
661 634
397 399
634 635
397 398
49 48
109 49
45 46
45 47
45 44
109 45
38 42
38 43
38 40
38 41
637 638
6 5
637 639
488 489
496 488
486 487
503 486
484 485
488 484
484 483
494 482
482 481
479 480
479 472
472 473
469 470
472 471
475 476
486 477
477 474
488 475
479 478
488 479
