476
664
664
344 134
0 146
346 239
347 234
341 502
342 152
343 311
348 95
349 143
595 500
298 654
299 480
296 301
294 605
295 468
292 333
293 586
290 144
591 240
593 199
592 560
199 255
594 108
597 544
596 73
195 238
598 556
197 552
191 160
193 237
192 321
270 611
271 537
272 467
274 263
275 336
277 66
279 420
524 655
525 254
526 313
527 498
521 372
522 449
523 422
528 31
529 82
449 548
441 212
440 162
447 481
446 625
445 293
444 270
108 178
102 184
103 140
100 524
101 541
107 235
105 635
39 478
38 274
33 63
31 407
30 171
37 515
36 398
34 75
641 485
642 368
645 67
439 504
437 290
435 286
432 445
433 229
430 271
339 416
338 223
334 528
337 598
336 210
331 203
330 187
333 370
345 76
6 330
99 24
98 527
91 456
90 211
93 222
92 282
95 339
96 149
559 124
558 350
555 26
554 241
557 294
556 326
551 114
550 457
553 603
552 53
238 148
239 534
234 610
235 230
236 413
237 245
230 376
231 5
232 620
1 583
146 40
144 396
142 597
143 630
140 391
613 116
610 34
611 394
616 64
148 451
149 2
622 593
132 136
131 415
137 166
136 646
134 28
495 89
497 129
490 388
491 185
492 169
493 658
24 323
26 338
27 48
20 506
21 0
23 558
28 157
407 501
406 93
405 642
404 6
403 18
401 103
409 659
379 601
378 123
370 268
373 525
372 358
375 41
376 393
618 403
393 616
88 329
89 351
396 137
394 251
82 182
83 461
399 205
81 401
86 405
87 566
84 44
85 591
7 27
586 37
585 324
583 174
580 425
581 662
588 102
245 446
244 142
246 122
241 563
240 343
243 529
615 437
249 4
248 430
519 51
510 424
601 307
512 406
515 433
514 432
517 454
459 216
620 599
626 200
625 514
450 464
451 243
452 111
628 576
454 170
455 61
456 192
457 409
179 344
178 13
176 450
174 421
173 342
171 309
170 202
657 246
654 618
182 547
599 173
180 115
2 218
187 540
184 613
185 260
189 85
658 258
653 110
650 608
10 411
13 275
12 43
15 470
16 463
18 410
659 70
322 364
323 517
320 120
321 622
326 578
327 83
324 88
329 460
201 60
200 118
203 490
202 399
205 427
206 121
209 9
208 378
76 581
75 272
73 469
72 117
70 493
655 439
79 574
78 47
663 444
662 585
660 349
542 531
543 519
540 319
541 54
547 191
544 90
545 197
548 390
120 440
121 317
122 154
123 42
124 58
126 564
127 645
129 555
415 96
416 385
410 615
411 532
412 265
413 459
498 193
418 510
319 509
318 236
313 252
311 347
317 165
316 569
315 360
368 100
369 180
367 657
364 447
365 561
362 33
363 369
360 404
361 277
380 337
382 559
383 334
385 7
387 580
388 355
578 1
572 36
570 380
576 565
574 331
60 84
61 248
258 557
259 487
64 476
65 12
66 10
67 112
252 542
69 553
251 21
257 208
254 435
255 648
603 231
509 127
506 379
507 78
504 215
502 554
500 653
501 365
630 56
631 412
633 348
469 428
468 550
636 361
638 387
464 631
467 316
466 189
461 283
460 296
463 195
169 289
165 259
166 455
160 159
162 153
163 452
9 179
646 362
648 512
357 86
355 346
354 663
352 373
351 567
350 57
358 119
216 367
215 163
212 131
213 650
210 320
211 262
218 79
289 261
288 39
4 15
281 473
283 113
282 91
285 471
286 382
263 418
262 523
261 483
260 228
266 526
265 46
268 596
58 266
54 292
57 107
56 322
51 249
50 150
53 305
537 155
535 594
63 257
532 132
531 295
538 201
115 209
114 538
117 441
116 492
111 225
110 507
113 636
112 98
119 65
118 318
429 304
428 383
534 628
421 87
420 281
422 639
425 306
424 551
427 638
309 488
301 101
302 352
304 288
305 489
306 285
307 592
569 232
560 176
561 327
563 38
564 72
565 535
566 315
567 16
229 543
228 595
227 495
225 660
223 357
222 69
220 633
391 354
390 298
605 491
150 572
153 375
152 299
155 345
154 220
157 363
159 521
608 105
635 244
398 429
48 92
46 206
47 126
44 99
42 497
43 641
40 341
41 466
5 30
639 227
489 81
488 302
487 23
485 50
483 545
481 626
480 279
473 588
470 522
471 213
476 20
478 570
343 344
1 0
343 346
343 347
453 340
340 341
343 342
453 343
349 348
359 349
600 595
607 606
595 594
621 619
297 298
297 299
297 296
312 297
343 294
294 295
291 292
291 293
289 290
332 291
590 591
606 590
590 593
590 592
198 199
204 198
595 597
595 596
196 195
198 194
196 197
204 196
190 191
198 190
194 193
190 192
269 270
343 271
271 272
343 273
273 274
276 275
453 276
278 277
308 278
278 279
521 524
521 525
521 526
521 527
590 520
590 521
521 522
521 523
600 599
521 528
530 529
448 449
475 448
458 443
448 442
442 441
438 440
448 447
443 446
443 445
443 444
109 108
151 109
97 102
97 103
97 100
97 101
125 106
106 107
145 104
106 105
38 39
62 38
32 33
109 32
32 31
29 30
35 37
35 36
135 35
35 34
640 641
644 640
660 643
643 642
644 645
651 644
448 438
438 439
442 436
438 437
436 434
436 435
431 432
434 433
431 430
438 431
335 339
335 338
364 335
335 334
335 337
335 336
332 331
328 330
332 333
453 332
343 345
17 6
97 99
97 98
109 91
91 90
91 93
91 92
94 95
109 94
139 97
97 96
551 559
551 558
551 555
551 554
551 557
551 556
575 551
551 550
551 553
551 552
233 238
233 239
233 234
233 235
233 236
233 237
229 230
229 231
233 232
258 233
14 1
619 614
145 146
158 147
145 144
147 145
141 142
141 143
141 140
168 141
614 612
612 613
609 610
612 611
617 616
624 617
147 148
147 149
624 623
623 622
168 133
133 132
130 131
138 130
138 137
135 136
158 135
133 134
503 494
494 495
158 139
151 138
488 490
488 491
488 492
494 493
25 24
68 25
25 26
25 27
19 20
22 21
104 22
22 23
29 28
128 29
408 407
402 406
402 405
402 404
402 403
408 402
402 401
419 400
649 629
408 409
419 408
629 628
397 379
379 378
400 371
371 370
374 373
371 372
374 375
408 374
389 377
377 376
619 618
392 393
395 392
80 88
80 89
423 397
397 396
400 395
395 394
80 82
80 83
109 80
80 81
80 86
80 87
80 84
80 85
8 7
602 601
614 607
587 586
589 587
587 584
584 585
589 582
584 583
579 580
579 581
587 588
643 589
343 245
245 244
276 247
247 246
242 241
233 240
242 243
247 242
614 615
247 249
247 248
518 519
595 518
513 511
511 510
520 513
511 512
516 515
513 514
516 517
518 516
474 458
458 459
623 621
621 620
634 627
627 626
624 625
627 624
448 450
448 451
448 452
482 453
453 454
453 455
453 456
458 457
177 179
177 178
186 177
177 176
183 175
172 174
172 173
175 172
168 171
168 170
661 656
656 657
652 654
343 253
181 182
190 183
181 180
190 181
190 186
188 187
183 184
186 185
660 652
194 188
188 189
656 658
652 653
651 650
652 651
68 11
11 10
14 13
11 12
14 15
17 14
109 17
14 16
97 19
19 18
660 659
71 62
314 322
314 323
314 320
314 321
325 326
328 327
325 324
343 325
453 328
328 329
198 201
198 200
204 203
198 202
204 205
219 204
224 207
207 206
210 209
207 208
80 77
77 76
74 75
104 74
74 73
71 72
139 71
68 70
656 655
80 79
77 78
3 2
664 663
661 662
664 661
661 660
539 542
551 543
539 540
539 541
551 546
546 547
543 544
546 545
25 8
549 548
551 549
94 68
595 598
109 120
109 121
109 122
109 123
125 124
130 125
147 126
128 127
133 128
130 129
426 414
414 415
417 416
419 417
408 410
408 411
408 412
414 413
499 498
417 418
423 419
617 499
314 319
314 318
314 313
343 312
310 311
335 310
314 317
314 316
314 315
453 314
590 496
496 497
94 3
366 368
377 369
369 366
366 367
520 364
366 365
361 362
364 363
361 360
465 361
381 380
386 381
381 382
384 383
389 384
384 385
402 386
386 387
386 388
408 389
604 605
582 579
577 578
606 604
577 573
573 572
577 571
571 570
579 577
577 576
582 575
573 574
59 60
62 61
269 258
258 259
94 64
64 65
64 66
68 67
253 252
68 69
251 250
332 251
280 256
256 257
253 254
256 255
602 603
607 602
521 508
508 509
505 506
508 507
505 504
521 505
499 502
521 503
499 500
499 501
629 630
632 631
644 632
632 633
474 469
465 468
637 636
640 637
488 465
465 464
465 467
465 466
462 461
458 460
462 463
477 462
172 168
168 169
168 164
164 165
167 166
175 167
161 160
167 161
161 162
164 163
604 600
8 9
649 647
647 646
661 649
647 648
356 357
462 356
356 355
353 354
443 353
353 352
356 351
351 350
465 359
359 358
217 216
226 217
273 214
214 215
210 212
214 213
219 210
210 211
217 218
250 219
303 289
287 288
3 4
280 281
305 280
284 283
280 282
284 285
312 284
294 287
287 286
264 263
261 262
291 261
261 260
308 267
267 266
264 265
300 264
289 269
267 268
109 59
59 58
97 55
55 54
55 57
55 56
52 51
49 50
52 53
126 52
536 537
562 536
536 535
62 63
562 533
533 532
530 531
595 530
549 539
539 538
109 115
109 114
109 117
109 116
109 111
109 110
109 113
109 112
109 119
109 118
426 429
426 428
533 534
419 421
419 420
426 423
423 422
426 425
423 424
426 427
434 426
453 308
310 309
314 300
300 301
303 302
340 303
303 304
332 305
305 306
305 307
575 568
568 569
551 560
551 561
571 562
562 563
562 564
562 565
562 566
568 567
233 229
226 228
226 227
250 226
226 225
233 224
224 223
221 222
297 221
221 220
392 391
389 390
168 151
151 150
151 153
151 152
156 155
151 154
156 157
172 156
158 159
168 158
614 609
609 608
661 634
397 399
634 635
397 398
49 48
109 49
45 46
45 47
45 44
109 45
38 42
38 43
38 40
38 41
637 638
6 5
637 639
488 489
496 488
486 487
503 486
484 485
488 484
484 483
494 482
482 481
479 480
479 472
472 473
469 470
472 471
475 476
486 477
477 474
488 475
479 478
488 479
