476
706
0
663 2
658 5
657 6
659 9
660 8
646 14
648 15
662 16
631 22
633 23
638 24
650 26
653 29
654 30
639 34
636 35
641 36
645 37
586 40
585 43
588 45
583 46
580 48
565 55
534 57
532 58
564 60
566 62
563 64
535 66
537 67
570 69
581 70
578 72
572 73
576 74
574 76
567 79
569 80
557 82
544 86
543 85
548 91
555 94
559 95
554 96
550 102
552 103
561 105
556 106
553 98
538 111
540 113
541 114
542 115
545 117
547 118
560 119
551 83
558 121
642 122
655 124
628 127
630 128
635 130
622 132
625 135
626 137
616 139
500 142
502 144
498 145
501 146
620 148
618 150
608 152
613 154
615 156
611 158
610 160
605 163
599 165
598 167
594 171
529 174
531 175
517 177
519 179
515 180
596 182
597 183
595 166
603 187
601 188
591 190
593 194
523 196
497 198
483 201
491 203
478 210
490 211
471 215
480 216
473 217
476 219
440 223
439 227
437 228
432 230
430 231
441 233
435 235
433 237
427 239
413 243
415 244
429 246
425 247
428 249
424 251
416 256
418 257
421 258
420 260
394 264
393 266
391 267
370 269
372 270
410 272
373 278
375 279
412 280
376 283
383 286
385 287
390 289
369 290
368 293
365 295
367 296
409 297
404 302
405 303
401 305
387 307
388 309
382 311
380 312
403 314
406 315
411 316
407 317
399 320
396 323
398 324
379 325
378 327
422 328
452 329
450 332
451 333
447 335
449 336
467 340
464 341
468 343
466 345
358 347
349 348
348 350
362 352
361 351
360 355
489 356
492 357
488 202
485 359
592 360
514 364
510 366
512 367
363 368
364 370
338 373
334 376
336 377
309 380
311 381
337 383
339 382
526 387
524 388
521 385
504 395
506 396
522 397
525 398
528 400
527 402
509 404
481 407
495 409
493 410
507 412
487 414
461 416
470 419
469 418
445 426
446 427
352 429
354 430
459 433
444 434
457 435
460 436
357 440
350 442
355 444
351 439
463 446
266 452
268 453
295 455
288 458
286 459
294 454
302 462
290 465
289 464
234 473
230 474
236 478
240 479
223 483
235 485
208 487
206 488
237 489
238 491
232 492
239 494
231 496
229 495
258 469
259 499
270 500
341 502
304 503
319 504
277 509
455 508
265 516
323 517
263 519
313 520
322 522
321 524
316 525
318 528
317 529
315 530
320 531
301 533
246 537
243 539
241 540
248 542
249 543
275 544
347 549
454 550
324 559
326 560
342 561
344 562
343 551
274 565
283 569
285 570
296 572
299 574
298 576
220 578
222 579
346 580
244 583
245 582
345 585
272 587
271 586
279 590
252 592
254 593
456 594
330 597
327 599
329 600
333 604
331 605
306 607
307 609
305 606
292 613
293 615
260 617
262 619
261 616
257 623
255 624
282 627
281 628
211 632
209 635
212 636
210 631
213 639
215 640
227 642
251 645
216 647
225 649
228 650
218 652
201 655
197 656
205 660
203 662
195 663
199 666
193 667
202 668
189 672
187 673
200 674
185 678
192 680
191 681
180 683
182 684
184 686
176 690
179 691
178 692
173 694
170 696
174 698
159 701
171 702
165 706
163 708
140 711
142 712
143 713
169 716
99 724
103 725
102 727
96 728
20 731
18 732
101 733
54 736
57 738
56 739
100 740
98 741
72 743
39 747
43 748
38 745
40 752
41 753
63 755
42 757
61 758
126 761
53 764
51 765
37 770
36 772
34 773
136 774
148 775
149 776
146 778
144 780
75 783
73 784
23 786
21 787
157 791
134 794
132 795
127 797
30 799
28 800
155 801
166 803
162 805
160 806
60 808
58 810
50 812
152 815
150 818
137 820
129 822
131 824
124 826
105 828
107 829
153 831
154 832
113 834
112 836
118 838
120 841
116 842
111 846
117 847
119 849
110 850
123 854
93 856
90 860
92 861
33 865
31 866
47 867
122 868
91 855
78 875
76 877
82 879
86 880
87 881
89 883
81 886
88 887
79 889
83 890
85 891
48 894
84 897
114 898
121 899
46 900
108 902
44 904
66 907
64 906
65 910
95 913
67 915
12 920
10 921
69 922
70 924
115 925
24 928
26 929
27 931
7 933
9 934
4 937
2 938
5 941
6 940
15 945
13 946
16 948
1 949
0 951
0 2
0 3
3 4
4 5
4 6
3 8
8 9
3 11
11 13
13 14
13 15
11 16
11 17
17 18
18 19
19 20
20 21
21 22
21 23
20 24
19 25
25 26
25 27
27 28
28 29
28 30
27 32
32 33
33 34
33 35
32 36
27 37
18 38
38 39
39 40
39 41
41 42
42 43
42 44
44 45
44 46
41 47
47 48
47 49
49 51
51 53
53 54
54 55
54 57
54 58
53 60
53 62
53 63
63 64
63 66
63 67
51 68
68 69
68 70
51 71
71 72
71 73
49 74
49 75
75 76
75 77
77 78
78 79
78 80
77 81
81 82
81 83
83 85
85 86
83 91
83 93
93 94
93 95
83 96
83 98
98 101
101 102
101 103
98 104
104 105
104 106
98 109
109 111
109 113
109 114
109 115
98 116
116 117
116 118
83 119
83 121
38 122
17 124
17 125
125 126
126 127
126 128
125 129
129 130
129 131
131 132
131 134
134 135
134 136
136 137
136 138
138 139
138 140
140 141
141 142
141 143
143 144
143 145
140 146
131 147
147 148
147 149
149 150
149 151
151 152
151 153
153 154
153 155
155 156
155 158
155 159
159 160
159 161
161 162
162 163
162 164
164 165
164 166
166 167
166 171
171 173
173 174
173 175
166 176
176 177
176 178
178 179
178 180
166 182
166 183
161 185
185 186
186 187
186 188
185 189
189 190
189 192
192 193
193 194
193 195
195 196
195 197
197 198
197 199
199 201
199 202
202 203
202 207
207 210
207 211
207 213
213 215
213 216
213 217
207 218
218 219
218 220
220 221
221 222
222 223
222 225
225 227
225 228
225 229
229 230
229 231
222 232
232 233
232 234
234 235
234 236
236 237
236 238
238 239
238 242
242 243
242 244
238 245
245 246
245 247
238 249
238 250
250 251
250 253
253 255
255 256
255 257
253 258
253 260
253 261
261 262
262 263
263 264
263 265
265 266
265 267
262 268
268 269
268 270
261 271
271 272
271 273
273 277
277 278
277 279
273 280
273 282
282 283
282 284
284 285
285 286
285 287
284 289
284 290
290 292
292 293
292 294
294 295
294 296
273 297
273 299
299 302
299 303
299 305
299 306
306 307
306 309
306 310
310 311
310 312
299 314
299 315
273 316
273 317
250 318
318 319
319 320
319 323
319 324
319 325
325 327
318 328
221 329
220 332
220 333
220 335
220 336
207 337
337 339
339 340
339 341
337 343
337 344
344 345
344 347
344 348
348 350
337 351
351 352
351 355
202 356
202 357
199 359
192 360
189 362
362 363
363 364
363 365
365 366
365 367
362 368
368 370
370 372
372 373
372 376
372 377
372 379
379 380
379 381
372 382
382 383
189 385
385 386
386 387
386 388
385 393
393 394
394 395
394 396
393 397
385 398
385 400
385 402
385 403
403 404
403 406
406 407
406 409
406 410
403 411
411 412
411 413
413 414
413 415
415 416
415 417
417 418
418 419
418 422
422 424
424 426
424 427
424 428
428 429
428 430
422 432
432 433
432 434
422 435
422 436
417 437
437 438
438 439
439 440
439 442
439 444
438 446
437 447
447 448
448 451
451 452
451 453
448 454
454 455
454 457
457 458
457 459
448 461
461 462
461 464
464 465
464 468
468 469
469 471
471 472
472 473
472 474
471 478
471 479
471 482
482 483
482 484
484 485
484 487
484 488
471 489
471 491
471 492
471 494
471 495
495 496
469 499
468 500
461 502
461 503
448 504
447 508
508 509
447 511
511 516
511 517
511 519
511 520
511 522
511 523
523 524
523 525
511 527
527 528
527 529
511 530
511 531
447 533
447 534
534 535
535 537
535 538
538 539
538 540
535 541
541 542
541 543
534 544
447 548
548 549
548 550
447 551
551 558
558 559
558 560
551 561
551 562
551 565
551 567
567 568
568 569
568 570
567 571
571 572
571 574
571 575
575 576
575 577
577 578
577 579
551 580
551 582
582 583
551 585
551 586
586 587
551 589
589 590
589 591
591 592
591 593
447 594
447 596
596 597
596 598
598 599
598 600
447 601
601 604
601 605
601 606
606 607
606 609
601 611
611 612
612 613
612 615
612 616
616 617
616 619
611 622
622 623
622 624
611 626
626 627
626 628
611 629
629 631
631 632
631 635
631 636
629 638
638 639
638 640
629 642
629 643
643 645
643 646
646 647
646 648
648 649
648 650
643 652
643 653
653 654
654 655
654 656
653 658
658 659
659 660
659 662
659 663
658 666
658 667
658 668
653 670
670 671
671 672
671 673
670 674
653 675
675 677
677 678
677 680
677 681
675 682
682 683
682 684
675 685
685 686
685 687
687 688
688 689
689 690
689 691
688 692
687 693
693 694
693 695
695 696
695 698
695 699
699 701
699 702
699 704
704 705
705 706
705 708
705 709
709 710
710 711
710 712
709 713
704 715
715 716
715 717
717 718
718 719
719 724
719 725
719 726
726 727
726 728
719 730
730 731
730 732
719 733
719 735
735 736
735 738
735 739
719 740
719 741
718 742
742 743
742 744
744 745
745 747
745 748
745 752
745 753
744 755
744 757
744 758
717 759
759 760
760 761
761 763
763 764
763 765
760 767
767 768
768 769
769 770
769 772
769 773
768 774
767 775
760 776
759 777
777 778
777 780
777 781
781 782
782 783
782 784
781 785
785 786
785 787
704 790
790 791
790 792
792 794
792 795
792 796
796 797
796 798
798 799
798 800
704 801
704 802
802 803
802 804
804 805
804 806
699 807
807 808
807 809
809 810
809 811
811 812
811 814
814 815
814 818
814 819
819 820
819 821
821 822
821 824
821 825
825 826
825 827
827 828
827 829
814 831
814 832
811 834
811 836
811 837
837 838
837 841
837 842
837 846
837 847
837 849
837 850
837 854
837 855
855 856
855 860
855 861
855 864
864 865
864 866
855 867
855 868
837 871
871 874
874 875
874 877
874 879
874 880
871 881
881 883
871 886
871 887
871 889
871 890
871 891
837 893
893 894
893 897
893 898
893 899
837 900
837 902
902 904
837 905
905 906
906 907
906 910
905 913
905 914
914 915
914 916
916 919
919 920
919 921
916 922
916 924
916 925
916 926
926 928
926 929
926 931
926 932
932 933
932 934
905 936
936 937
936 938
905 939
939 940
940 941
939 943
943 944
944 945
944 946
943 948
943 949
949 951
