194
359
0
146 11
125 17
132 21
123 22
124 24
119 26
117 27
122 29
127 32
120 33
126 34
133 35
138 36
128 40
129 41
130 42
131 43
141 46
147 47
143 51
135 53
139 54
145 55
142 56
155 60
150 61
148 62
159 64
161 66
154 69
152 70
157 72
158 73
144 74
162 78
163 79
170 80
178 81
199 85
172 88
174 89
201 90
203 91
197 94
196 95
202 96
208 101
175 104
177 105
207 107
179 109
181 110
188 116
189 117
190 118
211 120
205 122
210 123
209 124
168 127
164 129
166 130
186 132
169 133
218 136
216 137
184 140
182 141
193 144
191 145
194 146
215 149
214 150
212 151
231 154
232 158
227 160
228 161
226 163
224 165
222 166
253 169
251 170
254 171
230 172
257 178
247 179
259 180
238 185
112 188
114 189
115 192
116 193
236 194
103 197
105 198
87 200
89 201
237 202
244 204
245 205
250 208
239 211
242 212
260 213
248 214
219 218
221 219
256 221
277 222
241 223
281 224
278 226
270 232
269 234
271 236
267 238
265 239
266 240
62 248
60 249
67 250
79 251
90 253
96 255
72 257
74 258
111 259
95 265
93 266
107 268
108 269
110 271
109 273
99 275
101 276
263 277
98 278
81 283
71 285
70 286
68 288
46 292
48 293
58 294
63 297
65 298
66 300
54 304
55 305
56 306
57 307
84 309
82 310
77 314
76 315
85 316
49 319
51 320
43 324
42 326
40 327
53 328
38 331
36 332
29 336
31 337
26 341
28 342
25 344
22 345
0 351
3 352
2 353
20 355
21 356
24 358
23 359
15 361
18 366
5 368
4 369
16 370
11 372
12 375
13 376
9 377
6 379
8 380
35 382
33 384
34 385
272 386
274 387
0 1
1 2
2 3
3 4
4 5
5 6
6 7
7 8
8 9
9 10
10 11
10 12
12 13
13 14
14 15
15 16
16 17
16 19
19 20
20 21
20 22
19 23
23 24
23 25
25 26
25 27
16 28
28 29
28 31
31 32
31 33
28 34
15 35
14 36
13 37
37 40
37 41
37 42
37 43
12 45
45 46
45 47
12 48
48 49
49 51
49 52
52 53
52 54
49 55
48 56
9 57
57 58
58 60
58 61
58 62
57 63
63 64
63 65
65 66
65 67
67 68
68 69
68 70
67 71
71 72
71 73
8 74
7 75
75 76
76 77
77 78
77 79
76 80
75 81
6 82
82 83
83 84
84 85
84 86
86 87
87 88
87 89
86 90
83 91
82 92
92 94
92 95
92 96
5 97
97 98
98 99
99 100
100 101
100 102
102 103
103 104
103 105
102 106
106 107
106 108
108 109
108 110
99 112
112 113
113 114
114 116
114 117
114 118
113 119
119 120
119 122
119 123
112 124
99 125
125 126
126 127
126 128
128 129
128 130
125 132
125 133
98 134
134 135
135 136
135 137
134 138
138 139
139 140
139 141
138 142
142 143
143 144
143 145
142 146
97 147
147 148
148 149
148 150
147 151
4 152
152 153
153 154
153 155
155 156
156 157
157 158
157 159
159 160
159 161
156 162
162 163
162 164
164 165
164 166
155 167
167 168
168 169
168 170
167 171
152 172
3 173
173 174
174 175
175 176
176 177
177 178
177 179
176 180
175 182
182 185
182 187
187 188
187 189
182 190
190 191
191 192
191 193
190 194
182 195
195 196
196 197
196 198
195 199
199 200
199 201
182 202
175 203
203 204
203 205
174 206
206 207
207 208
207 209
209 210
210 211
210 212
209 213
206 214
173 215
215 216
216 217
217 218
217 219
216 220
220 221
220 222
215 223
2 224
1 225
225 226
225 227
227 228
228 229
229 230
230 231
231 232
231 233
233 234
233 235
235 236
235 237
237 238
237 239
230 240
229 241
241 242
242 243
243 244
244 245
245 246
246 248
246 249
246 250
245 251
244 252
252 253
252 254
254 255
254 256
256 257
256 258
243 259
242 260
260 261
261 262
262 264
264 265
264 266
262 267
267 268
267 269
262 270
270 271
270 272
272 273
272 275
272 276
261 277
260 278
241 280
280 281
281 282
282 283
282 284
284 285
284 286
281 287
287 288
287 291
291 292
291 293
287 294
287 295
295 296
296 297
296 298
295 299
299 300
299 301
301 302
302 303
303 304
303 305
302 306
301 307
280 308
308 309
308 310
241 311
311 312
312 313
313 314
313 315
312 316
311 317
317 318
318 319
318 320
317 321
321 322
322 323
323 324
323 325
325 326
325 327
322 328
321 329
329 330
330 331
330 332
329 333
333 334
334 335
335 336
335 337
334 338
338 340
340 341
340 342
338 343
343 344
343 345
338 346
346 348
348 349
349 350
350 351
350 352
349 353
348 354
354 355
354 356
346 357
357 358
357 359
346 360
360 361
360 362
362 365
365 366
365 368
365 369
362 370
362 372
362 373
373 374
374 375
374 376
373 377
362 378
378 379
378 380
333 381
381 382
381 383
383 384
383 385
228 386
227 387
