194
307
0
236 11
116 15
115 16
112 17
114 18
238 21
237 22
105 25
103 26
89 28
87 29
245 31
244 32
259 33
257 35
247 36
260 37
248 39
242 42
239 43
241 44
277 49
221 51
219 52
256 53
254 56
232 60
228 62
227 65
201 69
199 70
174 72
172 73
178 79
170 81
163 82
162 84
161 89
159 91
146 92
147 99
141 100
139 101
145 102
143 104
135 106
129 107
130 111
128 112
131 113
142 114
133 117
127 121
120 122
124 119
126 129
122 130
119 132
117 133
125 134
123 135
132 118
138 137
150 139
155 142
154 144
148 145
158 148
152 149
157 150
144 151
197 153
196 154
202 155
203 156
226 157
224 159
222 160
231 162
230 164
218 169
216 170
194 174
193 175
191 176
184 178
182 179
215 180
214 182
212 184
211 189
205 190
168 195
166 197
164 198
207 201
190 204
189 205
186 207
188 208
169 209
208 210
181 213
179 214
177 216
175 217
210 218
209 219
253 221
251 222
250 223
281 224
278 226
274 228
272 230
271 235
267 237
265 238
270 240
269 241
84 248
82 251
71 252
70 254
85 258
38 264
35 268
29 271
31 272
28 276
26 277
25 279
22 280
18 289
15 290
5 292
4 291
6 294
16 295
13 298
12 299
9 300
8 301
11 302
23 281
24 306
21 309
20 310
2 312
3 314
0 315
33 316
34 317
36 318
43 320
42 322
40 323
51 325
49 326
53 327
77 329
76 330
68 334
57 337
56 335
55 340
54 339
66 345
63 346
58 347
48 349
46 350
65 351
111 352
96 356
90 357
74 359
72 360
79 362
67 363
62 366
60 367
98 368
263 370
109 242
107 376
108 378
95 380
93 381
110 383
101 384
99 385
81 386
266 387
0 1
1 2
2 3
3 4
4 6
6 8
8 9
9 10
10 11
10 14
14 15
14 16
10 17
10 18
9 21
9 22
9 23
23 24
24 25
24 26
23 27
27 28
27 29
8 30
30 31
30 32
6 33
6 35
6 36
4 37
4 38
38 39
38 40
40 41
41 42
41 43
40 44
3 46
46 47
47 48
48 49
48 50
50 51
50 52
47 53
46 54
54 55
55 56
55 57
57 58
58 60
58 62
62 64
64 65
64 66
66 69
66 70
66 71
71 72
71 73
66 74
74 76
76 77
77 79
77 80
80 81
80 82
82 84
77 85
85 86
86 89
86 90
90 91
90 92
86 93
93 98
98 99
98 100
93 101
93 102
93 104
93 105
105 106
105 107
107 111
107 112
107 113
93 114
93 115
115 116
116 117
116 118
118 119
119 120
120 121
120 122
119 129
119 130
119 131
131 132
131 133
119 134
119 135
115 137
86 139
86 140
140 141
141 142
141 143
143 144
143 145
140 146
146 148
146 149
146 150
85 151
76 152
152 153
152 154
74 155
74 156
58 157
58 158
158 159
158 160
57 161
161 162
161 163
163 164
163 165
165 166
166 167
167 169
167 170
167 171
171 172
172 174
172 175
172 176
171 177
177 178
177 179
166 180
165 182
165 184
165 185
185 186
186 189
186 190
186 191
191 193
193 194
194 195
194 196
196 197
196 198
193 200
200 201
200 202
202 204
202 205
205 207
202 208
193 209
191 210
191 211
211 212
212 213
212 214
211 215
215 216
215 217
186 218
185 219
54 221
54 222
3 223
2 224
1 225
225 226
225 227
227 228
227 229
229 230
229 231
231 232
232 235
232 236
236 237
236 238
232 239
239 240
239 241
232 242
242 244
244 245
245 247
247 248
247 250
250 251
250 252
252 254
247 255
255 256
256 257
257 258
257 259
259 260
260 262
262 263
263 264
263 265
265 266
266 268
266 269
269 270
270 271
270 272
269 273
273 275
275 276
275 277
273 278
278 279
278 280
273 281
281 282
282 283
283 289
283 290
283 291
291 292
283 294
283 295
283 296
296 298
296 299
296 300
283 301
282 302
281 306
281 307
307 309
307 310
307 311
311 312
311 313
313 314
313 315
266 316
265 317
262 318
260 319
319 320
319 321
321 322
321 323
260 324
324 325
324 326
259 327
256 328
328 329
328 330
255 331
331 334
331 335
335 337
335 339
339 340
331 342
342 344
344 345
344 346
342 347
342 348
348 349
348 350
331 351
245 352
245 353
353 354
354 356
354 357
354 358
358 359
358 360
353 361
361 362
361 363
363 365
365 366
365 367
244 368
242 370
242 375
375 376
375 378
375 379
379 380
379 381
242 382
382 383
382 384
242 385
242 386
231 387
