194
283
283
216 55
214 218
215 128
212 133
265 116
210 98
211 25
218 236
219 250
133 29
132 38
131 172
130 93
135 16
226 190
139 161
138 103
166 259
24 231
25 127
26 63
20 202
21 222
22 248
23 142
28 9
29 181
222 238
0 70
4 254
281 57
8 87
163 33
227 6
120 184
122 141
123 49
124 18
125 207
126 31
127 101
128 42
129 274
269 270
58 2
55 189
54 138
57 24
56 96
51 108
53 12
259 269
201 203
199 182
179 120
194 26
197 166
178 197
191 123
190 66
193 205
115 112
114 111
117 132
116 170
111 244
110 152
112 186
82 230
181 23
81 196
119 115
87 174
84 265
85 46
251 109
257 95
3 107
177 175
247 119
245 125
244 169
108 58
109 257
241 177
242 20
103 147
101 110
107 77
105 56
38 214
33 267
31 60
36 3
35 48
34 105
271 84
60 178
62 71
63 35
65 43
66 131
67 90
68 143
253 0
175 34
174 129
256 68
172 212
254 124
170 215
203 62
248 278
182 40
2 247
186 146
184 150
6 266
188 89
189 239
202 148
196 232
221 54
99 76
98 263
168 227
169 260
228 251
164 139
90 145
93 201
224 277
95 36
161 135
162 81
96 194
11 209
270 256
13 72
12 219
15 191
16 28
18 4
272 193
250 158
89 162
274 253
150 11
152 117
155 216
154 159
157 224
159 82
158 168
277 228
278 130
238 144
239 21
236 15
237 53
230 281
231 199
232 99
48 74
49 226
46 5
42 164
43 211
40 122
5 271
9 155
146 67
147 13
144 8
145 245
142 85
143 22
207 188
141 179
209 51
208 154
148 272
77 237
76 126
74 241
72 242
71 114
70 221
79 157
205 208
263 210
260 65
267 79
266 163
217 216
225 217
213 214
213 215
213 212
225 213
206 210
206 211
167 165
268 264
264 265
217 218
220 219
134 133
134 132
129 131
129 130
140 137
140 136
136 135
137 134
140 139
137 138
165 166
23 24
23 25
27 26
30 27
19 20
19 21
23 22
27 23
178 160
217 198
27 28
30 29
160 161
1 0
17 4
280 281
7 8
171 163
118 119
268 271
261 258
121 120
124 121
121 122
124 123
132 124
124 125
124 126
124 127
129 128
136 129
268 269
273 268
206 167
124 118
64 59
59 58
54 55
56 54
56 57
64 56
50 51
75 50
52 53
75 52
258 259
165 164
200 201
200 199
180 179
204 200
200 195
192 194
195 197
195 178
192 191
187 190
192 193
198 192
113 115
113 114
118 117
88 89
109 111
109 110
235 113
113 112
83 82
102 83
102 80
80 81
92 86
88 87
83 84
86 85
252 251
206 207
255 256
213 206
233 226
258 257
1 3
176 177
252 254
17 7
246 247
275 273
261 255
229 225
243 245
243 244
106 108
262 109
240 241
249 240
246 243
240 242
109 102
104 103
109 100
100 101
109 106
106 107
235 104
104 105
45 39
37 38
32 33
39 32
30 31
32 30
39 37
37 36
32 35
32 34
258 246
283 282
261 252
206 205
226 223
185 176
61 60
67 61
61 62
64 63
69 64
64 65
64 66
78 67
69 68
92 69
176 175
173 174
200 173
173 172
178 171
171 170
204 203
223 222
180 181
252 253
249 248
183 182
198 183
185 180
1 2
163 162
206 187
183 184
7 6
255 220
187 186
187 188
187 189
200 202
195 196
220 221
206 185
100 99
97 98
167 168
167 169
234 229
233 228
106 91
91 90
94 93
102 92
94 95
106 94
106 97
97 96
10 11
14 10
10 13
10 12
14 15
17 14
23 17
17 16
23 19
17 18
235 88
249 250
113 116
275 274
228 204
279 275
160 151
149 150
156 153
153 152
156 155
153 154
156 157
160 156
160 159
156 158
276 277
279 278
235 238
240 239
282 279
252 234
243 235
235 236
235 237
229 230
229 231
233 232
234 233
223 224
282 280
47 48
50 49
47 46
59 47
45 44
52 45
41 42
44 43
41 40
44 41
19 1
4 5
10 9
273 272
140 146
140 147
140 144
140 145
140 142
140 143
151 140
140 141
206 209
206 208
149 148
151 149
75 77
75 76
86 75
73 74
91 73
73 72
80 71
71 70
78 79
109 78
262 263
261 249
264 262
228 227
276 261
268 270
261 260
280 276
268 267
264 266
