194
309
0
250 6
248 8
241 10
242 12
239 13
260 15
257 17
247 19
259 21
245 24
244 25
237 27
112 33
114 34
236 35
115 37
116 38
238 39
103 42
105 43
89 45
87 46
277 50
219 52
221 53
256 54
251 57
253 58
254 60
227 65
172 70
174 71
178 72
170 76
163 77
162 79
159 84
158 87
155 89
154 91
152 92
157 93
161 94
139 97
135 101
128 103
131 105
130 107
129 102
143 109
141 113
147 114
146 115
142 118
145 119
138 121
133 123
126 126
125 129
119 131
117 132
124 125
122 137
120 139
127 140
123 141
132 124
148 144
150 145
144 146
201 148
199 149
203 151
202 153
196 155
197 156
228 63
226 159
224 162
222 163
232 164
231 166
230 168
193 174
194 176
191 177
184 179
182 180
216 182
218 183
215 184
214 186
212 188
210 193
211 194
208 196
179 200
181 201
177 203
175 204
169 207
190 210
186 213
189 212
188 215
207 216
164 219
166 220
168 221
205 222
209 223
281 224
278 226
274 228
272 230
266 232
270 237
269 238
271 239
265 241
267 242
263 244
93 249
95 250
98 252
108 253
107 254
109 245
110 260
101 261
99 262
111 264
90 268
96 270
72 272
74 273
79 275
67 276
60 279
62 280
82 282
81 285
70 288
71 289
58 293
46 295
48 296
68 297
57 300
55 303
54 302
56 299
63 308
65 309
66 310
84 312
49 316
51 317
76 319
77 320
85 322
53 324
42 328
40 329
43 330
38 333
36 334
34 336
35 338
33 340
29 343
31 344
25 348
22 349
28 351
26 352
24 356
15 358
16 362
6 364
8 365
18 367
12 370
9 372
13 373
11 374
5 376
4 375
23 353
21 381
20 382
2 384
3 386
0 387
0 1
1 2
2 3
3 4
4 5
5 6
5 8
5 9
9 10
9 11
11 12
11 13
4 15
4 16
16 17
16 19
16 21
16 22
22 23
23 24
23 25
22 26
26 27
26 30
30 33
30 34
30 35
30 36
36 37
36 38
26 39
26 40
40 41
41 42
41 43
40 44
44 45
44 46
3 47
47 48
48 49
49 50
49 51
51 52
51 53
48 54
47 55
55 57
55 58
55 59
59 60
59 61
61 62
62 63
63 64
64 65
64 66
66 69
69 70
69 71
66 72
72 74
74 75
75 76
75 77
77 79
74 80
80 81
81 84
81 85
85 87
85 89
85 90
90 91
90 92
85 93
81 94
81 95
95 96
96 97
96 100
100 101
100 102
102 103
102 105
102 107
96 109
96 112
112 113
112 114
96 115
96 118
96 119
96 120
120 121
120 122
122 123
122 124
124 125
125 126
125 129
125 130
130 131
130 132
125 137
125 138
138 139
138 140
125 141
95 143
143 144
143 145
80 146
66 148
66 149
66 150
150 151
150 152
152 153
152 154
154 155
154 156
62 159
159 161
161 162
161 163
62 164
61 165
165 166
165 167
167 168
167 169
169 170
170 171
171 172
172 173
173 174
173 176
173 177
172 178
178 179
178 180
171 182
171 183
170 184
169 186
169 187
187 188
187 189
189 190
190 193
190 194
190 195
195 196
195 198
198 199
199 200
199 201
198 202
202 203
202 204
195 205
205 207
205 208
208 209
209 210
209 212
212 213
209 215
208 216
205 217
217 218
218 219
218 220
217 221
190 222
189 223
2 224
1 225
225 226
225 227
227 228
227 229
229 230
229 231
231 232
231 233
233 236
236 237
236 238
233 239
233 240
240 241
240 242
233 243
243 244
243 245
245 246
246 248
248 249
248 250
246 252
246 253
246 254
245 259
259 260
259 261
245 262
245 263
263 264
263 266
266 267
267 268
267 270
267 271
271 272
271 273
266 274
274 275
274 276
276 278
278 279
278 280
263 281
281 282
281 284
284 285
284 287
287 288
287 289
284 290
290 292
292 293
292 294
294 295
294 296
290 297
290 298
298 299
299 300
299 302
302 303
298 307
307 308
307 309
298 310
281 312
281 313
313 315
315 316
315 317
313 318
318 319
318 320
313 321
321 322
321 323
323 324
323 325
325 327
327 328
327 329
325 330
325 331
331 332
332 333
332 334
331 335
335 336
335 337
337 338
337 340
337 341
341 342
342 343
342 344
341 345
345 347
347 348
347 349
345 350
350 351
350 352
345 353
353 356
353 357
357 358
357 359
359 362
359 363
363 364
363 365
359 367
359 368
368 369
369 370
369 372
369 373
368 374
359 375
375 376
353 379
379 381
379 382
379 383
383 384
383 385
385 386
385 387
