194
387
0
250 6
248 8
241 10
242 12
239 13
260 15
257 17
247 19
259 21
245 24
244 25
237 27
112 33
114 34
236 35
115 37
116 38
238 39
103 42
105 43
89 45
87 46
277 50
219 52
221 53
256 54
251 57
253 58
254 60
227 65
172 70
174 71
178 73
170 76
163 78
162 79
159 84
158 87
155 89
154 91
152 92
157 93
161 94
139 97
135 101
128 103
131 105
130 107
129 108
143 109
141 113
147 114
146 115
142 118
145 119
138 121
133 123
126 126
125 129
119 131
117 132
124 134
122 137
120 139
127 140
123 141
132 142
148 144
150 145
144 146
201 148
199 149
203 151
202 153
196 155
197 156
228 157
226 160
224 162
222 163
232 164
231 166
230 168
193 174
194 176
191 177
184 179
182 180
216 182
218 183
215 184
214 186
212 188
210 193
211 194
208 196
179 200
181 201
177 203
175 204
169 207
190 210
186 213
189 214
188 215
207 216
164 219
166 220
168 221
205 222
209 223
281 224
278 226
274 228
272 230
266 232
270 237
269 238
271 239
265 241
267 242
263 244
93 249
95 250
98 252
108 253
107 254
109 256
110 260
101 261
99 262
111 264
90 268
96 270
72 272
74 273
79 275
67 277
60 279
62 280
82 282
81 285
70 288
71 289
58 293
46 295
48 296
68 297
57 300
55 303
54 304
56 305
63 308
65 309
66 310
84 312
49 316
51 317
76 319
77 320
85 322
53 324
42 328
40 329
43 330
38 333
36 334
34 336
35 338
33 340
29 343
31 344
25 348
22 349
28 351
26 352
24 356
15 358
16 362
6 364
8 365
18 367
12 370
9 372
13 373
11 374
5 376
4 377
23 378
21 381
20 382
2 384
3 386
0 387
0 1
1 2
2 3
3 4
4 5
5 6
5 7
7 8
7 9
9 10
9 11
11 12
11 13
4 14
14 15
14 16
16 17
16 18
18 19
18 20
20 21
20 22
22 23
23 24
23 25
22 26
26 27
26 28
28 29
29 30
30 31
31 32
32 33
32 34
31 35
30 36
36 37
36 38
29 39
28 40
40 41
41 42
41 43
40 44
44 45
44 46
3 47
47 48
48 49
49 50
49 51
51 52
51 53
48 54
47 55
55 56
56 57
56 58
55 59
59 60
59 61
61 62
62 63
63 64
64 65
64 66
66 67
67 68
68 69
69 70
69 71
68 72
72 73
72 74
74 75
75 76
75 77
77 78
77 79
74 80
80 81
81 82
82 83
83 84
83 85
85 86
86 87
86 88
88 89
88 90
90 91
90 92
85 93
82 94
81 95
95 96
96 97
96 98
98 99
99 100
100 101
100 102
102 103
102 104
104 105
104 106
106 107
106 108
99 109
98 110
110 111
111 112
112 113
112 114
111 115
110 116
116 117
117 118
117 119
116 120
120 121
120 122
122 123
122 124
124 125
125 126
125 127
127 128
128 129
128 130
130 131
130 132
127 133
133 134
133 135
135 136
136 137
136 138
138 139
138 140
135 141
124 142
95 143
143 144
143 145
80 146
67 147
147 148
147 149
66 150
150 151
150 152
152 153
152 154
154 155
154 156
63 157
62 158
158 159
159 160
159 161
161 162
161 163
158 164
61 165
165 166
165 167
167 168
167 169
169 170
170 171
171 172
172 173
173 174
173 175
175 176
175 177
172 178
178 179
178 180
171 181
181 182
181 183
170 184
169 185
185 186
185 187
187 188
187 189
189 190
190 191
191 192
192 193
192 194
191 195
195 196
195 197
197 198
198 199
199 200
199 201
198 202
202 203
202 204
197 205
205 206
206 207
206 208
208 209
209 210
209 211
211 212
212 213
212 214
211 215
208 216
205 217
217 218
218 219
218 220
217 221
190 222
189 223
2 224
1 225
225 226
225 227
227 228
227 229
229 230
229 231
231 232
231 233
233 234
234 235
235 236
236 237
236 238
235 239
234 240
240 241
240 242
233 243
243 244
243 245
245 246
246 247
247 248
248 249
248 250
247 251
251 252
251 253
246 254
245 255
255 256
255 257
257 258
258 259
259 260
259 261
258 262
257 263
263 264
263 265
265 266
266 267
267 268
267 269
269 270
269 271
271 272
271 273
266 274
274 275
274 276
276 277
276 278
278 279
278 280
265 281
281 282
281 283
283 284
284 285
284 286
286 287
287 288
287 289
286 290
290 291
291 292
292 293
292 294
294 295
294 296
291 297
290 298
298 299
299 300
299 301
301 302
302 303
302 304
301 305
298 306
306 307
307 308
307 309
306 310
283 311
311 312
311 313
313 314
314 315
315 316
315 317
314 318
318 319
318 320
313 321
321 322
321 323
323 324
323 325
325 326
326 327
327 328
327 329
326 330
325 331
331 332
332 333
332 334
331 335
335 336
335 337
337 338
337 339
339 340
339 341
341 342
342 343
342 344
341 345
345 346
346 347
347 348
347 349
346 350
350 351
350 352
345 353
353 354
354 355
355 356
355 357
357 358
357 359
359 360
360 361
361 362
361 363
363 364
363 365
360 366
366 367
366 368
368 369
369 370
369 371
371 372
371 373
368 374
359 375
375 376
375 377
354 378
353 379
379 380
380 381
380 382
379 383
383 384
383 385
385 386
385 387
