195
267
267
217 217
214 214
215 215
212 212
213 213
211 211
165 165
218 218
219 219
133 133
132 132
131 131
137 137
136 136
135 135
134 134
138 138
25 25
27 27
20 20
21 21
22 22
23 23
223 223
29 29
161 161
0 0
221 221
8 8
163 163
119 119
120 120
121 121
122 122
123 123
124 124
125 125
126 126
128 128
129 129
220 220
118 118
59 59
55 55
54 54
57 57
56 56
51 51
50 50
53 53
259 259
164 164
201 201
195 195
194 194
197 197
178 178
191 191
190 190
193 193
192 192
115 115
114 114
117 117
116 116
111 111
113 113
176 176
83 83
80 80
81 81
86 86
87 87
84 84
85 85
251 251
207 207
256 256
226 226
257 257
3 3
255 255
245 245
108 108
109 109
240 240
243 243
242 242
102 102
103 103
100 100
106 106
107 107
105 105
39 39
32 32
224 224
30 30
37 37
247 247
35 35
34 34
246 246
60 60
61 61
62 62
63 63
64 64
66 66
67 67
177 177
69 69
175 175
174 174
173 173
172 172
254 254
170 170
181 181
183 183
180 180
2 2
167 167
187 187
6 6
188 188
196 196
185 185
99 99
98 98
169 169
229 229
228 228
91 91
90 90
166 166
92 92
95 95
94 94
162 162
96 96
11 11
13 13
15 15
14 14
17 17
16 16
19 19
18 18
89 89
204 204
150 150
153 153
155 155
154 154
156 156
159 159
158 158
238 238
239 239
235 235
236 236
230 230
232 232
233 233
48 48
49 49
47 47
44 44
45 45
42 42
41 41
5 5
9 9
146 146
200 200
203 203
145 145
142 142
143 143
140 140
206 206
209 209
148 148
149 149
77 77
76 76
74 74
72 72
71 71
79 79
263 263
249 249
262 262
260 260
221 216
216 217
210 214
216 215
210 212
210 213
222 210
210 211
163 165
266 264
266 265
216 218
231 219
141 133
130 132
130 131
141 130
136 137
141 136
133 135
133 134
151 139
139 138
163 166
26 24
26 25
36 26
28 27
17 20
17 21
17 22
24 23
168 160
31 28
28 29
160 161
1 0
17 4
7 8
168 163
112 119
265 258
112 120
112 121
112 122
112 123
112 124
112 125
127 126
133 127
127 128
130 129
168 167
112 118
58 59
68 58
52 55
52 54
58 57
52 56
46 51
46 50
52 53
65 52
258 259
163 164
202 201
210 199
199 179
199 200
194 195
198 194
198 197
179 178
189 191
189 190
194 193
189 192
112 115
112 114
89 88
112 116
110 111
112 110
112 113
130 112
89 82
82 83
78 80
82 81
89 86
88 87
82 84
86 85
252 251
199 198
253 256
205 206
227 226
253 257
4 3
171 177
253 254
10 7
244 247
253 255
231 225
244 245
248 244
104 108
104 109
248 241
241 240
244 243
241 242
101 102
104 103
101 100
112 101
104 106
104 107
110 104
104 105
40 39
46 38
38 33
33 32
38 31
31 30
36 37
46 36
33 35
33 34
244 246
264 252
208 205
222 223
171 176
58 60
58 61
58 62
58 63
58 64
75 65
65 66
68 67
78 68
70 69
171 175
171 174
171 173
171 172
184 171
171 170
202 203
227 222
182 181
258 253
250 248
184 182
182 183
179 180
1 2
163 162
186 187
194 184
7 6
219 220
199 186
189 188
194 189
208 202
194 196
225 221
186 185
97 99
97 98
179 168
168 169
227 229
227 228
89 91
89 90
97 93
93 92
93 95
93 94
112 97
97 96
12 11
12 10
12 13
17 12
12 15
12 14
24 17
17 16
17 19
17 18
112 117
252 250
265 89
205 204
152 151
147 150
152 153
168 152
171 155
155 154
171 157
157 156
160 159
157 158
253 234
237 238
237 239
205 207
234 235
237 236
241 237
231 230
234 231
231 232
231 233
225 224
46 48
46 49
52 46
46 47
43 44
46 45
43 42
46 43
46 40
40 41
4 1
4 5
10 9
144 146
151 147
151 144
144 145
141 142
144 143
139 140
147 141
208 209
210 208
147 148
147 149
75 77
75 76
78 75
73 74
82 73
73 72
70 71
78 70
78 79
88 78
264 263
250 249
261 262
253 227
265 261
261 260
267 266
