100
199
0
152 3
120 6
129 8
121 9
130 11
123 15
124 17
125 18
126 19
118 21
116 22
154 24
104 30
103 31
101 32
114 35
100 37
98 38
105 39
115 41
107 43
110 45
111 47
108 48
88 56
94 57
87 58
93 60
91 61
74 65
71 67
68 69
70 70
84 73
85 75
86 76
83 79
78 80
76 81
90 82
142 87
144 88
141 90
143 91
149 93
96 95
79 97
81 98
139 100
145 101
65 104
66 107
64 109
72 110
67 111
62 114
57 116
61 117
52 120
54 121
45 127
47 128
15 131
17 132
28 134
38 136
25 138
27 139
42 142
41 143
39 144
36 149
11 151
9 152
35 154
34 155
14 160
12 161
23 162
31 165
29 166
32 167
3 172
5 173
19 174
0 176
8 179
2 180
6 181
21 182
43 185
51 186
49 187
55 188
136 192
138 193
148 194
134 196
133 198
131 199
0 1
1 2
2 3
2 4
4 5
5 6
5 7
7 8
7 9
4 10
10 11
10 12
12 13
13 14
14 15
14 16
16 17
16 18
13 19
12 20
20 21
20 22
1 23
23 24
23 25
25 26
26 27
27 28
28 29
29 30
29 31
28 32
27 33
33 34
34 35
34 36
36 37
36 38
33 39
26 40
40 41
40 42
42 43
42 44
44 45
44 46
46 47
46 48
25 49
49 50
50 51
51 52
52 53
53 54
54 55
55 56
55 57
54 58
53 59
59 60
59 61
52 62
62 63
63 64
64 65
64 66
66 67
66 68
68 69
68 70
63 71
71 72
72 73
72 74
74 75
74 76
71 77
77 78
78 79
78 80
77 81
62 82
51 83
83 84
84 85
85 86
86 87
86 88
85 89
89 90
89 91
84 92
92 93
92 94
94 95
94 96
96 97
96 98
83 99
99 100
99 101
50 102
102 103
103 104
103 105
105 106
106 107
106 108
108 109
108 110
105 111
102 112
112 113
113 114
113 115
115 116
115 117
112 118
118 119
119 120
119 121
118 122
122 123
123 124
124 125
125 126
126 127
126 128
125 129
129 130
130 131
130 132
129 133
133 134
133 135
135 136
135 137
137 138
137 139
124 140
140 141
141 142
141 143
140 144
123 145
145 146
146 147
147 148
148 149
148 150
150 151
150 152
147 153
153 154
153 155
146 156
156 157
157 158
158 159
159 160
159 161
158 162
157 163
163 164
164 165
164 166
163 167
156 168
168 169
169 170
170 171
171 172
171 173
170 174
169 175
175 176
175 177
177 178
178 179
178 180
177 181
168 182
145 183
183 184
184 185
184 186
183 187
122 188
49 189
189 190
190 191
191 192
191 193
190 194
189 195
195 196
195 197
197 198
197 199
