100
199
0
145 8
142 11
144 12
143 15
96 16
141 17
139 18
94 24
88 25
87 26
90 28
86 32
85 33
84 35
83 37
78 38
76 40
74 42
70 44
71 46
68 47
93 49
91 50
81 53
79 54
72 56
67 60
66 61
65 63
64 64
62 67
57 69
55 75
51 78
49 79
43 81
36 87
34 89
29 90
32 92
23 95
12 96
31 97
35 98
14 100
11 102
9 103
19 107
21 109
5 110
3 111
0 114
2 115
8 117
6 118
17 122
15 123
28 126
27 127
25 128
38 129
39 131
41 133
42 134
47 136
45 137
54 139
52 140
61 141
149 142
148 144
138 146
136 147
134 149
133 151
131 152
129 158
121 159
126 162
118 165
116 166
125 169
123 170
124 171
130 172
120 173
152 175
115 181
111 184
110 186
108 187
104 190
103 191
101 192
107 193
100 195
98 196
114 197
105 198
154 199
0 1
1 2
2 3
3 4
4 5
5 6
6 7
7 8
7 9
9 10
10 11
10 12
9 13
13 14
14 15
14 16
13 17
6 18
5 19
19 20
20 21
21 22
22 23
23 24
23 25
22 26
21 27
27 28
27 29
29 30
30 31
31 32
31 33
30 34
34 35
34 36
36 37
36 38
29 39
39 40
39 41
41 42
41 43
43 44
43 45
45 46
45 47
20 48
48 49
48 50
19 51
51 52
52 53
52 54
51 55
55 56
55 57
57 58
58 59
59 60
59 61
58 62
62 63
62 64
57 65
65 66
66 67
66 68
68 69
68 70
70 71
71 72
72 73
73 74
74 75
74 76
76 77
77 78
77 79
76 80
80 81
80 82
82 83
83 84
84 85
85 86
86 87
86 88
88 89
88 90
85 91
91 92
91 93
93 94
94 95
94 96
93 97
84 98
83 99
99 100
99 101
101 102
101 103
82 104
104 105
105 106
106 107
106 108
108 109
108 110
105 111
104 112
112 113
113 114
113 115
112 116
116 117
116 118
73 119
119 120
120 121
121 122
121 123
120 124
124 125
125 126
125 127
124 128
119 129
72 130
130 131
130 132
132 133
132 134
71 135
135 136
135 137
70 138
138 139
138 140
65 141
4 142
3 143
143 144
143 145
145 146
145 147
2 148
148 149
148 150
150 151
150 152
1 153
153 154
154 155
155 156
156 157
157 158
157 159
156 160
160 161
161 162
161 163
163 164
164 165
164 166
163 167
167 168
168 169
168 170
167 171
160 172
155 173
154 174
174 175
174 176
176 177
177 178
178 179
179 180
180 181
180 182
182 183
183 184
183 185
185 186
185 187
182 188
188 189
189 190
189 191
188 192
179 193
178 194
194 195
194 196
177 197
176 198
153 199
