100
199
0
154 3
105 7
114 10
110 14
111 16
108 17
107 18
115 20
101 22
104 24
103 25
98 27
100 28
152 29
121 32
129 33
120 35
130 37
126 40
118 42
116 43
123 46
124 47
125 48
131 54
133 55
134 56
136 58
138 59
148 60
149 62
142 67
96 71
143 72
141 73
144 74
139 75
145 76
90 79
85 81
84 84
71 89
70 91
68 92
74 93
76 94
78 96
83 97
86 98
94 101
87 102
88 104
91 106
93 108
81 111
79 112
72 114
64 116
65 118
66 121
67 122
61 124
62 126
57 128
52 131
54 132
47 137
45 138
38 140
27 142
17 146
15 147
28 148
25 149
41 151
42 153
39 154
55 156
49 158
51 160
43 162
34 164
35 166
11 170
9 171
36 172
29 174
31 177
14 180
12 181
23 182
32 184
21 186
5 190
3 191
19 192
8 195
6 196
2 198
0 199
0 1
1 2
2 3
2 4
4 5
5 6
6 7
6 8
8 9
9 10
9 11
11 12
12 13
13 14
13 15
15 16
15 17
12 18
11 19
19 20
19 21
21 22
21 23
23 24
23 25
8 26
26 27
26 28
5 29
4 30
30 31
31 32
31 33
30 34
34 35
34 36
36 37
36 38
38 39
39 40
39 41
41 42
41 43
38 44
44 45
45 46
45 47
44 48
1 49
49 50
50 51
51 52
52 53
53 54
53 55
52 56
51 57
57 58
57 59
50 60
49 61
61 62
61 63
63 64
64 65
65 66
66 67
66 68
68 69
69 70
70 71
70 72
69 73
68 74
65 75
64 76
63 77
77 78
78 79
78 80
80 81
80 82
82 83
83 84
83 85
85 86
86 87
87 88
88 89
88 90
90 91
90 92
87 93
86 94
85 95
95 96
95 97
82 98
77 99
99 100
100 101
100 102
99 103
103 104
103 105
105 106
105 107
107 108
107 109
109 110
110 111
110 112
109 113
113 114
113 115
115 116
115 117
117 118
117 119
119 120
120 121
120 122
119 123
123 124
123 125
125 126
125 127
127 128
127 129
129 130
130 131
130 132
129 133
133 134
134 135
135 136
136 137
136 138
135 139
139 140
139 141
141 142
141 143
143 144
144 145
145 146
145 147
144 148
143 149
134 150
150 151
150 152
152 153
152 154
133 155
155 156
155 157
157 158
157 159
159 160
159 161
161 162
161 163
163 164
163 165
165 166
165 167
167 168
168 169
169 170
169 171
168 172
167 173
173 174
173 175
175 176
176 177
176 178
178 179
179 180
179 181
178 182
175 183
183 184
183 185
185 186
185 187
187 188
188 189
189 190
189 191
188 192
187 193
193 194
194 195
194 196
193 197
197 198
197 199
