199
356
0
290 3
286 5
288 6
266 9
267 10
174 15
172 21
167 23
168 24
178 26
176 27
163 29
165 30
173 32
175 33
184 37
179 38
186 39
187 40
140 43
144 46
142 47
141 50
143 51
138 52
119 55
114 58
112 59
110 62
73 64
75 67
71 68
74 69
111 74
104 74
108 78
106 79
109 80
103 82
107 83
105 84
122 87
124 89
123 90
125 91
237 95
195 102
196 103
198 104
197 105
192 109
194 110
190 113
191 114
188 115
199 116
200 117
235 118
285 120
238 121
283 122
225 126
221 128
204 136
201 137
203 139
205 140
206 141
210 142
208 143
213 145
214 147
211 148
218 151
216 153
223 154
220 155
239 158
234 160
233 161
226 164
229 166
230 167
228 168
274 173
279 176
278 177
276 178
270 181
268 182
271 184
273 185
281 186
263 190
265 191
264 192
255 199
245 201
247 202
252 203
250 205
248 206
254 207
260 209
258 211
256 212
242 216
243 217
183 219
181 220
161 226
131 228
133 229
157 234
152 235
160 237
170 238
162 239
155 240
153 241
118 245
116 246
127 247
137 249
130 254
128 255
136 256
146 260
150 261
149 262
148 263
134 264
84 269
80 272
78 273
86 275
91 276
89 278
87 279
96 283
95 284
94 285
90 286
52 292
54 293
48 298
46 299
49 300
56 302
50 303
65 306
64 309
62 310
68 311
67 312
69 313
58 316
51 321
61 322
59 323
60 324
44 327
31 330
29 331
24 334
18 336
20 337
6 340
8 341
22 342
40 348
10 350
9 351
5 353
3 354
25 356
28 360
27 361
17 363
16 365
14 366
11 368
13 369
39 370
32 372
33 376
34 377
36 378
35 380
0 383
2 384
37 385
76 386
83 390
81 391
101 393
92 395
97 396
100 397
0 1
1 2
2 3
2 4
4 5
4 6
1 7
7 8
8 9
8 10
7 11
11 12
12 13
13 14
14 15
14 16
16 20
20 21
20 22
22 23
22 24
16 25
25 26
25 27
16 28
28 29
28 30
16 31
31 32
31 33
16 34
34 35
35 37
35 38
35 39
34 40
13 41
41 42
42 43
42 44
44 46
44 47
44 48
48 49
49 50
49 51
48 52
41 53
53 54
54 55
54 57
57 58
57 59
54 60
60 62
60 63
63 64
63 65
65 67
65 68
65 69
60 70
70 71
71 72
72 74
74 78
72 79
72 80
71 81
81 82
81 83
70 84
53 85
85 86
86 87
86 89
86 90
85 91
12 92
92 93
93 95
93 96
96 97
97 98
98 99
99 100
100 101
101 102
101 103
100 104
99 105
98 107
107 109
107 110
107 111
111 113
111 114
111 115
98 116
97 117
96 118
93 119
119 120
119 121
92 122
11 123
123 124
124 125
125 126
125 127
127 128
127 129
129 130
130 131
131 132
132 133
133 134
134 136
134 137
134 139
134 140
133 141
132 142
131 143
130 144
144 145
144 146
146 147
146 148
129 149
149 150
150 151
150 152
152 153
152 154
149 155
124 156
156 157
157 158
157 160
157 161
156 162
162 163
163 164
163 165
165 166
165 167
162 168
123 169
169 170
170 171
171 172
172 173
172 174
174 176
174 177
174 178
171 179
179 180
180 181
180 182
179 183
183 184
183 185
170 186
169 187
187 188
188 189
189 190
189 191
188 192
187 193
193 194
194 195
195 196
196 197
197 198
198 199
198 200
200 201
200 202
197 203
196 204
204 205
204 206
195 207
194 208
208 209
208 210
210 211
210 212
193 213
213 214
214 215
215 216
215 217
214 218
218 219
218 220
213 221
221 222
222 223
223 224
224 225
225 226
225 227
227 228
227 229
224 231
231 232
232 234
232 235
232 236
236 237
236 238
231 239
224 240
223 241
222 242
242 243
243 244
244 245
244 246
243 247
242 248
248 249
248 251
251 252
252 253
253 254
253 255
252 256
251 257
257 258
258 260
258 261
258 262
257 263
248 264
221 265
265 266
266 268
268 269
268 270
270 271
271 272
271 273
270 274
274 275
274 276
266 277
277 278
277 279
266 280
280 281
281 282
282 283
282 284
281 285
280 286
265 287
287 288
288 289
289 291
291 292
291 293
289 294
294 295
295 296
296 297
297 298
297 299
296 300
295 301
301 302
301 303
294 304
304 305
305 306
305 307
307 308
308 309
308 310
307 311
304 312
289 313
288 315
315 316
315 318
318 319
319 320
320 321
320 322
319 323
318 324
315 326
326 327
326 328
328 329
329 330
329 331
328 333
333 334
333 335
335 336
335 337
328 339
339 340
339 341
328 342
315 343
343 346
346 348
346 349
349 350
349 351
346 352
352 353
352 354
343 355
355 356
355 357
357 360
357 361
357 362
362 363
362 365
362 366
357 368
357 369
343 370
343 371
371 372
371 374
374 375
375 376
375 377
374 378
371 379
379 380
379 381
381 382
382 383
382 384
381 385
288 386
287 387
387 389
389 390
389 391
387 392
392 393
392 394
394 395
394 396
387 397
