199
309
0
39 32
28 34
5 36
3 37
27 40
17 44
16 45
14 46
13 47
25 48
40 50
10 51
9 53
37 57
2 59
0 60
35 61
36 64
32 65
33 54
34 68
11 69
24 74
22 76
8 78
6 79
20 81
18 82
31 84
29 85
44 86
61 90
60 92
58 93
59 94
51 95
54 98
52 99
56 105
46 106
49 108
48 109
50 110
68 113
67 115
65 116
64 118
62 119
69 120
76 121
83 122
100 124
101 126
81 127
86 128
97 131
96 134
95 135
94 136
92 138
91 140
90 139
89 144
87 145
84 147
80 149
78 150
150 159
149 160
148 161
146 162
136 164
130 165
134 166
127 168
118 170
116 171
137 172
128 173
161 174
153 175
133 181
131 182
152 183
170 185
160 186
162 187
157 189
155 190
183 191
243 194
242 195
181 196
250 198
248 199
255 203
254 204
247 206
245 207
252 208
258 210
256 211
260 212
264 214
263 215
265 216
281 218
276 222
273 223
274 225
270 227
268 228
279 231
278 232
271 233
239 235
234 238
233 239
228 241
229 244
230 245
225 248
221 250
210 260
206 261
203 262
205 263
201 264
204 265
208 266
218 268
220 269
223 271
216 272
211 274
214 276
213 277
226 278
285 281
144 293
138 294
143 295
141 296
140 297
124 298
122 299
123 300
125 301
75 307
71 308
73 309
74 310
114 321
112 322
106 323
104 303
109 325
111 326
105 327
108 328
107 329
110 330
103 331
119 332
142 333
187 343
175 344
163 345
173 346
168 347
167 349
186 351
184 353
179 354
178 356
176 357
172 358
165 359
174 360
237 365
235 366
194 372
191 374
188 375
198 369
197 380
192 381
196 382
195 384
199 385
190 386
200 387
283 388
238 389
267 391
266 390
290 394
288 396
286 397
0 1
1 2
2 3
3 4
4 5
5 6
6 7
7 8
8 9
9 10
10 11
11 12
12 13
13 14
14 15
15 16
16 17
17 18
18 19
19 21
21 22
22 23
23 24
24 25
25 26
26 27
27 28
28 29
29 32
29 33
33 34
33 35
35 36
35 37
29 38
38 40
38 42
42 44
42 45
42 46
38 47
38 48
29 50
29 51
51 53
28 54
54 56
56 57
56 58
58 59
58 60
54 61
54 64
54 65
54 68
27 69
26 70
70 71
71 72
72 73
73 74
73 76
73 77
77 78
77 79
72 80
80 81
80 82
71 83
83 84
83 85
70 86
25 90
25 92
25 93
25 94
25 95
24 96
96 97
97 98
97 99
96 101
101 102
102 104
104 105
104 106
102 108
102 109
102 110
101 113
101 115
101 116
101 117
117 118
117 119
96 120
23 121
22 122
21 124
21 125
125 126
125 127
19 128
19 130
130 131
130 134
130 135
130 136
136 138
19 139
139 140
18 143
143 144
143 145
18 146
146 147
146 148
148 149
148 150
17 151
151 155
155 156
156 159
156 160
156 161
156 162
155 163
163 164
163 165
151 166
151 167
167 168
167 169
169 170
169 171
151 172
151 173
16 174
15 175
14 179
179 180
180 181
180 182
179 183
14 184
184 185
184 186
14 187
14 188
188 189
188 190
13 191
12 193
193 194
193 195
12 196
11 197
197 198
197 199
10 201
201 203
201 204
201 205
205 206
205 207
10 208
9 209
209 210
209 211
8 212
7 214
7 215
6 216
5 217
217 218
217 219
219 222
219 223
219 225
219 226
226 227
226 228
219 229
229 230
230 231
230 232
229 233
4 234
234 235
234 236
236 237
237 238
237 239
236 240
240 241
240 242
242 243
243 244
243 245
242 246
246 247
247 248
247 249
249 250
249 251
251 252
252 254
254 255
255 259
259 260
259 261
255 262
255 263
255 264
255 265
254 266
252 267
267 268
267 269
252 270
270 271
270 272
251 273
273 274
273 276
273 277
246 278
3 279
279 280
280 281
280 282
282 283
283 284
284 288
288 289
289 293
289 294
289 295
289 296
289 297
288 298
284 299
284 300
284 301
284 302
302 303
303 304
304 307
304 308
304 309
304 310
303 320
320 321
320 322
303 323
303 325
303 326
303 327
303 328
303 329
303 330
303 331
302 332
283 333
282 335
335 343
335 344
335 345
335 346
335 347
347 349
335 350
350 351
350 353
350 354
335 355
355 356
355 357
335 358
335 359
282 360
279 361
361 363
363 365
363 366
363 367
367 369
369 371
371 372
371 373
373 374
373 375
369 379
379 380
379 381
369 382
382 384
369 385
367 386
367 387
361 388
361 389
2 390
390 391
1 393
393 394
393 395
395 396
395 397
