199
199
199
0 0
2 1
3 2
5 3
6 4
8 5
9 6
10 7
11 8
13 9
14 10
16 11
17 12
18 13
20 14
22 15
24 16
25 17
27 18
28 19
29 20
31 21
32 22
34 23
33 24
35 25
36 26
37 27
39 28
40 29
44 30
46 31
48 32
49 33
50 34
51 35
52 36
54 37
56 38
58 39
59 40
60 41
61 42
62 43
64 44
65 45
67 46
68 47
69 48
71 49
73 50
74 51
75 52
76 53
78 54
80 55
81 56
83 57
84 58
86 59
87 60
89 61
90 62
91 63
92 64
94 65
95 66
96 67
97 68
100 69
101 70
103 71
105 72
106 73
107 74
108 75
104 76
109 77
110 78
111 79
112 80
114 81
116 82
118 83
119 84
122 85
123 86
124 87
125 88
127 89
128 90
130 91
131 92
133 93
134 94
136 95
137 96
138 97
140 98
141 99
142 100
143 101
144 102
146 103
148 104
149 105
150 106
152 107
153 108
155 109
157 110
160 111
161 112
162 113
163 114
165 115
167 116
168 117
170 118
172 119
173 120
174 121
175 122
176 123
178 124
179 125
181 126
183 127
184 128
186 129
187 130
188 131
190 132
191 133
192 134
194 135
195 136
196 137
197 138
199 139
200 140
198 141
201 142
203 143
204 144
205 145
206 146
208 147
210 148
211 149
213 150
214 151
216 152
218 153
220 154
221 155
223 156
225 157
226 158
228 159
229 160
230 161
233 162
234 163
235 164
237 165
238 166
239 167
242 168
243 169
245 170
247 171
248 172
250 173
252 174
254 175
255 176
256 177
258 178
260 179
263 180
264 181
265 182
266 183
267 184
268 185
270 186
271 187
273 188
274 189
276 190
278 191
279 192
281 193
283 194
285 195
286 196
288 197
290 198
199 198
198 197
198 141
141 137
141 133
141 134
141 140
133 131
137 136
141 135
141 138
141 139
141 165
141 195
133 132
141 194
141 164
141 166
197 196
199 183
183 184
134 117
117 116
117 114
117 119
117 120
117 122
114 115
117 128
117 124
117 125
117 129
124 123
114 97
97 99
97 101
97 102
97 87
87 85
85 76
76 75
76 79
76 77
76 73
76 74
76 81
76 84
84 88
76 71
76 72
81 80
97 100
76 78
85 86
97 98
75 50
50 49
50 51
50 52
117 130
117 121
199 162
162 163
162 167
162 160
160 161
160 159
160 158
160 157
160 155
155 152
152 156
155 147
147 148
148 143
143 142
143 144
143 145
143 146
155 149
149 150
155 153
147 154
150 151
196 193
193 187
187 188
187 190
187 192
192 191
187 185
185 186
187 189
193 182
182 180
180 181
180 179
179 171
171 170
171 174
171 176
174 172
172 173
171 175
172 169
169 168
168 126
126 127
168 113
113 107
107 111
107 103
103 105
103 106
103 95
103 104
95 91
91 90
103 94
105 109
107 110
107 92
92 93
111 118
103 82
82 83
107 112
95 96
103 108
95 62
62 65
65 66
65 67
62 63
66 58
65 68
58 54
54 55
66 70
65 64
66 56
56 57
62 60
60 61
58 59
58 53
53 35
35 39
35 42
53 48
48 47
47 44
44 43
47 45
35 40
35 41
47 32
32 33
32 31
32 34
47 46
35 24
24 23
24 26
24 0
0 1
24 7
7 6
7 29
24 25
7 11
11 10
11 12
10 9
24 27
11 18
7 2
2 3
11 17
11 19
24 22
9 8
7 28
32 38
35 15
15 4
4 5
15 13
13 14
13 16
15 20
20 21
15 30
44 36
36 37
179 177
179 178
62 69
82 89
