199
294
294
216 92
214 203
213 205
210 160
211 290
165 138
264 95
218 71
133 148
131 28
130 20
137 25
136 69
134 208
138 64
24 106
25 165
250 105
27 6
20 184
22 9
160 109
28 230
29 278
161 285
0 229
162 161
281 78
8 17
283 13
163 226
285 194
286 51
271 101
258 155
263 153
122 162
123 228
124 235
125 276
265 112
127 118
128 288
268 221
220 247
59 3
58 143
54 256
56 62
51 29
50 188
52 114
290 81
201 199
199 175
198 31
195 216
194 163
197 49
178 83
191 130
190 149
192 283
270 268
114 157
89 10
111 242
110 40
276 220
112 58
278 146
83 260
80 104
81 190
86 142
87 48
84 108
204 211
256 248
206 258
226 267
3 34
247 266
273 252
255 11
245 150
108 89
109 56
243 91
242 131
103 96
100 250
101 270
106 245
107 174
104 191
105 197
39 122
33 141
32 195
31 176
37 172
36 213
35 2
34 73
252 206
205 273
223 87
176 127
60 279
61 86
62 144
64 137
65 223
179 65
67 238
68 32
69 263
175 286
174 168
173 187
172 22
254 136
170 254
203 24
288 183
181 281
248 255
183 264
2 90
167 8
187 94
184 265
6 84
186 111
188 196
196 0
221 18
168 173
229 178
228 201
91 27
90 170
225 76
92 46
95 5
94 271
97 233
96 36
11 140
10 74
13 59
14 167
17 179
16 39
18 50
116 234
274 181
150 192
153 237
152 44
155 67
157 186
238 52
239 37
279 239
234 61
235 218
237 33
230 119
233 152
48 134
49 210
46 214
119 243
44 116
40 14
118 200
5 54
9 80
146 100
200 103
144 125
142 35
143 75
140 97
141 68
208 60
148 124
149 107
76 128
75 123
74 225
73 204
71 110
78 198
260 16
267 274
266 133
217 216
219 217
215 214
219 215
215 212
212 213
209 210
212 211
164 165
262 264
282 265
217 218
222 219
132 133
151 132
132 131
129 130
135 137
135 136
147 135
135 134
145 139
139 138
169 166
23 24
26 25
38 26
26 27
19 20
42 21
21 22
42 23
159 160
26 28
30 29
159 161
291 289
1 0
38 4
280 281
7 8
284 283
164 163
284 285
292 284
289 287
287 286
120 119
272 271
257 258
121 120
139 121
121 122
121 123
121 124
121 125
158 126
126 127
129 128
135 129
277 269
269 268
168 167
117 118
57 59
57 58
66 55
53 54
77 57
55 56
57 51
47 50
70 53
53 52
261 259
293 292
294 293
289 290
292 291
171 164
202 201
198 199
180 179
198 200
196 195
193 194
198 197
177 178
189 191
189 190
198 193
193 192
120 115
113 114
98 88
88 89
104 111
104 110
115 113
113 112
99 82
82 83
79 80
82 81
85 86
88 87
85 84
99 85
253 251
236 198
257 256
207 206
227 226
259 257
4 3
180 177
253 254
21 7
246 247
272 273
253 255
224 225
246 245
251 244
104 108
104 109
244 241
292 240
241 243
241 242
154 102
104 103
99 100
99 101
104 106
104 107
115 104
104 105
38 39
41 38
41 33
33 32
30 31
43 30
33 37
33 36
33 35
33 34
253 246
291 282
253 252
202 205
222 223
177 176
57 60
57 61
63 62
66 63
63 64
66 65
70 66
66 67
66 68
70 69
171 175
171 174
171 173
171 172
185 171
169 170
202 203
224 222
287 288
182 181
259 253
249 248
241 182
182 183
185 180
1 2
159 162
185 187
185 184
7 6
219 220
185 186
189 188
193 189
207 202
198 196
222 221
189 185
102 99
102 98
171 168
244 169
231 229
227 228
90 91
99 90
99 93
93 92
93 95
93 94
93 97
93 96
12 11
38 10
12 13
26 12
26 15
15 14
15 17
15 16
23 19
19 18
126 117
249 250
117 116
275 274
202 204
277 275
159 151
147 150
154 153
151 152
156 155
159 154
156 157
159 156
166 159
166 158
280 277
232 234
236 238
240 239
277 279
209 207
236 235
284 236
236 237
231 230
232 231
240 232
232 233
229 224
282 280
47 48
47 49
47 46
55 47
45 44
57 45
43 42
45 43
38 40
51 41
33 1
4 5
10 9
275 272
147 146
158 147
145 144
171 145
139 142
139 143
139 140
139 141
219 209
209 208
147 148
147 149
98 77
77 76
72 75
72 74
72 73
104 72
72 71
77 70
277 278
99 79
79 78
262 263
251 249
265 262
231 227
262 261
269 270
261 260
277 276
266 267
293 266
