199
294
294
216 59
214 29
213 61
210 286
211 214
165 273
264 218
218 108
133 96
131 250
130 128
137 178
136 205
134 140
138 167
24 14
25 80
250 206
27 16
20 188
22 91
160 133
28 203
29 256
161 258
0 170
162 238
281 107
8 216
283 34
163 210
285 51
286 165
271 125
258 87
263 40
122 58
123 56
124 50
125 119
265 172
127 33
128 150
268 142
220 228
59 208
58 197
54 160
56 94
51 0
50 130
52 225
290 68
201 288
199 18
198 183
195 9
194 105
197 279
178 104
191 83
190 84
192 67
270 201
114 161
89 44
111 265
110 229
276 5
112 114
278 175
83 95
80 267
81 186
86 24
87 6
84 174
204 123
256 27
206 199
226 90
3 20
247 78
273 268
255 248
245 283
108 152
109 234
243 254
242 149
103 81
100 35
101 89
106 39
107 74
104 266
105 200
39 195
33 100
32 8
31 3
37 146
36 36
35 187
34 73
252 103
205 190
223 37
176 122
60 255
61 235
62 243
64 192
65 54
179 13
67 144
68 276
69 281
175 148
174 198
173 11
172 247
254 226
170 221
203 46
288 31
181 211
248 64
183 65
2 223
167 242
187 76
184 116
6 264
186 110
188 176
196 52
221 69
168 124
229 138
228 252
91 290
90 92
225 75
92 101
95 2
94 17
97 155
96 143
11 181
10 239
13 194
14 163
17 118
16 270
18 260
116 60
274 32
150 184
153 271
152 97
155 112
157 111
238 71
239 86
279 274
234 131
235 285
237 137
230 230
233 134
48 127
49 22
46 191
119 196
44 204
40 179
118 162
5 153
9 109
146 62
200 106
144 263
142 237
143 278
140 220
141 233
208 49
148 48
149 10
76 213
75 136
74 168
73 25
71 157
78 141
260 28
267 245
266 173
217 216
219 217
215 214
219 215
215 212
212 213
209 210
212 211
164 165
262 264
282 265
217 218
222 219
132 133
151 132
132 131
129 130
135 137
135 136
147 135
135 134
145 139
139 138
169 166
23 24
26 25
38 26
26 27
19 20
42 21
21 22
42 23
159 160
26 28
30 29
159 161
291 289
1 0
38 4
280 281
7 8
284 283
164 163
284 285
292 284
289 287
287 286
120 119
272 271
257 258
121 120
139 121
121 122
121 123
121 124
121 125
158 126
126 127
129 128
135 129
277 269
269 268
168 167
117 118
57 59
57 58
66 55
53 54
77 57
55 56
57 51
47 50
70 53
53 52
261 259
293 292
294 293
289 290
292 291
171 164
202 201
198 199
180 179
198 200
196 195
193 194
198 197
177 178
189 191
189 190
198 193
193 192
120 115
113 114
98 88
88 89
104 111
104 110
115 113
113 112
99 82
82 83
79 80
82 81
85 86
88 87
85 84
99 85
253 251
236 198
257 256
207 206
227 226
259 257
4 3
180 177
253 254
21 7
246 247
272 273
253 255
224 225
246 245
251 244
104 108
104 109
244 241
292 240
241 243
241 242
154 102
104 103
99 100
99 101
104 106
104 107
115 104
104 105
38 39
41 38
41 33
33 32
30 31
43 30
33 37
33 36
33 35
33 34
253 246
291 282
253 252
202 205
222 223
177 176
57 60
57 61
63 62
66 63
63 64
66 65
70 66
66 67
66 68
70 69
171 175
171 174
171 173
171 172
185 171
169 170
202 203
224 222
287 288
182 181
259 253
249 248
241 182
182 183
185 180
1 2
159 162
185 187
185 184
7 6
219 220
185 186
189 188
193 189
207 202
198 196
222 221
189 185
102 99
102 98
171 168
244 169
231 229
227 228
90 91
99 90
99 93
93 92
93 95
93 94
93 97
93 96
12 11
38 10
12 13
26 12
26 15
15 14
15 17
15 16
23 19
19 18
126 117
249 250
117 116
275 274
202 204
277 275
159 151
147 150
154 153
151 152
156 155
159 154
156 157
159 156
166 159
166 158
280 277
232 234
236 238
240 239
277 279
209 207
236 235
284 236
236 237
231 230
232 231
240 232
232 233
229 224
282 280
47 48
47 49
47 46
55 47
45 44
57 45
43 42
45 43
38 40
51 41
33 1
4 5
10 9
275 272
147 146
158 147
145 144
171 145
139 142
139 143
139 140
139 141
219 209
209 208
147 148
147 149
98 77
77 76
72 75
72 74
72 73
104 72
72 71
77 70
277 278
99 79
79 78
262 263
251 249
265 262
231 227
262 261
269 270
261 260
277 276
266 267
293 266
