199
319
0
266 2
267 4
285 7
283 10
200 13
198 12
195 18
196 17
197 21
194 24
192 25
199 28
188 30
190 32
187 34
179 36
184 39
186 40
176 46
178 47
174 48
163 51
165 52
144 54
138 56
140 60
142 61
143 62
141 64
124 66
109 71
103 74
107 75
105 80
112 82
114 83
111 85
108 86
104 72
106 89
110 91
75 93
73 95
71 97
74 98
119 99
125 100
123 102
122 103
173 105
175 106
172 108
167 110
168 107
191 112
235 114
237 115
238 116
239 119
228 122
229 125
230 126
226 128
225 130
221 132
223 136
216 137
218 139
220 140
214 143
213 145
211 146
208 148
210 150
203 154
205 156
204 157
201 158
206 159
233 161
234 162
290 165
288 167
286 168
281 171
279 175
278 176
276 177
270 180
268 181
274 183
273 185
271 186
265 188
263 190
264 192
256 195
258 196
260 198
254 200
255 202
245 205
247 206
252 208
248 211
250 212
183 215
181 216
242 219
243 220
170 222
160 224
133 228
131 229
152 230
157 232
162 234
155 236
153 238
161 240
150 247
149 249
146 250
148 251
128 254
130 255
136 256
134 258
137 259
127 261
118 263
116 264
84 267
89 269
87 270
92 274
94 273
96 277
95 278
90 281
86 284
91 285
78 287
80 288
100 291
97 292
101 294
81 297
83 298
76 300
69 303
52 306
54 307
64 310
62 311
67 314
49 316
48 318
46 320
56 322
50 323
68 325
65 326
58 328
59 330
61 333
44 335
31 338
29 339
24 342
18 344
20 345
8 348
6 349
22 350
60 352
51 353
3 360
5 361
10 362
9 364
16 370
14 372
17 373
28 374
11 377
13 378
25 379
27 380
40 381
39 382
34 384
33 383
32 389
36 390
35 392
37 394
2 396
0 397
0 1
1 2
2 4
1 5
5 6
6 7
6 8
8 10
8 12
12 13
12 17
17 18
12 21
12 22
22 24
22 25
22 26
26 28
26 30
26 31
31 32
31 33
33 34
33 35
35 36
35 39
35 40
35 41
41 44
44 45
45 46
45 47
44 48
41 49
49 51
49 52
49 53
53 54
53 55
55 56
55 60
55 61
55 62
55 64
55 65
65 66
65 67
67 68
68 69
69 70
70 71
70 72
72 73
73 74
73 75
72 80
72 81
81 82
81 83
72 85
72 86
72 89
72 90
90 91
90 92
92 93
92 95
92 97
92 98
69 99
68 100
67 102
67 103
41 105
41 106
41 107
107 108
107 110
26 112
8 113
113 114
113 115
8 116
5 118
118 119
118 120
120 121
121 122
121 123
123 124
124 125
124 126
123 127
127 128
127 129
129 130
129 131
131 132
131 133
133 134
134 135
135 136
135 137
134 138
138 139
138 140
133 141
141 142
142 143
142 144
144 145
144 146
141 147
147 148
147 149
149 150
149 151
151 152
152 154
152 156
152 157
152 158
151 159
120 160
160 161
160 162
5 163
163 164
164 165
164 166
166 167
166 168
163 169
169 170
170 171
170 172
172 173
173 174
174 175
174 176
173 177
172 179
179 180
179 181
172 183
172 184
184 185
184 186
169 187
187 188
187 189
189 190
189 192
189 193
193 194
194 195
194 196
193 197
197 198
197 199
199 200
199 201
201 202
201 204
204 205
204 206
201 207
207 208
207 209
209 210
210 211
210 212
209 213
213 214
214 215
214 216
213 218
218 219
218 220
213 221
221 222
221 223
223 224
223 226
226 227
227 228
227 229
226 230
223 232
223 233
233 234
233 236
233 237
237 238
237 239
239 240
239 241
241 242
242 244
244 245
245 247
245 249
245 250
245 251
244 252
252 253
253 254
253 255
252 256
242 258
242 259
242 260
260 261
260 262
262 263
262 264
241 265
265 267
265 268
268 269
268 270
265 271
271 272
272 273
273 274
272 277
272 278
271 281
271 282
282 283
283 284
283 285
282 286
286 287
286 288
271 289
289 291
289 292
289 294
289 295
295 296
296 297
296 298
295 299
299 300
299 301
301 302
302 303
302 305
305 306
305 307
302 308
308 309
309 310
309 311
308 314
308 315
315 316
315 318
315 320
315 321
321 322
321 323
308 325
308 326
301 327
327 328
327 329
329 330
329 333
329 334
334 335
334 336
336 337
337 338
337 339
336 340
340 341
341 342
341 343
343 344
343 345
340 346
346 347
347 348
347 349
346 350
329 352
329 353
353 355
355 356
356 359
359 360
359 361
356 362
362 364
356 366
366 369
369 370
369 372
369 373
366 374
366 376
376 377
376 378
366 379
366 380
356 381
356 382
355 383
383 384
383 389
383 390
383 392
383 393
393 394
393 395
395 396
395 397
