193
253
251
217 217
214 214
215 215
212 212
210 210
211 211
218 218
219 219
133 133
132 132
131 131
130 130
137 137
136 136
135 135
134 134
139 139
138 138
166 166
24 24
25 25
26 26
27 27
21 21
22 22
28 28
29 29
161 161
0 0
4 4
163 163
119 119
121 121
122 122
123 123
124 124
125 125
127 127
128 128
167 167
58 58
54 54
57 57
56 56
51 51
53 53
52 52
164 164
199 199
198 198
200 200
194 194
178 178
190 190
192 192
115 115
177 177
89 89
113 113
112 112
82 82
83 83
80 80
81 81
86 86
87 87
84 84
85 85
206 206
226 226
3 3
7 7
225 225
244 244
108 108
246 246
241 241
240 240
243 243
242 242
102 102
103 103
100 100
101 101
106 106
248 248
104 104
39 39
38 38
32 32
224 224
30 30
36 36
34 34
252 252
176 176
60 60
62 62
63 63
64 64
65 65
179 179
67 67
68 68
69 69
175 175
173 173
172 172
170 170
203 203
222 222
181 181
253 253
182 182
180 180
2 2
162 162
187 187
184 184
6 6
220 220
250 250
189 189
196 196
221 221
185 185
99 99
98 98
169 169
229 229
228 228
91 91
90 90
93 93
92 92
223 223
94 94
97 97
96 96
10 10
13 13
12 12
15 15
14 14
16 16
19 19
116 116
204 204
150 150
153 153
152 152
155 155
157 157
159 159
239 239
234 234
235 235
236 236
237 237
230 230
231 231
232 232
233 233
48 48
49 49
46 46
47 47
44 44
45 45
42 42
43 43
118 118
5 5
9 9
201 201
147 147
144 144
145 145
142 142
143 143
140 140
141 141
209 209
208 208
148 148
77 77
76 76
75 75
73 73
71 71
70 70
79 79
227 227
247 216
216 217
213 214
216 215
213 212
245 213
208 210
208 211
222 165
216 218
216 219
137 133
131 132
133 131
129 130
154 137
133 136
133 135
133 134
137 139
137 138
165 166
23 24
23 25
23 26
23 27
31 20
20 21
23 22
33 23
222 223
23 28
23 29
162 161
1 0
1 4
23 8
162 163
120 119
122 120
120 121
137 122
122 123
122 124
126 125
146 126
126 127
129 128
137 129
216 220
117 118
76 59
59 58
59 55
55 54
55 57
55 56
50 51
61 50
50 53
50 52
165 164
197 201
197 199
176 179
197 200
197 195
193 194
202 197
176 178
197 191
191 190
195 193
193 192
114 115
122 114
107 88
90 89
158 111
120 110
114 113
111 112
81 82
81 83
78 80
88 81
81 86
88 87
81 84
81 85
197 198
207 206
222 226
1 3
176 177
8 7
251 247
222 225
247 245
238 244
109 108
137 109
238 241
238 240
238 243
238 242
103 102
111 103
110 100
100 101
105 106
137 107
105 104
109 105
40 39
37 38
35 33
33 32
33 31
31 30
40 37
37 36
41 35
35 34
245 246
222 162
222 160
251 252
222 151
207 205
183 176
61 60
78 61
61 62
61 63
81 64
64 65
72 66
66 67
81 68
68 69
176 175
183 174
174 173
171 172
174 171
171 170
202 203
249 222
176 181
251 253
249 248
176 182
186 183
176 180
1 2
168 167
188 187
183 184
1 6
238 186
191 188
188 189
205 202
195 196
222 221
186 185
100 99
97 98
222 168
168 169
222 229
222 228
114 91
107 90
92 93
95 92
109 95
95 94
110 97
97 96
18 11
11 10
14 13
11 12
14 15
18 14
31 17
17 16
20 19
23 18
122 117
251 250
117 116
205 204
222 224
151 150
154 153
151 152
156 155
160 154
156 157
222 156
160 159
168 158
222 234
251 238
238 239
208 207
222 235
222 236
238 237
222 230
222 231
222 232
222 233
45 48
50 49
45 46
45 47
66 44
68 45
41 42
41 43
41 40
44 41
17 1
1 5
8 9
149 146
146 147
137 144
137 145
137 142
137 143
137 140
137 141
208 209
216 208
149 148
158 149
78 77
81 76
74 75
91 74
74 73
81 72
72 71
68 70
78 79
81 78
251 249
222 227
