473
945
0
605 4
603 5
600 7
602 8
598 10
596 13
595 14
591 18
588 20
590 21
584 23
585 24
571 31
568 32
448 38
450 39
475 40
477 42
478 43
507 45
481 47
479 48
583 49
508 57
510 58
511 59
567 60
579 64
575 65
570 67
578 68
576 72
581 73
499 76
500 77
566 78
582 80
580 81
484 85
486 86
587 87
577 88
569 89
466 93
464 94
493 98
487 101
489 102
488 103
574 104
572 105
573 108
505 113
504 114
503 115
501 116
494 120
498 121
496 122
497 123
454 125
453 126
457 133
455 134
467 135
491 136
462 142
424 143
426 144
447 146
443 149
444 150
445 151
452 153
451 154
483 155
474 158
463 161
470 162
472 163
442 166
408 168
406 169
473 171
402 174
399 177
401 179
410 181
384 184
380 187
381 188
382 189
385 191
386 192
403 193
435 196
436 197
439 202
434 203
440 207
432 208
423 210
437 212
433 213
420 215
419 216
438 217
411 221
412 222
413 223
421 224
492 225
565 227
562 230
560 231
527 236
523 241
526 242
524 245
521 246
525 247
530 248
554 249
555 251
546 257
551 258
547 259
549 260
553 261
552 265
557 266
532 270
548 271
558 273
550 274
544 275
529 277
519 278
516 281
518 282
556 283
515 286
513 287
534 291
542 292
536 293
540 295
537 297
539 298
212 305
276 309
226 310
210 311
201 315
200 316
180 318
181 319
185 322
187 323
179 325
177 327
178 328
196 331
197 333
194 334
203 336
202 337
205 341
204 342
281 346
271 348
273 349
274 350
275 351
208 355
207 357
209 358
206 359
229 362
190 365
189 366
233 368
230 369
184 372
182 373
232 376
216 377
231 379
188 380
198 381
143 389
142 390
176 391
144 393
140 394
163 399
165 402
151 406
158 407
157 408
153 409
164 410
173 413
162 415
161 416
172 417
150 420
148 421
174 422
168 427
159 429
160 430
166 431
169 433
171 434
145 437
147 438
156 439
155 440
141 442
138 443
108 450
116 452
114 453
107 456
105 459
102 463
104 464
89 465
48 469
49 470
50 472
46 474
47 475
85 477
83 478
81 482
82 483
88 484
91 485
37 492
42 495
3 496
27 497
41 500
30 501
36 503
28 504
31 508
40 509
9 511
11 512
32 514
33 516
35 517
5 519
39 521
38 522
29 524
34 525
77 527
75 528
63 533
64 534
78 536
97 539
80 540
98 541
109 545
99 547
101 548
110 549
111 550
8 557
6 558
21 561
20 562
14 564
13 568
16 569
12 570
15 571
43 573
2 575
0 576
68 581
70 583
45 586
69 587
65 588
60 591
62 592
61 593
25 599
22 600
24 601
51 603
17 606
57 607
58 611
52 612
18 613
53 614
59 615
26 619
55 620
54 621
56 622
71 623
72 625
73 627
74 628
95 630
92 632
94 634
113 635
128 639
127 640
119 641
125 644
120 646
122 647
126 649
124 650
130 652
132 653
136 655
137 657
135 658
263 667
237 669
238 670
267 675
270 676
266 678
268 679
265 681
264 683
269 684
250 686
247 688
248 689
242 690
193 693
191 694
234 698
236 699
240 701
220 703
222 704
249 705
214 709
215 711
213 712
223 713
218 714
243 716
241 717
253 721
251 722
254 723
255 725
257 727
258 728
335 735
337 736
344 737
329 739
316 741
315 743
246 747
244 748
314 749
312 750
388 754
390 756
376 757
428 763
427 764
391 765
458 768
460 769
430 770
418 772
431 774
429 776
417 777
387 779
389 780
379 784
356 788
353 790
355 791
366 792
367 798
362 801
370 802
369 804
368 806
375 807
359 812
358 813
357 814
371 817
372 818
373 819
374 820
364 821
341 823
340 825
338 826
360 828
361 829
405 833
404 834
396 838
395 839
394 840
397 841
416 843
415 845
398 846
393 847
309 852
308 853
228 856
227 857
300 861
304 863
302 865
299 866
301 868
297 870
298 872
303 873
294 874
292 875
285 878
286 880
283 881
348 883
324 886
325 887
291 888
332 891
327 895
328 896
311 898
310 899
345 903
334 904
296 907
280 909
279 911
277 912
260 915
262 916
307 919
305 920
306 921
349 927
352 928
350 929
319 931
318 932
333 933
347 935
346 937
351 938
322 940
287 943
289 944
320 945
0 1
1 2
2 3
3 4
3 5
2 6
6 7
6 8
1 9
9 10
9 11
11 12
12 13
12 14
11 15
15 16
16 17
17 18
17 19
19 20
19 21
16 22
22 23
22 24
15 25
25 26
26 27
27 28
28 29
29 30
30 31
30 32
29 33
33 34
34 35
35 36
36 37
37 38
37 39
36 40
35 41
41 42
41 43
34 44
44 45
44 46
46 47
46 48
33 49
28 50
50 51
51 52
52 53
53 54
54 55
55 56
56 57
56 58
55 59
54 60
53 61
61 62
62 63
63 64
63 65
62 66
66 67
66 68
61 69
69 70
70 71
71 72
71 73
70 74
74 75
75 76
75 77
74 78
69 79
79 80
79 81
52 82
82 83
83 84
84 85
84 86
83 87
82 88
51 89
50 90
90 91
91 92
92 93
92 94
91 95
95 96
96 97
97 98
97 99
99 100
100 101
100 102
99 103
96 104
95 105
90 106
106 107
107 108
107 109
109 110
110 111
111 112
112 113
112 114
111 115
110 116
109 117
117 118
118 119
119 120
119 121
118 122
117 123
106 124
124 125
124 126
27 127
127 128
128 129
129 130
130 131
131 132
132 133
132 134
131 135
130 136
129 137
137 138
138 139
139 140
140 141
141 142
141 143
140 144
139 145
145 146
145 147
147 148
148 149
148 150
147 151
138 152
152 153
152 154
137 155
128 156
156 157
157 158
157 159
159 160
160 161
160 162
159 163
156 164
164 165
165 166
165 167
167 168
167 169
164 170
170 171
170 172
172 173
173 174
173 175
175 176
176 177
176 178
178 179
178 180
180 181
180 182
182 183
183 184
183 185
185 186
186 187
186 188
185 189
182 190
190 191
190 192
175 193
172 194
194 195
195 196
195 197
194 198
198 199
199 200
200 201
201 202
201 203
200 204
204 205
205 206
206 207
206 208
205 209
209 210
209 211
211 212
211 213
204 214
214 215
214 216
199 217
198 218
218 219
219 220
220 221
220 222
219 223
218 224
127 225
26 226
226 227
226 228
228 229
229 230
229 231
228 232
232 233
233 234
234 235
235 236
235 237
237 238
238 239
239 240
240 241
240 242
239 243
243 244
244 245
244 246
243 247
238 248
237 249
234 250
250 251
250 252
252 253
253 254
254 255
255 256
256 257
256 258
255 259
254 260
253 261
252 262
262 263
263 264
264 265
264 266
263 267
267 268
268 269
269 270
269 271
268 272
272 273
272 274
267 275
262 276
276 277
276 278
233 279
279 280
280 281
280 282
279 283
232 284
284 285
285 286
285 287
284 288
288 289
289 290
290 291
290 292
289 293
288 294
294 295
294 296
296 297
296 298
25 299
299 300
300 301
301 302
302 303
303 304
304 305
304 306
306 307
307 308
308 309
308 310
307 311
306 312
312 313
313 314
314 315
314 316
313 317
317 318
317 319
312 320
320 321
321 322
321 323
320 324
324 325
324 326
326 327
326 328
303 329
329 330
330 331
330 332
332 333
332 334
329 335
335 336
335 337
302 338
338 339
339 340
340 341
340 342
339 343
343 344
344 345
345 346
345 347
347 348
347 349
344 350
343 351
338 352
352 353
353 354
354 355
354 356
356 357
356 358
353 359
352 360
360 361
361 362
361 363
363 364
364 365
364 366
363 367
367 368
367 369
360 370
370 371
371 372
371 373
370 374
374 375
375 376
375 377
374 378
378 379
378 380
301 381
300 382
382 383
383 384
384 385
385 386
386 387
387 388
388 389
388 390
387 391
386 392
392 393
392 394
385 395
395 396
396 397
397 398
398 399
398 400
400 401
401 402
401 403
403 404
404 405
405 406
405 407
404 408
403 409
400 410
397 411
411 412
412 413
412 414
414 415
414 416
411 417
396 418
418 419
419 420
419 421
418 422
395 423
423 424
424 425
425 426
426 427
426 428
428 429
428 430
425 431
424 432
432 433
432 434
423 435
435 436
436 437
436 438
435 439
384 440
383 441
441 442
441 443
382 444
444 445
445 446
446 447
447 448
448 449
449 450
449 451
451 452
451 453
448 454
454 455
455 456
455 457
457 458
458 459
458 460
460 461
461 462
462 463
462 464
461 465
460 466
466 467
467 468
468 469
468 470
467 471
471 472
471 473
473 474
473 475
466 476
476 477
476 478
457 479
479 480
480 481
481 482
481 483
480 484
479 485
454 486
486 487
487 488
488 489
489 490
490 491
491 492
491 493
493 494
494 495
494 496
493 497
490 498
498 499
499 500
499 501
498 502
502 503
502 504
489 505
505 506
506 507
507 508
507 509
506 510
510 511
510 512
505 513
513 514
513 515
515 516
515 517
488 518
518 519
518 520
520 521
520 522
487 523
523 524
523 525
486 526
526 527
526 528
447 529
529 530
530 531
531 532
532 533
532 534
531 535
535 536
535 537
537 538
538 539
538 540
537 541
530 542
542 543
543 544
544 545
544 546
546 547
546 548
543 549
542 550
529 551
551 552
552 553
553 554
554 555
555 556
556 557
556 558
555 559
559 560
560 561
560 562
559 563
563 564
563 565
565 566
566 567
567 568
567 569
566 570
565 571
554 572
572 573
572 574
574 575
574 576
553 577
577 578
578 579
579 580
580 581
580 582
582 583
582 584
584 585
585 586
585 587
584 588
579 589
589 590
590 591
590 592
589 593
578 594
594 595
595 596
596 597
597 598
598 599
598 600
597 601
596 602
602 603
602 604
604 605
605 606
605 607
604 608
608 609
609 610
610 611
610 612
609 613
608 614
595 615
594 616
616 617
617 618
618 619
618 620
617 621
616 622
577 623
552 624
624 625
624 626
626 627
626 628
551 629
629 630
629 631
631 632
631 633
633 634
633 635
446 636
636 637
637 638
638 639
638 640
637 641
636 642
642 643
643 644
643 645
645 646
645 647
642 648
648 649
648 650
445 651
651 652
651 653
444 654
654 655
654 656
656 657
656 658
299 659
659 660
660 661
661 662
662 663
663 664
664 665
665 666
666 667
666 668
668 669
668 670
665 671
671 672
672 673
673 674
674 675
674 676
673 677
677 678
677 679
672 680
680 681
680 682
682 683
682 684
671 685
685 686
685 687
687 688
687 689
664 690
663 691
691 692
692 693
692 694
691 695
695 696
696 697
697 698
697 699
696 700
700 701
700 702
702 703
702 704
695 705
662 706
706 707
707 708
708 709
708 710
710 711
710 712
707 713
706 714
661 715
715 716
715 717
660 718
718 719
719 720
720 721
720 722
719 723
718 724
724 725
724 726
726 727
726 728
659 729
729 730
730 731
731 732
732 733
733 734
734 735
734 736
733 737
732 738
738 739
738 740
740 741
740 742
742 743
742 744
744 745
745 746
746 747
746 748
745 749
744 750
731 751
751 752
752 753
753 754
753 755
755 756
755 757
752 758
758 759
759 760
760 761
761 762
762 763
762 764
761 765
760 766
766 767
767 768
767 769
766 770
759 771
771 772
771 773
773 774
773 775
775 776
775 777
758 778
778 779
778 780
751 781
781 782
782 783
783 784
783 785
785 786
786 787
787 788
787 789
789 790
789 791
786 792
785 793
793 794
794 795
795 796
796 797
797 798
797 799
799 800
800 801
800 802
799 803
803 804
803 805
805 806
805 807
796 808
808 809
809 810
810 811
811 812
811 813
810 814
809 815
815 816
816 817
816 818
815 819
808 820
795 821
794 822
822 823
822 824
824 825
824 826
793 827
827 828
827 829
782 830
830 831
831 832
832 833
832 834
831 835
835 836
836 837
837 838
837 839
836 840
835 841
830 842
842 843
842 844
844 845
844 846
781 847
730 848
848 849
849 850
850 851
851 852
851 853
850 854
854 855
855 856
855 857
854 858
858 859
859 860
860 861
860 862
862 863
862 864
864 865
864 866
859 867
867 868
867 869
869 870
869 871
871 872
871 873
858 874
849 875
848 876
876 877
877 878
877 879
879 880
879 881
876 882
882 883
882 884
884 885
885 886
885 887
884 888
729 889
889 890
890 891
890 892
892 893
893 894
894 895
894 896
893 897
897 898
897 899
892 900
900 901
901 902
902 903
902 904
901 905
905 906
906 907
906 908
908 909
908 910
910 911
910 912
905 913
913 914
914 915
914 916
913 917
917 918
918 919
918 920
917 921
900 922
922 923
923 924
924 925
925 926
926 927
926 928
925 929
924 930
930 931
930 932
923 933
922 934
934 935
934 936
936 937
936 938
889 939
939 940
939 941
941 942
942 943
942 944
941 945
