473
945
0
303 50
301 51
304 54
228 56
227 57
298 58
297 59
302 61
299 62
300 65
285 66
281 68
208 72
155 75
174 80
161 81
162 82
173 85
172 87
165 91
164 92
163 93
153 96
158 98
151 99
157 100
171 104
169 105
168 108
160 110
159 111
166 112
156 114
147 116
145 117
144 120
143 122
142 124
140 125
150 128
148 129
141 132
138 133
137 136
135 138
132 140
130 142
128 144
78 155
80 156
73 159
74 160
72 164
71 171
59 172
52 174
58 180
57 182
17 183
26 185
25 188
24 189
22 190
53 191
56 192
18 193
55 195
54 196
69 198
65 199
45 200
70 205
21 206
2 208
0 209
8 211
6 212
20 214
16 217
13 218
15 221
12 222
14 223
43 224
51 226
68 228
62 231
60 232
61 233
111 236
113 238
98 239
110 242
109 243
101 246
99 247
97 248
64 250
63 251
95 254
94 255
92 256
77 260
75 261
107 266
102 267
89 271
91 273
105 274
104 275
85 278
83 279
50 283
49 285
46 286
47 287
48 288
42 295
27 296
3 297
41 300
31 301
40 306
30 307
37 310
32 311
36 312
28 313
34 315
29 316
11 318
9 319
39 321
38 323
5 324
35 326
33 327
88 329
82 331
81 332
108 333
116 335
114 336
119 337
127 341
122 342
124 343
126 344
125 346
120 347
136 348
176 349
184 353
182 354
231 357
216 358
188 359
207 365
206 366
233 368
209 369
230 370
190 372
189 373
229 374
276 380
232 381
226 382
210 383
205 387
204 388
197 391
194 392
196 393
212 395
203 400
202 401
181 403
180 404
198 406
200 408
201 409
187 412
185 413
178 416
177 417
179 418
275 421
274 422
273 424
271 425
309 427
308 428
294 430
292 431
270 435
267 436
241 441
269 444
222 446
193 448
191 449
240 451
220 452
266 453
268 456
264 457
265 458
250 462
247 463
248 464
249 469
242 470
236 472
234 473
243 474
223 476
215 479
213 480
218 482
214 483
263 485
238 487
237 488
325 489
291 490
324 493
258 497
257 498
255 499
254 501
253 503
251 504
286 506
283 507
348 508
328 510
327 512
311 514
310 515
332 516
322 519
289 521
287 522
320 523
345 525
333 526
351 530
350 531
346 532
347 534
334 535
305 539
307 540
306 541
262 543
260 544
318 547
319 548
296 550
280 553
279 554
277 555
352 558
349 559
376 560
344 564
335 565
329 567
316 570
315 571
314 573
312 575
246 577
244 578
337 579
379 584
366 586
355 589
353 590
356 591
375 594
374 599
372 604
367 605
368 606
358 609
357 610
359 611
371 612
369 613
370 616
362 617
364 618
341 620
340 622
338 623
373 624
361 626
360 627
393 628
390 631
388 632
389 634
387 635
429 641
417 642
431 644
418 645
430 646
428 649
427 650
391 651
416 654
415 656
398 657
405 660
404 661
397 665
395 666
394 667
396 668
460 670
458 671
478 674
477 676
475 677
450 679
448 680
507 681
570 682
462 689
447 691
445 693
444 695
443 696
426 698
424 699
467 701
457 703
455 704
492 705
452 709
451 710
483 711
491 712
401 717
410 720
386 724
384 726
382 727
381 729
380 730
385 731
403 734
399 735
402 736
440 741
439 749
432 750
438 751
434 752
435 753
421 755
413 758
412 759
411 760
433 761
420 763
419 764
437 765
436 766
423 767
408 769
406 770
474 775
472 776
463 778
442 779
470 780
473 781
573 784
501 785
582 787
580 788
583 790
568 791
454 794
453 795
488 796
572 797
511 799
481 801
479 802
504 808
503 809
505 810
498 812
497 815
496 816
494 817
493 819
489 821
487 822
466 824
464 825
567 826
571 827
579 828
578 830
576 831
486 833
484 834
581 837
574 838
569 839
566 842
577 844
575 845
500 847
499 848
510 850
508 851
565 853
562 856
560 857
558 860
557 862
556 872
529 873
519 875
518 877
516 878
551 880
549 884
544 885
547 886
546 887
548 889
532 890
553 891
530 893
526 896
523 897
525 900
524 901
521 902
555 903
554 905
552 906
550 908
527 909
542 915
537 916
536 918
534 919
540 920
515 922
513 923
539 924
587 925
591 928
590 930
588 931
585 933
584 934
596 935
598 937
595 938
605 940
603 942
602 944
600 945
0 1
1 2
2 3
3 4
4 5
5 6
6 7
7 8
8 9
9 10
10 11
11 12
12 13
13 14
14 15
15 16
16 17
17 18
18 19
19 20
20 21
21 22
22 23
23 24
24 25
25 26
26 27
27 28
28 29
29 30
30 31
31 32
32 33
33 34
34 35
35 36
36 37
37 38
38 39
39 40
40 41
41 42
42 43
43 44
44 45
45 46
46 47
47 48
48 49
49 50
49 51
48 52
52 53
53 54
53 55
55 56
55 57
52 58
47 59
46 60
60 61
60 62
45 63
63 64
64 65
64 66
63 67
67 68
67 69
69 70
70 71
71 72
71 73
73 74
74 75
74 76
76 77
77 78
78 79
79 80
79 81
78 82
77 83
83 84
84 85
84 86
86 87
86 88
88 89
89 90
90 91
90 92
89 93
88 94
94 95
95 96
95 97
97 98
97 99
94 100
83 101
101 102
102 103
103 104
103 105
102 106
106 107
107 108
107 109
109 110
109 111
106 112
101 113
113 114
113 115
115 116
115 117
76 118
118 119
119 120
119 121
121 122
121 123
123 124
123 125
118 126
126 127
127 128
127 129
126 130
130 131
131 132
131 133
130 134
134 135
135 136
135 137
137 138
137 139
139 140
139 141
141 142
141 143
143 144
143 145
145 146
146 147
147 148
148 149
149 150
150 151
151 152
152 153
153 154
154 155
154 156
153 157
157 158
158 159
158 160
157 161
161 162
162 163
163 164
163 165
165 166
166 167
167 168
168 169
169 170
170 171
170 172
169 173
173 174
173 175
175 176
176 177
177 178
178 179
179 180
179 181
181 182
181 183
178 184
184 185
184 186
186 187
187 188
187 189
186 190
177 191
176 192
175 193
168 194
194 195
194 196
167 197
197 198
197 199
166 200
165 201
201 202
202 203
203 204
204 205
204 206
203 207
207 208
207 209
202 210
210 211
210 212
201 213
213 214
213 215
215 216
216 217
216 218
215 219
219 220
220 221
220 222
219 223
162 224
161 225
225 226
225 227
227 228
227 229
229 230
230 231
230 232
229 233
152 234
234 235
235 236
235 237
237 238
237 239
234 240
240 241
241 242
241 243
240 244
244 245
245 246
245 247
244 248
151 249
249 250
249 251
150 252
252 253
253 254
253 255
252 256
149 257
257 258
258 259
259 260
259 261
258 262
262 263
263 264
264 265
265 266
265 267
264 268
268 269
269 270
270 271
270 272
272 273
272 274
269 275
268 276
276 277
277 278
277 279
276 280
280 281
281 282
282 283
282 284
284 285
284 286
281 287
280 288
263 289
289 290
290 291
291 292
292 293
293 294
294 295
294 296
293 297
292 298
298 299
299 300
299 301
298 302
302 303
303 304
304 305
305 306
305 307
304 308
308 309
309 310
309 311
308 312
303 313
302 314
314 315
314 316
291 317
317 318
317 319
290 320
320 321
320 322
322 323
322 324
289 325
325 326
325 327
262 328
328 329
328 330
330 331
330 332
257 333
148 334
334 335
334 336
147 337
146 338
338 339
339 340
340 341
340 342
339 343
338 344
145 345
345 346
345 347
134 348
73 349
70 350
350 351
351 352
352 353
352 354
351 355
355 356
356 357
356 358
355 359
350 360
360 361
361 362
362 363
363 364
364 365
364 366
363 367
367 368
367 369
362 370
361 371
371 372
371 373
360 374
69 375
375 376
376 377
377 378
378 379
379 380
379 381
378 382
377 383
376 384
384 385
385 386
386 387
386 388
385 389
389 390
390 391
390 392
389 393
384 394
394 395
394 396
396 397
397 398
398 399
399 400
399 401
398 402
402 403
402 404
397 405
405 406
405 407
407 408
407 409
396 410
410 411
411 412
411 413
410 414
414 415
415 416
415 417
414 418
375 419
419 420
420 421
420 422
419 423
423 424
423 425
44 426
426 427
426 428
43 429
429 430
429 431
42 432
432 433
433 434
434 435
434 436
433 437
437 438
438 439
439 440
440 441
440 442
442 443
443 444
443 445
445 446
445 447
447 448
447 449
442 450
450 451
450 452
439 453
438 454
454 455
455 456
455 457
454 458
437 459
459 460
460 461
461 462
461 463
460 464
459 465
465 466
466 467
467 468
468 469
468 470
467 471
471 472
471 473
466 474
465 475
475 476
475 477
477 478
478 479
478 480
477 481
481 482
481 483
432 484
484 485
484 486
486 487
486 488
41 489
40 490
39 491
491 492
492 493
492 494
494 495
495 496
496 497
496 498
495 499
494 500
500 501
500 502
502 503
502 504
491 505
505 506
505 507
38 508
37 509
509 510
509 511
511 512
511 513
513 514
513 515
36 516
35 517
517 518
518 519
518 520
520 521
520 522
517 523
34 524
524 525
524 526
33 527
527 528
528 529
529 530
529 531
528 532
527 533
533 534
533 535
32 536
536 537
537 538
538 539
538 540
537 541
536 542
542 543
542 544
31 545
545 546
546 547
546 548
545 549
549 550
549 551
551 552
552 553
552 554
551 555
30 556
556 557
557 558
557 559
556 560
29 561
561 562
562 563
563 564
563 565
562 566
566 567
566 568
568 569
569 570
569 571
568 572
572 573
572 574
574 575
574 576
576 577
576 578
561 579
28 580
580 581
581 582
582 583
583 584
583 585
585 586
585 587
587 588
588 589
588 590
587 591
582 592
592 593
593 594
593 595
595 596
596 597
597 598
598 599
598 600
600 601
601 602
602 603
603 604
603 605
602 606
601 607
607 608
608 609
608 610
607 611
600 612
597 613
596 614
614 615
615 616
615 617
614 618
595 619
619 620
619 621
621 622
621 623
592 624
581 625
625 626
625 627
580 628
27 629
629 630
630 631
630 632
629 633
633 634
633 635
26 636
636 637
637 638
638 639
639 640
640 641
640 642
639 643
643 644
643 645
638 646
637 647
647 648
648 649
648 650
647 651
636 652
652 653
653 654
653 655
655 656
655 657
652 658
658 659
659 660
659 661
658 662
662 663
663 664
664 665
664 666
663 667
662 668
25 669
669 670
669 671
24 672
672 673
673 674
673 675
675 676
675 677
672 678
678 679
678 680
23 681
22 682
21 683
683 684
684 685
685 686
686 687
687 688
688 689
688 690
690 691
690 692
692 693
692 694
694 695
694 696
687 697
697 698
697 699
686 700
700 701
700 702
702 703
702 704
685 705
684 706
706 707
707 708
708 709
708 710
707 711
706 712
683 713
713 714
714 715
715 716
716 717
716 718
718 719
719 720
719 721
721 722
722 723
723 724
723 725
725 726
725 727
722 728
728 729
728 730
721 731
718 732
732 733
733 734
733 735
732 736
715 737
737 738
738 739
739 740
740 741
740 742
742 743
743 744
744 745
745 746
746 747
747 748
748 749
748 750
747 751
746 752
745 753
744 754
754 755
754 756
756 757
757 758
757 759
756 760
743 761
742 762
762 763
762 764
739 765
738 766
737 767
714 768
768 769
768 770
713 771
771 772
772 773
773 774
774 775
774 776
773 777
777 778
777 779
772 780
771 781
20 782
782 783
783 784
783 785
782 786
786 787
786 788
19 789
789 790
789 791
18 792
792 793
793 794
793 795
792 796
17 797
16 798
798 799
798 800
800 801
800 802
15 803
803 804
804 805
805 806
806 807
807 808
807 809
806 810
805 811
811 812
811 813
813 814
814 815
814 816
813 817
804 818
818 819
818 820
820 821
820 822
803 823
823 824
823 825
14 826
13 827
12 828
11 829
829 830
829 831
10 832
832 833
832 834
9 835
835 836
836 837
836 838
835 839
8 840
840 841
841 842
841 843
843 844
843 845
840 846
846 847
846 848
7 849
849 850
849 851
6 852
852 853
852 854
854 855
855 856
855 857
854 858
858 859
859 860
859 861
861 862
861 863
863 864
864 865
865 866
866 867
867 868
868 869
869 870
870 871
871 872
871 873
870 874
874 875
874 876
876 877
876 878
869 879
879 880
879 881
881 882
882 883
883 884
883 885
882 886
881 887
868 888
888 889
888 890
867 891
866 892
892 893
892 894
894 895
895 896
895 897
894 898
898 899
899 900
899 901
898 902
865 903
864 904
904 905
904 906
863 907
907 908
907 909
858 910
910 911
911 912
912 913
913 914
914 915
914 916
913 917
917 918
917 919
912 920
911 921
921 922
921 923
910 924
5 925
4 926
926 927
927 928
927 929
929 930
929 931
926 932
932 933
932 934
3 935
2 936
936 937
936 938
1 939
939 940
939 941
941 942
941 943
943 944
943 945
