473
607
607
344 15
0 95
346 373
347 71
340 388
341 289
348 348
349 324
298 80
299 17
296 171
297 417
294 548
292 503
291 360
591 513
590 191
595 172
198 349
596 375
194 521
197 389
196 280
191 436
190 204
193 526
270 218
271 603
273 395
274 435
275 25
276 590
277 159
279 546
524 226
525 381
526 61
527 99
521 40
523 302
529 157
448 33
443 584
442 362
440 602
447 5
445 497
444 43
108 127
109 222
102 209
101 274
107 119
104 445
105 269
39 510
38 554
33 329
32 333
31 539
30 427
37 214
36 372
35 94
34 78
438 45
439 403
436 254
437 311
434 206
435 568
432 596
433 202
430 470
431 47
338 396
335 308
334 379
337 108
333 442
332 399
345 174
6 85
99 246
98 569
91 105
92 264
95 247
94 178
97 355
558 585
555 534
554 454
557 410
556 276
551 38
550 570
553 29
552 500
238 185
234 467
236 77
237 237
230 358
231 262
232 24
233 369
147 242
144 22
145 59
142 519
143 397
140 401
141 340
148 251
132 448
130 367
137 196
136 31
135 9
494 143
496 128
138 210
491 452
492 147
493 244
24 248
25 169
26 544
27 116
20 453
21 492
22 598
28 102
29 421
406 413
405 595
404 21
403 524
402 505
401 314
408 463
379 540
371 155
370 69
373 318
372 305
375 450
374 145
376 273
393 189
88 165
89 187
397 291
396 81
395 27
394 347
82 122
83 179
399 161
81 328
85 466
587 281
584 13
585 26
582 285
583 303
580 455
581 243
588 220
244 356
247 260
246 228
241 0
240 109
243 338
242 193
249 136
248 292
519 310
518 132
511 411
510 600
513 494
515 412
516 229
458 213
450 391
451 11
452 315
453 236
454 14
455 426
457 270
179 160
178 364
177 429
176 130
174 493
173 567
172 486
171 36
182 464
180 483
181 98
187 104
184 48
185 402
188 579
189 111
11 54
13 437
12 451
15 366
14 168
17 74
16 472
18 148
62 370
322 56
320 63
327 438
324 575
325 337
328 432
329 298
201 137
200 341
203 428
202 144
205 6
204 28
207 97
206 551
209 304
208 177
77 447
75 498
74 312
73 188
72 382
71 51
70 344
78 536
542 20
540 319
546 398
547 91
544 553
8 460
548 37
549 8
598 240
120 64
122 420
124 565
125 249
126 207
127 265
128 385
2 150
415 393
416 266
417 380
410 201
411 234
412 416
413 532
498 357
418 283
419 72
499 142
319 473
318 516
312 184
311 107
310 376
316 215
315 181
314 582
497 299
3 405
368 479
369 198
366 53
367 515
364 406
362 233
360 238
361 320
380 387
381 374
382 439
384 35
385 156
386 542
387 30
388 588
389 501
605 443
579 182
578 558
573 41
572 194
571 200
570 73
577 547
576 475
575 587
574 89
60 322
61 523
258 34
63 457
64 223
65 114
68 530
69 70
250 250
251 173
257 481
254 352
255 263
603 489
602 65
508 32
507 241
504 478
505 371
503 164
500 440
501 335
464 384
467 576
466 419
460 257
463 92
462 18
168 294
169 62
164 212
165 58
166 550
160 458
161 46
162 49
163 605
9 286
357 507
356 327
355 462
353 231
352 16
351 474
350 151
359 415
358 583
216 394
214 573
215 351
212 418
213 83
210 566
218 287
289 552
281 297
280 141
283 487
285 113
287 258
286 162
263 555
262 488
260 549
267 190
266 424
265 75
264 120
269 345
268 2
59 309
58 361
55 205
54 253
57 208
56 578
51 577
50 574
53 504
52 3
537 279
536 153
534 408
532 306
530 125
539 368
114 508
116 562
111 271
110 301
113 527
253 423
119 484
429 491
428 353
421 124
420 82
423 101
424 52
427 138
426 386
308 140
309 334
300 572
301 68
302 166
303 275
304 135
305 537
306 434
307 525
568 591
569 277
560 227
562 163
565 325
566 477
567 60
229 255
228 203
227 350
226 433
223 126
222 180
220 511
391 12
390 42
151 197
150 300
153 430
155 39
600 390
157 267
156 404
159 431
158 359
80 88
398 307
48 268
49 346
46 529
47 560
45 110
42 296
43 57
40 176
41 557
5 50
489 316
488 499
487 216
486 444
484 230
483 496
481 55
472 158
473 556
470 518
477 580
474 232
475 581
478 571
479 332
343 344
1 0
377 346
346 347
339 340
342 341
368 342
387 343
346 348
346 349
594 595
607 606
597 594
308 298
298 299
295 296
298 297
293 294
318 295
293 292
308 293
323 290
290 291
592 591
589 590
599 593
593 592
225 199
199 198
599 597
597 596
274 195
195 194
195 197
195 196
192 191
189 190
192 193
239 192
264 270
272 271
274 272
272 273
282 274
274 275
274 276
278 277
295 278
278 279
522 524
522 525
522 526
528 527
545 520
522 521
531 522
522 523
606 599
545 528
528 529
469 449
449 448
445 443
441 442
463 441
433 440
446 447
461 446
446 445
443 444
106 108
117 109
103 102
106 103
109 100
100 101
118 106
106 107
103 104
106 105
28 39
28 38
28 33
28 32
28 31
28 30
28 37
28 36
28 35
28 34
433 438
433 439
433 436
433 437
433 434
433 435
433 432
471 433
427 430
427 431
342 339
339 338
336 335
333 334
336 337
343 336
346 331
343 330
346 333
331 332
346 345
7 6
100 99
96 98
90 91
103 90
112 93
93 92
93 95
93 94
96 97
109 96
563 559
545 558
545 555
545 554
545 557
545 556
545 551
545 550
545 553
545 552
237 238
264 239
235 234
239 235
235 236
264 237
274 230
230 231
230 232
230 233
19 1
154 146
146 147
139 144
146 145
139 142
139 143
139 140
139 141
149 148
173 149
134 133
133 132
133 131
131 130
134 137
134 136
134 135
139 134
495 494
502 495
173 139
139 138
566 490
490 491
490 492
566 493
23 24
23 25
23 26
28 27
19 20
19 21
23 22
52 23
86 28
28 29
441 407
407 406
414 405
405 404
400 403
400 402
400 401
433 400
433 409
407 408
378 379
398 378
368 371
368 370
368 373
368 372
368 375
368 374
387 377
377 376
392 393
427 392
87 88
90 89
394 397
394 396
394 395
405 394
87 82
84 83
79 80
82 81
106 86
106 87
103 84
84 85
19 7
604 601
594 586
586 587
585 584
593 585
566 582
566 583
566 580
566 581
589 588
592 589
313 245
245 244
264 247
245 246
239 241
239 240
239 243
239 242
247 249
247 248
520 519
517 518
512 511
509 510
514 513
566 512
514 515
543 514
520 517
517 516
459 458
469 459
449 450
482 451
451 452
493 453
453 454
456 455
468 456
456 457
178 179
186 178
178 177
175 176
189 175
173 174
175 173
173 172
170 171
173 170
252 253
183 182
230 183
181 180
199 181
199 186
186 187
183 184
186 185
189 188
230 189
10 11
28 10
12 13
19 12
12 15
12 14
18 17
12 16
67 19
52 18
60 62
321 322
331 323
321 320
331 321
331 326
326 327
323 324
323 325
326 328
330 329
199 201
199 200
199 203
199 202
204 205
225 204
217 207
207 206
207 209
207 208
76 77
86 76
76 75
67 74
67 73
67 72
67 71
67 70
96 79
79 78
1 2
541 542
559 543
541 540
543 541
545 546
545 547
545 544
559 545
7 8
545 548
545 549
67 68
597 598
121 120
129 121
121 122
129 123
123 124
123 125
123 126
123 127
123 128
131 129
427 414
414 415
414 416
418 417
409 410
433 411
411 412
411 413
495 498
427 418
420 419
566 499
318 319
346 318
317 313
313 312
326 311
311 310
330 317
317 316
313 315
313 314
495 496
495 497
4 3
378 368
368 369
365 366
368 367
363 364
378 365
363 362
368 363
361 360
378 361
381 380
383 381
383 382
409 383
383 384
383 385
383 386
427 387
387 388
387 389
604 605
566 579
566 578
606 604
566 573
566 572
566 571
566 570
566 577
566 576
566 575
566 574
66 60
60 61
256 258
290 259
63 64
66 65
67 66
112 67
259 252
67 69
247 250
252 251
259 256
256 257
252 254
256 255
604 603
601 602
509 508
512 509
566 506
506 507
502 504
502 505
566 502
502 503
499 500
502 501
476 469
490 468
566 465
465 464
468 467
465 466
468 461
459 460
471 463
461 462
167 168
170 169
163 164
163 165
167 166
170 167
167 160
173 161
161 162
173 163
601 600
10 9
358 357
354 356
354 355
365 354
354 353
346 352
346 351
346 350
358 359
368 358
217 216
230 217
219 214
214 215
211 212
214 213
211 210
225 211
219 218
224 219
288 289
321 288
28 4
282 281
278 280
284 283
298 282
284 285
323 284
288 287
284 286
264 263
261 262
305 261
261 260
264 267
264 266
264 265
323 264
264 269
264 268
52 59
52 58
52 55
52 54
52 57
52 56
52 51
47 50
52 53
67 52
538 537
535 536
541 535
100 63
545 533
533 532
533 531
531 530
538 539
543 538
118 115
115 114
123 117
115 116
109 111
109 110
112 113
117 112
118 119
123 118
427 429
427 428
535 534
422 421
433 420
422 423
433 422
461 425
425 424
459 427
425 426
323 308
308 309
298 300
298 301
298 302
298 303
298 304
346 305
305 306
305 307
566 568
566 569
561 560
563 561
561 562
564 563
586 564
564 565
586 566
566 567
230 229
227 228
298 227
225 226
274 225
239 224
224 223
221 222
239 221
221 220
392 391
387 390
152 151
149 150
152 153
157 152
154 155
170 154
163 157
154 156
160 159
157 158
400 399
414 398
47 48
47 49
47 46
84 47
67 44
44 45
28 42
44 43
28 40
28 41
4 5
487 489
487 488
493 487
485 486
566 485
485 484
482 483
490 482
480 481
506 480
471 472
471 473
471 470
490 471
506 476
476 477
471 474
476 475
476 478
480 479
