473
640
0
603 3
605 5
602 7
600 8
598 10
595 13
596 14
591 18
590 20
588 21
585 22
584 24
565 27
562 30
560 31
513 35
515 36
540 38
542 40
534 43
539 45
537 46
536 47
530 54
526 56
523 58
521 60
524 62
525 63
527 65
552 67
554 68
549 70
544 71
550 75
558 76
551 77
553 80
546 81
547 83
556 86
529 87
519 89
518 91
516 92
557 94
548 96
532 97
555 98
587 100
510 103
508 104
566 101
576 111
499 112
500 114
484 118
486 119
580 121
582 122
581 125
569 127
574 124
579 129
575 131
577 132
583 136
568 137
571 138
567 141
570 143
578 144
511 146
464 150
466 152
494 158
498 160
496 162
497 163
573 166
503 168
504 169
505 170
454 172
453 171
493 149
488 176
489 178
487 175
501 181
491 183
420 192
419 194
438 195
433 189
434 201
439 202
423 204
440 205
432 208
402 210
401 213
410 215
386 219
385 220
382 222
384 223
380 225
381 224
399 228
403 229
435 231
421 234
412 237
413 238
411 233
436 240
437 241
473 242
442 246
408 248
406 249
463 244
474 252
470 253
472 254
462 258
447 261
445 262
443 264
444 266
424 268
426 269
455 271
457 272
467 273
492 275
483 277
451 278
452 280
572 282
507 284
479 287
481 288
478 290
475 292
477 294
448 297
450 298
458 300
460 302
430 304
429 308
417 307
418 306
431 312
428 315
391 316
427 305
415 323
394 326
397 330
395 331
396 332
405 324
404 334
379 339
360 341
361 340
373 344
368 343
371 351
367 352
372 354
369 355
364 359
362 361
370 362
341 364
338 366
340 367
357 369
359 371
358 368
375 374
374 375
356 378
353 379
355 381
366 382
398 335
416 384
389 386
387 385
390 391
376 393
388 394
393 396
335 401
337 402
329 404
315 406
316 408
314 410
312 412
244 414
246 415
344 416
334 420
333 418
345 422
350 426
351 427
319 429
296 432
277 434
279 436
280 437
318 428
347 441
307 443
305 442
260 448
262 449
306 450
346 417
349 455
352 456
287 460
289 461
320 463
322 464
327 468
310 471
311 470
328 473
332 474
291 477
265 481
250 483
248 485
247 482
264 478
268 491
267 493
270 494
263 497
237 498
238 500
241 502
243 506
215 509
218 512
214 511
213 514
223 515
249 517
236 519
234 520
242 522
220 524
269 527
222 529
193 531
191 532
240 533
266 534
348 538
283 540
286 541
254 546
253 547
251 549
257 551
255 553
258 554
324 543
325 556
292 559
294 560
309 562
308 561
299 567
302 568
285 572
300 571
297 574
298 565
228 580
227 579
301 583
303 584
304 586
281 588
205 592
204 591
202 598
203 599
181 601
180 603
198 604
226 608
177 611
179 613
178 610
187 616
185 609
210 619
201 620
200 621
212 623
194 626
197 627
196 628
274 589
271 633
273 634
275 636
188 639
276 644
232 645
216 646
231 647
184 649
182 650
230 637
206 656
207 655
208 660
209 661
233 662
229 664
189 665
190 668
159 673
160 672
166 676
168 677
169 679
147 683
145 684
156 685
171 686
172 689
165 691
163 690
164 695
157 696
153 700
151 699
158 702
173 669
174 707
162 709
161 706
140 714
143 715
144 717
142 718
176 720
148 725
150 726
155 727
138 729
141 730
135 733
136 734
137 736
132 738
130 740
128 742
125 745
120 746
122 750
127 751
124 752
126 755
119 756
107 762
102 763
88 766
81 768
82 765
75 773
77 774
37 778
30 779
32 783
31 785
5 787
38 789
39 791
3 792
27 795
42 796
40 797
41 801
33 803
35 804
29 807
34 806
36 809
28 775
9 812
11 813
48 819
50 821
47 818
46 825
49 826
85 828
83 829
104 830
91 832
89 833
105 834
108 835
114 837
116 838
80 843
97 844
98 846
78 847
109 840
99 852
101 854
63 855
64 857
110 859
111 860
113 862
94 865
92 866
95 868
72 871
74 873
73 869
69 876
18 879
17 881
56 886
59 887
26 890
54 892
55 893
25 895
22 897
24 898
52 878
51 902
53 903
57 905
58 906
71 908
65 910
45 913
62 915
60 914
61 918
68 920
70 922
21 924
43 927
6 929
8 930
14 933
12 932
15 937
16 939
13 940
20 942
2 944
0 945
0 1
1 2
2 3
2 5
2 6
6 7
6 8
1 9
9 10
9 11
11 12
12 13
12 14
11 15
15 16
16 17
17 18
17 19
19 20
19 21
16 22
22 24
15 25
25 26
26 27
26 28
28 29
29 30
29 31
28 32
32 33
33 34
34 35
34 36
33 37
37 38
37 40
37 42
42 43
42 44
44 45
44 46
37 47
32 48
48 52
52 53
53 54
53 55
55 56
56 58
55 59
59 60
59 62
59 63
52 65
52 66
66 67
66 68
48 69
69 70
69 71
48 74
74 75
74 76
48 77
48 80
48 81
48 83
48 85
85 86
85 87
48 88
88 89
88 90
90 91
90 92
48 94
48 95
95 96
95 97
48 98
25 100
25 101
101 102
102 103
102 104
101 111
101 112
112 114
101 117
117 118
117 119
101 120
120 121
120 122
101 124
124 125
124 127
101 129
101 131
101 132
101 134
134 135
135 136
135 137
134 138
101 139
139 140
140 141
140 143
140 144
139 145
145 146
145 149
149 150
150 152
149 156
156 157
157 158
157 160
157 162
157 163
156 165
165 166
165 168
165 169
156 170
149 171
171 172
149 175
175 176
175 178
145 180
180 181
180 182
182 183
182 186
186 188
188 189
189 192
192 194
189 195
189 201
189 202
189 204
189 205
189 208
189 209
209 210
209 213
209 214
214 215
214 216
216 219
216 220
216 222
216 223
216 224
224 225
209 228
209 229
189 231
189 233
233 234
233 237
233 238
189 240
189 241
188 242
186 244
244 245
245 246
245 247
247 248
247 249
186 252
186 253
186 254
182 255
255 257
257 258
257 260
260 261
260 262
262 264
264 266
257 268
257 269
255 270
270 271
270 272
255 273
182 275
182 276
276 277
276 278
278 280
145 282
145 283
283 284
283 286
286 287
286 288
283 289
289 290
289 291
291 292
291 294
291 295
295 296
296 297
296 298
295 299
299 300
299 302
299 303
303 304
303 305
305 306
306 307
307 308
306 312
305 315
305 316
305 320
320 323
320 324
324 326
326 330
326 331
326 332
324 334
320 335
335 336
336 339
336 340
340 341
336 343
343 344
343 351
343 352
343 354
343 355
343 358
358 359
358 361
358 362
343 363
363 364
363 365
365 366
365 367
343 368
368 369
368 371
343 374
343 375
336 376
376 377
377 378
377 379
379 381
376 382
320 384
305 385
385 386
385 390
390 391
390 392
392 393
392 394
385 395
395 396
395 398
398 400
400 401
400 402
398 403
403 404
403 405
405 406
405 408
405 409
409 410
409 412
409 413
413 414
413 415
398 416
395 417
417 418
418 420
418 422
417 426
417 427
417 428
428 429
428 431
431 432
431 433
433 434
433 436
433 437
417 441
417 442
442 443
442 447
447 448
447 449
442 450
417 454
454 455
454 456
417 457
457 458
458 459
459 460
459 461
458 463
458 464
457 467
467 468
467 470
470 471
467 473
457 474
457 475
475 477
475 478
478 481
478 482
482 483
482 485
478 491
478 493
478 494
478 496
496 497
496 498
498 500
478 501
501 502
501 506
501 507
507 508
508 509
508 511
511 512
508 514
507 515
501 517
501 518
518 519
518 520
501 522
501 523
523 524
523 526
526 527
526 529
526 530
530 531
530 532
523 533
478 534
475 538
475 539
539 540
539 541
475 543
543 544
544 545
545 546
545 547
547 549
544 550
550 551
550 553
550 554
475 556
475 558
558 559
558 560
475 561
561 562
561 565
565 566
566 567
566 568
565 571
571 572
565 574
565 579
579 580
565 582
582 583
582 584
565 586
565 587
587 588
587 589
589 590
590 591
591 592
590 594
594 597
597 598
597 599
594 601
601 603
594 604
594 605
605 607
607 608
607 609
609 610
610 611
610 613
609 616
605 619
605 620
605 621
594 622
622 623
622 624
624 625
625 626
625 627
624 628
589 632
632 633
632 634
589 636
589 637
637 638
638 639
638 643
643 644
643 645
638 646
638 647
638 648
648 649
648 650
637 655
655 656
655 660
655 661
637 662
637 664
637 665
665 668
665 669
669 670
670 671
671 672
672 673
671 676
671 677
670 679
670 681
681 682
682 683
682 684
681 685
670 686
669 689
669 690
690 691
690 695
690 696
696 698
698 699
699 700
698 702
669 706
706 707
706 709
669 711
711 714
711 715
711 717
711 718
711 720
711 721
721 724
724 725
724 726
721 727
721 728
728 729
728 730
721 731
731 733
731 734
731 736
731 737
737 738
737 739
739 740
739 741
741 742
741 743
743 744
744 745
744 746
743 749
749 750
749 751
743 752
743 754
754 755
754 756
743 757
757 758
758 760
760 761
761 762
761 763
760 765
765 766
765 768
760 770
770 771
771 772
772 773
772 774
771 775
775 778
775 779
775 783
775 785
775 786
786 787
786 789
786 791
786 792
775 794
794 795
794 796
775 797
775 801
775 802
802 803
802 804
775 806
806 807
775 809
775 811
811 812
811 813
770 815
815 817
817 818
818 819
818 821
818 825
818 826
817 827
827 828
827 829
815 830
815 831
831 832
831 833
770 834
758 835
758 836
836 837
836 838
757 839
839 840
840 841
841 843
841 844
841 846
841 847
840 852
840 853
853 854
853 855
855 857
840 859
840 860
839 861
861 862
861 863
863 865
863 866
863 867
867 868
867 869
869 871
869 873
869 875
875 876
875 878
878 879
879 881
878 886
878 887
878 889
889 890
889 892
889 893
878 894
894 895
894 897
894 898
878 902
878 903
878 905
878 906
875 908
875 909
909 910
909 913
909 914
914 915
914 918
909 919
919 920
919 922
919 923
923 924
923 925
925 927
925 928
928 929
928 930
925 932
932 933
932 937
932 938
938 939
938 940
925 942
925 943
943 944
943 945
