484
683
1
45 9
13 12
294 37
319 39
266 46
287 53
238 56
196 57
348 59
352 60
350 62
335 66
362 68
198 75
353 79
307 81
301 85
254 86
313 89
465 106
455 113
485 114
452 117
480 118
360 123
472 124
515 129
589 147
588 148
120 164
392 169
380 173
492 176
445 179
469 184
514 185
574 188
581 189
504 194
22 197
182 200
164 202
188 205
185 206
183 207
202 209
214 210
222 212
217 213
223 217
156 227
157 228
0 233
192 234
38 239
63 240
17 243
95 246
138 247
155 253
7 257
97 259
2 263
3 264
5 265
6 266
8 267
9 268
10 269
11 270
12 271
14 272
16 273
19 274
20 275
21 276
23 277
24 278
25 279
26 280
27 281
29 282
30 283
31 284
33 285
34 286
35 287
37 288
39 289
40 290
41 291
42 292
43 293
44 294
46 295
47 296
49 297
50 298
52 299
54 300
55 301
57 302
58 303
60 304
62 305
64 306
65 307
66 308
67 309
68 310
69 311
70 312
72 313
74 314
75 315
76 316
77 317
79 318
80 319
82 320
83 321
85 322
86 323
88 324
91 325
94 326
96 327
98 328
99 329
101 330
102 331
103 332
105 333
106 334
108 335
110 336
111 337
112 338
114 339
115 340
117 341
119 342
121 343
123 344
125 345
127 346
128 347
130 348
131 349
133 350
134 351
136 352
137 353
140 354
141 355
143 356
145 357
146 358
147 359
148 360
149 361
151 362
153 363
158 364
159 365
161 366
163 367
166 368
169 369
170 370
172 371
173 372
174 373
175 374
177 375
179 376
180 377
187 378
189 379
190 380
191 381
193 382
194 383
197 384
199 385
201 386
203 387
205 388
206 389
208 390
209 391
211 392
212 393
213 394
215 395
218 396
219 397
220 398
221 399
224 400
225 401
226 402
228 403
229 404
231 405
232 406
233 407
234 408
236 409
237 410
239 411
241 412
242 413
243 414
244 415
246 416
248 417
249 418
250 419
252 420
255 421
256 422
258 423
259 424
261 425
262 426
263 427
265 428
268 429
269 430
270 431
272 432
273 433
274 434
275 435
276 436
278 437
279 438
280 439
282 440
283 441
285 442
286 443
288 444
289 445
290 446
291 447
292 448
296 449
297 450
298 451
300 452
302 453
304 454
306 455
308 456
309 457
310 458
311 459
312 460
314 461
316 462
317 463
320 464
322 465
324 466
325 467
326 468
328 469
330 470
331 471
333 472
334 473
336 474
337 475
338 476
340 477
341 478
342 479
343 480
344 481
345 482
346 483
347 484
349 485
351 486
354 487
355 488
357 489
358 490
361 491
363 492
364 493
365 494
366 495
367 496
368 497
369 498
370 499
371 500
373 501
375 502
376 503
378 504
379 505
382 506
384 507
385 508
387 509
388 510
390 511
391 512
393 513
394 514
395 515
396 516
397 517
398 518
399 519
400 520
402 521
403 522
405 523
406 524
408 525
409 526
410 527
412 528
413 529
415 530
417 531
418 532
420 533
422 534
423 535
425 536
426 537
427 538
428 539
430 540
431 541
433 542
435 543
436 544
437 545
438 546
439 547
440 548
442 549
444 550
447 551
448 552
450 553
451 554
453 555
456 556
457 557
458 558
459 559
461 560
462 561
463 562
464 563
466 564
468 565
470 566
473 567
474 568
475 569
477 570
478 571
481 572
482 573
483 574
484 575
486 576
487 577
488 578
489 579
490 580
491 581
493 582
495 583
496 584
498 585
499 586
501 587
502 588
503 589
505 590
506 591
508 592
509 593
510 594
512 595
513 596
516 597
517 598
518 599
520 600
522 601
523 602
525 603
526 604
527 605
529 606
530 607
532 608
533 609
534 610
536 611
537 612
539 613
540 614
541 615
543 616
544 617
545 618
547 619
550 620
552 621
553 622
555 623
556 624
558 625
559 626
561 627
562 628
564 629
565 630
567 631
568 632
570 633
572 634
573 635
575 636
576 637
577 638
578 639
579 640
580 641
583 642
584 643
585 644
587 645
590 646
593 647
595 648
597 649
598 650
600 651
602 652
604 653
605 654
607 655
608 656
609 657
611 658
612 659
613 660
615 661
616 662
618 663
619 664
621 665
622 666
624 667
626 668
628 669
629 670
630 671
631 672
633 673
635 674
637 675
639 676
641 677
642 678
645 679
646 680
648 681
651 682
652 683
653 684
1 2
2 3
3 4
3 5
3 6
6 7
7 8
8 9
7 10
7 11
7 12
6 13
2 14
14 15
14 16
16 17
16 18
16 19
2 20
20 21
20 22
22 23
22 24
24 25
25 26
2 27
2 28
2 29
2 30
30 31
30 32
2 33
2 34
34 35
35 36
36 37
35 38
38 39
35 40
34 41
41 42
41 43
34 44
44 45
45 46
45 47
45 48
48 49
48 50
50 51
48 52
44 53
53 54
53 55
44 56
56 57
34 58
58 59
59 60
59 61
59 62
58 63
63 64
63 65
63 66
63 67
58 68
68 69
68 70
68 71
68 72
58 73
58 74
58 75
75 76
76 77
34 78
78 79
78 80
34 81
81 82
82 83
82 84
82 85
82 86
86 87
81 88
81 89
81 90
81 91
34 92
2 93
2 94
94 95
95 96
94 97
94 98
98 99
98 100
100 101
101 102
101 103
100 104
94 105
105 106
105 107
94 108
108 109
108 110
110 111
111 112
110 113
110 114
114 115
115 116
116 117
115 118
115 119
114 120
120 121
121 122
121 123
114 124
124 125
114 126
114 127
114 128
128 129
108 130
2 131
131 132
132 133
133 134
133 135
135 136
135 137
133 138
133 139
139 140
140 141
133 142
132 143
132 144
144 145
144 146
146 147
147 148
131 149
149 150
150 151
149 152
152 153
152 154
152 155
155 156
149 157
131 158
131 159
159 160
2 161
2 162
2 163
163 164
163 165
2 166
2 167
2 168
168 169
169 170
170 171
170 172
169 173
169 174
169 175
175 176
176 177
176 178
176 179
176 180
176 181
181 182
182 183
183 184
181 185
185 186
185 187
185 188
188 189
188 190
188 191
188 192
185 193
181 194
194 195
168 196
168 197
197 198
2 199
199 200
199 201
201 202
201 203
203 204
203 205
203 206
203 207
201 208
208 209
208 210
208 211
211 212
211 213
211 214
211 215
211 216
211 217
201 218
218 219
219 220
219 221
218 222
222 223
222 224
222 225
201 226
226 227
227 228
201 229
229 230
230 231
230 232
229 233
201 234
199 235
235 236
236 237
236 238
236 239
239 240
240 241
239 242
239 243
235 244
235 245
245 246
245 247
235 248
199 249
249 250
250 251
250 252
249 253
199 254
254 255
255 256
256 257
2 258
258 259
259 260
260 261
260 262
233 263
241 264
241 265
257 266
240 267
240 268
258 269
258 270
12 271
165 272
165 273
239 274
239 275
243 276
197 277
198 278
198 279
197 280
237 281
237 282
237 283
231 284
231 285
231 286
231 287
240 288
242 289
239 290
239 291
239 292
239 293
9 294
9 295
9 296
258 297
258 298
239 299
239 300
8 301
8 302
9 303
238 304
238 305
240 306
240 307
240 308
240 309
13 310
13 311
10 312
10 313
232 314
230 315
230 316
248 317
248 318
248 319
230 320
251 321
13 322
236 323
256 324
13 325
244 326
259 327
259 328
259 329
254 330
254 331
254 332
255 333
261 334
261 335
260 336
260 337
260 338
252 339
262 340
235 341
223 342
255 343
229 344
204 345
204 346
11 347
11 348
11 349
199 350
32 351
227 352
227 353
221 354
226 355
226 356
219 357
220 358
219 359
219 360
204 361
218 362
201 363
227 364
226 365
226 366
201 367
234 368
218 369
222 370
222 371
224 372
225 373
203 374
203 375
218 376
199 377
203 378
203 379
77 380
203 381
203 382
211 383
75 384
76 385
209 386
209 387
208 388
216 389
215 390
216 391
208 392
208 393
208 394
211 395
211 396
215 397
215 398
211 399
211 400
211 401
47 402
49 403
214 404
214 405
214 406
214 407
55 408
55 409
56 410
29 411
29 412
29 413
29 414
167 415
167 416
83 417
82 418
167 419
74 420
86 421
52 422
45 423
64 424
64 425
64 426
64 427
166 428
52 429
52 430
34 431
41 432
45 433
53 434
43 435
45 436
80 437
48 438
33 439
92 440
35 441
35 442
53 443
53 444
54 445
53 446
81 447
81 448
36 449
36 450
87 451
83 452
40 453
40 454
36 455
90 456
91 457
86 458
88 459
84 460
66 461
28 462
38 463
35 464
35 465
40 466
40 467
40 468
27 469
66 470
73 471
73 472
196 473
66 474
66 475
67 476
63 477
63 478
63 479
31 480
65 481
66 482
63 483
59 484
59 485
59 486
61 487
71 488
68 489
123 490
58 491
69 492
70 493
42 494
68 495
68 496
69 497
72 498
68 499
68 500
95 501
95 502
170 503
172 504
173 505
169 506
169 507
96 508
96 509
96 510
169 511
169 512
174 513
169 514
169 515
162 516
2 517
169 518
171 519
93 520
175 521
20 522
20 523
15 524
15 525
15 526
175 527
175 528
97 529
108 530
127 531
120 532
120 533
127 534
119 535
119 536
119 537
119 538
111 539
108 540
109 541
109 542
14 543
14 544
14 545
14 546
14 547
14 548
126 549
126 550
177 551
130 552
119 553
117 554
117 555
122 556
120 557
161 558
99 559
185 560
178 561
176 562
180 563
183 564
183 565
116 566
124 567
115 568
182 569
182 570
108 571
143 572
115 573
116 574
116 575
114 576
128 577
114 578
114 579
114 580
110 581
193 582
193 583
195 584
195 585
181 586
185 587
187 588
181 589
194 590
181 591
181 592
181 593
186 594
186 595
185 596
185 597
185 598
190 599
25 600
25 601
24 602
24 603
24 604
26 605
25 606
25 607
25 608
25 609
24 610
24 611
23 612
22 613
22 614
103 615
192 616
156 617
137 618
103 619
158 620
107 621
50 622
142 623
21 624
155 625
153 626
136 627
149 628
154 629
149 630
149 631
4 632
51 633
50 634
188 635
188 636
189 637
190 638
188 639
189 640
191 641
157 642
157 643
157 644
157 645
147 646
125 647
146 648
133 649
146 650
152 651
146 652
144 653
139 654
150 655
138 656
144 657
144 658
144 659
160 660
160 661
160 662
160 663
160 664
17 665
160 666
160 667
102 668
132 669
139 670
134 671
140 672
18 673
104 674
19 675
5 676
112 677
5 678
141 679
5 680
159 681
145 682
145 683
151 684
