484
654
654
344 76
0 556
346 133
347 651
340 311
341 246
342 198
343 420
348 229
349 319
619 29
298 486
296 461
297 403
294 382
292 242
290 128
291 423
590 215
593 631
199 353
198 552
597 527
194 465
197 648
196 621
191 384
190 35
193 217
192 140
270 338
272 292
273 179
274 481
275 536
276 555
278 64
279 192
525 412
526 258
527 42
520 369
522 74
523 8
529 581
448 276
442 324
440 120
447 562
445 40
444 633
108 367
102 33
103 488
101 249
106 368
105 326
39 228
38 474
33 534
31 335
30 433
37 550
35 585
34 185
641 559
642 515
645 316
438 65
439 387
436 346
437 302
435 298
433 263
430 545
431 405
338 564
335 205
334 244
337 46
336 482
331 114
330 580
333 514
345 498
6 378
99 413
98 177
91 489
95 341
94 304
97 77
96 473
559 616
558 530
555 352
556 270
550 312
553 487
552 14
238 117
239 188
234 108
236 313
237 578
231 146
232 363
233 615
146 94
147 417
618 110
145 347
143 380
140 573
141 72
612 237
613 570
611 522
616 543
148 180
149 112
622 226
133 209
131 504
130 508
137 125
136 75
134 161
495 233
496 308
138 243
490 60
491 457
492 86
493 310
24 600
25 287
26 539
27 173
20 396
21 409
22 239
23 80
29 604
406 334
405 605
403 351
402 512
400 637
629 619
409 541
408 458
628 219
379 505
378 574
371 252
370 595
373 314
375 588
376 57
393 54
392 579
88 444
390 653
397 289
396 236
395 485
394 584
82 375
83 111
399 127
398 187
86 336
85 547
7 136
607 238
587 169
584 26
585 155
583 45
580 523
581 495
588 39
589 506
244 492
246 333
241 159
243 82
242 472
615 501
249 348
248 490
518 452
510 21
513 11
512 27
515 587
514 532
517 390
516 259
458 309
459 410
621 208
626 447
624 503
450 175
451 99
452 499
453 376
455 450
456 360
457 37
179 294
177 537
595 201
175 477
174 47
173 373
172 68
170 232
182 430
183 6
180 448
2 349
652 480
187 365
185 392
188 388
189 342
653 194
651 157
11 395
10 611
13 468
12 317
14 425
17 455
16 478
19 255
62 285
322 618
320 50
326 370
324 470
325 174
328 328
201 553
203 83
202 466
205 272
206 590
209 496
208 38
77 464
76 540
75 397
74 279
72 337
70 19
79 182
543 151
540 398
541 300
547 44
544 102
545 379
8 306
68 101
598 297
120 254
121 366
123 250
125 609
127 629
128 66
415 301
417 462
410 211
412 520
413 439
498 131
418 624
499 567
319 7
313 371
312 183
311 517
310 149
317 62
316 193
314 67
3 426
368 145
369 639
366 256
367 121
364 137
365 343
362 214
363 354
360 577
361 320
380 278
382 568
384 544
385 24
387 9
388 63
605 269
579 20
578 70
573 399
572 325
570 645
577 166
576 241
575 156
574 97
60 147
258 91
259 518
64 231
65 593
66 330
67 290
252 438
69 98
250 34
256 30
254 400
255 427
602 622
508 262
509 391
506 475
504 607
505 626
502 221
503 153
501 362
630 422
631 608
633 322
469 163
468 575
637 437
465 96
464 598
466 469
461 213
463 628
462 529
169 202
164 13
166 189
161 288
163 206
9 572
646 565
648 415
357 364
355 170
354 385
353 85
352 406
351 2
350 283
358 358
217 583
214 344
215 158
212 440
213 88
211 280
218 223
219 199
289 273
288 197
280 103
283 222
282 355
285 453
287 220
286 402
263 143
262 234
261 41
266 345
265 630
269 435
268 483
58 646
55 613
54 418
57 164
50 456
52 224
537 130
536 69
63 525
533 16
532 442
530 331
539 463
115 203
114 119
117 49
111 635
110 350
112 576
119 268
428 138
534 445
420 361
423 589
422 10
425 115
427 602
426 502
308 266
309 393
300 510
301 307
302 212
304 431
306 286
307 436
568 509
561 282
562 31
564 340
565 491
567 23
229 394
228 357
226 172
225 55
224 43
223 558
222 123
221 428
220 641
391 459
151 106
604 196
153 612
155 134
600 190
157 95
156 291
159 225
158 22
609 52
608 516
80 191
635 0
49 597
46 25
47 275
44 296
45 484
42 79
43 513
40 526
41 408
5 248
639 58
489 265
488 148
487 652
486 274
485 105
484 218
483 12
482 5
481 141
480 3
472 451
473 642
470 493
477 561
474 533
475 17
478 261
339 344
1 0
339 346
348 347
339 340
339 341
339 342
339 343
372 348
348 349
594 595
627 606
601 594
620 619
299 298
307 299
295 296
295 297
295 294
305 295
307 292
307 293
287 290
292 291
596 591
589 590
594 593
599 592
200 199
200 198
596 597
627 596
216 195
195 194
198 197
195 196
186 191
186 190
186 193
186 192
271 270
307 271
271 272
271 273
287 274
274 275
277 276
293 277
277 278
277 279
535 524
524 525
524 526
528 527
521 520
531 521
521 522
524 523
603 599
531 528
528 529
479 449
449 448
485 443
443 442
492 441
441 440
446 447
492 446
446 445
443 444
107 108
129 109
100 102
104 103
104 100
100 101
107 106
113 107
122 104
104 105
38 39
53 38
32 33
73 32
32 31
28 30
36 37
51 36
32 35
32 34
640 641
643 640
647 643
643 642
644 645
650 644
434 438
434 439
434 436
434 437
441 434
434 435
485 432
432 433
429 430
432 431
362 339
339 338
339 335
335 334
335 337
335 336
332 331
329 330
332 333
362 332
339 345
7 6
97 99
97 98
92 91
109 90
118 93
109 92
93 95
93 94
113 97
97 96
560 559
557 558
554 555
571 554
582 557
557 556
591 551
549 550
554 553
551 552
247 238
240 239
235 234
247 235
235 236
238 237
293 230
230 231
230 232
230 233
36 1
617 614
144 146
144 147
186 144
144 145
160 142
142 143
139 140
142 141
610 612
614 613
627 610
610 611
617 616
623 617
144 148
150 149
625 623
623 622
132 133
163 132
129 131
129 130
135 137
135 136
156 135
135 134
514 494
494 495
144 139
139 138
485 490
485 491
507 492
494 493
22 24
22 25
22 26
28 27
18 20
18 21
68 22
22 23
118 28
28 29
434 407
407 406
404 405
414 404
404 403
401 402
411 401
401 400
627 629
407 409
407 408
627 628
380 379
377 378
362 371
362 370
374 373
381 372
374 375
389 374
390 377
377 376
617 618
392 393
411 392
89 88
100 89
392 397
392 396
392 395
392 394
81 82
84 83
78 80
124 81
87 86
118 87
92 84
84 85
89 7
610 601
606 607
592 586
586 587
582 584
586 585
592 582
582 583
574 580
574 581
589 588
599 589
253 245
245 244
293 247
245 246
240 241
287 240
240 243
240 242
614 615
248 249
264 248
574 519
519 518
514 511
511 510
514 513
511 512
514 515
519 514
514 517
514 516
454 458
460 459
620 621
623 620
636 627
625 626
649 625
623 624
449 450
452 451
474 452
452 453
485 454
454 455
454 456
454 457
178 179
181 178
176 177
186 176
176 175
171 174
171 173
171 172
178 171
171 170
307 253
181 182
184 183
181 180
186 181
210 186
186 187
186 184
184 185
650 652
186 188
186 189
654 653
654 650
650 651
48 11
11 10
93 13
13 12
90 15
15 14
18 17
15 16
18 19
38 18
61 62
321 322
348 323
321 320
323 321
323 326
339 327
323 324
323 325
327 328
335 329
202 201
210 200
202 203
204 202
204 205
210 204
216 207
207 206
210 209
207 208
78 77
73 76
73 75
73 74
81 73
71 72
109 71
71 70
78 79
118 78
1 2
548 542
542 543
538 540
542 541
548 546
548 547
542 544
546 545
51 8
549 548
551 549
84 68
599 598
118 120
122 121
132 122
124 123
181 124
126 125
150 126
126 127
129 128
167 129
514 414
416 415
421 416
416 417
411 410
471 411
411 412
414 413
497 498
419 418
454 419
500 499
318 319
321 318
307 313
307 312
307 311
307 310
318 317
315 316
329 315
315 314
497 496
504 497
4 3
362 368
362 369
362 366
362 367
362 364
362 365
372 362
362 363
359 360
362 361
381 380
392 381
383 382
392 383
383 384
386 385
389 386
386 387
386 388
485 389
606 605
574 579
574 578
603 604
574 573
571 572
582 571
571 570
574 577
574 576
574 575
601 574
61 60
87 61
257 258
260 259
63 64
63 65
63 66
63 67
251 252
68 69
251 250
253 251
257 256
267 257
299 254
254 255
610 603
603 602
507 508
507 509
507 506
514 507
507 504
504 505
501 502
507 503
507 500
514 501
627 630
632 631
634 632
632 633
467 469
467 468
638 636
638 637
463 465
463 464
500 467
467 466
460 461
514 460
503 463
460 462
178 168
168 169
165 164
181 165
165 166
176 167
162 160
160 161
181 162
181 163
599 600
8 9
650 647
647 646
650 649
649 648
356 357
362 356
356 355
348 354
348 353
348 352
348 351
348 350
454 359
359 358
230 216
216 217
210 214
216 215
210 212
210 213
216 210
210 211
216 218
216 219
287 289
287 288
63 4
305 281
281 280
284 283
281 282
284 285
305 284
293 287
287 286
260 263
260 262
260 261
327 260
277 267
267 266
264 265
299 264
267 269
267 268
90 59
59 58
56 55
53 54
56 57
90 56
63 51
48 50
63 53
53 52
538 537
535 536
538 535
118 63
531 533
531 532
535 531
531 530
538 539
546 538
116 115
113 114
118 117
154 116
113 111
111 110
116 113
113 112
118 119
144 118
472 429
429 428
535 534
485 421
419 420
424 423
421 422
424 425
449 424
424 427
424 426
307 308
307 309
299 300
299 301
303 302
323 303
303 304
321 305
305 306
348 307
569 568
591 569
569 560
560 561
563 562
582 563
563 564
566 565
586 566
566 567
230 229
227 228
277 227
227 226
216 225
216 224
216 223
216 222
216 221
216 220
392 391
392 390
152 151
184 150
152 153
168 152
154 155
167 154
156 157
162 156
160 159
156 158
610 609
606 608
636 634
392 399
634 635
392 398
97 48
48 49
45 46
45 47
45 44
59 45
38 42
38 43
38 40
38 41
644 638
4 5
640 639
485 489
485 488
485 487
485 486
574 485
479 484
479 483
479 482
479 481
479 480
485 472
472 473
471 470
474 471
507 476
476 477
479 474
476 475
479 478
485 479
