484
967
0
653 2
651 4
652 7
646 9
642 10
626 13
615 16
613 17
622 20
621 22
618 23
616 25
619 27
624 28
648 30
645 32
639 35
641 36
637 38
635 41
631 43
633 44
605 46
629 48
597 50
628 53
630 54
611 57
609 58
607 62
608 63
612 64
584 69
565 73
567 74
564 77
570 79
553 82
555 83
572 84
568 88
559 90
561 91
552 93
550 95
547 97
543 99
541 101
539 104
534 109
525 110
526 113
523 114
536 115
529 118
527 119
530 122
522 124
520 125
532 127
533 128
537 130
540 131
544 133
545 134
600 135
583 138
585 139
587 140
562 142
556 144
558 145
598 148
602 149
588 152
590 154
589 155
604 156
593 158
595 160
581 163
576 164
573 168
575 169
578 173
580 174
518 177
461 184
495 186
493 187
516 189
502 191
501 192
514 193
512 195
515 198
513 199
510 200
506 204
496 207
498 208
447 210
437 213
438 216
408 218
409 220
406 221
436 223
439 224
435 226
440 227
445 233
477 234
475 235
468 238
469 239
466 240
505 245
504 246
508 247
509 248
492 250
499 251
463 255
464 256
465 257
503 258
459 261
403 264
405 265
413 266
462 267
517 268
579 270
577 271
574 272
444 275
442 276
417 281
422 282
489 283
375 289
373 290
388 292
387 294
385 295
457 296
458 299
358 301
360 302
418 303
420 304
485 307
473 311
456 313
472 314
487 315
486 317
490 318
488 320
433 325
431 326
430 328
428 329
455 331
491 332
470 335
483 336
484 339
478 340
482 344
474 345
480 346
481 349
425 352
426 355
427 356
448 358
450 359
423 360
453 363
451 365
452 366
415 368
402 371
412 372
398 375
400 377
410 378
393 380
390 383
394 384
392 386
391 389
395 390
382 393
384 394
396 398
380 400
379 401
397 403
399 405
378 407
376 408
351 410
348 412
353 416
349 417
354 420
352 421
350 422
347 424
361 429
343 434
336 437
335 439
337 441
316 444
314 445
330 446
345 448
334 449
342 451
346 452
340 454
338 456
328 458
262 462
259 463
261 464
263 465
344 467
341 468
367 470
362 472
366 476
370 477
365 479
363 481
368 482
355 486
369 487
357 488
364 490
371 491
331 493
333 494
324 497
319 502
317 503
320 506
285 509
283 510
297 514
296 515
306 516
294 518
280 520
282 521
322 522
304 525
302 526
325 527
326 528
307 533
312 537
252 540
250 541
244 543
246 544
301 546
255 550
310 552
254 553
298 554
300 557
265 558
248 560
249 561
292 564
291 565
308 566
311 569
309 570
313 571
270 572
272 574
239 579
242 582
243 583
241 584
274 586
286 590
288 591
236 594
234 595
290 596
287 597
238 599
237 600
276 602
273 604
266 607
278 608
268 611
269 613
258 615
256 616
279 618
226 621
228 622
275 624
289 626
233 628
229 631
231 632
232 634
222 636
215 640
225 641
220 644
219 646
208 647
223 648
218 651
221 652
196 656
194 657
217 658
224 661
214 662
203 665
202 667
201 668
213 671
205 673
211 674
209 678
206 679
212 680
198 684
197 685
199 686
175 688
177 691
128 695
131 697
91 701
83 704
24 708
25 709
22 711
23 713
26 714
68 716
69 717
85 718
58 721
47 723
44 726
46 727
45 728
55 730
57 732
16 734
14 735
70 737
72 738
130 739
155 741
115 743
98 747
50 751
49 753
10 755
11 756
99 757
97 758
96 759
112 762
108 764
106 765
110 767
111 769
114 770
193 772
164 779
123 781
33 786
34 789
31 790
35 791
76 793
74 794
75 795
82 796
182 798
192 800
166 801
133 804
180 806
121 808
103 812
102 814
101 815
88 817
6 819
7 820
105 821
163 822
179 824
169 827
153 829
151 830
172 833
173 835
174 836
170 837
188 839
189 841
161 843
159 846
141 848
143 849
137 852
134 854
136 855
158 857
157 859
156 860
190 863
191 865
187 866
183 869
185 870
125 873
127 875
149 876
148 878
147 881
145 882
140 886
138 887
146 888
79 891
77 893
80 894
117 897
120 899
119 900
95 903
94 905
12 907
13 908
30 912
27 914
29 915
86 916
62 919
60 920
20 926
21 928
17 929
19 930
40 935
42 936
39 937
38 938
43 940
41 941
54 943
52 944
64 947
5 949
3 950
63 952
66 955
65 956
67 958
8 961
9 962
37 964
2 966
0 967
0 1
1 2
1 3
3 4
3 5
5 6
6 7
6 8
8 9
8 10
5 11
11 12
12 13
12 14
14 15
15 16
15 17
14 18
18 19
19 20
19 21
21 22
21 23
18 24
24 25
24 26
26 27
26 28
11 29
29 30
29 31
31 32
31 33
33 34
34 35
34 36
33 37
37 38
37 39
39 40
40 41
40 42
42 43
42 44
39 45
45 46
45 47
47 48
47 49
49 50
49 51
51 52
52 53
52 54
51 55
55 56
56 57
56 58
55 59
59 60
60 61
61 62
61 63
60 64
59 65
65 66
66 67
67 68
68 69
68 70
70 71
71 72
72 73
72 74
71 75
75 76
76 77
76 78
78 79
78 80
80 81
81 82
81 83
80 84
75 85
85 86
86 87
87 88
87 89
89 90
89 91
86 92
92 93
92 94
94 95
94 96
96 97
96 98
98 99
98 100
100 101
100 102
102 103
103 104
103 105
105 106
106 107
107 108
108 109
108 110
107 111
111 112
112 113
112 114
111 115
106 116
116 117
117 118
117 119
116 120
120 121
121 122
121 123
123 124
123 125
120 126
126 127
126 128
105 129
129 130
129 131
102 132
132 133
132 134
85 135
70 136
136 137
137 138
137 139
136 140
67 141
141 142
141 143
143 144
143 145
66 146
146 147
147 148
147 149
146 150
150 151
151 152
151 153
153 154
153 155
150 156
65 157
157 158
157 159
159 160
159 161
161 162
162 163
162 164
161 165
165 166
166 167
167 168
167 169
166 170
170 171
171 172
172 173
172 174
171 175
175 176
176 177
176 178
178 179
179 180
180 181
181 182
182 183
183 184
183 185
185 186
185 187
182 188
188 189
188 190
190 191
190 192
181 193
180 194
194 195
194 196
196 197
197 198
197 199
196 200
179 201
201 202
202 203
203 204
203 205
205 206
206 207
206 208
205 209
209 210
209 211
211 212
212 213
212 214
214 215
215 216
215 217
217 218
217 219
219 220
219 221
214 222
222 223
222 224
211 225
225 226
225 227
202 228
228 229
229 230
230 231
231 232
232 233
232 234
231 235
230 236
236 237
237 238
237 239
236 240
229 241
241 242
242 243
243 244
244 245
244 246
243 247
242 248
241 249
249 250
249 251
228 252
252 253
253 254
254 255
254 256
253 257
252 258
201 259
259 260
260 261
260 262
262 263
263 264
263 265
262 266
259 267
178 268
175 269
269 270
269 271
170 272
165 273
273 274
274 275
274 276
273 277
277 278
278 279
279 280
280 281
280 282
279 283
278 284
284 285
285 286
286 287
287 288
288 289
288 290
287 291
291 292
291 293
293 294
293 295
286 296
285 297
297 298
298 299
298 300
300 301
300 302
297 303
284 304
277 305
305 306
306 307
306 308
308 309
309 310
310 311
310 312
312 313
312 314
309 315
308 316
316 317
316 318
305 319
319 320
319 321
321 322
322 323
323 324
324 325
324 326
323 327
327 328
327 329
322 330
330 331
330 332
321 333
333 334
334 335
334 336
333 337
337 338
338 339
338 340
337 341
341 342
342 343
343 344
343 345
342 346
341 347
347 348
348 349
348 350
350 351
351 352
351 353
353 354
354 355
354 356
353 357
357 358
357 359
350 360
347 361
361 362
362 363
362 364
364 365
364 366
361 367
367 368
367 369
369 370
370 371
370 372
369 373
373 374
374 375
374 376
376 377
376 378
373 379
379 380
379 381
381 382
382 383
382 384
381 385
385 386
385 387
387 388
388 389
388 390
387 391
391 392
392 393
392 394
391 395
395 396
396 397
397 398
397 399
399 400
399 401
396 402
402 403
402 404
404 405
404 406
406 407
406 408
395 409
409 410
409 411
411 412
411 413
413 414
414 415
415 416
415 417
414 418
418 419
419 420
419 421
418 422
413 423
423 424
423 425
425 426
426 427
427 428
428 429
428 430
430 431
431 432
432 433
433 434
433 435
435 436
436 437
436 438
438 439
438 440
440 441
440 442
442 443
443 444
443 445
442 446
435 447
447 448
447 449
432 450
450 451
450 452
431 453
453 454
453 455
455 456
455 457
457 458
457 459
459 460
460 461
461 462
461 463
460 464
459 465
430 466
466 467
466 468
427 469
469 470
469 471
471 472
471 473
473 474
474 475
475 476
475 477
474 478
478 479
478 480
480 481
480 482
473 483
483 484
484 485
485 486
485 487
484 488
483 489
489 490
489 491
426 492
492 493
492 494
425 495
495 496
496 497
496 498
498 499
499 500
500 501
501 502
501 503
500 504
504 505
505 506
505 507
507 508
508 509
508 510
507 511
511 512
512 513
513 514
513 515
512 516
511 517
517 518
517 519
519 520
519 521
504 522
499 523
523 524
524 525
524 526
523 527
498 528
495 529
529 530
530 531
531 532
532 533
532 534
534 535
535 536
536 537
536 538
538 539
539 540
539 541
538 542
542 543
542 544
535 545
545 546
545 547
547 548
548 549
549 550
549 551
551 552
551 553
548 554
547 555
555 556
556 557
556 558
555 559
559 560
559 561
534 562
562 563
563 564
563 565
562 566
531 567
567 568
568 569
568 570
567 571
530 572
529 573
573 574
573 575
575 576
576 577
577 578
578 579
578 580
580 581
581 582
581 583
580 584
577 585
585 586
585 587
587 588
588 589
589 590
589 591
588 592
592 593
593 594
593 595
592 596
587 597
576 598
598 599
598 600
575 601
601 602
601 603
603 604
603 605
605 606
606 607
606 608
605 609
609 610
610 611
610 612
612 613
612 614
614 615
614 616
609 617
617 618
617 619
619 620
620 621
620 622
619 623
623 624
623 625
625 626
625 627
627 628
627 629
629 630
630 631
630 632
629 633
633 634
633 635
635 636
635 637
637 638
638 639
639 640
639 641
638 642
642 643
643 644
643 645
645 646
645 647
642 648
637 649
649 650
650 651
650 652
649 653
653 654
654 655
655 656
655 657
654 658
653 659
659 660
660 661
660 662
659 663
663 664
664 665
664 666
666 667
666 668
663 669
669 670
670 671
670 672
672 673
672 674
669 675
675 676
676 677
677 678
677 679
676 680
675 681
681 682
682 683
683 684
683 685
682 686
681 687
687 688
687 689
689 690
690 691
690 692
692 693
693 694
694 695
694 696
696 697
696 698
698 699
699 700
700 701
700 702
702 703
703 704
703 705
705 706
706 707
707 708
707 709
706 710
710 711
710 712
712 713
712 714
705 715
715 716
715 717
702 718
699 719
719 720
720 721
720 722
722 723
722 724
724 725
725 726
725 727
724 728
719 729
729 730
729 731
731 732
731 733
733 734
733 735
698 736
736 737
736 738
693 739
692 740
740 741
740 742
742 743
742 744
744 745
745 746
746 747
746 748
748 749
749 750
750 751
750 752
752 753
752 754
754 755
754 756
749 757
748 758
745 759
744 760
760 761
761 762
761 763
763 764
763 765
760 766
766 767
766 768
768 769
768 770
689 771
771 772
771 773
773 774
774 775
775 776
776 777
777 778
778 779
778 780
780 781
780 782
782 783
783 784
784 785
785 786
785 787
787 788
788 789
788 790
787 791
784 792
792 793
792 794
783 795
782 796
777 797
797 798
797 799
799 800
799 801
776 802
802 803
803 804
803 805
805 806
805 807
807 808
807 809
809 810
810 811
811 812
811 813
813 814
813 815
810 816
816 817
816 818
818 819
818 820
809 821
802 822
775 823
823 824
823 825
825 826
826 827
826 828
828 829
828 830
825 831
831 832
832 833
832 834
834 835
834 836
831 837
774 838
838 839
838 840
840 841
840 842
842 843
842 844
844 845
845 846
845 847
847 848
847 849
844 850
850 851
851 852
851 853
853 854
853 855
850 856
856 857
856 858
858 859
858 860
773 861
861 862
862 863
862 864
864 865
864 866
861 867
867 868
868 869
868 870
867 871
871 872
872 873
872 874
874 875
874 876
871 877
877 878
877 879
879 880
880 881
880 882
879 883
883 884
884 885
885 886
885 887
884 888
883 889
889 890
890 891
890 892
892 893
892 894
889 895
895 896
896 897
896 898
898 899
898 900
895 901
901 902
902 903
902 904
904 905
904 906
906 907
906 908
901 909
909 910
910 911
911 912
911 913
913 914
913 915
910 916
909 917
917 918
918 919
918 920
917 921
921 922
922 923
923 924
924 925
925 926
925 927
927 928
927 929
924 930
923 931
931 932
932 933
933 934
934 935
934 936
933 937
932 938
931 939
939 940
939 941
922 942
942 943
942 944
921 945
945 946
946 947
946 948
948 949
948 950
945 951
951 952
951 953
953 954
954 955
954 956
953 957
957 958
957 959
959 960
960 961
960 962
959 963
963 964
963 965
965 966
965 967
