484
692
0
653 2
651 4
652 7
646 9
642 10
626 13
615 16
613 17
622 20
621 22
618 23
616 25
619 27
624 28
648 30
645 32
639 35
641 36
637 38
635 41
631 43
633 44
605 46
629 48
597 50
628 53
630 54
611 57
609 58
607 62
608 63
612 64
584 69
565 73
567 74
564 77
570 79
553 82
555 83
572 84
568 88
559 90
561 91
552 93
550 95
547 97
543 99
541 101
539 104
534 109
525 110
526 113
523 114
536 115
529 118
527 119
530 122
522 124
520 125
532 127
533 128
537 130
540 129
544 133
545 134
600 135
583 138
585 139
587 140
562 142
556 144
558 145
598 148
602 149
588 152
590 154
589 151
604 156
593 158
595 160
581 161
576 164
573 168
575 169
578 173
580 174
518 177
461 184
495 186
493 187
516 189
502 191
501 190
514 180
512 195
515 198
513 199
510 200
506 204
496 207
498 208
447 210
437 213
438 216
408 218
409 220
406 221
436 223
439 224
435 226
440 227
445 233
477 234
475 235
468 238
469 239
466 240
505 245
504 244
508 247
509 248
492 250
499 251
463 253
464 256
465 257
503 252
459 261
403 264
405 265
413 266
462 267
517 268
579 270
577 271
574 165
444 275
442 276
417 281
422 282
489 283
375 289
373 290
388 292
387 294
385 295
457 296
458 299
358 301
360 302
418 303
420 304
485 273
473 311
456 313
472 310
487 315
486 317
490 318
488 320
433 325
431 326
430 328
428 329
455 331
491 332
470 335
483 336
484 339
478 340
482 344
474 345
480 346
481 349
425 352
426 355
427 356
448 358
450 359
423 360
453 362
451 365
452 364
415 368
402 371
412 372
398 375
400 377
410 378
393 380
390 383
394 384
392 379
391 389
395 390
382 393
384 394
396 398
380 399
379 401
397 403
399 405
378 407
376 408
351 410
348 409
353 416
349 417
354 420
352 421
350 422
347 424
361 429
343 434
336 437
335 435
337 441
316 444
314 445
330 446
345 448
334 449
342 451
346 452
340 454
338 456
328 458
262 462
259 463
261 464
263 465
344 467
341 466
367 470
362 469
366 476
370 477
365 479
363 481
368 482
355 486
369 487
357 488
364 490
371 491
331 493
333 494
324 497
319 502
317 503
320 506
285 509
283 510
297 514
296 515
306 516
294 518
280 520
282 521
322 522
304 525
302 526
325 527
326 528
307 531
312 537
252 540
250 541
244 543
246 544
301 546
255 550
310 552
254 548
298 554
300 557
265 558
248 559
249 561
292 563
291 565
308 566
311 569
309 570
313 571
270 572
272 574
239 579
242 582
243 583
241 584
274 586
286 590
288 591
236 594
234 595
290 596
287 577
238 598
237 600
276 602
273 604
266 607
278 608
268 611
269 613
258 615
256 616
279 618
226 621
228 622
275 624
289 626
233 628
229 631
231 632
232 634
222 636
215 640
225 641
220 644
219 646
208 647
223 648
218 651
221 652
196 656
194 657
217 658
224 661
214 662
203 665
202 664
201 668
213 671
205 673
211 672
209 678
206 679
212 680
198 683
197 685
199 686
175 688
177 691
128 695
131 697
91 701
83 704
24 708
25 709
22 706
23 713
26 714
68 705
69 717
85 718
58 721
47 723
44 726
46 727
45 722
55 730
57 732
16 734
14 735
70 737
72 738
130 739
155 741
115 743
98 747
50 751
49 753
10 755
11 754
99 757
97 745
96 759
112 762
108 764
106 765
110 767
111 766
114 770
193 772
164 779
123 781
33 786
34 789
31 790
35 791
76 793
74 794
75 795
82 796
182 798
192 799
166 801
133 804
180 806
121 808
103 812
102 814
101 815
88 817
6 819
7 818
105 821
163 802
179 824
169 827
153 829
151 830
172 833
173 835
174 836
170 837
188 839
189 841
161 843
159 846
141 848
143 849
137 852
134 854
136 855
158 857
157 859
156 856
190 863
191 865
187 866
183 869
185 870
125 873
127 875
149 876
148 878
147 881
145 882
140 886
138 887
146 888
79 891
77 893
80 894
117 897
120 899
119 900
95 903
94 905
12 907
13 906
30 912
27 914
29 915
86 916
62 919
60 920
20 926
21 928
17 927
19 930
40 935
42 936
39 937
38 923
43 940
41 941
54 943
52 944
64 947
5 949
3 950
63 945
66 955
65 956
67 958
8 960
9 962
37 964
2 966
0 967
0 2
0 3
3 4
3 5
5 6
6 7
6 8
8 9
8 10
5 12
12 13
12 14
14 15
15 16
15 17
14 18
18 19
19 20
19 22
19 23
18 25
18 26
26 27
26 28
5 29
29 30
29 31
31 32
31 33
33 34
34 35
34 36
33 37
37 38
37 39
39 40
40 41
40 42
42 43
42 44
39 45
45 46
45 48
45 50
45 51
51 53
51 54
51 55
55 57
55 58
55 59
59 60
60 61
61 62
61 63
60 64
59 66
66 67
67 69
67 70
70 71
71 72
72 73
72 74
71 75
75 76
76 77
76 78
78 79
78 81
81 82
81 83
78 84
75 86
86 87
87 88
87 89
89 90
89 91
86 92
92 93
92 94
94 95
94 96
96 97
96 98
98 99
98 100
100 101
100 102
102 103
103 104
103 106
106 109
106 110
106 112
112 113
112 114
106 115
106 116
116 117
117 118
117 119
116 122
116 123
123 124
123 125
116 127
116 128
103 129
129 130
102 132
132 133
132 134
75 135
70 138
70 139
70 140
67 141
141 142
141 143
143 144
143 145
66 148
66 149
66 151
151 152
151 154
66 156
59 157
157 158
157 160
157 161
161 164
161 165
165 168
165 169
165 172
172 173
172 174
165 175
175 176
176 177
176 178
178 180
180 184
180 185
185 186
185 187
180 189
180 190
190 191
180 195
180 196
196 197
197 198
197 199
196 200
178 202
202 204
202 206
206 207
206 208
202 209
209 210
209 211
211 213
211 216
211 217
217 218
217 220
217 221
211 223
211 224
211 225
225 226
225 227
202 228
228 230
230 233
230 234
230 235
230 236
236 238
236 239
236 240
228 244
244 245
228 247
228 248
228 250
228 251
228 252
252 253
253 256
253 257
178 260
260 261
260 262
262 263
263 264
263 265
262 266
178 267
178 268
175 270
175 271
165 273
273 274
274 275
274 276
273 279
279 280
280 281
280 282
279 283
273 284
284 286
286 287
287 288
288 289
288 290
287 291
291 292
291 294
291 295
286 296
284 298
298 299
298 300
300 301
300 302
284 303
284 304
273 310
310 311
310 313
273 315
273 317
273 318
273 320
273 321
321 324
324 325
324 326
321 327
327 328
327 329
321 331
321 332
321 333
333 334
334 335
334 336
333 339
333 340
333 342
342 344
342 345
342 346
333 347
347 349
347 350
350 351
351 352
351 355
351 356
351 358
351 359
350 360
347 362
362 364
364 365
347 367
367 368
367 369
369 371
369 372
369 374
374 375
374 376
376 377
376 378
369 379
379 380
379 383
379 384
379 389
379 390
379 392
392 393
392 394
379 395
395 398
395 399
399 401
395 403
395 404
404 405
404 407
404 408
395 409
409 410
409 416
409 417
409 419
419 420
419 421
409 422
409 424
409 425
425 426
426 429
426 430
430 434
430 435
435 437
435 441
435 442
442 443
443 444
443 445
442 446
435 447
447 448
447 449
430 451
430 452
430 454
430 456
430 457
457 458
457 459
459 462
459 463
459 464
459 465
430 466
466 467
426 469
469 470
469 476
469 477
469 479
469 480
480 481
480 482
469 485
485 486
485 487
469 488
469 490
469 491
426 492
492 493
492 494
425 495
495 496
496 497
496 498
498 500
500 501
501 502
501 503
500 506
500 507
507 508
508 509
508 510
507 511
511 514
511 515
511 516
511 517
517 518
517 519
519 520
519 521
500 522
498 524
524 525
524 526
498 527
498 528
495 531
531 536
536 537
536 538
538 539
539 540
539 541
538 543
538 544
531 545
545 546
545 548
548 550
548 552
548 554
545 555
555 557
555 558
555 559
559 561
531 563
563 565
531 566
531 568
568 569
568 570
531 571
495 572
495 574
495 575
575 577
577 578
578 579
578 582
578 583
578 584
577 586
577 590
577 591
577 593
593 594
593 595
577 596
575 598
598 600
575 601
601 602
601 604
601 606
606 607
606 608
601 609
609 610
610 611
610 613
610 614
614 615
614 616
609 617
617 618
617 619
619 620
620 621
620 622
619 624
619 625
625 626
625 627
627 628
627 631
627 632
627 634
627 635
635 636
635 640
635 641
635 643
643 644
643 646
643 647
635 648
635 651
635 652
635 655
655 656
655 657
635 658
635 660
660 661
660 662
635 663
663 664
664 665
664 668
663 671
663 672
672 673
663 676
676 677
677 678
677 679
676 680
663 682
682 683
683 685
682 686
663 687
687 688
687 689
689 691
689 692
692 693
693 694
694 695
694 697
694 698
698 700
700 701
700 702
702 704
702 705
705 706
706 707
707 708
707 709
706 713
706 714
705 717
702 718
698 719
719 720
720 721
720 722
722 723
722 726
722 727
719 729
729 730
729 731
731 732
731 733
733 734
733 735
698 736
736 737
736 738
693 739
692 740
740 741
740 742
742 743
742 744
744 745
745 747
745 750
750 751
750 753
750 754
754 755
745 757
745 759
744 762
744 763
763 764
763 765
744 766
766 767
766 770
689 771
771 772
771 775
775 779
775 780
780 781
780 782
782 783
783 785
785 786
785 789
785 790
785 791
783 793
783 794
783 795
782 796
775 798
775 799
799 801
775 802
802 803
803 804
803 806
803 807
807 808
807 809
809 811
811 812
811 814
811 815
809 816
816 817
816 818
818 819
809 821
775 823
823 824
823 826
826 827
826 828
828 829
828 830
823 831
831 833
831 835
831 836
831 837
771 838
838 839
838 840
840 841
840 842
842 843
842 845
845 846
845 848
845 849
842 850
850 852
850 854
850 855
850 856
856 857
856 859
771 863
771 864
864 865
864 866
771 869
771 870
771 871
871 872
872 873
872 875
872 876
871 877
877 878
877 881
877 882
877 884
884 885
885 886
885 887
884 888
877 889
889 890
890 891
890 893
890 894
889 897
889 898
898 899
898 900
889 902
902 903
902 905
902 906
906 907
889 909
909 911
911 912
911 914
911 915
909 916
909 918
918 919
918 920
909 921
921 923
923 924
924 926
924 927
927 928
924 930
923 934
934 935
934 936
923 937
923 940
923 941
921 943
921 944
921 945
945 946
946 947
946 948
948 949
948 950
945 955
945 956
945 958
945 959
959 960
960 962
959 963
963 964
963 965
965 966
965 967
