99
157
0
133 3
116 6
114 7
131 9
130 10
126 11
128 12
112 15
96 18
95 20
81 23
78 25
69 27
68 28
67 29
66 30
65 31
63 34
47 37
41 39
39 40
37 42
36 43
35 44
33 45
21 49
19 50
13 52
10 53
2 54
12 56
4 57
31 59
23 60
22 62
20 63
16 65
14 66
27 69
24 70
30 72
26 73
9 76
7 78
5 79
1 81
0 82
57 84
55 85
61 87
59 88
75 90
73 91
53 93
52 94
50 95
48 96
44 98
43 100
42 101
54 103
51 104
80 106
76 107
72 109
70 110
106 112
105 113
94 116
87 117
92 118
91 119
90 120
104 121
93 122
89 123
88 124
110 126
103 127
102 128
100 129
86 131
84 133
83 134
99 136
97 137
119 139
108 141
129 143
107 144
127 146
121 147
118 148
138 150
125 152
123 153
136 155
135 156
134 157
0 1
1 2
2 3
2 4
4 5
5 6
5 7
5 8
8 9
8 10
8 11
8 12
8 13
13 14
14 15
14 16
16 17
17 18
17 19
19 20
19 21
21 22
22 23
22 24
24 25
24 26
26 27
26 28
26 29
26 30
26 31
26 32
32 33
33 34
33 35
35 36
36 37
36 38
38 39
38 40
38 41
41 42
41 43
41 44
41 45
41 46
46 47
47 48
48 49
48 50
48 51
51 52
51 53
51 54
51 55
55 56
55 57
48 58
58 59
58 60
48 61
61 62
61 63
47 64
64 65
64 66
46 67
67 68
68 69
68 70
67 71
71 72
71 73
41 74
74 75
75 76
75 77
77 78
77 79
74 80
80 81
80 82
35 83
83 84
83 85
33 86
86 87
86 88
32 89
89 90
89 91
26 92
92 93
92 94
92 95
92 96
92 97
97 98
97 99
99 100
99 101
92 102
102 103
102 104
24 105
105 106
105 107
21 108
108 109
108 110
16 111
111 112
111 113
13 114
114 115
115 116
115 117
115 118
115 119
115 120
115 121
115 122
115 123
115 124
115 125
125 126
125 127
125 128
125 129
115 130
130 131
130 132
132 133
132 134
114 135
135 136
135 137
13 138
138 139
138 140
140 141
140 142
142 143
142 144
4 145
145 146
145 147
145 148
1 149
149 150
149 151
151 152
151 153
151 154
154 155
154 156
154 157
