99
168
0
133 3
112 9
96 12
95 14
81 17
69 20
68 21
67 22
66 23
65 24
63 27
47 30
41 32
39 33
37 35
36 36
35 37
33 38
21 43
19 44
13 46
10 47
2 49
12 51
4 52
22 54
20 55
31 57
23 58
16 60
14 61
30 64
26 65
27 67
24 68
9 71
7 73
5 74
1 76
0 77
57 79
55 80
61 82
59 83
75 85
73 86
53 88
52 89
50 90
48 91
44 93
43 95
42 96
54 98
51 99
78 101
80 103
76 104
72 106
70 107
106 109
105 110
94 114
87 115
91 116
90 117
88 118
104 121
110 123
103 124
102 125
100 126
89 128
92 130
93 131
86 133
84 135
83 136
99 138
97 139
119 141
108 143
129 145
107 146
131 148
130 149
126 150
128 151
116 153
114 154
127 156
121 157
118 158
138 160
136 163
135 164
134 165
125 167
123 168
0 1
1 2
2 3
2 4
4 5
5 6
6 7
7 8
8 9
8 10
10 11
11 12
11 13
13 14
13 15
15 16
16 17
16 18
18 19
19 20
19 21
19 22
19 23
19 24
19 25
25 26
26 27
26 28
28 29
29 30
29 31
31 32
31 33
31 34
34 35
34 36
34 37
34 38
34 39
39 40
40 41
41 42
42 43
42 44
42 45
45 46
45 47
45 48
48 49
48 50
50 51
50 52
42 53
53 54
53 55
41 56
56 57
56 58
40 59
59 60
59 61
39 62
62 63
63 64
63 65
62 66
66 67
66 68
34 69
69 70
70 71
70 72
72 73
72 74
69 75
75 76
75 77
28 78
78 79
78 80
26 81
81 82
81 83
25 84
84 85
84 86
19 87
87 88
87 89
87 90
87 91
87 92
92 93
92 94
94 95
94 96
87 97
97 98
97 99
18 100
100 101
100 102
102 103
102 104
15 105
105 106
105 107
10 108
108 109
108 110
7 111
111 112
112 113
113 114
113 115
113 116
113 117
113 118
113 119
119 120
120 121
120 122
122 123
122 124
122 125
122 126
119 127
127 128
127 129
129 130
129 131
112 132
132 133
132 134
134 135
134 136
111 137
137 138
137 139
7 140
140 141
140 142
142 143
142 144
144 145
144 146
6 147
147 148
147 149
147 150
147 151
5 152
152 153
152 154
4 155
155 156
155 157
155 158
1 159
159 160
159 161
161 162
162 163
162 164
162 165
161 166
166 167
166 168
