99
146
0
87 11
94 18
90 19
91 21
86 22
84 24
83 26
92 28
88 29
110 32
104 33
103 36
100 37
102 38
93 40
89 39
99 43
97 44
106 47
105 48
81 52
75 57
73 58
57 62
47 64
37 67
36 71
35 73
33 74
9 77
7 79
5 80
1 82
0 81
22 90
20 91
21 94
19 95
13 98
10 100
4 102
2 103
12 104
23 105
31 106
16 108
14 109
27 112
24 113
30 115
26 116
41 118
39 119
55 120
59 123
61 124
63 125
80 127
78 132
76 133
69 136
66 137
68 139
65 140
67 141
54 146
51 147
53 150
50 151
48 152
52 153
44 155
43 156
42 158
72 160
70 161
95 162
96 49
119 167
108 168
107 170
129 171
112 172
131 173
130 176
126 6
128 179
116 181
114 182
118 183
127 184
121 185
133 186
138 188
136 192
134 190
135 194
125 196
123 197
0 1
1 2
2 3
3 6
6 8
8 10
10 11
11 18
11 19
11 21
11 22
22 24
24 26
11 28
11 29
11 30
30 32
30 33
30 36
30 37
30 38
11 39
39 40
10 42
42 43
42 44
8 45
45 46
46 47
46 48
45 49
49 50
50 51
51 52
51 53
53 54
54 55
55 56
56 57
56 58
55 59
59 60
60 61
61 62
61 63
63 64
63 65
65 66
66 67
66 71
66 73
66 74
66 75
75 76
76 77
76 78
78 79
78 80
75 81
81 82
66 84
84 85
85 87
87 89
89 90
89 91
87 94
87 95
87 96
96 98
96 100
96 101
101 102
101 103
96 104
87 105
85 106
85 107
107 108
107 109
84 110
110 111
111 112
111 113
110 114
114 115
114 116
65 118
65 119
60 120
59 122
122 123
122 124
59 125
54 126
126 127
126 128
128 131
131 132
131 133
128 136
128 137
128 139
128 140
128 141
128 142
142 145
145 146
145 147
142 150
142 151
142 152
142 153
142 154
154 155
154 156
156 158
53 159
159 160
159 161
50 162
8 166
166 167
166 168
168 170
8 171
8 172
6 173
6 176
6 179
6 180
180 181
180 182
3 183
3 184
3 185
2 186
1 187
187 188
187 189
189 190
190 192
190 194
189 195
195 196
195 197
