99
152
1
134 4
126 9
129 11
108 12
89 15
87 17
88 18
84 21
9 32
24 39
26 41
0 42
4 48
48 57
76 63
65 65
96 67
1 72
2 73
5 74
7 75
10 76
12 77
13 78
14 79
16 80
19 81
20 82
21 83
22 84
23 85
27 86
30 87
31 88
33 89
35 90
36 91
37 92
39 93
41 94
42 95
43 96
44 97
47 98
50 99
51 100
52 101
53 102
54 103
55 104
57 105
59 106
61 107
63 108
66 109
67 110
68 111
69 112
70 113
72 114
73 115
75 116
78 117
80 118
81 119
83 120
86 121
90 122
91 123
92 124
93 125
94 126
95 127
97 128
99 129
100 130
102 131
103 132
104 133
105 134
106 135
107 136
110 137
112 138
114 139
116 140
118 141
119 142
121 143
123 144
125 145
127 146
128 147
130 148
131 149
133 150
135 151
136 152
138 153
1 2
2 3
3 4
4 5
3 6
2 7
7 8
8 9
9 10
8 11
8 12
8 13
13 14
7 15
15 16
15 17
17 18
17 19
19 20
17 21
2 22
22 23
23 24
22 25
25 26
25 27
22 28
28 29
28 30
30 31
31 32
30 33
33 34
34 35
30 36
36 37
36 38
38 39
38 40
38 41
36 42
36 43
36 44
44 45
44 46
46 47
47 48
46 49
44 50
30 51
30 52
22 53
53 54
53 55
53 56
56 57
56 58
58 59
56 60
60 61
56 62
53 63
53 64
53 65
2 66
66 67
66 68
66 69
2 70
2 71
42 72
47 73
31 74
31 75
46 76
49 77
46 78
43 79
70 80
44 81
50 82
44 83
50 84
45 85
40 86
37 87
36 88
51 89
30 90
30 91
52 92
33 93
34 94
61 95
61 96
60 97
33 98
62 99
58 100
56 101
56 102
59 103
29 104
35 105
71 106
25 107
27 108
53 109
53 110
54 111
53 112
23 113
22 114
26 115
26 116
64 117
63 118
55 119
21 120
17 121
17 122
17 123
17 124
15 125
17 126
67 127
14 128
14 129
19 130
19 131
19 132
16 133
68 134
68 135
12 136
20 137
13 138
9 139
9 140
10 141
69 142
10 143
5 144
5 145
10 146
9 147
9 148
9 149
24 150
4 151
4 152
6 153
