99
99
99
0 0
1 1
2 2
4 3
5 4
7 5
9 6
10 7
12 8
13 9
14 10
16 11
19 12
20 13
21 14
22 15
23 16
24 17
26 18
27 19
30 20
31 21
33 22
35 23
36 24
37 25
39 26
41 27
42 28
43 29
44 30
47 31
48 32
50 33
51 34
52 35
53 36
54 37
55 38
57 39
59 40
61 41
63 42
65 43
66 44
67 45
68 46
69 47
70 48
72 49
73 50
75 51
76 52
78 53
80 54
81 55
83 56
84 57
86 58
88 59
89 60
90 61
91 62
92 63
87 64
93 65
94 66
95 67
96 68
97 69
99 70
100 71
102 72
103 73
104 74
105 75
106 76
107 77
108 78
110 79
112 80
114 81
116 82
118 83
119 84
121 85
123 86
125 87
127 88
128 89
129 90
126 91
130 92
131 93
133 94
134 95
135 96
136 97
138 98
99 98
99 89
89 91
91 92
91 81
91 93
91 83
81 82
91 69
69 70
91 78
78 77
91 85
91 88
69 64
64 58
64 60
64 66
64 62
64 73
60 65
64 71
60 74
64 59
64 61
58 57
57 56
64 72
69 80
77 90
64 79
78 84
64 63
80 68
68 67
68 48
48 49
49 41
41 42
41 40
41 50
50 51
41 44
44 47
44 45
44 52
52 54
52 53
44 36
36 32
36 34
36 33
36 29
29 28
29 30
36 35
44 46
44 43
52 55
34 37
68 75
75 76
41 38
38 39
40 25
25 23
23 22
23 26
26 27
23 12
12 13
12 14
12 15
12 21
12 7
7 2
2 3
7 9
12 16
7 8
26 31
12 18
18 20
18 17
17 19
23 24
23 0
0 1
0 4
4 5
4 6
12 10
10 11
81 94
98 95
95 97
95 96
95 86
86 87
