99
139
139
133 70
131 10
130 88
136 41
135 87
134 37
138 24
24 104
26 126
27 1
20 43
21 78
22 12
23 51
0 27
4 33
119 83
121 107
123 91
125 39
126 67
127 92
128 125
129 80
118 89
59 86
55 7
54 108
57 96
51 16
50 106
53 14
52 63
114 97
88 73
116 93
110 13
112 72
83 9
80 102
81 52
86 114
87 123
84 2
7 31
108 95
102 99
103 59
100 4
106 5
107 44
104 135
105 112
39 81
33 105
31 133
30 57
37 42
36 84
35 129
61 90
63 55
65 21
66 69
67 54
68 116
69 75
2 136
99 0
91 118
90 110
93 130
92 119
95 23
94 103
97 53
96 30
10 121
13 66
12 22
14 26
16 65
19 134
89 50
48 127
47 47
44 48
42 94
43 76
41 20
1 36
5 131
9 61
76 138
75 19
73 68
72 100
70 128
78 35
132 133
137 132
126 131
126 130
139 137
134 136
134 135
137 134
137 138
25 24
28 25
25 26
28 27
18 20
18 21
18 22
18 23
32 28
32 29
17 0
3 4
17 8
120 119
126 120
122 121
126 122
124 123
134 124
124 125
132 126
126 127
126 128
126 129
117 118
60 59
62 58
56 55
49 54
56 57
58 56
49 51
49 50
49 53
49 52
126 115
115 114
87 88
87 89
117 111
109 110
126 113
113 112
85 82
84 83
79 80
82 81
87 86
101 87
87 84
96 85
11 3
6 7
120 108
126 109
101 102
101 103
101 100
109 101
111 106
108 107
101 104
106 105
40 39
40 38
34 33
34 32
29 31
29 30
38 37
34 36
34 35
38 34
62 60
60 61
74 62
62 63
77 64
64 65
64 66
64 67
64 68
64 69
3 2
8 6
98 99
113 98
87 91
87 90
87 93
87 92
96 95
87 94
98 97
111 96
18 11
11 10
11 13
11 12
29 15
15 14
38 17
15 16
18 19
29 18
122 117
115 116
49 48
64 49
58 46
46 47
45 44
49 45
43 42
45 43
46 40
40 41
0 1
6 5
8 9
79 77
77 76
74 75
79 74
74 73
71 72
85 71
71 70
82 79
77 78
