99
144
0
138 3
125 6
123 7
136 9
135 11
134 8
133 14
121 16
118 19
127 20
128 25
119 28
129 30
108 31
107 33
99 36
97 37
91 41
93 43
89 42
94 48
88 50
92 51
102 54
104 58
110 59
100 60
103 61
84 63
83 65
86 62
87 38
90 68
126 22
116 73
114 74
130 75
131 76
112 78
105 81
106 82
96 83
95 86
70 89
72 90
81 92
78 96
76 97
80 99
69 102
50 106
53 108
54 112
51 113
48 114
52 116
44 118
42 120
43 119
68 122
66 124
65 125
67 126
73 129
75 130
61 133
59 134
63 136
55 138
57 140
47 142
39 144
41 146
22 155
20 156
13 160
10 162
4 165
2 166
12 167
19 168
21 170
23 171
31 172
16 174
14 175
27 178
24 179
30 181
26 182
35 183
37 185
33 186
36 188
9 191
5 193
7 194
1 196
0 195
0 1
1 2
2 3
2 4
4 5
5 6
5 7
4 8
8 9
8 11
1 13
13 14
13 15
15 16
15 19
15 20
15 22
22 25
22 26
26 28
26 29
29 30
29 31
31 33
26 34
34 35
35 36
35 37
34 38
38 41
38 42
42 43
38 48
38 50
38 51
38 53
53 54
53 58
53 59
53 60
53 61
38 62
62 63
63 65
38 68
22 72
72 73
72 74
22 75
22 76
15 77
77 78
77 79
79 80
80 81
80 82
79 83
83 85
85 86
85 87
87 88
88 89
88 90
87 92
87 93
93 94
94 96
94 97
97 99
94 100
100 102
100 105
105 106
105 108
105 111
111 112
111 113
105 114
105 116
105 117
117 118
117 119
119 120
100 122
100 124
100 125
100 126
93 127
127 129
127 130
127 131
131 132
132 133
132 134
131 136
131 137
137 138
137 139
139 140
139 141
141 142
141 143
143 144
143 146
143 147
147 150
150 151
151 153
153 154
154 155
154 156
153 159
159 160
159 162
159 164
164 165
164 166
159 167
153 168
153 170
153 171
151 172
151 173
173 174
173 175
150 176
176 177
177 178
177 179
176 180
180 181
180 182
147 183
147 185
147 186
147 188
147 189
189 190
190 191
190 192
192 193
192 194
189 195
195 196
