99
165
0
144 2
141 5
140 7
106 10
105 13
136 15
56 19
55 20
63 21
64 22
62 23
61 24
100 25
53 26
59 28
57 29
41 31
33 33
32 34
30 35
29 38
28 40
27 42
21 44
19 46
11 48
12 49
4 51
3 52
2 53
0 54
9 56
7 57
13 59
8 60
10 62
5 63
25 65
14 67
17 69
16 70
24 72
22 73
36 75
34 76
52 78
49 80
47 81
50 83
44 85
43 86
45 88
40 90
38 91
103 93
101 94
114 96
110 98
112 100
108 101
97 103
85 107
84 109
68 110
81 112
80 113
79 114
76 115
82 117
78 118
67 120
65 121
86 123
70 124
93 126
96 128
75 130
73 131
92 133
90 134
89 137
87 138
72 140
71 141
137 143
116 145
115 146
127 150
119 152
117 153
131 155
132 157
129 158
126 160
125 161
124 162
123 163
122 164
120 165
0 1
1 2
1 3
3 4
4 5
4 6
6 7
6 8
8 9
9 10
9 11
11 12
12 13
12 14
14 15
14 16
16 17
17 18
18 19
18 20
18 21
18 22
18 23
18 24
18 25
18 26
18 27
27 28
27 29
27 30
30 31
30 32
32 33
32 34
32 35
32 36
36 37
37 38
37 39
39 40
39 41
41 42
41 43
43 44
43 45
45 46
45 47
47 48
47 49
47 50
50 51
50 52
50 53
50 54
47 55
55 56
55 57
47 58
58 59
58 60
47 61
61 62
61 63
39 64
64 65
64 66
66 67
66 68
68 69
68 70
64 71
71 72
71 73
36 74
74 75
74 76
18 77
77 78
77 79
79 80
79 81
18 82
82 83
82 84
84 85
84 86
18 87
87 88
87 89
89 90
89 91
17 92
92 93
92 94
16 95
95 96
95 97
97 98
97 99
99 100
99 101
11 102
102 103
102 104
104 105
105 106
106 107
106 108
108 109
108 110
108 111
111 112
111 113
111 114
111 115
111 116
116 117
116 118
111 119
119 120
119 121
108 122
122 123
122 124
105 125
125 126
125 127
127 128
127 129
129 130
129 131
125 132
132 133
132 134
104 135
135 136
136 137
136 138
135 139
139 140
139 141
8 142
142 143
142 144
144 145
144 146
3 147
147 148
148 149
149 150
149 151
151 152
151 153
148 154
154 155
154 156
156 157
156 158
147 159
159 160
159 161
159 162
159 163
159 164
159 165
