99
197
0
64 17
62 18
61 19
56 20
55 22
50 24
44 26
43 27
53 28
45 30
40 32
38 33
100 35
59 38
41 40
36 46
34 47
29 49
24 54
22 55
14 58
16 59
17 60
25 61
28 63
27 65
21 67
19 69
13 76
4 80
3 82
0 83
2 84
12 85
9 87
7 88
10 89
11 90
5 91
8 92
33 93
30 94
32 95
57 96
63 99
49 101
47 102
52 103
103 106
101 107
114 109
112 112
108 113
110 114
136 115
106 118
97 120
89 124
87 125
72 127
71 128
96 131
73 132
86 138
70 139
82 143
78 144
81 146
80 150
79 151
76 152
67 154
65 155
84 156
68 157
85 159
75 160
92 163
90 164
93 165
105 166
137 168
116 170
115 171
140 172
141 173
131 177
127 179
119 181
117 182
132 184
129 185
126 189
125 192
124 193
123 194
120 195
122 196
144 197
0 1
1 2
2 3
3 4
4 5
5 6
6 7
7 8
8 9
9 10
10 11
11 12
12 13
13 14
14 15
15 16
16 17
16 18
15 19
14 20
13 21
21 22
21 23
23 24
23 25
25 26
25 27
12 28
11 29
29 30
29 31
31 32
31 33
10 34
34 35
34 36
36 37
37 38
37 39
39 40
39 41
41 42
42 43
43 44
44 45
45 46
45 47
44 48
48 49
48 50
50 51
51 52
52 53
53 54
53 55
52 56
56 57
57 58
57 59
56 60
51 61
50 62
62 63
62 64
64 65
64 66
66 67
66 68
68 69
68 70
70 71
71 72
72 73
73 74
74 75
75 76
75 77
77 78
78 79
79 80
79 81
81 82
81 83
78 84
77 85
74 86
86 87
86 88
73 89
72 90
71 91
70 92
43 93
42 94
41 95
36 96
9 97
97 98
98 99
98 100
100 101
100 102
97 103
8 104
104 105
105 106
105 107
104 108
108 109
108 110
110 111
111 112
111 113
110 114
7 115
6 116
116 117
117 118
117 119
119 120
119 121
121 122
122 123
123 124
123 125
122 126
126 127
126 128
121 129
129 130
130 131
130 132
129 133
133 134
134 135
135 136
136 137
137 138
137 139
136 140
140 141
141 142
142 143
142 144
141 145
145 146
145 147
147 148
148 149
149 150
149 151
148 152
147 153
153 154
153 155
140 156
135 157
134 158
158 159
158 160
133 161
161 162
162 163
162 164
161 165
116 166
5 167
167 168
167 169
169 170
169 171
4 172
3 173
2 174
174 175
175 176
176 177
176 178
178 179
178 180
180 181
180 182
175 183
183 184
183 185
174 186
186 187
187 188
188 189
188 190
190 191
191 192
191 193
190 194
187 195
186 196
1 197
