99
99
99
0 0
2 1
3 2
4 3
5 4
7 5
8 6
9 7
10 8
11 9
12 10
13 11
14 12
16 13
17 14
19 15
21 16
22 17
24 18
25 19
27 20
28 21
29 22
30 23
32 24
33 25
34 26
36 27
38 28
40 29
41 30
43 31
44 32
45 33
47 34
49 35
50 36
52 37
53 38
55 39
56 40
57 41
59 42
61 43
62 44
63 45
64 46
65 47
67 48
68 49
70 50
71 51
72 52
73 53
75 54
76 55
78 56
79 57
80 58
81 59
82 60
84 61
85 62
86 63
87 64
89 65
90 66
92 67
93 68
96 69
97 70
100 71
101 72
103 73
105 74
106 75
108 76
110 77
112 78
114 79
115 80
116 81
117 82
119 83
120 84
122 85
123 86
124 87
125 88
126 89
127 90
129 91
131 92
132 93
136 94
137 95
140 96
141 97
144 98
99 98
99 97
97 96
96 80
80 81
80 95
95 78
78 76
78 79
76 77
78 74
74 75
74 40
40 32
32 31
40 39
40 38
40 43
40 44
40 46
38 42
42 30
30 26
26 27
26 23
23 24
26 25
32 36
40 33
40 45
33 29
29 28
38 34
34 35
38 37
38 71
40 41
24 22
32 73
73 72
22 21
21 11
11 2
2 0
2 3
11 8
11 9
0 15
8 4
11 6
2 1
3 5
11 7
11 10
11 16
21 19
21 20
19 17
17 18
11 12
12 13
13 14
74 94
74 70
99 84
84 87
84 88
84 89
84 86
84 85
84 92
92 82
82 83
82 90
92 93
92 91
70 50
50 63
50 55
55 47
55 62
50 61
55 56
55 57
47 48
55 58
62 54
62 68
62 52
52 51
68 69
50 49
55 59
68 66
68 67
54 53
55 60
52 64
64 65
