95
129
129
25 25
26 26
27 27
21 21
22 22
23 23
29 29
0 0
4 4
119 119
120 120
122 122
124 124
127 127
128 128
118 118
59 59
55 55
57 57
56 56
51 51
50 50
53 53
52 52
115 115
88 88
89 89
111 111
110 110
113 113
82 82
83 83
81 81
86 86
87 87
84 84
85 85
7 7
108 108
109 109
102 102
100 100
101 101
106 106
107 107
104 104
105 105
39 39
38 38
32 32
31 31
37 37
36 36
34 34
60 60
61 61
62 62
64 64
65 65
67 67
68 68
2 2
6 6
98 98
90 90
93 93
92 92
95 95
97 97
96 96
11 11
12 12
14 14
17 17
16 16
19 19
116 116
49 49
47 47
44 44
45 45
43 43
40 40
41 41
1 1
5 5
9 9
77 77
75 75
74 74
73 73
72 72
71 71
70 70
79 79
30 24
24 25
24 26
28 27
24 20
20 21
20 22
24 23
33 28
28 29
1 0
3 4
10 8
117 119
117 120
125 121
123 122
125 123
123 124
126 125
129 126
126 127
129 128
117 118
58 59
69 58
54 55
58 54
58 57
54 56
48 51
48 50
54 53
48 52
114 115
121 114
84 88
84 89
112 111
103 110
114 113
125 112
80 82
84 83
91 80
80 81
84 86
84 87
94 84
84 85
20 3
5 7
103 108
103 109
103 102
112 103
99 100
99 101
103 106
103 107
103 104
103 105
36 39
36 38
35 33
33 32
30 31
33 30
36 37
42 36
48 35
35 34
58 60
58 61
63 62
69 63
63 64
66 65
69 66
66 67
69 68
78 69
3 2
5 6
129 99
99 98
97 91
91 90
94 93
91 92
94 95
97 94
103 97
97 96
10 11
18 10
20 13
13 12
20 15
15 14
18 17
15 16
18 19
30 18
121 117
117 116
54 48
48 49
54 46
48 47
43 44
46 45
48 42
46 43
36 40
42 41
8 1
13 5
8 9
76 77
80 76
76 75
69 74
69 73
69 72
69 71
69 70
78 79
80 78
