50
85
0
62 4
50 6
46 8
45 9
47 10
43 12
42 13
41 14
35 16
39 19
29 21
30 23
27 24
24 26
26 28
23 30
20 32
22 34
19 36
15 37
5 38
13 41
12 42
11 43
10 44
2 46
0 47
17 49
6 50
16 52
3 53
9 55
7 56
33 58
31 59
38 61
36 62
44 64
48 65
64 67
53 69
51 70
71 72
60 75
54 77
57 79
59 81
56 82
70 84
68 85
0 1
1 2
2 3
3 4
3 5
5 6
5 7
7 8
7 9
7 10
7 11
11 12
11 13
11 14
11 15
15 16
15 17
17 18
18 19
18 20
20 21
20 22
22 23
22 24
22 25
25 26
25 27
27 28
27 29
29 30
29 31
31 32
31 33
33 34
33 35
35 36
35 37
35 38
35 39
39 40
40 41
40 42
40 43
40 44
39 45
45 46
45 47
35 48
48 49
48 50
35 51
51 52
51 53
35 54
54 55
54 56
17 57
57 58
57 59
17 60
60 61
60 62
7 63
63 64
63 65
2 66
66 67
66 68
68 69
68 70
1 71
71 72
71 73
73 74
74 75
74 76
76 77
76 78
78 79
78 80
80 81
80 82
73 83
83 84
83 85
