50
99
0
13 26
12 28
10 29
11 30
2 32
0 33
19 36
15 37
9 39
7 40
6 42
5 43
16 46
3 47
17 48
22 49
23 50
20 51
26 52
24 53
30 55
27 56
29 57
33 59
31 60
39 61
38 63
36 64
35 65
42 67
41 68
43 69
50 72
45 74
44 75
46 76
47 77
48 78
62 79
64 81
53 83
51 84
71 86
60 89
59 93
56 94
54 95
57 96
68 98
70 99
0 1
1 2
2 3
3 4
4 5
5 6
6 7
7 8
8 9
9 10
10 11
11 12
12 13
13 14
14 15
15 16
16 17
17 18
18 19
19 20
20 21
21 22
22 23
23 24
24 25
25 26
25 27
27 28
27 29
24 30
23 31
31 32
31 33
22 34
34 35
35 36
35 37
34 38
38 39
38 40
21 41
41 42
41 43
20 44
44 45
45 46
45 47
44 48
19 49
18 50
17 51
16 52
15 53
14 54
54 55
54 56
13 57
12 58
58 59
58 60
11 61
10 62
62 63
62 64
9 65
8 66
66 67
66 68
7 69
6 70
70 71
71 72
71 73
73 74
73 75
70 76
5 77
4 78
3 79
2 80
80 81
80 82
82 83
82 84
1 85
85 86
85 87
87 88
88 89
88 90
90 91
91 92
92 93
92 94
91 95
90 96
87 97
97 98
97 99
