50
74
74
56 59
43 30
60 13
62 9
64 7
53 53
68 11
24 27
26 16
27 29
20 19
22 17
23 60
46 48
47 0
44 33
45 36
42 26
29 20
41 39
0 42
3 45
2 62
5 31
7 51
6 41
9 57
39 12
38 5
71 68
70 54
59 43
11 22
10 2
13 71
12 44
15 47
48 24
17 15
16 38
19 50
54 10
31 70
30 64
51 6
36 56
35 35
33 3
57 46
50 23
55 56
55 54
40 42
45 48
45 43
61 60
67 61
63 62
65 63
65 64
52 53
73 66
69 67
67 68
72 69
66 52
25 24
28 25
25 26
28 27
21 20
25 21
21 22
21 23
45 46
45 47
45 44
49 45
34 28
28 29
43 40
40 41
14 1
1 0
4 3
1 2
4 5
14 4
8 7
4 6
8 9
14 8
52 51
63 49
40 39
66 65
37 38
74 73
73 72
72 71
69 70
58 59
61 58
10 11
14 10
10 13
10 12
14 15
18 14
14 17
14 16
18 19
21 18
32 31
28 30
40 37
37 36
34 35
40 34
32 33
58 55
40 32
58 57
49 50
