50
74
74
56 62
43 33
60 16
62 27
64 17
53 39
68 70
24 44
26 2
27 47
20 41
22 35
23 3
46 50
47 71
44 45
45 36
42 23
29 9
41 6
0 13
3 29
2 53
5 68
7 54
6 20
9 30
39 43
38 57
71 19
70 0
59 42
11 5
10 59
13 10
12 11
15 64
48 26
17 48
16 7
19 56
54 51
31 22
30 60
51 31
36 12
35 15
33 46
57 38
50 24
55 56
55 54
40 42
45 48
45 43
61 60
67 61
63 62
65 63
65 64
52 53
73 66
69 67
67 68
72 69
66 52
25 24
28 25
25 26
28 27
21 20
25 21
21 22
21 23
45 46
45 47
45 44
49 45
34 28
28 29
43 40
40 41
14 1
1 0
4 3
1 2
4 5
14 4
8 7
4 6
8 9
14 8
52 51
63 49
40 39
66 65
37 38
74 73
73 72
72 71
69 70
58 59
61 58
10 11
14 10
10 13
10 12
14 15
18 14
14 17
14 16
18 19
21 18
32 31
28 30
40 37
37 36
34 35
40 34
32 33
58 55
40 32
58 57
49 50
