50
74
74
56 68
43 5
60 9
62 24
64 54
53 26
68 60
24 57
26 56
27 71
20 16
22 41
23 19
46 33
47 53
44 30
45 20
42 2
29 0
41 29
0 44
3 10
2 6
5 62
7 46
6 17
9 39
39 45
38 11
71 7
70 36
59 47
11 43
10 15
13 27
12 31
15 59
48 64
17 50
16 22
19 38
54 3
31 42
30 48
51 23
36 12
35 70
33 35
57 13
50 51
55 56
55 54
40 42
45 48
45 43
61 60
67 61
63 62
65 63
65 64
52 53
73 66
69 67
67 68
72 69
66 52
25 24
28 25
25 26
28 27
21 20
25 21
21 22
21 23
45 46
45 47
45 44
49 45
34 28
28 29
43 40
40 41
14 1
1 0
4 3
1 2
4 5
14 4
8 7
4 6
8 9
14 8
52 51
63 49
40 39
66 65
37 38
74 73
73 72
72 71
69 70
58 59
61 58
10 11
14 10
10 13
10 12
14 15
18 14
14 17
14 16
18 19
21 18
32 31
28 30
40 37
37 36
34 35
40 34
32 33
58 55
40 32
58 57
49 50
