50
99
0
71 3
70 5
68 7
60 9
54 11
56 14
59 15
57 16
64 19
51 21
53 22
62 24
50 26
46 28
45 30
44 32
47 34
48 36
43 38
42 40
41 42
35 44
39 46
36 49
38 50
33 53
31 54
29 56
30 59
27 60
24 62
26 64
20 66
23 68
22 70
17 72
19 75
15 76
16 79
7 81
9 82
3 85
6 87
5 88
12 91
11 94
13 95
10 96
2 98
0 99
0 1
1 2
2 3
2 4
4 5
4 6
6 7
6 8
8 9
8 10
10 11
10 12
12 13
13 14
13 15
12 16
1 17
17 18
18 19
18 20
20 21
20 22
17 23
23 24
23 25
25 26
25 27
27 28
27 29
29 30
29 31
31 32
31 33
33 34
33 35
35 36
35 37
37 38
37 39
39 40
39 41
41 42
41 43
43 44
43 45
45 46
45 47
47 48
48 49
48 50
47 51
51 52
52 53
52 54
51 55
55 56
55 57
57 58
58 59
58 60
57 61
61 62
61 63
63 64
63 65
65 66
65 67
67 68
67 69
69 70
69 71
71 72
71 73
73 74
74 75
74 76
73 77
77 78
78 79
78 80
80 81
80 82
77 83
83 84
84 85
84 86
86 87
86 88
83 89
89 90
90 91
90 92
92 93
93 94
93 95
92 96
89 97
97 98
97 99
