50
74
74
56 56
43 43
60 60
62 62
64 64
53 53
68 68
24 24
26 26
27 27
20 20
22 22
23 23
46 46
47 47
44 44
45 45
42 42
29 29
41 41
0 0
3 3
2 2
5 5
7 7
6 6
9 9
39 39
38 38
71 71
70 70
59 59
11 11
10 10
13 13
12 12
15 15
48 48
17 17
16 16
19 19
54 54
31 31
30 30
51 51
36 36
35 35
33 33
57 57
50 50
55 56
55 54
40 42
45 48
45 43
61 60
67 61
63 62
65 63
65 64
52 53
73 66
69 67
67 68
72 69
66 52
25 24
28 25
25 26
28 27
21 20
25 21
21 22
21 23
45 46
45 47
45 44
49 45
34 28
28 29
43 40
40 41
14 1
1 0
4 3
1 2
4 5
14 4
8 7
4 6
8 9
14 8
52 51
63 49
40 39
66 65
37 38
74 73
73 72
72 71
69 70
58 59
61 58
10 11
14 10
10 13
10 12
14 15
18 14
14 17
14 16
18 19
21 18
32 31
28 30
40 37
37 36
34 35
40 34
32 33
58 55
40 32
58 57
49 50
