473
686
0
634 4
633 5
602 10
576 12
574 13
605 8
609 21
607 23
603 24
610 25
611 26
624 28
608 30
590 32
588 33
597 37
595 34
594 39
596 40
606 41
510 57
504 49
512 61
377 62
508 65
372 66
506 68
370 69
509 72
395 75
374 77
383 79
308 81
306 82
353 85
337 87
335 88
351 89
363 92
361 93
505 94
381 99
355 101
399 103
398 102
371 106
364 107
396 95
397 110
385 111
516 113
391 114
517 116
401 117
402 119
343 126
341 127
350 129
349 131
347 132
378 133
358 135
299 146
296 147
292 140
295 149
298 151
297 152
294 153
293 157
249 156
250 160
281 165
271 166
273 167
279 172
259 174
257 175
277 176
278 180
275 181
274 182
276 183
270 184
252 190
244 193
233 196
197 199
199 200
228 202
226 203
229 209
212 210
211 212
210 214
209 215
207 216
196 218
194 219
220 220
215 221
232 223
200 225
181 227
179 229
177 231
171 234
170 236
168 237
166 242
164 243
163 246
155 247
153 248
165 249
152 253
150 254
145 258
117 259
115 264
112 265
114 266
69 268
67 269
108 275
107 276
106 277
105 279
103 280
101 282
56 283
55 285
16 289
63 291
14 292
62 293
60 294
147 300
139 301
133 303
132 304
130 305
146 313
143 314
144 317
141 318
138 319
121 321
119 322
129 324
127 326
111 329
109 330
94 338
38 343
36 344
17 346
3 347
2 349
48 350
49 351
30 353
28 354
50 355
93 362
90 365
83 367
43 368
45 370
44 371
89 376
86 378
84 379
79 332
52 388
20 389
19 391
51 384
1 393
0 395
53 397
13 398
85 399
81 402
6 403
4 405
78 408
23 409
21 410
77 418
8 419
73 420
7 415
76 423
72 424
75 426
59 428
57 429
70 431
41 434
27 436
26 438
24 439
39 440
54 441
82 442
92 443
87 444
35 446
33 448
10 449
9 451
80 452
91 457
88 458
32 459
66 454
64 462
46 463
11 464
74 465
137 251
136 467
142 468
126 471
99 473
98 475
97 477
95 478
124 480
122 481
160 483
161 487
158 488
156 490
140 492
135 493
149 494
239 495
225 497
216 499
213 500
248 505
223 506
242 507
235 508
241 511
240 512
217 515
206 517
204 518
238 520
237 521
280 524
272 525
247 527
245 528
305 529
359 530
375 531
357 533
324 539
319 541
315 542
325 546
322 549
320 552
317 553
318 554
321 555
323 556
287 558
285 560
282 561
267 564
265 565
334 566
344 535
346 568
382 570
515 572
503 574
360 576
354 577
507 578
514 584
291 587
290 588
289 590
264 592
262 593
400 594
393 596
314 598
312 599
386 579
388 604
387 605
392 606
365 611
366 613
367 614
338 618
332 621
331 619
311 624
309 625
327 627
326 626
330 631
256 636
253 637
255 638
202 641
191 644
189 647
183 648
188 652
187 654
186 655
176 658
173 659
172 661
174 662
185 663
193 664
222 665
260 666
329 670
302 671
303 672
300 675
284 676
283 629
511 680
389 681
390 682
513 683
614 686
612 687
587 689
585 690
619 692
616 695
581 702
488 704
486 705
520 707
490 708
523 712
519 713
521 710
582 718
579 719
524 720
502 723
493 725
491 726
497 728
496 731
495 732
405 734
403 735
500 736
522 739
482 741
469 751
480 755
455 756
478 757
474 758
479 759
477 760
431 763
430 765
452 767
466 768
439 769
471 770
437 771
459 773
436 775
434 776
461 779
420 778
421 782
419 777
476 788
462 789
433 792
432 791
458 796
456 797
465 798
468 799
416 803
428 805
424 807
422 808
450 820
449 821
445 822
411 823
447 827
440 828
441 824
444 830
429 832
408 834
407 836
406 835
446 838
443 839
427 841
425 842
448 844
410 845
415 848
414 849
412 850
418 851
453 852
485 854
483 855
498 856
593 859
592 861
584 863
577 865
573 869
571 870
570 874
567 876
565 877
558 881
525 882
556 883
527 884
568 885
564 889
563 891
562 892
559 893
561 894
555 897
553 898
552 900
550 905
543 906
549 911
544 912
547 918
537 919
538 920
545 921
536 923
534 924
530 926
528 927
540 928
546 929
533 931
531 932
541 933
626 934
635 936
622 938
620 939
632 940
600 942
598 943
627 944
629 945
0 1
1 3
3 4
3 5
1 7
7 8
8 9
9 10
9 11
11 12
11 13
8 21
8 23
8 24
8 25
8 26
26 28
8 30
8 31
31 32
31 33
8 34
34 37
34 39
34 40
7 41
1 42
42 44
44 46
46 47
47 48
48 49
49 57
49 61
49 62
49 65
49 66
49 67
67 68
67 69
49 72
49 73
73 74
74 75
74 77
74 78
78 79
78 80
80 81
80 82
73 85
73 86
86 87
86 88
73 89
49 91
91 92
91 93
49 94
49 95
95 98
98 99
99 101
98 102
102 103
95 106
95 107
95 109
109 110
109 111
49 112
112 113
112 114
49 115
115 116
115 117
117 119
49 120
120 121
121 122
122 124
124 125
125 126
125 127
124 128
128 129
128 131
128 132
122 133
122 135
135 137
137 139
139 140
140 146
140 147
140 149
140 151
140 152
140 153
140 154
154 156
156 157
156 160
154 164
164 165
164 166
154 167
154 172
154 173
173 174
173 175
154 176
154 180
154 181
154 182
154 183
154 184
154 185
185 187
187 188
188 189
189 190
189 193
189 195
195 196
195 197
197 198
198 199
198 200
197 202
197 203
189 205
205 206
206 208
208 209
208 210
206 212
206 213
213 214
213 215
206 216
205 217
217 218
217 219
189 220
189 221
188 222
222 223
222 224
224 225
224 226
226 227
226 228
228 229
228 230
230 231
230 232
232 234
232 236
232 237
232 238
238 239
239 242
239 243
239 244
244 246
244 247
244 248
239 249
238 250
250 251
251 252
252 253
252 254
251 256
256 257
257 258
257 259
256 260
260 261
261 264
261 265
261 266
261 267
267 268
267 269
260 271
271 272
272 275
272 276
272 277
272 279
272 280
271 281
281 282
281 283
283 285
260 286
286 289
286 290
290 291
290 292
286 293
286 294
251 297
297 298
298 299
299 300
299 301
298 303
298 304
297 305
251 313
251 314
251 317
251 318
251 319
251 320
320 321
320 322
251 323
323 324
323 326
323 327
327 329
327 330
327 331
331 332
332 335
335 338
338 341
341 342
342 343
342 344
341 345
345 346
345 347
347 349
338 350
335 351
335 352
352 353
352 354
335 355
332 361
361 362
361 364
364 365
364 367
364 368
361 370
361 371
332 376
332 378
332 379
332 384
384 388
384 389
389 391
384 393
393 395
384 397
384 398
332 399
332 400
400 401
401 402
401 403
403 405
400 407
407 408
407 409
400 410
332 412
412 415
415 416
416 418
416 419
416 420
412 423
412 424
412 426
412 427
427 428
427 429
412 431
412 432
432 434
432 435
435 436
435 438
435 439
432 440
332 441
332 442
332 443
332 444
332 445
445 446
445 448
445 449
449 451
332 452
332 453
453 454
454 455
455 456
456 457
456 458
455 459
453 462
453 463
332 464
331 465
251 467
251 468
468 470
470 471
470 472
472 473
472 474
474 475
474 477
474 478
251 479
479 480
479 481
250 483
250 486
486 487
486 488
250 489
489 490
489 491
491 492
491 493
250 494
187 495
185 496
496 497
496 498
498 499
498 500
185 501
501 502
502 503
503 504
504 505
504 506
503 507
502 508
501 511
501 512
512 514
514 515
514 516
516 517
516 518
501 520
501 521
154 522
522 524
522 525
522 526
526 527
526 528
139 529
137 530
137 531
122 532
532 533
532 534
534 535
535 536
536 537
537 538
538 539
538 540
540 541
540 542
537 546
537 549
537 551
551 552
551 553
537 554
537 555
537 556
537 557
557 558
557 560
557 561
561 563
563 564
563 565
536 566
534 568
121 569
569 570
569 572
569 574
569 575
575 576
575 577
120 578
49 579
579 582
582 583
583 584
583 585
585 587
585 588
585 589
589 590
589 591
591 592
591 593
582 594
579 595
595 596
595 597
597 598
597 599
579 604
579 605
579 606
579 608
608 609
609 611
611 613
609 614
609 615
615 616
616 617
617 618
617 619
619 621
619 623
623 624
623 625
616 626
626 627
615 629
629 630
630 631
630 632
632 633
633 634
634 635
635 636
635 637
634 638
633 639
639 640
640 641
640 642
642 643
643 644
643 645
645 646
646 647
646 648
645 652
645 654
645 655
645 656
656 658
656 659
659 661
656 662
645 663
642 664
639 665
632 666
629 668
668 670
668 671
668 672
629 674
674 675
674 676
608 680
608 681
608 682
579 683
48 685
685 686
685 687
48 688
688 689
688 690
47 691
691 692
691 693
693 694
694 695
694 696
696 700
700 702
700 703
703 704
703 705
700 706
706 707
706 708
696 709
709 710
710 712
710 713
709 717
717 718
717 719
709 720
709 721
721 722
722 723
722 724
724 725
724 726
721 727
727 728
727 731
727 732
727 733
733 734
733 735
696 736
696 737
737 738
738 739
738 740
740 741
740 742
742 743
743 745
745 746
746 748
748 750
750 751
750 754
754 755
754 756
750 757
750 758
748 759
748 760
746 762
762 763
763 765
762 766
766 767
766 768
746 769
746 770
745 771
743 773
743 774
774 775
774 776
743 777
777 778
778 779
778 782
742 784
784 786
786 787
787 788
787 789
786 790
790 791
791 792
790 795
795 796
795 797
790 798
784 799
784 800
800 801
801 802
802 803
802 804
804 805
804 806
806 807
806 808
801 820
801 821
801 822
801 823
801 824
824 827
824 828
824 830
801 831
831 832
831 833
833 834
833 835
835 836
801 838
801 839
801 840
840 841
840 842
801 844
801 845
801 846
846 848
846 849
846 850
801 851
800 852
737 854
737 855
696 856
693 857
857 859
857 861
857 863
857 864
864 865
864 867
867 868
868 869
868 870
867 871
871 874
871 875
875 876
875 877
871 878
878 880
880 881
880 882
878 883
878 884
871 885
864 886
886 887
887 889
887 891
887 892
887 893
886 894
857 895
895 896
896 897
896 898
895 899
899 900
899 901
901 902
902 904
904 905
904 906
902 910
910 911
910 912
902 917
917 918
917 919
902 920
902 921
902 922
922 923
922 924
902 925
925 926
925 927
902 928
902 929
902 930
930 931
930 932
901 933
46 934
44 936
44 937
937 938
937 939
44 940
42 941
941 942
941 943
42 944
1 945
