473
636
636
344 241
0 16
346 324
347 622
341 449
343 561
349 194
595 490
606 17
619 296
298 132
299 322
296 233
297 235
294 574
295 515
292 524
293 164
290 33
291 347
590 306
593 10
592 350
199 597
594 292
597 351
596 197
194 66
197 183
196 317
191 168
193 600
270 124
271 0
272 155
273 420
274 229
275 289
276 98
277 314
278 275
279 428
524 545
525 2
527 502
520 99
521 43
522 543
523 290
528 503
449 447
448 401
443 283
441 97
440 298
447 500
446 559
445 141
444 497
108 448
109 436
598 41
103 305
101 610
106 469
107 70
105 461
39 72
38 232
33 533
32 334
30 607
36 571
35 279
439 284
436 79
437 419
434 259
432 38
433 245
430 174
431 57
338 491
335 371
334 308
337 564
331 193
330 527
332 114
6 359
99 327
98 274
91 366
90 213
93 56
92 565
95 240
94 4
97 44
559 635
558 137
555 486
556 626
550 119
553 303
552 374
238 149
239 75
235 437
237 270
232 450
233 360
1 139
146 425
147 405
144 541
145 315
142 271
143 145
140 627
141 602
612 372
610 587
611 46
616 191
614 177
149 594
622 67
133 482
132 318
130 63
137 466
136 166
135 88
495 142
139 78
138 633
490 534
491 498
493 84
24 135
26 107
27 378
20 136
21 634
23 514
28 402
407 260
406 392
405 1
403 459
402 45
401 300
400 444
629 558
408 7
378 109
371 465
370 257
372 480
375 585
374 200
377 411
393 140
392 381
88 375
89 85
397 495
396 430
395 485
82 189
83 337
80 204
81 603
86 323
87 223
84 509
85 584
7 27
607 523
587 312
584 130
585 528
582 299
581 415
588 250
245 309
244 504
247 540
241 536
240 64
242 416
249 496
248 609
519 252
511 69
510 471
513 418
512 54
515 311
514 90
517 355
516 206
458 81
459 3
620 150
627 553
626 86
624 92
450 479
452 445
453 238
455 488
456 406
179 103
177 30
176 62
174 95
173 295
172 326
171 512
170 508
253 552
183 398
181 422
186 87
187 455
185 579
188 222
189 160
11 612
10 13
13 550
14 319
17 433
16 338
19 55
322 620
323 414
320 285
321 389
326 211
327 272
324 458
325 247
329 343
200 330
202 59
204 510
207 590
206 385
209 73
77 453
76 353
75 358
74 176
73 282
72 443
70 446
79 563
78 462
2 412
543 253
540 207
541 474
546 209
547 399
544 161
545 52
8 519
549 592
121 393
122 357
124 39
126 196
127 595
129 122
414 187
415 383
416 513
410 138
411 370
412 170
498 265
418 49
419 91
319 521
318 424
312 11
311 89
317 165
315 163
314 556
496 520
497 185
3 32
366 391
367 14
364 434
365 364
363 35
360 19
361 106
381 202
382 570
383 8
385 493
386 537
387 115
388 476
389 9
579 367
573 186
571 516
570 538
577 407
576 616
574 562
60 179
62 544
259 146
64 321
66 477
67 111
252 297
69 121
250 216
256 427
257 507
255 429
602 611
508 152
509 331
506 239
507 50
504 171
505 329
502 143
503 188
500 217
632 341
633 77
469 576
468 354
465 287
466 483
461 629
462 281
168 105
164 228
165 244
166 387
160 608
161 242
163 439
9 346
357 478
355 525
354 267
353 452
351 365
350 388
359 582
358 112
216 255
217 117
215 133
212 93
213 256
210 382
211 456
289 20
4 581
281 396
280 156
283 344
282 546
285 614
284 431
287 577
262 294
260 530
267 199
265 262
264 555
59 273
55 53
54 408
57 395
56 441
51 36
50 28
53 249
52 276
537 567
536 153
63 468
533 264
531 220
530 506
538 386
115 83
114 26
117 210
111 94
112 325
119 332
429 349
428 302
534 6
421 291
420 280
422 605
425 596
424 363
427 432
308 547
309 21
300 505
302 410
303 522
305 440
306 619
568 51
561 573
562 215
563 400
564 361
565 531
567 23
229 212
228 390
226 293
225 158
223 397
222 588
220 377
391 606
390 237
605 421
150 60
153 624
152 549
155 403
600 598
603 173
156 126
158 127
609 278
608 277
634 48
399 511
635 568
398 593
48 76
49 172
46 248
44 101
45 147
43 129
41 632
488 144
486 226
485 74
483 24
482 335
480 517
471 108
476 225
477 82
474 181
478 320
479 80
345 344
1 0
345 346
348 347
365 340
342 341
368 342
342 343
379 348
348 349
605 595
605 606
595 594
618 619
292 298
292 299
292 296
292 297
292 294
292 295
304 292
292 293
288 290
288 291
617 591
589 590
591 593
591 592
198 199
227 198
595 597
595 596
219 195
195 194
198 197
195 196
190 191
192 190
192 193
203 192
269 270
269 271
269 272
269 273
269 274
269 275
269 276
269 277
269 278
269 279
518 524
526 525
557 526
526 527
518 520
518 521
518 522
518 523
623 599
529 528
542 529
442 449
442 448
442 443
475 442
442 441
441 440
442 447
442 446
442 445
442 444
104 108
110 109
116 102
104 103
125 100
102 101
104 106
104 107
116 104
104 105
40 39
37 38
34 33
31 32
79 31
29 30
71 37
37 36
34 35
79 34
472 438
438 439
435 436
438 437
435 434
472 435
463 432
432 433
431 430
451 431
340 339
339 338
336 335
333 334
336 337
369 336
339 331
328 330
344 333
331 332
356 345
5 6
100 99
96 98
79 91
79 90
79 93
79 92
96 95
79 94
96 97
100 96
560 559
557 558
554 555
591 554
569 557
557 556
554 551
548 550
554 553
551 552
236 238
236 239
243 234
236 235
269 236
236 237
243 230
243 231
231 232
234 233
51 1
613 614
137 146
137 147
137 144
137 145
137 142
137 143
137 140
137 141
613 612
618 613
605 610
605 611
615 616
618 617
157 148
148 149
631 623
621 622
134 133
131 132
137 131
131 130
159 137
137 136
134 135
148 134
501 494
494 495
137 139
137 138
489 490
492 491
501 492
492 493
25 24
71 25
25 26
25 27
51 20
22 21
31 22
22 23
29 28
47 29
406 407
409 406
404 405
494 404
404 403
401 402
504 401
401 400
630 629
442 409
409 408
631 628
380 379
379 378
369 371
369 370
504 373
373 372
376 375
373 374
376 377
504 376
625 618
386 393
386 392
79 88
79 89
396 397
504 396
394 395
504 394
79 82
79 83
79 80
79 81
79 86
79 87
79 84
79 85
42 7
605 601
605 607
613 586
586 587
583 584
586 585
580 582
591 583
615 580
580 581
589 588
604 589
246 245
243 244
246 247
269 246
236 241
236 240
251 243
236 242
617 615
269 249
249 248
518 519
580 518
504 511
504 510
504 513
504 512
504 515
504 514
504 517
504 516
457 458
460 459
628 621
621 620
628 627
625 626
630 625
623 624
442 450
467 451
451 452
454 453
475 454
454 455
457 456
464 457
180 179
180 178
178 177
175 176
184 175
175 174
175 173
173 172
169 171
169 170
254 253
201 182
184 183
182 180
182 181
184 186
184 187
190 184
184 185
184 188
184 189
12 11
79 10
12 13
79 12
61 15
15 14
18 17
15 16
20 19
71 18
61 62
316 322
316 323
316 320
316 321
340 326
326 327
316 324
316 325
365 328
328 329
231 201
201 200
221 203
203 202
218 205
205 204
208 207
205 206
208 209
230 208
71 77
71 76
71 75
71 74
71 73
71 72
79 71
71 70
110 79
79 78
3 2
548 542
542 543
539 540
542 541
542 546
542 547
542 544
542 545
7 8
551 548
548 549
113 68
599 598
137 120
120 121
123 122
137 123
123 124
137 125
125 126
128 127
137 128
128 129
413 414
413 415
417 416
442 417
411 410
442 411
413 412
442 413
499 498
417 418
420 419
518 499
316 319
316 318
352 313
313 312
310 311
331 310
316 317
333 316
316 315
313 314
494 496
494 497
18 3
380 368
504 369
365 366
365 367
362 364
504 365
504 362
362 363
358 360
362 361
504 380
380 381
380 382
384 383
394 384
386 385
504 386
386 387
386 388
386 389
623 605
580 579
591 578
605 604
572 573
583 572
572 571
569 570
578 577
575 576
601 575
575 574
61 60
118 61
269 258
258 259
65 64
79 65
65 66
68 67
251 252
68 69
249 250
258 251
254 256
258 257
268 254
254 255
604 603
601 602
504 508
504 509
504 506
504 507
613 504
504 505
501 502
504 503
499 500
518 501
631 630
636 631
631 632
631 633
470 469
467 468
464 465
475 464
475 467
467 466
460 461
472 460
464 463
463 462
169 168
178 169
162 164
162 165
162 166
169 167
159 160
159 161
167 162
162 163
599 600
10 9
356 357
380 356
356 355
352 354
352 353
504 352
352 351
348 350
358 359
380 358
214 216
218 217
224 214
214 215
208 212
214 213
208 210
208 211
236 218
243 219
288 289
368 288
5 4
269 281
269 280
301 283
316 282
286 285
283 284
286 287
316 286
288 263
263 262
268 261
261 260
266 267
282 266
266 265
263 264
292 269
328 268
58 59
71 58
56 55
79 54
58 57
102 56
79 51
51 50
51 53
51 52
535 537
535 536
542 535
61 63
532 533
542 532
532 531
529 530
542 539
539 538
113 115
113 114
118 117
159 116
110 111
128 110
118 113
113 112
120 119
137 118
426 429
426 428
535 534
420 421
460 420
426 423
423 422
426 425
423 424
426 427
442 426
307 308
310 309
301 300
328 301
301 302
301 303
358 304
304 305
307 306
384 307
569 568
583 569
578 560
560 561
560 562
560 563
560 564
566 565
569 566
566 567
230 229
227 228
234 227
227 226
224 225
269 224
224 223
221 222
261 221
219 220
386 391
386 390
157 151
151 150
154 153
151 152
154 155
162 154
159 157
157 156
167 159
157 158
605 609
605 608
631 634
396 399
631 635
396 398
47 48
47 49
42 46
79 47
42 44
42 45
79 42
42 43
54 40
40 41
47 5
518 489
487 488
499 487
487 486
484 485
499 484
484 483
481 482
489 481
475 480
473 472
475 473
473 470
470 471
475 476
475 477
475 474
481 475
475 478
475 479
