473
685
0
626 4
629 5
624 7
602 12
576 14
574 15
588 21
590 22
603 23
594 27
597 28
595 24
596 30
605 9
609 34
607 35
608 37
611 38
610 39
606 40
633 43
634 44
627 46
598 49
600 50
622 54
620 55
635 56
632 58
616 63
582 66
579 67
491 73
493 74
502 75
496 78
405 81
403 82
497 83
495 84
523 87
521 86
519 90
524 91
485 95
483 96
522 97
500 99
498 101
486 105
488 106
581 107
479 116
477 117
474 118
466 122
468 123
469 127
430 131
431 130
452 133
437 136
471 137
439 138
461 141
419 143
420 142
421 146
459 147
434 149
436 150
462 153
476 154
408 161
407 163
406 162
443 166
446 170
427 172
449 171
445 176
411 177
410 179
418 182
448 183
450 185
444 187
429 193
425 194
422 196
424 197
428 198
440 200
416 202
447 203
441 186
414 206
415 208
412 209
432 157
433 211
465 212
456 214
458 215
478 216
453 219
455 220
480 221
482 222
490 109
520 224
592 228
593 229
562 233
561 234
563 236
564 238
559 239
577 241
553 245
555 246
552 248
541 250
537 257
547 258
536 260
534 261
538 264
540 265
546 266
545 269
533 271
531 272
528 274
530 275
549 278
544 279
550 280
543 281
573 284
571 285
567 287
568 290
570 292
527 294
556 296
525 297
558 299
565 300
584 301
619 302
585 305
587 306
612 309
614 310
385 313
397 314
387 321
389 324
511 326
390 327
327 336
326 335
338 339
332 341
331 340
311 345
309 346
330 349
300 351
260 355
222 357
202 359
193 361
191 363
176 368
172 371
173 370
174 373
188 375
183 377
189 378
185 380
186 381
187 382
255 384
253 386
256 387
284 388
283 333
303 390
302 391
329 392
367 393
365 394
366 396
386 311
400 400
290 404
291 405
289 407
262 409
264 410
514 411
388 412
391 414
372 421
353 426
335 428
337 429
383 432
308 434
306 435
374 436
351 437
370 438
377 440
508 441
395 446
396 445
509 448
363 450
364 452
361 453
516 456
510 457
504 416
512 460
506 461
505 462
402 465
401 464
517 467
393 471
314 473
312 474
371 476
513 477
392 478
354 481
515 482
503 484
382 486
343 489
341 490
507 492
350 497
349 499
347 500
378 501
381 503
399 507
398 506
355 509
357 511
346 513
344 514
334 517
322 522
325 523
265 528
267 529
282 526
287 532
285 533
321 534
324 537
315 539
319 540
320 543
317 544
323 545
318 546
358 547
359 551
375 552
305 554
297 556
292 555
298 562
293 563
295 566
294 567
296 568
299 570
275 572
280 579
360 581
272 580
247 584
245 585
277 586
273 588
279 589
276 592
250 595
249 594
248 599
237 602
240 603
204 607
206 608
217 609
238 612
223 615
242 616
235 617
241 618
225 620
215 622
216 624
213 625
278 628
270 629
274 631
271 633
281 634
257 637
259 638
239 640
252 642
232 645
200 646
244 648
220 650
233 653
228 655
226 657
197 659
199 660
211 662
210 665
209 666
207 668
229 670
212 672
194 675
196 676
181 678
179 680
177 682
171 684
170 686
168 688
153 692
155 694
163 695
164 698
166 699
165 700
160 702
55 709
56 708
101 711
108 715
107 716
103 718
105 719
106 720
114 724
67 726
69 727
112 728
115 729
62 731
63 734
16 736
14 737
60 738
146 741
161 743
158 744
138 746
132 752
156 753
135 755
140 756
130 758
133 760
147 762
139 763
122 765
124 766
119 770
121 771
117 773
145 774
141 777
126 780
97 783
98 785
95 786
99 787
149 789
142 788
137 739
143 795
150 798
152 799
144 800
136 802
129 804
127 806
109 808
111 810
91 813
88 814
23 821
78 822
21 824
81 825
82 826
86 829
64 832
46 834
32 836
66 835
89 838
87 841
94 844
48 846
38 849
36 850
17 852
3 853
2 855
28 859
30 860
4 862
6 863
49 864
84 867
80 869
85 871
13 872
92 874
93 876
44 879
45 881
73 886
8 887
77 888
7 882
27 895
26 897
24 898
70 899
11 903
75 904
59 906
57 907
74 908
76 909
72 910
83 912
90 914
43 915
79 811
33 920
9 923
10 922
35 925
54 926
39 929
41 930
52 932
51 931
53 937
19 939
20 938
50 942
1 943
0 945
0 1
1 3
3 4
3 5
1 7
1 8
8 9
9 11
11 12
11 13
13 14
13 15
9 19
19 20
20 21
20 22
19 23
9 24
24 27
24 28
24 30
9 34
9 35
9 37
9 38
9 39
8 40
1 42
42 43
42 44
1 45
45 46
45 48
48 49
48 50
45 51
51 53
53 54
53 55
51 56
51 58
51 59
59 60
60 61
61 62
62 63
62 64
64 66
64 67
64 68
68 70
70 71
71 72
72 73
72 74
71 75
70 76
76 78
76 80
80 81
80 82
76 83
76 84
68 86
86 87
86 90
68 91
68 92
92 93
93 95
93 96
93 97
92 99
92 101
92 102
102 104
104 105
104 106
102 107
102 108
108 109
109 110
110 111
111 115
115 116
115 117
111 118
111 119
119 122
119 123
119 124
124 127
124 128
128 129
129 130
130 131
129 133
128 136
128 137
128 138
124 139
139 141
139 142
142 143
142 146
139 147
124 148
148 149
148 150
119 151
151 152
152 153
152 154
151 155
155 157
157 159
159 160
160 161
160 162
162 163
159 165
165 166
165 170
165 171
171 172
165 176
165 177
177 179
165 182
165 183
165 185
165 186
186 187
186 190
190 192
192 193
192 194
190 196
190 197
190 198
186 200
186 202
186 203
165 205
205 206
205 208
205 209
157 211
155 212
155 213
213 214
213 215
111 216
111 217
217 218
218 219
218 220
217 221
110 222
108 224
61 225
225 228
225 229
225 230
230 231
231 232
232 233
232 234
231 236
231 238
231 239
230 240
240 241
240 242
242 243
243 245
243 246
243 247
247 248
247 249
249 250
249 251
251 252
252 256
256 257
256 258
252 259
259 260
259 261
252 263
263 264
263 265
252 266
252 268
268 269
268 270
270 271
270 272
252 273
273 274
273 275
252 276
276 277
277 278
277 279
276 280
251 281
242 282
282 283
283 284
283 285
282 286
286 287
286 289
289 290
289 291
291 292
291 293
293 294
293 296
293 297
297 299
286 300
225 301
60 302
59 303
303 304
304 305
304 306
303 307
307 309
307 310
307 311
311 312
312 313
312 314
311 321
311 322
322 324
322 326
322 327
322 328
328 330
330 333
333 334
334 335
335 336
334 338
338 339
338 340
340 341
340 344
344 345
344 346
333 349
333 351
333 352
352 353
353 354
354 355
354 356
356 357
356 358
358 359
358 360
360 361
360 362
362 363
362 364
364 367
367 368
367 370
370 371
367 373
364 375
364 376
376 377
376 378
364 380
364 381
364 382
353 383
383 384
383 385
385 386
385 387
352 388
330 390
330 391
330 392
328 393
328 394
394 396
311 399
399 400
399 401
401 402
402 404
402 405
402 406
406 407
406 408
408 409
408 410
401 411
311 412
311 414
311 415
415 416
416 421
416 422
422 426
422 427
427 428
427 429
422 430
430 431
431 432
431 433
433 434
433 435
430 436
422 437
422 438
416 440
416 441
416 445
445 446
416 448
416 449
449 450
449 452
449 453
416 456
416 457
416 460
416 461
416 462
415 463
463 464
464 465
463 467
311 469
469 470
470 471
470 473
470 474
469 475
475 476
475 477
311 478
311 479
479 481
479 482
479 484
479 486
479 488
488 489
488 490
479 491
491 492
491 493
493 495
495 496
496 497
496 499
496 500
495 501
493 503
503 505
505 506
506 507
505 509
493 510
510 511
510 512
512 513
512 514
514 516
516 517
516 518
518 522
518 523
518 525
525 526
526 527
527 528
527 529
525 532
525 533
518 534
518 537
518 538
538 539
538 540
518 542
542 543
542 544
518 545
518 546
493 547
547 550
550 551
550 552
547 553
553 554
553 555
555 556
555 562
555 563
555 566
555 567
555 568
555 570
555 571
571 572
571 577
577 579
577 580
580 581
577 583
583 584
583 585
571 586
571 588
571 589
571 592
571 594
594 595
571 597
597 599
597 600
600 602
600 603
603 605
605 606
606 607
606 608
605 609
600 611
611 612
611 613
613 614
614 615
614 616
613 617
600 618
597 619
619 620
619 622
619 623
623 624
623 625
571 628
571 629
571 631
571 632
632 633
632 634
571 635
635 637
635 638
635 639
639 640
639 641
641 642
641 643
643 644
644 645
644 646
643 648
643 650
643 652
652 653
652 654
654 655
654 657
654 658
658 659
658 660
643 661
661 662
661 664
664 665
664 666
661 668
661 669
669 670
669 671
671 672
671 674
674 675
674 676
671 677
677 678
677 679
679 680
679 681
681 682
681 683
683 684
683 686
683 688
683 689
689 690
690 691
691 692
691 694
691 695
690 698
690 699
690 700
689 701
701 702
701 703
703 704
704 706
706 707
707 708
708 709
707 711
706 712
712 715
712 716
712 718
712 719
712 720
704 721
721 722
722 724
722 725
725 726
725 727
722 728
721 729
704 730
730 731
730 734
730 735
735 736
735 737
730 738
703 739
739 740
740 741
740 742
742 743
742 744
739 746
739 749
749 750
750 752
750 753
750 754
754 755
754 756
749 758
749 759
759 760
759 761
761 762
761 763
739 764
764 765
764 766
739 769
769 770
769 771
739 772
772 773
772 774
739 777
739 779
779 780
779 781
781 782
782 783
782 785
782 786
781 787
739 788
788 789
739 795
739 796
796 797
797 798
797 799
796 800
739 802
739 803
803 804
803 806
803 807
807 808
807 810
807 811
811 812
812 813
812 814
811 819
819 820
820 821
820 822
819 824
819 825
811 826
811 829
811 831
831 832
831 834
831 835
835 836
811 838
811 841
811 842
842 844
844 846
842 847
847 848
848 849
848 850
847 851
851 852
851 853
853 855
842 858
858 859
858 860
842 861
861 862
861 863
842 864
811 867
811 868
868 869
868 871
868 872
811 874
811 875
875 876
875 877
877 879
877 881
877 882
882 884
884 886
884 887
884 888
882 890
890 893
893 894
894 895
894 897
894 898
893 899
890 902
902 903
902 904
890 905
905 906
905 907
890 908
890 909
890 910
877 911
911 912
911 914
911 915
811 919
919 920
919 922
922 923
919 925
811 926
926 928
928 929
928 930
811 931
931 932
931 937
931 938
938 939
931 942
931 943
943 945
