489
977
0
37 59
33 60
30 61
38 62
39 63
28 64
35 66
34 67
27 69
16 71
14 72
32 75
23 76
25 77
31 78
36 79
19 81
17 82
50 85
43 87
42 88
13 90
2 92
0 93
5 96
3 97
11 99
45 101
6 102
53 109
10 111
8 112
44 113
41 114
47 116
46 119
22 121
20 122
40 123
52 125
49 126
48 127
51 128
73 130
72 132
71 133
97 134
99 135
100 137
87 139
59 142
57 144
56 146
55 148
54 149
58 150
83 156
82 159
80 162
77 163
61 165
60 166
81 168
74 169
79 170
76 171
78 172
110 173
109 175
107 176
122 177
111 178
141 184
127 186
120 187
132 191
114 193
112 194
113 195
131 196
142 198
134 199
129 203
128 204
119 209
115 210
104 212
103 213
118 214
117 215
96 222
92 223
89 224
94 225
69 228
64 230
62 231
67 233
65 234
93 236
91 237
95 238
130 241
108 242
105 244
102 246
86 248
84 249
170 251
155 254
153 256
125 258
123 259
154 260
164 261
183 264
181 265
161 271
163 272
169 273
166 276
151 280
150 281
148 282
144 284
143 285
167 286
168 287
157 289
147 293
140 294
145 295
138 296
190 297
160 299
158 300
201 306
197 307
200 309
199 314
192 315
178 316
195 318
180 319
193 320
198 323
185 324
196 325
194 326
137 329
135 330
174 332
176 334
175 336
172 337
216 340
214 344
205 345
213 347
211 348
207 349
215 351
203 354
204 355
202 356
219 358
217 359
224 361
223 362
221 364
220 365
274 374
270 375
272 377
271 378
251 383
246 384
250 385
249 386
248 387
268 388
242 392
238 393
241 394
240 395
228 396
278 400
263 403
259 404
261 405
288 406
332 414
306 415
304 416
301 417
277 419
258 421
256 422
303 423
305 424
275 425
226 427
209 431
210 432
208 433
189 435
187 436
300 437
283 443
282 444
299 445
311 447
292 449
286 452
284 453
287 454
330 462
327 463
329 465
298 466
297 467
317 469
316 471
308 472
280 473
296 475
294 476
328 477
321 480
319 481
291 483
237 486
234 487
255 490
236 494
235 497
232 498
233 499
252 500
231 502
229 503
254 504
369 506
341 507
322 508
324 510
371 516
367 518
357 520
355 521
351 523
350 524
370 526
368 527
344 529
343 532
342 534
339 536
340 538
318 539
337 540
338 542
335 543
358 547
354 549
352 550
265 556
245 558
243 559
266 560
267 561
264 562
326 563
334 565
314 567
309 568
364 570
348 572
349 574
347 575
384 580
382 582
383 583
360 584
377 587
375 588
381 589
573 592
394 593
572 595
385 596
362 597
345 598
575 602
574 604
571 605
396 609
389 610
390 611
387 612
392 615
380 617
378 618
374 620
372 621
603 623
601 624
552 627
457 631
444 638
442 639
435 641
440 645
439 646
436 647
434 648
443 649
441 650
437 651
438 652
451 656
433 658
432 660
430 661
426 663
425 665
424 666
415 668
410 670
408 672
409 674
407 675
513 679
506 680
512 681
503 683
490 685
488 687
475 689
460 691
454 693
453 694
627 696
544 698
531 700
530 701
564 705
566 707
563 708
519 714
525 718
522 719
521 720
520 721
523 722
524 724
518 725
526 726
527 727
565 728
585 729
629 734
628 735
609 740
589 741
591 743
556 745
554 746
586 747
599 750
611 753
580 755
578 756
613 757
588 758
614 759
548 763
547 764
577 766
594 771
568 773
529 775
528 776
569 777
538 778
592 779
509 786
502 789
501 790
507 791
561 792
559 796
562 797
534 799
532 800
560 802
510 804
463 805
479 807
477 808
499 809
485 815
483 816
456 819
455 820
402 823
403 824
401 825
498 827
496 828
514 829
473 841
448 844
447 845
445 847
417 849
406 851
404 852
471 853
469 854
474 856
470 857
468 858
472 859
429 861
427 862
491 865
459 866
487 867
493 868
423 871
400 873
399 874
397 875
543 882
542 883
517 884
540 885
515 886
541 887
467 889
466 892
464 893
450 895
421 897
419 900
418 901
420 904
413 905
411 906
634 908
616 910
551 913
549 914
536 918
537 919
495 921
482 923
480 924
558 925
637 926
638 928
636 931
635 932
631 934
630 935
641 940
640 941
619 943
618 944
620 946
622 948
625 950
624 951
632 953
607 956
606 957
597 961
595 962
545 963
583 965
581 966
643 967
653 968
644 971
647 973
651 975
646 976
649 977
0 1
1 2
2 3
3 4
4 5
5 6
6 7
7 8
8 9
9 10
10 11
11 12
12 13
13 14
14 15
15 16
16 17
17 18
18 19
19 20
20 21
21 22
22 23
23 24
24 25
25 26
26 27
27 28
28 29
29 30
30 31
31 32
32 33
33 34
34 35
35 36
36 37
37 38
38 39
39 40
40 41
41 42
42 43
43 44
44 45
45 46
46 47
47 48
48 49
49 50
50 51
51 52
52 53
53 54
54 55
55 56
56 57
57 58
58 59
58 60
57 61
56 62
55 63
54 64
53 65
65 66
65 67
52 68
68 69
68 70
70 71
70 72
51 73
73 74
74 75
74 76
73 77
50 78
49 79
48 80
80 81
80 82
47 83
83 84
84 85
84 86
86 87
86 88
83 89
89 90
89 91
91 92
91 93
46 94
94 95
95 96
95 97
94 98
98 99
98 100
100 101
100 102
45 103
103 104
104 105
105 106
106 107
107 108
108 109
108 110
110 111
110 112
107 113
106 114
105 115
115 116
115 117
117 118
118 119
118 120
120 121
120 122
117 123
104 124
124 125
124 126
103 127
44 128
43 129
129 130
129 131
131 132
131 133
42 134
41 135
40 136
136 137
136 138
138 139
138 140
140 141
141 142
141 143
143 144
143 145
145 146
145 147
147 148
147 149
140 150
39 151
151 152
152 153
153 154
154 155
155 156
155 157
157 158
158 159
158 160
160 161
161 162
161 163
160 164
164 165
164 166
157 167
167 168
167 169
154 170
153 171
152 172
151 173
38 174
174 175
174 176
37 177
36 178
35 179
179 180
180 181
181 182
182 183
183 184
183 185
185 186
185 187
182 188
188 189
189 190
190 191
190 192
192 193
192 194
189 195
188 196
181 197
197 198
197 199
180 200
200 201
201 202
202 203
202 204
201 205
205 206
206 207
207 208
208 209
208 210
207 211
211 212
211 213
206 214
205 215
200 216
216 217
217 218
218 219
219 220
220 221
221 222
221 223
220 224
219 225
218 226
226 227
227 228
227 229
229 230
229 231
226 232
232 233
232 234
217 235
235 236
235 237
216 238
179 239
239 240
240 241
240 242
239 243
243 244
243 245
245 246
245 247
247 248
247 249
34 250
250 251
250 252
252 253
253 254
253 255
255 256
255 257
257 258
257 259
252 260
33 261
32 262
262 263
263 264
263 265
262 266
266 267
267 268
268 269
269 270
270 271
270 272
269 273
268 274
274 275
275 276
275 277
277 278
278 279
279 280
279 281
278 282
277 283
283 284
283 285
274 286
267 287
266 288
288 289
288 290
290 291
291 292
292 293
292 294
291 295
290 296
31 297
30 298
298 299
298 300
29 301
301 302
302 303
303 304
304 305
305 306
305 307
304 308
308 309
308 310
310 311
311 312
312 313
313 314
313 315
312 316
311 317
317 318
317 319
310 320
303 321
321 322
322 323
322 324
321 325
302 326
301 327
327 328
328 329
328 330
327 331
331 332
331 333
333 334
333 335
335 336
335 337
28 338
338 339
339 340
339 341
341 342
342 343
343 344
343 345
342 346
346 347
346 348
341 349
338 350
350 351
350 352
352 353
353 354
353 355
352 356
27 357
357 358
357 359
26 360
360 361
360 362
25 363
363 364
363 365
24 366
366 367
367 368
368 369
369 370
370 371
371 372
372 373
373 374
373 375
372 376
376 377
376 378
371 379
379 380
380 381
381 382
382 383
382 384
381 385
380 386
379 387
370 388
369 389
389 390
390 391
391 392
391 393
390 394
389 395
368 396
367 397
397 398
398 399
399 400
399 401
401 402
402 403
402 404
401 405
398 406
397 407
407 408
408 409
409 410
410 411
411 412
412 413
413 414
413 415
412 416
411 417
410 418
418 419
418 420
420 421
420 422
409 423
408 424
407 425
366 426
426 427
426 428
428 429
429 430
430 431
430 432
429 433
428 434
434 435
434 436
23 437
22 438
438 439
439 440
440 441
441 442
442 443
442 444
441 445
440 446
446 447
446 448
448 449
448 450
450 451
451 452
451 453
450 454
439 455
455 456
456 457
457 458
458 459
459 460
460 461
461 462
461 463
460 464
464 465
464 466
459 467
458 468
468 469
468 470
470 471
470 472
457 473
456 474
474 475
474 476
455 477
438 478
478 479
479 480
479 481
478 482
482 483
482 484
484 485
485 486
485 487
484 488
488 489
489 490
489 491
491 492
492 493
493 494
493 495
495 496
496 497
496 498
495 499
492 500
491 501
501 502
501 503
488 504
21 505
505 506
505 507
20 508
19 509
509 510
509 511
511 512
512 513
513 514
514 515
515 516
515 517
517 518
517 519
519 520
519 521
514 522
522 523
522 524
513 525
525 526
525 527
512 528
528 529
528 530
530 531
531 532
531 533
533 534
533 535
535 536
535 537
537 538
537 539
530 540
511 541
541 542
541 543
18 544
544 545
545 546
546 547
546 548
548 549
548 550
545 551
551 552
552 553
553 554
554 555
555 556
555 557
557 558
557 559
554 560
553 561
552 562
551 563
544 564
564 565
564 566
566 567
566 568
17 569
569 570
569 571
571 572
571 573
573 574
573 575
16 576
576 577
577 578
578 579
579 580
579 581
581 582
581 583
578 584
577 585
585 586
586 587
586 588
585 589
576 590
590 591
591 592
591 593
590 594
594 595
594 596
15 597
14 598
13 599
599 600
600 601
601 602
601 603
603 604
603 605
600 606
606 607
607 608
608 609
608 610
607 611
606 612
599 613
613 614
614 615
614 616
616 617
616 618
613 619
619 620
619 621
12 622
622 623
622 624
11 625
625 626
626 627
626 628
628 629
629 630
630 631
630 632
632 633
633 634
634 635
635 636
636 637
637 638
637 639
636 640
640 641
640 642
642 643
643 644
644 645
644 646
643 647
642 648
635 649
634 650
633 651
632 652
629 653
653 654
654 655
655 656
655 657
657 658
657 659
659 660
659 661
654 662
662 663
662 664
664 665
664 666
653 667
667 668
667 669
669 670
669 671
671 672
671 673
673 674
673 675
628 676
676 677
677 678
678 679
678 680
677 681
676 682
682 683
682 684
684 685
684 686
686 687
686 688
688 689
688 690
690 691
690 692
692 693
692 694
625 695
695 696
695 697
697 698
697 699
699 700
699 701
10 702
702 703
703 704
704 705
704 706
706 707
706 708
703 709
709 710
710 711
711 712
712 713
713 714
713 715
715 716
716 717
717 718
717 719
716 720
715 721
712 722
711 723
723 724
723 725
710 726
709 727
702 728
9 729
8 730
730 731
731 732
732 733
733 734
733 735
732 736
736 737
737 738
738 739
739 740
739 741
738 742
742 743
742 744
744 745
744 746
737 747
736 748
748 749
749 750
749 751
751 752
752 753
752 754
754 755
754 756
751 757
748 758
731 759
730 760
760 761
761 762
762 763
762 764
761 765
765 766
765 767
767 768
768 769
769 770
770 771
770 772
772 773
772 774
774 775
774 776
769 777
768 778
767 779
760 780
780 781
781 782
782 783
783 784
784 785
785 786
785 787
787 788
788 789
788 790
787 791
784 792
783 793
793 794
794 795
795 796
795 797
794 798
798 799
798 800
793 801
801 802
801 803
803 804
803 805
782 806
806 807
806 808
781 809
780 810
810 811
811 812
812 813
813 814
814 815
814 816
813 817
817 818
818 819
818 820
817 821
821 822
822 823
822 824
821 825
812 826
826 827
826 828
811 829
810 830
830 831
831 832
832 833
833 834
834 835
835 836
836 837
837 838
838 839
839 840
840 841
840 842
842 843
843 844
843 845
842 846
846 847
846 848
848 849
848 850
850 851
850 852
839 853
838 854
837 855
855 856
855 857
836 858
835 859
834 860
860 861
860 862
833 863
863 864
864 865
864 866
863 867
832 868
831 869
869 870
870 871
870 872
872 873
872 874
869 875
830 876
876 877
877 878
878 879
879 880
880 881
881 882
881 883
880 884
879 885
878 886
877 887
876 888
888 889
888 890
890 891
891 892
891 893
890 894
894 895
894 896
896 897
896 898
898 899
899 900
899 901
898 902
902 903
903 904
903 905
902 906
7 907
907 908
907 909
909 910
909 911
911 912
912 913
912 914
911 915
915 916
916 917
917 918
917 919
916 920
920 921
920 922
922 923
922 924
915 925
6 926
5 927
927 928
927 929
929 930
930 931
930 932
929 933
933 934
933 935
4 936
936 937
937 938
938 939
939 940
939 941
938 942
942 943
942 944
937 945
945 946
945 947
947 948
947 949
949 950
949 951
936 952
952 953
952 954
954 955
955 956
955 957
954 958
958 959
959 960
960 961
960 962
959 963
958 964
964 965
964 966
3 967
2 968
1 969
969 970
970 971
970 972
972 973
972 974
974 975
974 976
969 977
