489
693
0
37 59
33 60
30 61
38 62
39 63
28 64
35 66
34 67
27 69
16 71
14 72
32 75
23 74
25 77
31 78
36 79
19 81
17 82
50 85
43 87
42 86
13 90
2 92
0 93
5 96
3 97
11 99
45 101
6 102
53 109
10 111
8 112
44 113
41 44
47 116
46 119
22 121
20 122
40 123
52 125
49 126
48 127
51 128
73 130
72 132
71 133
97 134
99 135
100 137
87 139
59 142
57 140
56 146
55 148
54 147
58 150
83 156
82 159
80 162
77 163
61 164
60 166
81 168
74 169
79 170
76 171
78 172
110 173
109 175
107 176
122 177
111 178
141 35
127 186
120 187
132 191
114 193
112 189
113 195
131 196
142 198
134 199
129 203
128 204
119 209
115 210
104 211
103 213
118 214
117 215
96 222
92 223
89 224
94 225
69 228
64 230
62 231
67 233
65 234
93 236
91 237
95 238
130 241
108 242
105 244
102 246
86 248
84 249
170 251
155 254
153 256
125 257
123 259
154 260
164 261
183 264
181 265
161 271
163 272
169 273
166 267
151 280
150 281
148 282
144 284
143 283
167 286
168 287
157 289
147 292
140 294
145 295
138 296
190 297
160 299
158 300
201 306
197 307
200 309
199 314
192 315
178 316
195 318
180 319
193 320
198 323
185 324
196 325
194 326
137 329
135 330
174 332
176 334
175 336
172 337
216 340
214 344
205 345
213 347
211 348
207 349
215 351
203 352
204 355
202 356
219 358
217 359
224 361
223 362
221 363
220 365
274 374
270 375
272 377
271 378
251 383
246 384
250 385
249 386
248 387
268 388
242 392
238 393
241 394
240 395
228 396
278 399
263 403
259 404
261 405
288 406
332 414
306 415
304 416
301 417
277 419
258 421
256 422
303 423
305 424
275 425
226 427
209 428
210 432
208 433
189 435
187 436
300 437
283 443
282 444
299 445
311 447
292 449
286 452
284 453
287 454
330 462
327 438
329 464
298 466
297 467
317 469
316 471
308 472
280 473
296 475
294 476
328 477
321 480
319 481
291 483
237 486
234 487
255 490
236 494
235 497
232 498
233 493
252 500
231 502
229 503
254 504
369 506
341 507
322 508
324 510
371 516
367 518
357 520
355 521
351 523
350 522
370 526
368 527
344 529
343 532
342 534
339 536
340 538
318 539
337 19
338 542
335 543
358 547
354 549
352 550
265 553
245 558
243 559
266 560
267 561
264 562
326 563
334 565
314 567
309 568
364 570
348 571
349 574
347 575
384 580
382 16
383 583
360 584
377 587
375 588
381 589
573 592
394 593
572 595
385 596
362 597
345 598
575 602
574 604
571 605
396 609
389 610
390 611
387 612
392 615
380 617
378 618
374 620
372 621
603 623
601 624
552 627
457 630
444 638
442 639
435 632
440 645
439 646
436 647
434 648
443 649
441 650
437 651
438 652
451 656
433 658
432 660
430 661
426 663
425 665
424 662
415 668
410 670
408 669
409 674
407 675
513 679
506 680
512 681
503 683
490 685
488 687
475 688
460 691
454 693
453 692
627 696
544 698
531 699
530 701
564 702
566 707
563 708
519 709
525 718
522 719
521 720
520 721
523 722
524 724
518 725
526 726
527 727
565 728
585 729
629 734
628 735
609 740
589 741
591 743
556 745
554 746
586 747
599 750
611 753
580 755
578 756
613 757
588 758
614 759
548 762
547 764
577 766
594 771
568 772
529 774
528 776
569 777
538 778
592 779
509 786
502 789
501 790
507 791
561 792
559 794
562 797
534 799
532 800
560 802
510 804
463 805
479 807
477 808
499 809
485 815
483 816
456 819
455 820
402 822
403 824
401 825
498 827
496 828
514 829
473 841
448 842
447 845
445 847
417 849
406 851
404 852
471 853
469 836
474 856
470 857
468 858
472 859
429 861
427 862
491 865
459 866
487 867
493 868
423 871
400 873
399 874
397 875
543 882
542 883
517 884
540 885
515 886
541 887
467 889
466 892
464 893
450 895
421 897
419 896
418 901
420 904
413 905
411 906
634 908
616 910
551 913
549 914
536 918
537 919
495 921
482 923
480 924
558 925
637 926
638 928
636 5
635 932
631 934
630 933
641 940
640 941
619 942
618 944
620 946
622 948
625 950
624 951
632 953
607 956
606 957
597 961
595 962
545 963
583 965
581 966
643 967
653 968
644 971
647 973
651 975
646 976
649 977
0 1
1 2
2 3
3 5
5 7
7 8
8 9
9 11
11 12
12 13
13 14
14 16
16 17
17 19
19 20
20 23
23 24
24 26
26 27
27 28
28 29
29 30
30 33
33 35
35 36
36 40
40 43
43 44
44 49
49 59
49 60
49 61
49 62
49 63
49 64
49 65
65 66
65 67
49 68
68 69
68 70
70 71
70 72
49 73
73 74
74 75
73 77
49 78
49 79
44 80
80 81
80 82
44 84
84 85
84 86
86 87
44 89
89 90
89 91
91 92
91 93
44 95
95 96
95 97
44 98
98 99
98 101
98 102
44 108
108 109
108 110
110 111
110 112
44 113
44 116
44 119
44 120
120 121
120 122
44 123
44 124
124 125
124 126
44 127
44 128
43 130
43 132
43 133
40 134
40 135
40 137
40 138
138 139
138 140
140 142
140 146
140 147
147 148
140 150
36 151
151 152
152 155
155 156
155 159
155 162
155 163
155 164
164 166
155 167
167 168
167 169
152 170
152 171
152 172
151 173
36 175
36 176
36 177
36 178
35 186
35 187
35 189
189 191
189 193
189 195
35 196
35 197
197 198
197 199
35 201
201 203
201 204
201 205
205 209
205 210
205 211
211 213
205 214
205 215
35 216
216 218
218 221
221 222
221 223
218 224
218 225
218 226
226 228
226 229
229 230
229 231
226 232
232 233
232 234
216 236
216 237
216 238
35 240
240 241
240 242
35 243
243 244
243 246
243 247
247 248
247 249
33 251
33 252
252 254
252 255
255 256
255 257
257 259
252 260
33 261
30 262
262 264
262 265
262 266
266 267
267 270
270 271
270 272
267 273
267 278
278 280
278 281
278 282
267 283
283 284
267 286
267 287
266 288
288 289
288 290
290 292
292 294
290 295
290 296
30 297
30 298
298 299
298 300
29 306
29 307
29 309
29 313
313 314
313 315
29 316
29 317
317 318
317 319
29 320
29 321
321 323
321 324
321 325
29 326
29 327
327 328
328 329
328 330
327 331
331 332
331 334
331 335
335 336
335 337
28 340
28 344
28 345
28 346
346 347
346 348
28 349
28 350
350 351
350 352
352 355
352 356
27 357
357 358
357 359
26 361
26 362
24 363
363 365
24 366
366 374
366 375
366 376
376 377
376 378
366 379
379 383
379 384
379 385
379 386
379 387
366 388
366 389
389 392
389 393
389 394
389 395
366 396
366 397
397 399
399 401
401 402
402 403
402 404
401 405
397 406
397 408
408 414
408 415
408 416
408 417
408 418
418 419
418 420
420 421
420 422
408 423
408 424
397 425
366 426
426 427
426 428
428 432
428 433
428 434
434 435
434 436
23 437
20 438
438 441
441 442
442 443
442 444
441 445
438 446
446 447
446 448
448 449
448 450
450 451
451 452
451 453
450 454
438 462
438 464
464 466
438 467
438 468
468 469
468 471
468 472
438 473
438 474
474 475
474 476
438 477
438 478
478 479
479 480
479 481
478 482
482 483
482 484
484 485
485 486
485 487
484 490
484 493
493 494
493 496
496 497
496 498
484 500
484 501
501 502
501 503
484 504
20 505
505 506
505 507
20 508
19 510
19 513
513 516
513 518
513 519
519 520
519 521
513 522
522 523
513 526
513 527
19 529
19 532
19 534
19 536
19 537
537 538
537 539
19 541
541 542
541 543
17 544
544 545
545 547
545 548
548 549
548 550
545 551
551 552
552 553
553 557
557 558
557 559
553 560
553 561
552 562
551 563
544 565
544 566
566 567
566 568
17 569
569 570
569 571
571 574
571 575
16 580
16 583
16 584
16 585
585 586
586 587
586 588
585 589
16 590
590 591
591 592
591 593
590 594
594 595
594 596
14 597
14 598
13 601
601 602
601 604
601 605
13 606
606 609
606 610
606 611
606 612
13 613
613 615
613 616
616 617
616 618
613 619
619 620
619 621
12 622
622 623
622 624
11 626
626 627
626 628
628 629
629 630
630 632
632 637
637 638
637 639
632 645
632 646
632 647
632 648
632 649
632 650
632 651
632 652
629 653
653 654
654 656
654 657
657 658
657 660
657 661
654 662
662 663
662 665
653 667
667 668
667 669
669 670
669 674
669 675
628 679
628 680
628 681
628 682
682 683
682 684
684 685
684 687
684 688
688 690
690 691
690 692
692 693
11 695
695 696
695 697
697 698
697 699
699 701
9 702
702 707
702 708
702 709
709 717
717 718
717 719
709 720
709 721
709 722
709 723
723 724
723 725
709 726
709 727
702 728
9 729
8 730
730 732
732 733
733 734
733 735
732 736
736 737
737 738
738 739
739 740
739 741
738 743
738 744
744 745
744 746
737 747
736 749
749 750
749 751
751 752
752 753
752 754
754 755
754 756
751 757
736 758
730 759
730 760
760 761
761 762
762 764
761 765
765 766
765 767
767 771
767 772
772 774
774 776
767 777
767 778
767 779
760 780
780 781
781 783
783 784
784 785
785 786
785 788
788 789
788 790
785 791
784 792
783 794
794 797
794 798
798 799
798 800
783 802
783 803
803 804
803 805
781 807
781 808
781 809
780 810
810 811
811 812
812 813
813 815
813 816
813 817
817 818
818 819
818 820
817 821
821 822
822 824
821 825
812 826
826 827
826 828
811 829
810 831
831 832
832 833
833 834
834 835
835 836
836 841
836 842
842 845
842 846
846 847
846 848
848 849
848 850
850 851
850 852
836 853
836 855
855 856
855 857
836 858
835 859
834 860
860 861
860 862
833 865
833 866
833 867
832 868
831 869
869 871
869 873
869 874
869 875
810 877
877 881
881 882
881 883
877 884
877 885
877 886
877 887
810 888
888 889
888 892
888 893
888 894
894 895
894 896
896 897
896 901
896 902
902 904
902 905
902 906
7 907
907 908
907 909
909 910
909 911
911 912
912 913
912 914
911 916
916 917
917 918
917 919
916 920
920 921
920 922
922 923
922 924
911 925
5 926
5 928
5 932
5 933
933 934
3 940
3 941
3 942
942 944
3 946
3 947
947 948
947 950
947 951
3 952
952 953
952 954
954 956
954 957
954 958
958 961
958 962
958 963
958 964
964 965
964 966
3 967
2 968
1 970
970 971
970 972
972 973
972 974
974 975
974 976
1 977
