489
654
654
344 467
0 117
347 44
340 39
341 236
342 234
343 57
348 407
349 350
595 60
594 569
619 541
298 382
299 6
296 238
297 53
294 586
292 11
291 287
591 151
592 417
199 581
198 235
597 255
195 131
194 638
197 380
196 463
190 591
193 49
192 618
270 125
271 561
272 282
274 352
275 437
277 556
278 392
524 447
525 485
526 135
527 118
520 187
521 318
522 316
523 371
599 130
528 355
529 296
448 453
443 635
442 291
441 322
440 77
447 575
445 246
444 440
108 540
109 337
102 426
103 64
100 250
107 55
104 425
105 397
39 304
38 95
33 103
32 335
31 102
30 349
37 283
36 308
35 558
34 111
641 326
640 613
643 597
644 512
438 143
439 93
436 487
437 614
434 195
435 267
432 330
433 634
430 383
339 13
338 51
335 433
334 641
337 40
330 84
332 429
345 404
6 471
99 147
91 232
93 529
92 164
95 277
94 588
97 299
96 370
559 631
558 115
554 46
556 58
551 601
552 17
238 0
234 559
235 607
236 36
237 217
231 329
232 364
233 78
614 589
147 8
144 79
145 439
142 194
143 629
140 468
141 644
613 208
611 436
616 210
148 298
622 205
132 154
131 157
130 59
137 430
499 531
135 568
134 137
495 199
496 160
138 321
490 294
491 43
493 537
25 594
27 358
20 340
22 378
23 390
28 25
407 311
406 357
404 530
403 219
402 560
401 196
400 399
409 256
408 374
628 74
378 252
371 129
370 16
372 274
375 448
374 377
377 510
618 288
392 127
89 200
397 175
396 23
394 640
82 345
83 565
399 562
81 609
86 507
87 420
84 27
601 192
586 176
585 480
583 201
580 114
581 168
588 470
589 456
245 161
246 542
241 585
240 155
243 100
242 226
249 30
248 286
519 34
518 646
510 306
513 249
512 653
515 10
514 501
517 360
459 490
620 338
627 248
625 229
624 625
450 69
451 91
629 54
453 647
454 140
455 348
456 301
457 455
178 150
176 649
175 622
174 221
172 314
170 261
183 170
180 611
181 220
187 525
185 61
189 203
653 300
651 87
11 401
10 258
13 109
14 409
17 275
16 134
19 410
62 566
322 242
321 577
326 223
327 434
324 128
328 519
329 166
201 280
200 123
203 2
202 22
205 94
204 411
207 263
209 574
208 571
77 460
76 624
74 303
73 514
72 241
71 493
79 122
78 65
2 387
542 32
543 92
540 396
541 89
547 619
544 104
545 272
8 265
548 292
549 207
120 347
122 45
123 509
125 368
127 544
128 506
129 620
415 5
417 643
410 595
411 445
413 499
498 545
418 627
419 441
319 198
318 172
311 521
317 496
316 578
314 341
3 278
368 183
369 190
367 120
364 515
362 400
360 466
380 532
381 630
382 202
383 19
384 477
385 56
387 153
389 524
578 438
573 284
572 73
571 251
577 216
607 543
575 564
574 563
60 259
61 495
258 444
259 28
64 72
65 33
67 3
252 522
69 548
250 488
251 580
256 513
254 145
255 435
603 517
509 459
506 551
507 592
502 369
503 37
501 603
630 549
631 305
632 424
469 339
468 475
636 47
637 309
638 215
464 334
467 479
466 254
460 482
463 163
168 62
169 408
164 472
166 606
167 442
160 319
161 342
163 454
647 237
646 31
649 375
357 362
355 224
354 213
352 473
351 142
350 427
358 181
216 344
217 209
214 97
215 245
213 372
210 80
211 268
219 174
288 317
280 528
283 266
282 132
284 381
287 403
286 50
263 534
261 367
267 158
266 464
265 432
264 20
268 328
59 538
58 211
55 271
54 228
57 42
56 76
51 469
50 637
53 180
52 112
537 483
536 385
534 110
532 518
531 520
530 231
538 243
115 86
114 636
117 197
111 233
110 419
113 443
112 189
119 457
118 105
429 324
421 107
420 138
423 83
425 35
424 141
427 185
426 491
308 113
309 354
300 67
301 527
303 389
304 14
305 573
306 148
568 343
569 616
560 526
561 81
562 169
563 204
564 119
565 451
566 474
229 406
228 498
226 628
224 96
223 651
221 332
220 270
390 572
151 583
150 82
153 38
606 418
155 52
154 547
157 99
158 632
609 327
634 167
80 503
635 108
48 48
49 178
46 402
47 71
44 599
45 552
42 297
43 523
40 536
41 423
5 351
488 415
487 240
485 394
483 413
482 421
480 214
472 554
473 384
470 193
471 264
477 502
474 41
475 144
479 450
337 344
1 0
391 346
348 347
337 340
337 341
337 342
337 343
363 348
348 349
596 595
605 606
593 594
639 619
297 298
297 299
295 296
327 297
295 294
327 295
293 292
312 293
307 290
290 291
590 591
608 590
598 593
593 592
191 199
191 198
596 597
605 596
191 195
191 194
191 197
191 196
212 191
191 190
191 193
191 192
269 270
269 271
273 272
302 273
273 274
276 275
302 276
276 277
279 278
302 279
519 524
519 525
519 526
519 527
519 520
519 521
519 522
519 523
600 599
529 528
538 529
465 449
469 448
435 443
435 442
435 441
435 440
448 447
448 446
446 445
435 444
106 108
106 109
101 102
104 103
98 100
126 101
141 106
106 107
116 104
106 105
29 39
29 38
29 33
29 32
29 31
29 30
29 37
29 36
29 35
29 34
639 641
639 640
642 643
650 642
650 645
645 644
435 438
435 439
435 436
435 437
435 434
457 435
431 432
431 433
431 430
452 431
337 339
337 338
336 335
333 334
366 337
337 336
337 331
327 330
359 333
331 332
346 345
7 6
98 99
106 98
90 91
126 90
90 93
90 92
90 95
90 94
98 97
90 96
600 559
557 558
590 555
555 554
617 557
555 556
550 551
557 550
596 553
553 552
239 238
279 239
233 234
233 235
233 236
233 237
253 230
230 231
233 232
253 233
12 1
615 614
156 146
146 147
143 144
146 145
141 142
166 143
139 140
165 141
626 612
612 613
639 610
612 611
617 616
633 617
149 148
166 149
639 623
621 622
141 133
133 132
126 131
126 130
136 137
191 136
136 135
133 134
535 494
494 495
146 139
139 138
489 490
492 491
516 492
492 493
29 24
24 25
29 26
26 27
21 20
41 21
21 22
24 23
29 28
41 29
408 407
405 406
416 405
405 404
402 403
476 402
402 401
398 400
626 629
408 409
414 408
626 628
391 379
379 378
366 371
366 370
391 373
373 372
376 375
373 374
376 377
382 376
619 618
570 393
391 392
98 88
90 89
398 397
395 396
570 395
393 394
75 82
75 83
75 80
75 81
85 86
88 87
85 84
101 85
41 7
602 601
605 607
587 586
615 587
610 584
584 585
596 582
582 583
579 580
582 581
587 588
590 589
244 245
265 244
269 247
247 246
239 241
239 240
244 243
239 242
626 615
247 249
247 248
564 519
519 518
546 511
508 510
511 513
511 512
516 515
539 514
516 517
539 516
486 458
458 459
639 621
621 620
626 627
636 626
623 625
623 624
449 450
452 451
505 452
461 453
453 454
456 455
476 456
461 457
186 179
179 178
182 177
173 176
173 175
173 174
191 173
173 172
184 171
171 170
290 253
184 182
182 183
179 180
182 181
191 186
188 187
191 184
186 185
654 652
209 188
188 189
652 653
652 650
650 651
9 11
9 10
12 13
41 12
26 15
15 14
18 17
15 16
18 19
41 18
63 62
323 322
337 323
346 320
320 321
325 326
336 327
323 324
333 325
327 328
327 329
191 201
191 200
212 203
203 202
206 205
203 204
206 207
212 206
225 209
209 208
75 77
75 76
106 75
75 74
70 73
70 72
70 71
98 70
75 79
75 78
1 2
539 542
539 543
539 540
539 541
553 546
548 547
610 544
546 545
7 8
576 548
550 549
90 68
604 598
121 120
126 121
121 122
124 123
152 124
124 125
141 126
126 127
126 128
126 129
452 414
414 415
446 416
416 417
408 410
412 411
419 412
412 413
497 498
419 418
449 419
500 499
320 319
315 318
325 313
315 312
312 311
313 310
315 317
315 316
327 315
313 314
497 496
514 497
4 3
366 368
366 369
393 366
366 367
363 364
386 365
361 362
382 363
361 360
570 361
379 380
382 381
570 382
382 383
382 384
386 385
570 386
388 387
395 388
388 389
623 605
612 579
579 578
612 604
570 573
570 572
570 571
602 570
576 577
598 576
570 575
570 574
61 60
75 61
257 258
260 259
63 64
66 65
68 66
66 67
253 252
68 69
247 250
247 251
257 256
302 257
253 254
253 255
602 603
610 602
559 508
508 509
505 506
508 507
511 504
511 505
500 502
504 503
508 500
500 501
636 630
630 631
633 632
639 633
486 469
469 468
639 636
636 637
516 465
465 464
465 467
465 466
475 461
461 460
462 463
508 462
166 168
166 169
165 164
171 165
177 166
166 167
159 160
162 161
166 162
162 163
604 600
41 9
648 647
645 646
648 649
652 648
356 357
366 356
356 355
353 354
365 353
353 352
350 351
366 350
365 359
359 358
212 216
218 217
212 214
212 215
218 212
212 213
209 210
212 211
222 218
218 219
302 289
289 288
9 4
297 281
281 280
281 283
281 282
293 285
285 284
285 287
285 286
262 263
289 262
260 261
262 260
265 267
265 266
310 265
265 264
279 269
269 268
57 59
57 58
54 55
57 54
88 57
57 56
41 51
41 50
41 53
41 52
535 537
535 536
557 535
68 63
559 533
533 532
544 531
531 530
600 539
567 538
116 115
112 114
116 117
126 116
106 111
106 110
112 113
141 112
116 119
116 118
428 429
458 428
533 534
419 421
419 420
422 423
462 422
424 425
452 424
428 427
424 426
307 308
310 309
297 300
302 301
331 302
302 303
302 304
302 305
302 306
315 307
567 568
567 569
559 560
559 561
559 562
564 563
584 564
564 565
564 566
593 567
230 229
227 228
269 227
225 226
269 225
222 224
222 223
227 222
269 221
221 220
570 391
388 390
149 151
149 150
152 153
165 152
152 155
152 154
156 157
177 156
184 159
159 158
608 609
626 608
633 634
398 399
636 635
422 398
41 48
41 49
41 46
41 47
41 44
41 45
41 42
41 43
41 40
70 41
636 638
4 5
642 639
504 489
489 488
486 487
492 486
484 485
497 484
484 483
481 482
494 481
481 480
469 472
469 473
469 470
469 471
484 476
478 477
469 474
489 475
559 478
478 479
