194
387
0
54 22
51 23
57 27
36 28
60 32
39 33
59 34
24 35
48 36
22 38
32 41
30 42
53 43
55 46
47 47
49 50
9 51
7 52
58 55
56 56
6 57
28 58
13 60
12 62
11 64
10 65
52 67
50 69
38 71
4 72
95 73
101 76
80 78
27 80
25 81
88 83
86 84
123 86
120 88
69 90
67 91
99 93
112 97
105 98
111 103
110 104
107 105
109 106
108 108
3 110
2 111
35 115
33 116
45 119
1 121
0 122
79 126
43 127
78 129
21 133
20 134
19 136
17 137
18 138
76 139
97 140
122 143
102 145
42 147
40 148
114 150
16 152
14 153
104 155
72 160
70 162
66 164
64 165
82 167
93 168
89 169
92 172
91 173
90 174
118 177
116 178
117 180
85 184
63 185
61 186
75 188
73 189
127 191
125 192
148 194
152 196
146 197
260 198
268 208
265 210
185 211
183 214
266 216
173 217
264 221
181 222
263 225
261 228
187 230
186 231
259 232
258 233
178 237
168 238
176 239
175 240
262 241
267 244
159 246
158 247
167 250
165 251
164 253
162 254
171 255
179 257
170 258
182 261
157 262
177 263
160 268
145 269
142 271
141 272
143 273
154 275
151 277
149 278
136 281
135 282
132 287
131 288
137 291
130 292
133 293
128 294
139 295
269 297
250 300
249 302
247 303
254 305
256 308
253 309
251 310
245 314
243 316
241 317
238 320
235 322
233 323
236 324
240 326
231 330
229 331
225 335
228 336
226 338
223 339
208 341
222 343
191 345
195 348
193 349
194 350
201 354
219 360
214 361
196 362
211 363
198 364
218 368
217 369
207 370
216 371
188 375
189 376
190 377
213 381
220 383
199 384
202 385
204 386
205 387
0 1
1 2
2 3
3 4
4 5
5 6
6 7
7 8
8 9
9 10
10 11
11 12
12 13
13 14
14 15
15 16
16 17
17 18
18 19
19 20
20 21
21 22
21 23
20 24
24 25
25 26
26 27
26 28
25 29
29 30
30 31
31 32
31 33
30 34
29 35
24 36
19 37
37 38
37 39
39 40
40 41
40 42
39 43
18 44
44 45
45 46
45 47
44 48
48 49
49 50
49 51
48 52
17 53
53 54
54 55
54 56
53 57
16 58
15 59
59 60
59 61
61 62
61 63
63 64
63 65
14 66
66 67
66 68
68 69
68 70
70 71
70 72
13 73
12 74
74 75
75 76
75 77
77 78
77 79
79 80
79 81
74 82
82 83
82 84
11 85
85 86
85 87
87 88
87 89
89 90
89 91
10 92
92 93
92 94
94 95
95 96
96 97
96 98
95 99
99 100
100 101
101 102
102 103
102 104
101 105
100 106
99 107
107 108
107 109
109 110
109 111
94 112
112 113
113 114
114 115
114 116
113 117
117 118
118 119
118 120
120 121
120 122
117 123
123 124
124 125
125 126
125 127
124 128
128 129
128 130
130 131
131 132
132 133
132 134
131 135
135 136
135 137
130 138
123 139
112 140
9 141
141 142
142 143
142 144
144 145
144 146
146 147
146 148
141 149
149 150
149 151
151 152
151 153
8 154
154 155
154 156
156 157
157 158
158 159
159 160
159 161
161 162
161 163
163 164
163 165
158 166
166 167
166 168
157 169
156 170
170 171
171 172
171 173
170 174
7 175
175 176
176 177
176 178
175 179
179 180
179 181
181 182
182 183
183 184
183 185
182 186
181 187
187 188
187 189
6 190
190 191
190 192
5 193
193 194
193 195
195 196
195 197
4 198
3 199
199 200
200 201
201 202
202 203
203 204
204 205
205 206
206 207
207 208
207 209
209 210
209 211
206 212
212 213
213 214
213 215
215 216
215 217
212 218
218 219
219 220
220 221
220 222
219 223
223 224
224 225
224 226
226 227
227 228
227 229
229 230
229 231
226 232
223 233
218 234
234 235
235 236
236 237
236 238
235 239
234 240
205 241
204 242
242 243
243 244
243 245
245 246
245 247
242 248
248 249
249 250
249 251
248 252
252 253
252 254
203 255
202 256
256 257
256 258
201 259
259 260
260 261
260 262
259 263
200 264
264 265
265 266
266 267
267 268
267 269
266 270
270 271
270 272
265 273
264 274
274 275
274 276
276 277
276 278
199 279
279 280
280 281
280 282
279 283
283 284
284 285
285 286
286 287
286 288
285 289
289 290
290 291
290 292
289 293
284 294
283 295
2 296
296 297
296 298
298 299
299 300
299 301
301 302
301 303
298 304
304 305
304 306
306 307
307 308
307 309
306 310
1 311
311 312
312 313
313 314
313 315
315 316
315 317
312 318
318 319
319 320
319 321
321 322
321 323
318 324
311 325
325 326
325 327
327 328
328 329
329 330
329 331
328 332
332 333
333 334
334 335
334 336
333 337
337 338
337 339
332 340
340 341
340 342
342 343
342 344
344 345
344 346
346 347
347 348
347 349
346 350
327 351
351 352
352 353
353 354
353 355
355 356
356 357
357 358
358 359
359 360
359 361
358 362
357 363
356 364
355 365
365 366
366 367
367 368
367 369
366 370
365 371
352 372
372 373
373 374
374 375
374 376
373 377
372 378
378 379
379 380
380 381
380 382
382 383
382 384
379 385
378 386
351 387
