194
293
1
258 5
162 8
136 21
131 23
179 29
265 32
262 35
188 36
17 40
33 47
3 53
108 54
25 66
90 73
70 76
56 81
28 84
11 87
48 89
0 94
240 114
269 122
1 123
2 124
4 125
6 126
7 127
9 128
10 129
12 130
13 131
14 132
16 133
18 134
19 135
20 136
21 137
22 138
24 139
27 140
30 141
32 142
35 143
36 144
38 145
39 146
40 147
42 148
43 149
45 150
47 151
49 152
50 153
51 154
52 155
53 156
54 157
55 158
57 159
58 160
59 161
60 162
61 163
63 164
64 165
66 166
67 167
69 168
72 169
73 170
75 171
76 172
78 173
79 174
80 175
82 176
85 177
86 178
88 179
89 180
91 181
92 182
93 183
95 184
97 185
99 186
101 187
102 188
104 189
105 190
107 191
109 192
110 193
111 194
112 195
114 196
116 197
117 198
118 199
120 200
122 201
123 202
125 203
127 204
128 205
130 206
132 207
133 208
135 209
137 210
139 211
141 212
142 213
143 214
145 215
146 216
148 217
149 218
151 219
152 220
154 221
157 222
158 223
159 224
160 225
164 226
165 227
167 228
168 229
170 230
171 231
173 232
175 233
176 234
177 235
178 236
181 237
182 238
183 239
185 240
186 241
187 242
189 243
190 244
191 245
193 246
194 247
195 248
196 249
198 250
199 251
201 252
202 253
204 254
205 255
207 256
208 257
211 258
213 259
214 260
216 261
217 262
218 263
219 264
220 265
222 266
223 267
225 268
226 269
228 270
229 271
231 272
233 273
235 274
236 275
238 276
241 277
243 278
245 279
247 280
249 281
250 282
251 283
253 284
254 285
256 286
259 287
260 288
261 289
263 290
264 291
266 292
267 293
268 294
1 2
2 3
3 4
4 5
5 6
6 7
7 8
7 9
7 10
6 11
6 12
5 13
13 14
5 15
15 16
15 17
17 18
15 19
19 20
20 21
20 22
20 23
20 24
19 25
15 26
15 27
15 28
15 29
5 30
5 31
31 32
31 33
5 34
5 35
4 36
4 37
3 38
2 39
2 40
40 41
41 42
42 43
43 44
43 45
45 46
45 47
43 48
48 49
48 50
48 51
48 52
48 53
48 54
48 55
42 56
56 57
56 58
42 59
59 60
59 61
59 62
59 63
63 64
64 65
65 66
59 67
59 68
68 69
59 70
70 71
71 72
70 73
73 74
74 75
74 76
73 77
59 78
59 79
59 80
80 81
80 82
82 83
82 84
82 85
82 86
86 87
87 88
82 89
82 90
82 91
82 92
41 93
93 94
40 95
2 96
2 97
97 98
97 99
99 100
99 101
101 102
102 103
103 104
102 105
102 106
102 107
101 108
108 109
109 110
97 111
97 112
112 113
112 114
2 115
115 116
116 117
115 118
115 119
119 120
115 121
2 122
94 123
53 124
86 125
80 126
85 127
85 128
87 129
87 130
88 131
61 132
61 133
95 134
40 135
40 136
40 137
82 138
90 139
65 140
83 141
83 142
46 143
82 144
86 145
90 146
67 147
67 148
93 149
93 150
82 151
85 152
86 153
82 154
86 155
82 156
82 157
91 158
82 159
80 160
90 161
90 162
58 163
58 164
75 165
75 166
44 167
39 168
69 169
58 170
58 171
41 172
41 173
41 174
64 175
77 176
58 177
71 178
72 179
73 180
73 181
73 182
73 183
86 184
55 185
60 186
63 187
78 188
79 189
51 190
48 191
52 192
49 193
50 194
51 195
68 196
57 197
56 198
56 199
70 200
78 201
62 202
38 203
38 204
20 205
22 206
22 207
24 208
22 209
20 210
96 211
17 212
17 213
12 214
18 215
34 216
37 217
19 218
19 219
34 220
25 221
26 222
11 223
6 224
18 225
9 226
7 227
7 228
16 229
16 230
13 231
13 232
15 233
15 234
28 235
15 236
27 237
10 238
33 239
31 240
5 241
30 242
105 243
101 244
113 245
113 246
113 247
113 248
108 249
101 250
102 251
107 252
105 253
105 254
102 255
102 256
113 257
101 258
102 259
110 260
106 261
106 262
106 263
109 264
102 265
113 266
104 267
103 268
104 269
104 270
111 271
104 272
98 273
98 274
98 275
98 276
100 277
100 278
100 279
119 280
119 281
120 282
118 283
121 284
117 285
116 286
5 287
14 288
5 289
5 290
5 291
13 292
6 293
31 294
