194
273
273
216 47
217 231
214 43
213 60
211 151
264 110
218 7
219 63
133 54
132 130
131 216
130 188
137 58
136 18
135 229
165 88
139 28
225 133
24 269
25 171
250 132
27 183
20 16
21 11
22 142
160 6
28 59
0 114
4 89
120 196
262 24
122 57
123 214
267 131
125 112
265 120
127 211
128 207
269 49
268 152
59 245
58 50
55 167
54 266
57 99
56 222
51 78
50 123
53 158
52 253
259 157
164 19
201 146
199 177
179 104
195 148
194 201
178 61
191 90
190 127
193 67
114 238
88 190
89 191
111 265
110 42
112 139
82 264
181 240
80 21
86 194
118 250
85 204
198 141
256 195
226 256
3 27
254 162
7 159
247 182
245 260
108 35
109 101
241 179
240 198
243 185
102 85
167 168
101 82
249 33
107 107
104 66
105 108
39 235
38 165
33 52
32 173
30 208
36 14
35 10
205 12
223 48
176 118
60 30
61 4
258 213
63 249
64 226
66 128
67 45
177 22
69 189
175 236
251 145
173 92
171 137
170 55
253 268
182 125
183 263
2 39
162 0
187 243
6 25
186 91
188 97
189 56
202 262
196 13
185 95
99 51
168 170
229 186
228 111
91 102
90 1
93 233
92 247
95 73
222 109
97 64
220 187
11 38
10 202
13 75
12 53
14 241
17 193
16 181
19 122
18 105
117 251
116 160
204 267
151 228
152 70
154 116
157 175
159 199
158 220
238 32
235 164
236 72
231 217
233 20
48 223
49 86
47 176
45 219
42 154
43 258
40 261
1 117
9 79
146 254
145 36
142 3
143 80
207 218
141 9
208 149
148 225
149 69
76 259
75 135
73 178
72 93
70 76
79 2
78 136
263 143
261 205
260 17
266 40
215 216
215 217
215 214
232 215
215 212
212 213
215 210
210 211
166 165
258 264
258 265
215 218
215 219
134 133
129 132
129 131
129 130
138 137
134 136
134 135
140 134
138 139
121 41
180 166
23 24
26 25
81 26
26 27
17 20
17 21
23 22
46 23
161 160
29 28
46 29
174 161
44 0
5 4
46 8
166 163
121 119
272 271
271 258
121 120
124 121
121 122
121 123
153 124
126 125
155 126
126 127
129 128
138 129
270 269
258 268
166 167
46 59
46 58
46 55
46 54
46 57
46 56
46 51
46 50
46 53
46 52
258 259
163 164
200 201
200 199
174 179
212 200
192 195
192 194
210 197
174 178
192 191
189 190
192 193
209 192
124 115
113 114
87 88
90 89
106 111
106 110
121 113
106 112
83 82
90 83
81 80
100 81
87 86
115 118
115 84
84 85
140 138
197 198
255 256
212 206
227 226
258 172
2 3
255 254
8 7
248 247
257 255
224 225
244 245
246 244
106 108
106 109
242 241
239 240
242 243
244 242
103 102
121 103
119 100
100 101
121 106
106 107
103 104
106 105
37 39
37 38
34 33
31 32
46 31
31 30
46 37
37 36
34 35
96 34
272 246
257 252
206 205
224 223
174 176
46 60
62 61
84 62
62 63
65 64
71 65
65 66
68 67
121 68
68 69
174 175
252 251
172 173
174 177
172 171
169 170
212 203
221 222
180 181
252 253
257 248
180 182
184 183
258 180
106 2
163 162
186 187
258 184
5 6
215 220
258 186
189 188
203 189
203 202
197 196
227 221
258 174
184 185
98 99
121 98
169 168
174 169
230 229
227 228
90 91
121 90
90 93
90 92
94 95
113 94
96 97
106 96
29 11
11 10
11 13
11 12
94 15
15 14
77 17
15 16
17 19
17 18
115 117
248 250
115 116
270 257
203 204
150 151
161 150
258 153
153 152
161 155
155 154
156 157
174 156
258 159
159 158
237 234
237 238
246 239
206 207
234 235
237 236
246 237
232 230
230 231
239 232
234 233
227 224
46 48
46 49
98 46
46 47
77 44
44 45
41 42
44 43
41 40
119 87
0 1
46 5
8 9
273 272
147 146
153 147
161 144
144 145
141 142
144 143
156 140
174 141
221 209
209 208
147 148
150 149
96 77
77 76
74 75
84 74
74 73
71 72
83 71
71 70
77 79
77 78
258 263
248 249
258 262
230 227
258 261
271 270
258 260
258 267
258 266
