194
273
273
216 82
217 231
214 269
213 220
211 28
264 195
218 185
219 40
133 217
132 9
131 36
130 70
137 109
136 202
135 2
165 35
139 225
225 145
24 85
25 179
250 165
27 43
20 48
21 10
22 208
160 241
28 54
0 89
4 128
120 116
262 151
122 263
123 253
267 199
125 25
265 56
127 38
128 27
269 12
268 33
59 47
58 187
55 146
54 260
57 182
56 69
51 72
50 0
53 55
52 236
259 198
164 118
201 58
199 122
179 251
195 167
194 59
178 211
191 162
190 111
193 49
114 264
88 57
89 110
111 222
110 238
112 177
82 245
181 261
80 143
86 133
118 229
85 114
198 102
256 157
226 149
3 265
254 14
7 258
247 80
245 267
108 196
109 6
241 52
240 53
243 51
102 93
167 254
101 268
249 170
107 130
104 67
105 183
39 240
38 262
33 247
32 250
30 213
36 142
35 78
205 154
223 181
176 249
60 104
61 160
258 223
63 193
64 137
66 117
67 219
177 201
69 139
175 19
251 120
173 99
171 259
170 20
253 45
182 18
183 173
2 21
162 164
187 205
6 233
186 190
188 127
189 189
202 105
196 176
185 61
99 63
168 235
229 123
228 152
91 92
90 97
93 30
92 76
95 207
222 132
97 216
220 90
11 3
10 136
13 108
12 194
14 107
17 266
16 95
19 7
18 159
117 135
116 86
204 75
151 226
152 131
154 60
157 191
159 64
158 256
238 13
235 4
236 42
231 11
233 39
48 218
49 1
47 73
45 214
42 186
43 24
40 22
1 16
9 178
146 228
145 112
142 188
143 17
207 148
141 50
208 158
148 101
149 32
76 243
75 168
73 175
72 66
70 204
79 141
78 171
263 125
261 91
260 88
266 79
215 216
215 217
215 214
232 215
215 212
212 213
215 210
210 211
166 165
258 264
258 265
215 218
215 219
134 133
129 132
129 131
129 130
138 137
134 136
134 135
140 134
138 139
121 41
180 166
23 24
26 25
81 26
26 27
17 20
17 21
23 22
46 23
161 160
29 28
46 29
174 161
44 0
5 4
46 8
166 163
121 119
272 271
271 258
121 120
124 121
121 122
121 123
153 124
126 125
155 126
126 127
129 128
138 129
270 269
258 268
166 167
46 59
46 58
46 55
46 54
46 57
46 56
46 51
46 50
46 53
46 52
258 259
163 164
200 201
200 199
174 179
212 200
192 195
192 194
210 197
174 178
192 191
189 190
192 193
209 192
124 115
113 114
87 88
90 89
106 111
106 110
121 113
106 112
83 82
90 83
81 80
100 81
87 86
115 118
115 84
84 85
140 138
197 198
255 256
212 206
227 226
258 172
2 3
255 254
8 7
248 247
257 255
224 225
244 245
246 244
106 108
106 109
242 241
239 240
242 243
244 242
103 102
121 103
119 100
100 101
121 106
106 107
103 104
106 105
37 39
37 38
34 33
31 32
46 31
31 30
46 37
37 36
34 35
96 34
272 246
257 252
206 205
224 223
174 176
46 60
62 61
84 62
62 63
65 64
71 65
65 66
68 67
121 68
68 69
174 175
252 251
172 173
174 177
172 171
169 170
212 203
221 222
180 181
252 253
257 248
180 182
184 183
258 180
106 2
163 162
186 187
258 184
5 6
215 220
258 186
189 188
203 189
203 202
197 196
227 221
258 174
184 185
98 99
121 98
169 168
174 169
230 229
227 228
90 91
121 90
90 93
90 92
94 95
113 94
96 97
106 96
29 11
11 10
11 13
11 12
94 15
15 14
77 17
15 16
17 19
17 18
115 117
248 250
115 116
270 257
203 204
150 151
161 150
258 153
153 152
161 155
155 154
156 157
174 156
258 159
159 158
237 234
237 238
246 239
206 207
234 235
237 236
246 237
232 230
230 231
239 232
234 233
227 224
46 48
46 49
98 46
46 47
77 44
44 45
41 42
44 43
41 40
119 87
0 1
46 5
8 9
273 272
147 146
153 147
161 144
144 145
141 142
144 143
156 140
174 141
221 209
209 208
147 148
150 149
96 77
77 76
74 75
84 74
74 73
71 72
83 71
71 70
77 79
77 78
258 263
248 249
258 262
230 227
258 261
271 270
258 260
258 267
258 266
