194
297
0
240 4
205 7
207 9
189 14
188 17
190 18
204 20
202 21
213 22
220 24
211 27
219 30
214 31
196 33
198 34
216 37
217 38
218 39
199 41
201 42
229 45
231 46
228 49
226 51
223 52
208 54
191 58
194 59
225 62
195 63
193 64
222 65
243 69
241 70
245 71
236 73
238 75
235 77
233 78
247 83
250 85
249 86
251 89
256 91
254 92
253 93
269 94
263 96
261 98
259 101
264 102
258 97
185 110
183 111
265 113
268 114
141 117
142 120
160 121
133 128
135 130
136 131
130 133
137 134
131 136
132 138
139 139
128 140
154 143
149 145
151 146
127 148
125 149
145 151
143 152
179 156
175 157
176 159
168 161
170 162
178 164
181 166
182 168
177 170
157 171
262 173
267 175
165 178
167 180
162 182
164 183
159 184
158 186
187 189
186 188
260 193
173 195
266 197
171 198
148 201
146 202
152 204
116 208
118 209
117 211
61 213
63 215
85 217
73 219
75 220
86 224
88 225
80 228
25 230
27 231
101 232
114 236
16 239
14 240
102 242
122 243
120 245
123 247
67 249
69 250
42 254
40 255
104 256
99 259
53 260
32 264
30 265
22 267
6 270
56 272
58 273
54 277
57 278
51 280
36 284
39 285
24 287
59 289
60 290
48 291
28 294
9 296
7 298
49 299
55 302
47 303
4 306
38 307
13 311
11 310
12 315
10 316
50 317
52 319
95 320
93 323
82 327
72 329
70 331
64 333
66 334
89 335
91 338
92 339
90 322
105 343
112 344
110 347
111 348
3 352
2 354
108 355
109 356
107 358
97 360
35 363
33 364
78 366
76 369
17 370
20 375
21 374
18 377
19 378
79 380
43 382
45 384
1 386
0 385
0 1
1 2
2 3
3 4
3 5
5 6
6 7
6 9
6 10
10 12
12 13
13 14
14 17
14 18
13 20
13 21
12 22
10 24
10 25
25 26
26 27
26 29
29 30
29 31
26 32
32 33
32 34
25 37
25 38
25 39
10 40
40 41
40 42
5 43
43 44
44 45
44 46
43 47
47 48
48 49
48 50
50 51
50 52
47 53
53 54
53 55
55 56
56 58
56 59
56 60
60 61
61 62
61 63
60 64
55 65
2 66
66 67
67 68
68 69
68 70
67 71
66 72
72 73
72 74
74 75
74 76
76 77
76 78
1 79
79 80
80 81
81 82
82 83
82 85
82 86
81 87
87 88
88 89
88 90
90 91
90 92
87 93
80 94
79 95
95 96
95 97
97 98
97 101
97 102
97 108
108 110
108 111
108 113
108 114
97 115
115 116
116 117
117 119
119 120
119 121
116 122
122 124
124 125
125 127
127 128
127 129
129 130
129 131
125 133
125 134
125 135
135 136
135 137
137 138
137 139
124 140
122 142
142 143
142 144
144 145
144 146
122 147
147 148
147 149
122 150
150 151
150 152
115 156
115 157
115 159
115 160
160 161
160 162
115 164
115 166
115 167
167 168
167 170
167 171
97 173
97 174
174 175
174 177
177 178
177 180
177 181
181 182
181 183
174 184
184 186
97 188
188 189
97 192
192 193
192 195
192 197
192 198
97 199
199 200
200 201
200 202
199 203
203 204
203 205
205 206
206 208
206 209
206 210
210 211
210 212
212 213
212 215
212 217
212 218
218 219
218 220
205 221
221 222
222 223
223 224
223 225
222 226
226 227
227 228
227 229
229 230
229 231
226 232
221 236
221 237
237 238
238 239
238 240
237 241
241 242
241 243
221 244
244 245
244 247
244 248
248 249
248 250
221 252
252 253
253 254
253 255
252 256
221 257
257 259
257 260
260 262
262 263
263 264
263 265
262 266
266 267
266 269
269 270
269 272
269 273
266 277
266 278
266 280
266 282
282 283
283 284
283 285
282 287
282 289
282 290
266 291
266 294
266 295
295 296
295 298
295 299
266 301
301 302
301 303
266 304
304 305
305 306
305 307
304 310
310 311
310 315
310 316
304 317
304 319
304 320
257 321
321 322
322 323
322 326
326 327
326 328
328 329
328 331
328 332
332 333
332 334
322 335
322 338
322 339
321 341
341 342
342 343
342 344
341 347
341 348
341 351
351 352
352 354
351 355
341 356
341 358
341 359
359 360
359 361
361 362
362 363
362 364
361 365
365 366
365 369
365 370
370 374
374 375
370 377
370 378
365 380
365 381
381 382
381 383
383 384
383 385
385 386
