190
270
270
216 216
215 215
212 212
213 213
210 210
165 165
264 264
265 265
218 218
133 133
132 132
131 131
130 130
137 137
136 136
134 134
139 139
24 24
26 26
167 167
20 20
21 21
23 23
28 28
29 29
161 161
0 0
4 4
8 8
227 227
263 263
121 121
261 261
123 123
124 124
266 266
126 126
127 127
129 129
268 268
58 58
55 55
54 54
56 56
51 51
258 258
53 53
259 259
164 164
179 179
200 200
194 194
197 197
178 178
191 191
192 192
115 115
177 177
88 88
116 116
110 110
113 113
112 112
181 181
81 81
119 119
87 87
84 84
85 85
251 251
198 198
256 256
206 206
226 226
254 254
7 7
247 247
255 255
245 245
244 244
108 108
109 109
241 241
243 243
242 242
103 103
100 100
101 101
106 106
107 107
105 105
39 39
33 33
31 31
37 37
36 36
34 34
252 252
60 60
61 61
62 62
63 63
65 65
66 66
67 67
68 68
69 69
175 175
174 174
173 173
257 257
171 171
170 170
222 222
249 249
253 253
248 248
183 183
180 180
2 2
162 162
187 187
184 184
186 186
250 250
189 189
221 221
98 98
168 168
229 229
228 228
91 91
90 90
225 225
92 92
95 95
94 94
97 97
220 220
10 10
13 13
12 12
15 15
17 17
16 16
18 18
204 204
151 151
153 153
152 152
154 154
156 156
159 159
158 158
238 238
239 239
234 234
236 236
231 231
233 233
49 49
47 47
45 45
42 42
43 43
40 40
118 118
1 1
5 5
9 9
146 146
147 147
144 144
202 202
142 142
143 143
140 140
141 141
208 208
149 149
77 77
76 76
75 75
74 74
73 73
72 72
71 71
262 262
260 260
267 267
217 216
219 217
224 214
214 215
211 212
214 213
209 210
219 211
166 165
249 264
249 265
217 218
223 219
128 133
128 132
128 131
128 130
138 137
135 136
176 135
135 134
138 139
169 138
176 166
25 24
79 25
27 26
70 27
19 20
22 21
35 22
22 23
176 160
27 28
30 29
160 161
1 0
3 4
25 8
219 220
120 119
249 258
122 120
120 121
172 122
122 123
125 124
148 125
125 126
128 127
155 128
128 129
270 269
249 268
166 167
117 118
70 59
59 58
56 55
52 54
70 57
78 56
50 51
57 50
52 53
57 52
249 259
163 164
205 201
203 199
176 179
199 200
196 195
193 194
196 197
176 178
190 191
195 190
201 193
193 192
114 115
176 177
89 88
102 89
249 111
111 110
114 113
111 112
83 82
99 83
82 80
82 81
99 86
86 87
83 84
86 85
249 251
199 198
249 108
249 256
207 206
237 226
249 257
41 3
249 254
6 7
246 247
249 255
226 225
246 245
240 244
182 181
108 109
240 241
269 240
240 243
240 242
249 102
104 103
99 100
99 101
104 106
104 107
240 104
104 105
38 39
50 38
32 33
70 32
30 31
46 30
38 37
35 36
70 35
35 34
269 246
249 114
249 252
207 205
224 223
270 207
185 176
61 60
70 61
61 62
61 63
70 64
64 65
64 66
64 67
64 68
70 69
176 175
172 174
172 173
176 172
172 171
169 170
205 203
223 222
269 249
249 253
249 248
190 182
182 183
176 180
3 2
163 162
188 187
185 184
44 6
185 186
190 188
188 189
201 202
203 196
219 221
195 185
249 99
96 98
166 168
172 169
230 229
226 228
89 91
89 90
102 93
93 92
96 95
93 94
96 97
176 163
61 11
11 10
14 13
11 12
14 15
64 14
16 17
52 16
32 19
19 18
128 117
249 250
117 116
205 204
150 151
169 150
150 153
150 152
163 155
155 154
169 157
157 156
160 159
157 158
269 238
240 239
235 234
238 235
235 236
238 237
237 230
230 231
269 232
232 233
232 224
64 48
48 49
59 46
48 47
70 44
46 45
41 42
44 43
41 40
64 41
11 1
6 5
8 9
145 146
148 147
145 144
172 145
138 142
138 143
138 140
138 141
211 209
209 208
163 148
150 149
78 77
70 76
70 75
70 74
70 73
70 72
70 71
80 70
249 96
80 79
79 78
249 263
249 262
226 227
249 261
249 260
249 267
249 266
