466
844
0
631 5
632 6
637 7
641 8
635 11
633 12
630 14
547 21
545 22
571 23
621 24
617 26
594 28
596 29
606 31
551 36
552 37
564 38
589 41
587 42
580 44
582 45
604 49
541 51
539 52
558 57
556 58
570 61
568 62
523 64
525 65
600 68
625 70
624 71
548 77
550 78
613 81
544 84
542 85
598 86
627 87
555 89
553 90
615 91
579 97
577 98
574 100
576 101
602 102
562 107
559 108
561 109
565 110
567 111
628 112
593 115
591 116
610 118
612 119
586 122
585 123
583 124
522 127
520 128
411 137
413 139
414 140
436 142
433 144
430 146
432 147
463 150
459 151
420 156
417 157
419 158
403 160
405 161
464 164
458 167
460 168
457 170
461 171
462 172
315 174
316 174
490 177
478 184
534 186
470 188
487 189
499 191
498 192
518 198
515 201
514 202
497 204
495 206
496 207
454 211
516 212
456 215
455 216
503 219
504 221
505 222
501 223
474 227
513 228
472 229
468 231
465 233
467 234
517 236
519 237
511 239
506 242
508 243
509 244
449 246
452 247
483 249
528 250
477 255
475 256
531 259
538 261
481 262
492 264
491 265
533 268
526 270
535 272
530 273
529 273
536 273
537 279
532 280
489 283
494 284
484 286
486 287
434 290
435 291
438 293
440 294
500 297
338 300
335 302
337 303
446 305
377 308
375 309
383 312
354 314
355 315
381 316
425 320
422 321
362 324
360 325
384 329
386 330
406 331
408 332
448 335
527 336
421 340
409 341
423 343
442 344
447 348
445 350
444 351
427 354
429 356
428 357
426 358
443 359
451 361
317 366
319 367
314 369
312 370
345 372
343 373
380 377
378 378
402 381
400 382
323 385
326 386
341 388
325 390
324 391
395 397
394 399
398 400
399 401
396 402
416 403
356 406
357 407
390 413
391 414
392 415
393 416
305 419
307 420
389 421
388 423
273 427
304 428
301 429
303 431
275 432
352 436
330 438
296 440
300 442
299 444
297 446
298 447
333 452
334 454
332 455
351 456
310 459
311 460
308 461
320 464
322 465
349 468
348 470
346 471
359 475
366 476
368 478
370 479
372 482
327 485
329 486
339 488
295 490
294 491
363 495
367 496
365 498
374 499
369 501
371 502
185 508
183 509
167 515
196 516
193 518
174 520
194 521
157 524
159 525
176 526
199 529
198 530
212 531
197 533
179 536
177 537
165 538
180 542
182 543
170 545
168 546
189 548
187 549
148 554
144 558
72 562
78 564
17 566
15 567
74 568
95 569
138 571
147 574
140 575
141 576
151 578
150 579
126 585
106 588
119 590
117 591
109 592
128 594
135 600
132 601
137 602
42 604
40 605
133 608
136 609
124 610
71 613
61 615
62 617
52 619
54 621
59 622
83 624
84 625
111 629
23 632
21 633
92 637
94 638
113 640
115 641
112 642
127 645
69 647
67 651
65 652
63 654
12 657
10 658
66 659
68 661
98 662
114 664
116 665
103 669
6 672
4 673
33 677
34 679
35 681
105 682
85 683
24 685
26 686
43 692
45 693
18 695
20 696
36 698
37 699
46 703
87 704
108 706
48 707
90 710
89 711
9 713
7 714
0 717
1 718
14 719
129 720
91 725
100 728
88 730
28 731
3 734
2 735
38 736
55 740
102 741
82 743
29 745
31 746
125 750
80 751
57 754
58 755
101 756
51 759
50 760
49 761
134 763
131 764
130 765
153 766
156 768
120 772
122 773
75 775
77 776
142 777
162 780
163 781
160 783
164 784
289 789
276 790
282 796
259 798
258 799
257 801
256 802
285 806
246 807
280 810
288 811
292 812
268 815
272 816
291 819
290 820
278 821
281 822
287 825
293 826
225 829
221 832
202 834
201 834
223 837
224 838
261 841
255 842
254 843
271 846
244 850
228 852
230 853
227 854
283 856
247 860
232 862
252 863
251 865
279 866
284 868
270 869
250 873
248 874
190 876
191 877
249 880
286 881
243 884
233 886
235 890
236 891
239 893
237 894
238 895
266 899
262 901
264 902
242 903
265 905
240 906
206 909
208 910
203 914
205 915
211 920
217 921
215 922
216 924
209 926
218 927
219 928
173 930
171 931
0 1
1 2
2 3
3 4
4 5
4 6
3 7
2 8
1 9
9 10
10 11
10 12
9 13
13 14
13 15
15 16
16 17
17 18
18 19
19 20
20 21
20 22
19 23
18 24
17 25
25 26
25 27
27 28
27 29
16 30
30 31
30 32
32 33
33 34
34 35
35 36
35 37
34 38
33 39
39 40
40 41
40 42
39 43
43 44
43 45
32 46
46 48
48 49
48 50
50 51
50 52
46 53
53 54
54 55
55 56
56 57
56 58
55 59
59 60
60 61
60 62
59 63
63 64
63 65
54 66
66 67
67 68
67 69
69 70
69 71
66 72
72 73
73 75
75 76
76 77
76 78
75 79
79 80
80 81
80 82
82 83
83 84
83 85
82 86
79 87
73 88
88 89
88 90
73 91
72 92
92 93
93 94
94 95
95 96
96 97
96 98
95 99
99 100
99 101
94 102
93 103
103 104
104 105
105 107
105 108
105 109
104 110
103 111
92 112
53 113
113 114
114 115
114 116
113 117
117 118
117 119
46 120
120 121
121 122
121 123
120 124
15 125
125 126
126 127
126 128
125 129
129 130
130 131
131 132
132 133
133 134
134 135
135 136
136 137
136 139
136 140
135 141
141 142
141 143
143 144
143 146
143 147
134 148
148 149
149 150
149 151
148 152
152 153
153 155
155 156
155 157
153 158
153 159
159 160
159 161
152 162
162 163
163 164
163 165
165 166
166 167
166 168
165 170
165 171
162 172
133 173
173 174
173 177
132 178
178 179
179 180
180 181
181 182
182 183
183 184
183 185
185 186
185 188
185 189
182 190
190 191
190 192
181 194
194 196
196 197
197 198
197 199
199 200
200 201
200 202
199 203
203 204
203 205
205 206
205 207
196 209
209 210
210 211
210 212
209 214
214 215
214 216
209 217
217 218
218 219
218 221
218 222
217 223
196 224
224 225
225 227
225 228
225 229
224 230
230 231
230 232
232 233
232 234
194 235
235 236
235 237
194 238
238 239
238 241
241 242
241 243
238 244
181 245
245 246
245 247
180 248
248 249
248 250
179 251
251 252
252 253
253 254
254 255
254 256
253 257
257 258
258 259
258 261
258 262
257 263
263 264
263 265
252 266
266 267
267 268
267 270
267 272
267 273
266 278
278 279
278 280
251 281
281 282
282 283
282 284
281 285
285 286
285 287
178 288
288 289
289 290
289 291
288 292
292 293
292 294
131 295
295 296
296 297
296 299
299 300
299 301
301 302
301 303
296 305
296 307
307 308
307 309
296 310
310 311
311 312
311 313
313 314
313 315
310 316
295 317
317 318
318 319
319 320
319 321
318 323
323 324
323 325
318 327
327 328
328 329
328 330
327 331
318 332
317 333
333 334
334 335
334 336
333 337
337 338
338 339
339 340
339 341
338 342
342 343
342 344
337 345
345 348
345 349
349 350
349 351
345 352
352 353
353 354
353 356
353 357
352 358
345 359
130 360
360 361
360 363
363 364
364 365
365 366
365 367
364 368
368 369
368 370
363 371
371 372
371 373
360 374
374 375
375 376
376 377
376 378
375 379
379 380
380 381
380 382
379 383
383 384
384 385
384 386
383 387
387 388
387 389
389 390
389 391
374 392
392 393
393 394
394 395
395 396
396 397
396 398
398 399
398 400
395 401
394 402
393 403
392 404
404 405
405 406
405 407
404 409
409 411
411 412
412 413
412 414
411 415
409 416
409 417
417 418
418 419
418 420
417 421
404 422
422 423
422 424
424 425
425 426
426 427
426 428
425 429
424 430
430 431
430 432
129 433
433 434
434 435
435 436
435 437
437 438
437 439
439 440
439 442
439 443
443 444
443 446
443 447
434 448
448 449
449 450
450 451
451 452
451 454
451 455
450 456
449 457
457 458
458 459
458 460
457 461
448 462
462 463
463 464
463 465
462 466
466 467
467 468
467 470
467 471
466 473
473 474
474 475
474 476
473 477
477 478
477 479
466 480
480 481
481 482
481 484
484 485
484 486
481 487
487 488
487 489
489 490
489 491
480 492
492 494
494 495
494 496
492 497
497 498
497 499
492 501
492 502
433 503
503 504
504 505
505 506
506 508
506 509
506 510
510 511
511 512
512 513
513 514
514 515
514 516
513 517
517 518
517 520
517 521
512 522
522 523
523 524
523 525
522 526
511 527
527 528
528 529
528 530
527 531
510 533
510 534
534 536
534 537
534 538
505 539
539 540
540 541
541 542
541 543
540 544
544 545
544 546
539 547
547 548
547 549
504 550
550 551
551 552
552 553
553 554
553 556
556 557
557 558
557 559
559 560
560 561
561 562
561 563
563 564
563 565
565 566
565 567
560 568
559 569
556 570
570 571
570 572
572 574
572 575
572 576
553 577
577 578
577 579
552 581
581 583
583 584
584 585
584 586
586 587
587 588
587 589
589 590
589 591
586 592
583 593
593 594
593 595
595 596
596 598
598 600
598 601
598 602
596 603
603 604
603 605
596 606
606 607
607 608
607 609
606 610
595 611
611 613
611 614
614 615
614 616
616 617
616 618
618 619
618 620
620 621
620 622
611 623
623 624
623 625
581 626
626 627
627 628
628 629
628 630
630 631
631 632
631 633
630 635
635 636
636 637
636 638
635 640
635 641
630 642
627 644
644 645
644 646
646 647
646 649
649 650
650 651
650 652
649 654
649 656
656 657
656 658
649 659
646 661
646 662
627 663
663 664
663 665
626 666
666 667
667 668
668 669
668 670
670 671
671 672
671 673
670 674
674 676
676 677
676 679
676 680
680 681
680 682
674 683
674 684
684 685
684 686
667 687
687 689
689 690
690 691
691 692
691 693
690 694
694 695
694 696
689 697
697 698
697 699
687 701
701 703
701 704
701 706
701 707
687 709
709 710
709 711
687 712
712 713
712 714
687 715
715 716
716 717
716 718
715 719
666 720
581 721
721 722
722 723
723 724
724 725
724 726
726 727
727 728
727 729
729 730
729 731
726 732
732 733
733 734
733 735
732 736
723 737
737 739
739 740
739 741
737 742
742 743
742 744
744 745
744 746
737 747
747 748
748 749
749 750
749 751
748 753
753 754
753 755
748 756
747 757
757 759
757 760
757 761
722 762
762 763
762 764
721 765
552 766
551 767
767 768
767 769
769 770
770 771
771 772
771 773
770 774
774 775
774 776
769 777
550 778
778 779
779 780
779 781
778 782
782 783
782 784
503 785
785 786
786 787
787 788
788 789
788 790
787 791
791 792
792 793
793 795
795 796
795 797
797 798
797 799
793 800
800 801
800 802
793 804
804 806
804 807
804 808
808 809
809 810
809 811
808 812
793 814
814 815
814 816
793 817
817 818
818 819
818 820
817 821
792 822
791 823
823 824
824 825
824 826
823 827
827 828
828 829
828 831
831 832
831 833
833 834
833 837
828 838
827 839
839 841
839 842
839 843
786 844
844 845
845 846
845 847
847 848
848 849
849 850
849 851
851 852
851 853
848 854
847 856
847 857
857 858
858 859
859 860
859 861
861 862
861 863
858 864
864 865
864 866
857 867
867 868
867 869
844 870
870 871
871 873
871 874
871 875
875 876
875 877
870 879
879 880
879 881
870 882
882 883
883 884
883 885
885 886
885 888
888 889
889 890
889 891
888 893
888 894
885 895
882 896
896 897
897 898
898 899
898 900
900 901
900 902
897 903
896 904
904 905
904 906
785 907
907 908
908 909
908 910
907 911
911 913
913 914
913 915
911 916
916 917
917 919
919 920
919 921
917 922
917 923
923 924
923 926
923 927
916 928
911 929
929 930
929 931
