466
931
0
532 23
536 29
526 31
533 32
435 34
434 35
529 36
499 38
498 39
530 40
537 41
535 43
511 46
509 47
508 49
506 50
538 55
481 56
531 57
477 59
475 60
492 65
491 66
452 67
449 68
478 69
534 75
494 77
489 78
470 79
487 80
513 82
474 84
472 85
454 89
440 92
438 93
414 95
413 97
411 98
486 101
484 102
528 105
517 106
483 107
527 113
406 114
516 120
386 122
384 123
425 126
423 127
409 128
442 131
421 133
422 134
428 136
427 138
426 139
500 143
446 144
383 148
355 150
354 151
381 152
377 155
375 156
338 158
337 160
335 161
445 164
444 165
362 167
360 168
448 172
429 173
447 174
408 175
443 176
519 177
518 183
456 185
455 186
514 187
515 189
497 192
496 193
495 194
505 198
503 199
504 200
501 201
468 203
467 205
465 206
436 208
433 211
430 212
432 213
464 218
357 224
356 225
393 231
392 232
391 233
390 234
388 236
275 239
303 240
304 243
273 244
301 245
389 247
307 249
305 250
416 251
399 254
396 255
398 257
395 259
394 260
380 262
378 263
463 270
458 272
459 273
457 274
460 275
462 277
461 278
419 280
417 282
405 284
403 285
374 290
372 292
371 299
365 301
329 303
327 304
369 305
370 307
366 310
359 311
349 314
346 315
348 316
368 317
367 318
339 320
295 322
294 323
363 324
322 327
320 328
293 338
287 339
281 340
292 354
278 355
285 357
288 359
280 360
290 362
257 364
256 365
272 368
268 369
270 370
291 372
289 375
276 376
252 377
259 379
258 380
282 382
227 384
219 386
211 389
217 390
218 393
209 394
216 398
215 399
205 401
203 402
173 404
171 405
254 408
224 413
221 414
202 416
201 417
225 419
223 420
255 422
208 424
206 425
261 426
266 432
262 433
264 434
240 435
247 436
232 437
230 440
228 441
246 443
244 444
283 446
250 449
191 451
190 452
248 453
284 455
279 457
251 458
286 460
249 461
239 466
238 469
237 470
236 471
265 473
235 475
233 476
243 477
242 478
271 480
164 487
160 488
163 490
162 491
156 493
153 498
148 499
137 509
126 512
84 515
83 516
42 518
40 519
108 521
119 524
117 525
106 526
129 532
87 534
46 535
90 537
89 538
88 541
9 543
48 545
7 546
28 548
14 550
1 552
0 553
55 556
37 558
36 559
45 562
43 563
20 565
18 566
101 571
58 573
57 574
100 577
51 581
49 582
50 583
38 585
3 587
2 588
91 590
82 592
31 594
29 595
102 596
105 604
33 605
85 606
35 607
34 608
6 610
4 611
26 613
24 614
103 615
130 617
124 618
135 620
109 621
71 623
62 627
61 628
54 630
52 631
59 632
136 635
133 636
132 637
127 639
116 643
114 647
94 650
92 651
111 652
23 654
21 655
98 657
69 659
12 666
10 667
66 668
68 669
63 670
65 671
67 672
112 673
115 675
113 676
128 677
134 680
131 681
125 683
80 684
151 687
144 690
147 692
140 693
141 696
95 698
78 701
74 703
72 704
17 706
15 707
138 708
150 709
77 713
75 714
120 716
122 717
142 718
179 721
177 722
165 723
212 726
199 728
198 729
197 733
196 736
194 739
193 740
185 742
183 743
167 744
176 746
174 747
182 751
180 752
189 753
187 755
170 757
168 758
159 760
157 761
352 763
299 766
297 769
298 770
296 771
330 773
300 774
334 777
333 778
332 779
351 780
311 783
308 784
310 785
420 786
490 787
345 791
343 792
319 794
317 796
314 798
312 799
316 801
315 802
451 803
402 806
400 807
341 809
326 813
324 814
325 815
323 816
582 818
580 819
564 821
552 823
551 824
606 828
571 830
547 832
545 833
558 835
556 836
624 838
600 839
602 842
586 846
585 847
583 848
579 851
577 852
576 854
574 855
567 858
561 860
562 862
559 863
565 864
604 867
541 869
539 870
522 872
520 873
615 875
613 876
617 879
596 881
594 882
570 885
568 886
525 888
523 889
612 893
628 894
621 900
555 902
553 903
550 905
548 906
598 908
544 910
542 911
610 913
593 915
591 916
627 917
589 919
587 920
625 921
630 922
635 924
633 925
637 927
632 929
631 930
641 931
0 1
1 2
2 3
3 4
4 5
5 6
6 7
7 8
8 9
9 10
10 11
11 12
12 13
13 14
14 15
15 16
16 17
17 18
18 19
19 20
20 21
21 22
22 23
22 24
24 25
25 26
26 27
27 28
28 29
28 30
30 31
30 32
27 33
33 34
33 35
26 36
25 37
37 38
37 39
24 40
21 41
20 42
42 43
42 44
44 45
45 46
45 47
44 48
48 49
48 50
19 51
51 52
52 53
53 54
54 55
54 56
53 57
52 58
58 59
58 60
51 61
61 62
62 63
63 64
64 65
64 66
63 67
62 68
61 69
18 70
70 71
71 72
72 73
73 74
74 75
74 76
76 77
76 78
73 79
72 80
71 81
81 82
81 83
83 84
83 85
70 86
86 87
87 88
88 89
88 90
90 91
91 92
91 93
90 94
94 95
94 96
96 97
96 98
87 99
99 100
100 101
100 102
99 103
103 104
104 105
104 106
103 107
86 108
108 109
109 110
110 111
111 112
112 113
112 114
111 115
115 116
116 117
117 118
118 119
119 120
119 121
121 122
121 123
118 124
124 125
125 126
125 127
124 128
117 129
129 130
130 131
130 132
132 133
132 134
129 135
135 136
135 137
137 138
137 139
116 140
140 141
141 142
142 143
142 144
141 145
145 146
146 147
147 148
147 149
149 150
149 151
146 152
145 153
153 154
154 155
154 156
153 157
157 158
157 159
159 160
159 161
140 162
162 163
163 164
163 165
162 166
166 167
166 168
115 169
169 170
170 171
171 172
171 173
170 174
169 175
110 176
109 177
108 178
178 179
179 180
180 181
181 182
182 183
182 184
184 185
184 186
181 187
180 188
188 189
188 190
190 191
191 192
191 193
190 194
179 195
195 196
196 197
197 198
197 199
196 200
195 201
178 202
202 203
202 204
204 205
204 206
17 207
207 208
207 209
209 210
210 211
210 212
209 213
16 214
214 215
215 216
216 217
217 218
217 219
219 220
220 221
221 222
222 223
223 224
223 225
222 226
226 227
227 228
228 229
229 230
230 231
230 232
229 233
228 234
227 235
235 236
235 237
237 238
238 239
238 240
237 241
241 242
242 243
242 244
241 245
226 246
246 247
246 248
248 249
248 250
221 251
220 252
252 253
253 254
253 255
252 256
256 257
256 258
258 259
258 260
219 261
261 262
261 263
216 264
264 265
265 266
266 267
267 268
268 269
269 270
269 271
271 272
271 273
268 274
267 275
266 276
276 277
276 278
265 279
279 280
279 281
281 282
281 283
283 284
283 285
264 286
286 287
287 288
288 289
289 290
289 291
291 292
291 293
293 294
294 295
295 296
296 297
297 298
298 299
298 300
300 301
300 302
302 303
302 304
297 305
296 306
306 307
306 308
308 309
309 310
309 311
308 312
312 313
313 314
313 315
312 316
295 317
294 318
293 319
319 320
319 321
321 322
321 323
288 324
287 325
325 326
326 327
326 328
325 329
329 330
330 331
331 332
332 333
333 334
334 335
335 336
336 337
337 338
337 339
336 340
335 341
341 342
342 343
343 344
344 345
345 346
346 347
347 348
348 349
349 350
350 351
351 352
352 353
353 354
353 355
352 356
356 357
356 358
358 359
358 360
351 361
361 362
361 363
363 364
363 365
350 366
366 367
367 368
367 369
366 370
349 371
371 372
371 373
373 374
374 375
374 376
373 377
348 378
378 379
378 380
347 381
381 382
381 383
383 384
383 385
385 386
385 387
387 388
388 389
388 390
387 391
391 392
392 393
392 394
391 395
395 396
396 397
397 398
397 399
396 400
400 401
400 402
395 403
403 404
403 405
346 406
406 407
407 408
407 409
409 410
410 411
411 412
412 413
412 414
411 415
415 416
415 417
410 418
418 419
418 420
409 421
421 422
421 423
423 424
423 425
406 426
345 427
427 428
428 429
429 430
430 431
431 432
431 433
430 434
429 435
428 436
427 437
344 438
438 439
439 440
439 441
438 442
442 443
442 444
343 445
445 446
445 447
447 448
448 449
448 450
450 451
450 452
447 453
342 454
454 455
454 456
456 457
456 458
341 459
459 460
459 461
334 462
462 463
463 464
464 465
465 466
465 467
467 468
468 469
468 470
467 471
464 472
472 473
472 474
474 475
474 476
463 477
462 478
333 479
479 480
479 481
481 482
482 483
483 484
484 485
485 486
486 487
486 488
485 489
489 490
489 491
484 492
492 493
492 494
494 495
495 496
496 497
497 498
497 499
496 500
500 501
501 502
502 503
503 504
504 505
505 506
506 507
507 508
508 509
508 510
510 511
511 512
511 513
513 514
514 515
514 516
513 517
517 518
517 519
510 520
520 521
520 522
522 523
523 524
523 525
522 526
507 527
527 528
528 529
529 530
530 531
531 532
531 533
533 534
533 535
530 536
536 537
536 538
529 539
539 540
540 541
540 542
542 543
542 544
544 545
544 546
539 547
547 548
547 549
549 550
549 551
551 552
551 553
528 554
554 555
555 556
555 557
557 558
557 559
554 560
560 561
561 562
561 563
560 564
564 565
564 566
527 567
567 568
568 569
569 570
570 571
570 572
572 573
572 574
569 575
575 576
576 577
576 578
578 579
579 580
580 581
580 582
579 583
578 584
584 585
584 586
586 587
586 588
575 589
589 590
589 591
591 592
591 593
593 594
593 595
568 596
567 597
597 598
598 599
599 600
600 601
601 602
602 603
603 604
603 605
602 606
601 607
600 608
599 609
609 610
609 611
598 612
612 613
612 614
597 615
506 616
616 617
616 618
505 619
619 620
619 621
504 622
622 623
622 624
624 625
625 626
626 627
626 628
625 629
629 630
629 631
624 632
503 633
633 634
634 635
634 636
633 637
502 638
638 639
638 640
640 641
641 642
642 643
642 644
644 645
645 646
646 647
646 648
648 649
649 650
649 651
648 652
645 653
653 654
653 655
644 656
656 657
656 658
658 659
658 660
660 661
661 662
662 663
663 664
664 665
665 666
665 667
664 668
663 669
662 670
661 671
660 672
641 673
640 674
674 675
674 676
501 677
500 678
678 679
679 680
679 681
678 682
682 683
682 684
495 685
685 686
686 687
686 688
688 689
689 690
689 691
691 692
691 693
688 694
694 695
695 696
695 697
697 698
697 699
699 700
700 701
700 702
702 703
702 704
699 705
705 706
705 707
694 708
685 709
494 710
710 711
711 712
712 713
712 714
711 715
715 716
715 717
710 718
483 719
719 720
720 721
720 722
719 723
482 724
724 725
725 726
725 727
727 728
727 729
724 730
730 731
731 732
732 733
732 734
734 735
735 736
735 737
737 738
738 739
738 740
737 741
741 742
741 743
734 744
731 745
745 746
745 747
730 748
748 749
749 750
750 751
750 752
749 753
748 754
754 755
754 756
756 757
756 758
481 759
759 760
759 761
332 762
762 763
762 764
764 765
765 766
765 767
767 768
768 769
768 770
767 771
764 772
772 773
772 774
331 775
775 776
776 777
776 778
775 779
330 780
329 781
781 782
782 783
782 784
781 785
286 786
215 787
214 788
788 789
789 790
790 791
790 792
789 793
793 794
793 795
795 796
795 797
797 798
797 799
788 800
800 801
800 802
15 803
14 804
804 805
805 806
805 807
804 808
808 809
808 810
810 811
811 812
812 813
812 814
811 815
810 816
13 817
817 818
817 819
12 820
820 821
820 822
822 823
822 824
11 825
825 826
826 827
827 828
827 829
829 830
829 831
831 832
831 833
826 834
834 835
834 836
825 837
837 838
837 839
10 840
840 841
841 842
841 843
843 844
844 845
845 846
845 847
844 848
843 849
849 850
850 851
850 852
849 853
853 854
853 855
840 856
856 857
857 858
857 859
859 860
859 861
861 862
861 863
856 864
9 865
865 866
866 867
866 868
868 869
868 870
865 871
871 872
871 873
8 874
874 875
874 876
7 877
877 878
878 879
878 880
880 881
880 882
877 883
883 884
884 885
884 886
883 887
887 888
887 889
6 890
890 891
891 892
892 893
892 894
891 895
895 896
896 897
897 898
898 899
899 900
899 901
901 902
901 903
898 904
904 905
904 906
897 907
907 908
907 909
909 910
909 911
896 912
912 913
912 914
914 915
914 916
895 917
890 918
918 919
918 920
5 921
4 922
3 923
923 924
923 925
2 926
926 927
926 928
928 929
928 930
1 931
