466
642
642
0 132
346 571
341 522
343 291
348 501
349 593
594 506
298 252
299 303
296 40
297 324
294 83
295 538
292 442
293 459
290 126
291 429
591 425
593 131
199 217
198 360
596 359
194 330
197 26
196 552
191 250
190 141
193 88
270 125
271 486
272 216
273 613
275 62
276 509
278 567
279 371
525 296
526 138
527 221
520 120
522 223
523 515
528 151
529 7
449 363
448 180
443 349
442 57
440 329
447 390
446 42
445 420
444 140
108 541
109 445
102 604
103 320
100 258
101 240
106 23
105 615
38 532
33 518
31 395
37 298
36 127
35 136
34 28
641 325
438 403
436 500
434 394
435 323
432 197
433 391
430 508
339 194
338 517
335 585
334 304
337 170
330 333
333 499
332 293
345 15
6 319
98 396
91 356
90 134
92 606
95 627
94 173
559 481
558 24
555 458
556 365
551 337
550 381
553 594
552 637
238 462
239 354
235 288
236 50
237 556
230 20
232 305
233 90
1 119
147 338
144 528
142 256
140 346
141 461
612 602
613 183
610 237
617 219
148 244
615 243
133 157
132 0
131 362
130 148
137 116
136 38
135 94
134 199
494 468
495 530
496 497
138 294
490 503
491 587
492 326
24 583
26 187
20 416
21 9
23 312
28 579
29 12
406 335
405 531
403 111
402 275
400 268
409 35
408 218
378 289
371 87
370 176
372 242
375 164
374 463
377 457
393 564
392 440
391 246
89 36
396 448
395 427
394 465
82 85
83 490
80 452
398 514
87 10
84 446
85 483
7 589
586 71
587 100
585 409
582 153
583 438
580 383
589 591
244 160
247 536
246 29
240 472
243 265
242 548
249 539
248 475
519 292
518 368
511 380
513 577
515 454
514 78
517 474
516 37
458 519
459 449
621 196
627 232
625 137
624 212
451 526
452 14
628 635
454 66
455 378
456 343
457 495
179 421
177 467
176 18
174 341
173 332
171 492
170 203
182 366
183 230
180 208
2 271
187 264
185 191
189 227
10 257
12 610
15 46
14 559
17 405
18 233
62 215
322 225
323 428
320 270
326 568
327 386
324 133
325 68
329 411
201 279
203 147
202 105
205 533
206 516
209 432
208 498
77 375
75 470
74 278
72 299
71 414
78 2
542 1
541 547
547 63
544 150
545 334
548 444
68 520
598 339
120 295
122 489
124 3
125 117
126 430
127 74
128 621
129 159
414 311
416 179
417 553
411 59
413 109
498 4
419 307
499 135
319 314
312 45
311 58
310 558
317 255
316 392
315 202
314 443
497 174
3 372
368 162
369 84
366 72
367 251
365 384
362 561
363 261
360 477
380 369
381 238
383 182
384 625
386 31
388 582
389 504
579 206
604 130
571 374
570 228
577 576
576 598
574 54
61 248
258 34
259 408
65 535
66 114
67 112
252 511
69 367
250 43
251 266
256 426
257 201
254 283
255 171
602 422
508 290
509 48
506 423
504 389
505 484
503 542
500 327
501 355
630 494
631 249
632 254
633 406
468 413
637 433
465 61
464 177
467 436
461 52
460 190
463 102
462 247
168 282
164 142
165 108
167 67
160 98
162 310
163 544
9 316
357 301
356 345
355 633
354 209
352 189
351 77
359 456
216 357
217 464
215 550
212 198
211 103
218 113
219 273
289 82
288 600
4 224
281 285
280 6
283 91
282 447
285 525
284 272
287 491
286 185
262 163
261 236
266 562
265 624
264 352
268 284
59 297
58 33
55 351
54 537
57 513
51 51
50 455
52 80
537 280
536 596
535 281
63 129
533 205
532 144
531 393
530 92
539 101
538 21
115 586
114 287
117 239
116 322
111 417
113 555
112 377
119 496
429 49
428 106
534 631
421 259
420 262
423 580
422 156
425 167
427 95
426 65
308 402
300 388
301 235
303 168
304 69
305 348
307 523
568 286
561 124
562 487
564 370
565 211
567 165
228 628
227 460
225 434
224 128
223 478
221 617
88 419
390 398
151 300
150 551
153 451
606 400
600 193
157 529
156 315
159 435
399 17
635 89
48 630
49 570
46 122
45 317
42 505
43 527
40 641
489 534
487 276
486 75
484 574
483 308
481 545
472 612
470 399
477 115
474 55
475 632
478 565
471 344
1 0
347 346
358 347
364 340
342 341
379 342
344 343
347 348
347 349
618 595
607 606
595 594
622 619
297 298
297 299
297 296
331 297
340 294
294 295
277 292
277 293
277 290
277 291
592 591
626 590
592 593
619 592
200 199
199 198
620 597
595 596
200 195
192 194
195 197
195 196
190 191
231 190
192 193
195 192
269 270
269 271
269 272
274 273
302 274
274 275
277 276
350 277
277 278
277 279
590 524
524 525
607 526
526 527
521 520
626 521
521 522
524 523
622 599
526 528
526 529
450 449
441 448
441 443
441 442
512 441
439 440
441 447
441 446
441 445
441 444
107 108
107 109
99 102
104 103
99 100
99 101
107 106
123 107
123 104
104 105
99 39
39 38
32 33
104 32
30 31
81 30
36 37
56 36
32 35
32 34
640 641
642 640
439 438
526 439
437 436
526 437
435 434
526 435
431 432
431 433
431 430
437 431
340 339
336 338
336 335
331 334
336 337
409 336
350 331
331 330
331 333
331 332
344 345
5 6
104 99
97 98
86 91
86 90
110 93
93 92
96 95
93 94
110 97
145 96
560 559
557 558
554 555
622 554
623 557
557 556
552 551
549 550
554 553
563 552
234 238
234 239
241 234
234 235
234 236
234 237
229 230
247 231
231 232
234 233
13 1
622 614
149 146
146 147
145 144
146 145
143 142
155 143
139 140
139 141
611 612
614 613
611 610
626 611
626 616
618 617
149 148
154 149
626 623
626 622
123 133
123 132
123 131
123 130
123 137
123 136
123 135
123 134
493 494
496 495
146 139
139 138
488 490
492 491
526 492
526 493
25 24
104 25
25 26
86 27
19 20
22 21
110 22
22 23
27 28
30 29
441 407
407 406
404 405
418 404
404 403
401 402
471 401
401 400
639 629
453 409
407 408
626 628
526 379
379 378
364 371
364 370
458 373
364 372
376 375
373 374
376 377
421 376
626 618
390 393
390 392
86 88
86 89
415 397
397 396
397 395
395 394
81 82
84 83
81 80
99 81
104 86
86 87
123 84
86 85
8 7
623 601
608 607
584 586
588 587
603 584
584 585
581 582
584 583
581 580
609 581
616 588
588 589
277 245
245 244
277 247
245 246
263 241
241 240
241 243
241 242
614 615
247 249
247 248
512 519
512 518
510 511
526 510
512 513
526 512
512 515
512 514
512 517
512 516
488 458
458 459
620 621
626 620
626 627
629 626
623 625
623 624
479 450
450 451
450 452
512 453
453 454
512 455
455 456
458 457
178 179
195 178
178 177
175 176
192 175
175 174
172 173
214 172
172 171
169 170
260 253
181 182
184 183
181 180
188 181
195 186
188 187
186 184
184 185
195 188
188 189
64 11
11 10
27 13
11 12
16 15
13 14
16 17
73 16
86 19
19 18
60 62
321 322
342 323
321 320
353 321
323 326
328 327
323 324
323 325
364 328
328 329
202 201
213 200
204 203
222 202
204 205
214 204
253 207
207 206
210 209
207 208
76 77
121 76
76 75
73 74
79 73
73 72
70 71
123 70
96 79
79 78
39 2
543 542
599 543
605 540
540 541
572 546
546 547
543 544
546 545
86 8
549 548
619 549
64 68
599 598
121 120
143 121
121 122
152 123
123 124
123 125
123 126
123 127
123 128
123 129
412 414
488 415
415 416
418 417
415 410
412 411
482 412
412 413
499 498
458 418
418 419
526 499
318 319
344 318
318 313
313 312
309 311
309 310
318 317
315 316
526 315
313 314
512 496
496 497
2 3
364 368
364 369
364 366
364 367
373 364
364 365
361 362
364 363
361 360
407 361
379 380
382 381
441 382
382 383
385 384
512 385
385 386
390 387
387 388
390 389
616 605
578 579
597 578
603 604
626 573
626 572
572 571
569 570
578 577
575 576
597 575
575 574
70 60
60 61
277 258
258 259
97 64
64 65
64 66
64 67
247 252
64 69
247 250
247 251
257 256
277 257
253 254
253 255
605 603
601 602
507 508
510 509
507 506
510 507
502 504
502 505
512 502
502 503
499 500
502 501
629 630
632 631
636 632
634 633
512 469
469 468
638 636
636 637
466 465
458 464
466 467
469 466
458 461
458 460
458 463
458 462
169 168
188 169
161 164
166 165
195 166
166 167
161 160
186 161
161 162
161 163
601 600
8 9
410 357
357 356
354 355
382 354
358 353
350 352
350 351
353 350
358 359
364 358
214 216
214 217
220 214
214 215
213 212
267 213
214 210
210 211
214 218
220 219
277 289
277 288
5 4
277 281
277 280
277 283
277 282
277 285
277 284
277 287
277 286
277 263
263 262
260 261
267 260
277 267
263 266
263 265
263 264
277 269
269 268
60 59
99 58
56 55
53 54
58 57
86 56
50 51
99 50
60 53
53 52
526 537
526 536
526 535
64 63
526 533
526 532
526 531
526 530
540 539
526 538
110 115
110 114
118 117
110 116
110 111
123 110
110 113
110 112
118 119
123 118
427 429
427 428
526 534
441 421
418 420
424 423
421 422
424 425
512 424
441 427
427 426
309 308
350 309
297 300
302 301
387 302
302 303
302 304
306 305
390 306
306 307
569 568
590 569
573 560
560 561
560 562
608 563
563 564
566 565
573 566
566 567
244 229
229 228
226 227
247 226
222 225
222 224
222 223
253 222
222 221
226 220
390 391
410 390
149 151
149 150
152 153
154 152
161 155
155 154
158 157
155 156
158 159
195 158
623 609
609 608
638 634
397 399
634 635
397 398
47 48
50 49
47 46
86 47
86 44
44 45
41 42
44 43
41 40
123 41
639 638
32 5
640 639
488 489
526 488
488 487
485 486
493 485
485 484
482 483
526 482
480 481
526 480
473 472
512 473
471 470
526 471
480 476
476 477
473 474
476 475
479 478
526 479
