466
642
642
0 443
346 481
341 83
343 88
348 141
349 625
594 33
298 9
299 633
296 128
297 240
294 112
295 136
292 589
293 500
290 375
291 632
591 518
593 105
199 288
198 486
596 413
194 31
197 527
196 628
191 423
190 606
193 354
270 212
271 541
272 388
273 641
275 547
276 346
278 515
279 390
525 69
526 470
527 593
520 75
522 62
523 74
528 144
529 525
449 338
448 526
443 523
442 461
440 351
447 393
446 151
445 591
444 140
108 478
109 193
102 509
103 429
100 116
101 495
106 257
105 43
38 113
33 292
31 484
37 273
36 503
35 400
34 275
641 300
438 514
436 378
434 372
435 307
432 576
433 534
430 20
339 409
338 329
335 598
334 602
337 190
330 237
333 291
332 122
345 206
6 57
98 498
91 242
90 228
92 341
95 627
94 179
559 516
558 604
555 67
556 297
551 339
550 49
553 531
552 349
238 310
239 366
235 489
236 305
237 295
230 219
232 337
233 440
1 23
147 54
144 496
142 287
140 180
141 314
612 157
613 325
610 483
617 82
148 80
615 98
133 322
132 532
131 402
130 564
137 395
136 165
135 127
134 106
494 477
495 389
496 284
138 236
490 1
491 46
492 138
24 613
26 577
20 279
21 631
23 167
28 548
29 235
406 497
405 199
403 365
402 312
400 215
409 454
408 194
378 406
371 114
370 221
372 131
375 129
374 586
377 416
393 252
392 494
391 159
89 304
396 176
395 323
394 550
82 414
83 463
80 417
398 391
87 582
84 227
85 120
7 320
586 117
587 311
585 191
582 48
583 198
580 61
589 367
244 517
247 492
246 427
240 0
243 559
242 134
249 290
248 316
519 530
518 35
511 285
513 537
515 187
514 250
517 40
516 264
458 265
459 115
621 162
627 411
625 435
624 539
451 362
452 452
628 156
454 280
455 462
456 348
457 567
179 174
177 55
176 249
174 230
173 368
171 232
170 90
182 369
183 298
180 585
2 289
187 137
185 87
189 150
10 508
12 343
15 520
14 371
17 360
18 130
62 91
322 38
323 455
320 522
326 621
327 332
324 303
325 268
329 444
201 428
203 610
202 202
205 42
206 459
209 345
208 392
77 568
75 95
74 201
72 513
71 574
78 2
542 319
541 551
547 59
544 163
545 15
548 182
68 251
598 189
120 153
122 283
124 14
125 308
126 377
127 456
128 94
129 426
414 464
416 446
417 259
411 425
413 565
498 535
419 282
499 255
319 12
312 281
311 78
310 637
317 147
316 594
315 124
314 185
497 51
3 324
368 125
369 491
366 278
367 72
365 504
362 635
363 596
360 225
380 430
381 299
383 108
384 490
386 499
388 384
389 89
579 148
604 247
571 224
570 511
577 544
576 458
574 445
61 271
258 505
259 487
65 132
66 352
67 196
252 528
69 3
250 419
251 58
256 216
257 562
254 447
255 6
602 434
508 173
509 68
506 286
504 583
505 335
503 448
500 209
501 160
630 327
631 386
632 587
633 293
468 330
637 467
465 405
464 357
467 266
461 396
460 294
463 24
462 177
168 536
164 36
165 197
167 84
160 239
162 355
163 296
9 468
357 211
356 394
355 617
354 438
352 92
351 276
359 457
216 381
217 233
215 529
212 356
211 383
218 317
219 217
289 10
288 126
4 432
281 66
280 7
283 422
282 203
285 301
284 600
287 624
286 501
262 164
261 270
266 256
265 4
264 545
268 538
59 570
58 17
55 26
54 315
57 571
51 449
50 135
52 223
537 254
536 102
535 333
63 359
533 506
532 363
531 408
530 246
539 34
538 579
115 238
114 21
117 326
116 103
111 553
113 451
112 442
119 171
429 218
428 65
534 272
421 142
420 119
423 52
422 63
425 474
427 465
426 109
308 248
300 29
301 18
303 420
304 533
305 111
307 28
568 433
561 475
562 45
564 519
565 561
567 552
228 334
227 421
225 630
224 398
223 370
221 542
88 380
390 612
151 472
150 374
153 558
606 580
600 262
157 436
156 556
159 460
399 100
635 101
48 555
49 399
46 244
45 71
42 37
43 50
40 168
489 615
487 183
486 258
484 261
483 205
481 77
472 170
470 133
477 403
474 243
475 208
478 85
471 344
1 0
347 346
358 347
364 340
342 341
379 342
344 343
347 348
347 349
618 595
607 606
595 594
622 619
297 298
297 299
297 296
331 297
340 294
294 295
277 292
277 293
277 290
277 291
592 591
626 590
592 593
619 592
200 199
199 198
620 597
595 596
200 195
192 194
195 197
195 196
190 191
231 190
192 193
195 192
269 270
269 271
269 272
274 273
302 274
274 275
277 276
350 277
277 278
277 279
590 524
524 525
607 526
526 527
521 520
626 521
521 522
524 523
622 599
526 528
526 529
450 449
441 448
441 443
441 442
512 441
439 440
441 447
441 446
441 445
441 444
107 108
107 109
99 102
104 103
99 100
99 101
107 106
123 107
123 104
104 105
99 39
39 38
32 33
104 32
30 31
81 30
36 37
56 36
32 35
32 34
640 641
642 640
439 438
526 439
437 436
526 437
435 434
526 435
431 432
431 433
431 430
437 431
340 339
336 338
336 335
331 334
336 337
409 336
350 331
331 330
331 333
331 332
344 345
5 6
104 99
97 98
86 91
86 90
110 93
93 92
96 95
93 94
110 97
145 96
560 559
557 558
554 555
622 554
623 557
557 556
552 551
549 550
554 553
563 552
234 238
234 239
241 234
234 235
234 236
234 237
229 230
247 231
231 232
234 233
13 1
622 614
149 146
146 147
145 144
146 145
143 142
155 143
139 140
139 141
611 612
614 613
611 610
626 611
626 616
618 617
149 148
154 149
626 623
626 622
123 133
123 132
123 131
123 130
123 137
123 136
123 135
123 134
493 494
496 495
146 139
139 138
488 490
492 491
526 492
526 493
25 24
104 25
25 26
86 27
19 20
22 21
110 22
22 23
27 28
30 29
441 407
407 406
404 405
418 404
404 403
401 402
471 401
401 400
639 629
453 409
407 408
626 628
526 379
379 378
364 371
364 370
458 373
364 372
376 375
373 374
376 377
421 376
626 618
390 393
390 392
86 88
86 89
415 397
397 396
397 395
395 394
81 82
84 83
81 80
99 81
104 86
86 87
123 84
86 85
8 7
623 601
608 607
584 586
588 587
603 584
584 585
581 582
584 583
581 580
609 581
616 588
588 589
277 245
245 244
277 247
245 246
263 241
241 240
241 243
241 242
614 615
247 249
247 248
512 519
512 518
510 511
526 510
512 513
526 512
512 515
512 514
512 517
512 516
488 458
458 459
620 621
626 620
626 627
629 626
623 625
623 624
479 450
450 451
450 452
512 453
453 454
512 455
455 456
458 457
178 179
195 178
178 177
175 176
192 175
175 174
172 173
214 172
172 171
169 170
260 253
181 182
184 183
181 180
188 181
195 186
188 187
186 184
184 185
195 188
188 189
64 11
11 10
27 13
11 12
16 15
13 14
16 17
73 16
86 19
19 18
60 62
321 322
342 323
321 320
353 321
323 326
328 327
323 324
323 325
364 328
328 329
202 201
213 200
204 203
222 202
204 205
214 204
253 207
207 206
210 209
207 208
76 77
121 76
76 75
73 74
79 73
73 72
70 71
123 70
96 79
79 78
39 2
543 542
599 543
605 540
540 541
572 546
546 547
543 544
546 545
86 8
549 548
619 549
64 68
599 598
121 120
143 121
121 122
152 123
123 124
123 125
123 126
123 127
123 128
123 129
412 414
488 415
415 416
418 417
415 410
412 411
482 412
412 413
499 498
458 418
418 419
526 499
318 319
344 318
318 313
313 312
309 311
309 310
318 317
315 316
526 315
313 314
512 496
496 497
2 3
364 368
364 369
364 366
364 367
373 364
364 365
361 362
364 363
361 360
407 361
379 380
382 381
441 382
382 383
385 384
512 385
385 386
390 387
387 388
390 389
616 605
578 579
597 578
603 604
626 573
626 572
572 571
569 570
578 577
575 576
597 575
575 574
70 60
60 61
277 258
258 259
97 64
64 65
64 66
64 67
247 252
64 69
247 250
247 251
257 256
277 257
253 254
253 255
605 603
601 602
507 508
510 509
507 506
510 507
502 504
502 505
512 502
502 503
499 500
502 501
629 630
632 631
636 632
634 633
512 469
469 468
638 636
636 637
466 465
458 464
466 467
469 466
458 461
458 460
458 463
458 462
169 168
188 169
161 164
166 165
195 166
166 167
161 160
186 161
161 162
161 163
601 600
8 9
410 357
357 356
354 355
382 354
358 353
350 352
350 351
353 350
358 359
364 358
214 216
214 217
220 214
214 215
213 212
267 213
214 210
210 211
214 218
220 219
277 289
277 288
5 4
277 281
277 280
277 283
277 282
277 285
277 284
277 287
277 286
277 263
263 262
260 261
267 260
277 267
263 266
263 265
263 264
277 269
269 268
60 59
99 58
56 55
53 54
58 57
86 56
50 51
99 50
60 53
53 52
526 537
526 536
526 535
64 63
526 533
526 532
526 531
526 530
540 539
526 538
110 115
110 114
118 117
110 116
110 111
123 110
110 113
110 112
118 119
123 118
427 429
427 428
526 534
441 421
418 420
424 423
421 422
424 425
512 424
441 427
427 426
309 308
350 309
297 300
302 301
387 302
302 303
302 304
306 305
390 306
306 307
569 568
590 569
573 560
560 561
560 562
608 563
563 564
566 565
573 566
566 567
244 229
229 228
226 227
247 226
222 225
222 224
222 223
253 222
222 221
226 220
390 391
410 390
149 151
149 150
152 153
154 152
161 155
155 154
158 157
155 156
158 159
195 158
623 609
609 608
638 634
397 399
634 635
397 398
47 48
50 49
47 46
86 47
86 44
44 45
41 42
44 43
41 40
123 41
639 638
32 5
640 639
488 489
526 488
488 487
485 486
493 485
485 484
482 483
526 482
480 481
526 480
473 472
512 473
471 470
526 471
480 476
476 477
473 474
476 475
479 478
526 479
