466
682
0
641 3
637 5
632 6
631 8
635 11
633 12
630 14
628 17
610 19
612 20
585 26
586 27
583 28
587 31
589 32
582 34
580 35
564 39
551 41
552 40
539 45
541 46
604 47
522 49
520 50
559 56
561 58
562 59
565 61
567 62
577 66
579 67
576 69
574 70
602 71
598 75
544 77
542 78
553 82
555 83
615 85
613 86
627 88
591 90
593 91
548 93
550 94
525 99
523 100
570 102
568 103
545 108
547 109
571 110
621 111
617 113
594 115
596 116
558 119
556 120
624 124
600 125
606 127
625 128
529 129
532 137
511 139
509 141
506 143
508 144
536 146
434 148
435 147
537 153
475 155
477 156
478 160
449 161
400 164
341 166
324 170
325 171
323 165
326 173
402 174
533 175
514 183
456 185
455 184
516 191
454 192
438 193
440 195
515 196
467 199
465 201
468 202
495 204
496 203
497 207
527 212
448 213
406 215
384 216
386 218
408 223
447 222
426 226
429 228
427 225
422 233
421 232
443 235
442 237
409 238
425 241
423 242
444 244
428 247
362 249
360 250
445 252
377 255
375 256
381 259
383 261
354 262
355 264
500 267
446 268
338 270
335 272
337 273
501 276
503 277
504 279
505 280
474 283
513 285
472 286
519 287
518 288
483 290
528 291
534 297
470 298
489 300
484 303
486 304
494 305
487 306
535 307
498 309
499 308
526 131
530 313
452 317
492 318
491 320
531 314
538 323
481 324
316 328
315 327
319 332
312 335
314 336
317 333
345 339
343 340
436 344
430 346
433 348
432 349
451 350
517 352
490 354
380 359
378 360
416 362
399 366
395 368
394 370
398 371
396 372
356 375
357 374
392 378
388 383
273 385
275 388
303 390
304 391
301 392
305 395
307 396
389 397
391 399
393 400
390 377
414 403
411 405
413 406
460 408
457 410
461 415
420 417
403 420
405 419
417 422
419 424
464 425
462 427
463 428
458 407
459 432
372 434
363 436
329 439
327 440
371 444
374 445
367 447
368 448
365 451
369 452
295 456
294 455
339 458
370 460
348 464
349 466
346 467
366 468
359 470
320 473
322 474
310 477
311 479
308 480
333 483
332 485
334 487
299 489
300 494
330 495
296 496
297 488
298 498
352 500
351 502
293 504
281 506
290 508
287 511
259 513
258 512
280 518
288 519
285 520
282 524
292 525
291 527
278 528
257 530
256 532
289 536
276 537
284 539
252 540
246 545
244 543
228 548
230 549
227 552
219 554
218 558
209 559
216 561
215 564
211 566
205 568
203 569
171 571
173 572
217 573
208 575
206 577
261 580
254 581
255 583
201 586
202 585
223 589
224 592
225 593
221 594
247 533
232 599
286 605
249 606
250 608
191 610
190 609
242 615
262 617
266 619
264 620
239 625
237 626
238 628
235 629
233 631
236 632
265 634
240 635
243 636
248 637
283 638
251 641
279 642
270 644
272 647
268 648
271 650
199 653
198 655
212 656
196 661
170 664
168 665
180 668
182 669
187 671
189 672
197 674
193 676
194 678
176 680
174 681
159 684
157 685
167 686
185 689
183 690
165 694
177 695
179 696
164 699
160 700
162 703
163 704
156 706
120 711
122 712
77 714
75 715
142 716
150 719
151 721
144 723
138 727
140 728
141 730
78 732
15 735
95 736
74 739
72 738
17 741
147 742
148 745
153 746
101 753
125 755
57 757
58 756
29 762
31 763
82 764
91 765
88 767
80 769
55 771
51 773
49 775
50 772
100 778
38 779
3 782
2 781
102 784
131 788
134 789
124 791
130 792
40 797
42 798
83 800
84 799
137 805
59 808
52 810
54 811
61 813
62 814
23 821
21 822
116 823
114 826
94 829
113 831
92 833
115 834
111 835
112 836
98 838
69 841
63 844
67 845
65 846
12 849
10 850
66 852
68 853
127 854
109 855
126 858
71 860
132 862
136 864
133 865
106 869
117 870
119 871
135 872
103 874
35 880
4 882
6 883
33 885
24 887
26 886
34 890
105 891
85 892
90 895
89 896
9 900
7 901
20 905
18 906
45 908
43 909
36 910
37 912
108 915
48 917
129 921
128 922
87 923
46 924
28 926
14 928
1 929
0 931
0 1
1 2
2 3
2 4
4 5
4 6
6 8
1 9
9 10
10 11
10 12
9 13
13 14
13 15
15 16
16 17
16 18
18 19
18 20
15 22
22 23
23 24
24 26
24 27
24 28
23 29
29 30
30 31
30 32
29 33
33 34
33 35
22 36
36 38
38 39
38 40
40 41
36 43
43 44
44 45
44 46
43 47
36 48
48 49
48 50
15 52
52 54
54 55
55 56
55 58
55 59
54 61
54 62
52 63
63 64
64 65
65 66
65 67
64 69
64 70
63 71
52 72
72 74
74 75
74 76
76 77
76 78
72 79
79 81
81 82
81 83
79 84
84 85
84 86
79 87
87 88
87 89
89 90
89 91
72 92
92 93
92 94
15 95
95 97
97 98
98 99
98 100
97 101
101 102
101 103
95 104
104 105
105 106
106 107
107 108
107 109
106 110
105 111
104 112
112 113
112 114
114 115
114 116
95 117
117 118
118 119
118 120
117 122
122 123
123 124
123 125
122 126
126 127
126 128
117 129
129 131
131 137
131 138
138 139
138 141
138 142
142 143
142 144
131 146
131 147
147 148
131 153
131 154
154 155
154 156
131 158
158 160
158 161
158 162
162 163
163 164
163 165
165 166
165 170
165 171
165 173
162 174
131 175
131 178
178 183
178 184
184 185
178 190
190 191
190 192
178 193
193 195
178 196
178 198
198 199
199 201
198 202
178 203
203 204
203 207
178 209
209 210
210 212
210 213
210 214
214 215
214 216
216 218
209 222
222 223
209 225
225 226
225 228
209 232
232 233
209 235
209 237
209 238
209 240
240 241
240 242
209 243
243 244
243 247
243 248
248 249
248 250
243 252
243 253
253 254
254 255
254 256
253 258
258 259
258 261
258 262
262 264
253 266
266 267
266 268
253 269
269 270
269 271
271 272
271 273
178 274
274 276
274 277
274 279
274 280
178 282
282 283
282 285
282 286
178 287
178 288
131 289
289 290
289 291
131 294
294 297
294 298
294 299
299 300
299 302
302 303
302 304
299 305
294 306
131 307
131 308
308 309
131 313
131 314
314 316
316 317
316 318
318 320
314 322
322 323
322 324
131 325
325 326
326 327
327 328
326 330
330 331
331 332
331 333
333 334
334 335
334 336
330 338
338 339
338 340
325 343
343 344
343 345
345 346
345 348
345 349
325 350
325 352
325 353
353 354
353 357
357 358
358 359
358 360
357 361
361 362
361 364
364 366
364 367
367 368
368 370
367 371
364 372
361 373
373 374
374 375
373 377
377 378
377 382
382 383
382 384
384 385
384 387
387 388
387 390
387 391
384 392
377 393
393 394
394 395
394 396
393 397
377 399
377 400
353 402
402 403
402 405
402 406
353 407
407 408
407 410
407 414
414 415
414 416
416 417
416 419
419 420
416 422
407 423
423 424
423 425
407 427
407 428
407 432
407 433
433 434
433 435
435 436
435 438
438 439
438 440
435 444
435 445
435 447
435 448
435 451
435 452
435 454
454 455
455 456
454 458
435 459
459 460
459 463
463 464
463 466
463 467
459 468
459 470
459 471
471 472
472 473
472 474
471 475
475 476
476 477
476 479
476 480
475 482
482 483
482 485
482 487
482 488
488 489
488 493
493 494
493 495
488 496
488 498
475 500
475 501
501 502
501 503
503 504
503 505
505 506
505 508
505 511
505 512
512 513
505 517
517 518
517 519
505 520
505 524
505 525
505 527
505 528
505 530
530 532
505 533
533 534
534 535
535 536
535 537
534 539
534 540
533 543
543 545
543 547
547 548
547 549
533 551
551 552
551 553
553 554
553 555
555 557
557 558
557 559
555 561
555 564
555 565
565 566
565 567
567 568
567 569
555 570
570 571
570 572
555 573
533 574
574 575
575 577
574 579
579 580
579 581
574 583
574 584
584 585
585 586
584 589
584 590
590 592
590 593
590 594
533 599
533 600
600 604
604 605
604 606
600 607
607 608
607 609
609 610
600 612
612 615
612 616
616 617
616 619
616 620
612 622
622 625
622 626
622 628
622 629
629 631
622 632
612 633
633 634
633 635
612 636
600 637
600 638
533 640
640 641
640 642
533 643
643 644
643 646
646 647
646 648
643 649
649 650
649 651
651 653
653 655
651 656
651 657
657 661
657 662
662 663
663 664
663 665
662 667
667 668
667 669
662 670
670 671
670 672
657 674
657 675
675 676
675 678
675 679
679 680
679 681
657 683
683 684
683 685
657 686
657 688
688 689
688 690
657 691
691 692
692 694
692 695
692 696
691 697
697 699
697 700
697 701
701 702
702 703
702 704
701 705
705 706
705 707
707 708
708 709
709 710
710 711
710 712
709 713
713 714
713 715
708 716
707 717
717 718
718 719
718 720
720 721
720 722
722 723
722 725
725 727
725 728
725 729
729 730
729 731
731 732
731 733
733 734
734 735
734 736
733 738
738 739
733 741
722 742
717 743
743 744
744 745
744 746
743 747
747 748
748 753
748 754
754 755
754 756
756 757
748 760
760 761
761 762
761 763
760 764
748 765
748 767
748 768
768 769
768 771
768 772
772 773
772 775
748 778
748 779
779 781
781 782
748 784
747 786
786 787
787 788
787 789
786 790
790 791
790 792
747 793
793 796
796 797
796 798
793 799
799 800
793 805
793 806
806 808
806 809
809 810
809 811
806 812
812 813
812 814
793 816
816 817
817 820
820 821
820 822
817 823
817 826
817 829
817 830
830 831
830 833
830 834
817 835
817 836
817 837
837 838
837 839
839 841
839 844
839 845
839 846
839 848
848 849
848 850
839 851
851 852
851 853
816 854
793 855
793 858
793 859
859 860
859 862
859 863
863 864
863 865
793 867
867 869
867 870
867 871
793 872
793 873
873 874
873 876
876 880
876 881
881 882
881 883
876 885
876 886
886 887
876 890
876 891
876 892
873 893
893 894
894 895
894 896
893 899
899 900
899 901
893 902
902 904
904 905
904 906
902 907
907 908
907 909
902 910
910 912
893 914
914 915
914 917
914 918
918 919
919 920
920 921
920 922
919 923
918 924
893 925
925 926
925 927
927 928
927 929
929 931
