482
853
0
659 3
657 4
655 7
654 8
498 13
495 16
494 17
492 18
496 19
500 22
489 28
478 29
469 32
467 33
476 34
491 35
486 37
470 41
472 42
481 44
482 47
483 48
479 49
473 52
475 53
488 54
485 55
503 56
636 61
634 64
637 65
638 66
513 70
507 71
506 73
504 74
511 76
512 78
509 79
643 86
641 87
644 88
628 92
629 93
630 94
640 95
631 97
633 98
646 99
650 103
652 104
651 105
647 106
619 110
621 111
614 113
606 116
596 118
595 119
599 121
597 122
626 124
562 130
564 131
557 134
558 137
555 138
554 140
552 141
574 143
572 144
578 148
561 150
559 151
588 152
585 158
590 160
591 161
587 162
581 163
589 167
583 168
584 170
576 171
582 172
580 173
609 177
610 180
607 183
600 184
602 185
604 186
611 190
613 191
569 193
567 195
568 196
623 198
617 199
594 202
565 205
566 206
571 207
592 208
551 212
549 213
548 214
222 219
221 222
223 223
207 228
206 229
202 230
204 231
205 232
168 236
99 239
48 241
50 242
114 244
101 247
71 252
68 258
64 260
67 261
66 262
65 263
69 264
73 266
72 268
70 269
6 272
5 274
3 276
2 277
0 279
1 280
76 282
79 284
80 286
78 287
59 290
57 291
75 293
40 298
41 299
39 300
46 302
47 304
45 305
44 308
42 309
52 310
124 312
126 313
55 322
53 324
56 325
87 326
86 328
85 330
81 331
109 335
83 336
88 338
90 340
91 341
37 346
36 347
14 352
16 353
24 355
25 358
20 358
21 361
9 363
7 364
26 367
27 368
23 370
22 371
34 374
33 378
28 379
32 381
31 382
17 383
30 385
19 386
12 388
10 389
84 390
111 392
112 393
129 395
92 397
94 398
132 401
131 404
134 405
121 407
123 408
133 409
97 415
95 416
104 420
107 421
62 424
60 425
106 426
105 427
108 428
135 430
137 432
118 434
120 435
116 438
117 439
141 443
139 444
140 445
154 447
151 451
146 453
149 456
152 458
148 459
150 460
145 462
143 463
165 466
159 469
158 470
156 471
153 472
155 472
190 482
188 484
191 485
192 486
198 487
177 489
195 490
196 492
193 493
180 496
181 498
183 499
182 500
171 503
169 504
179 506
173 509
163 511
161 513
164 514
175 516
172 518
174 519
267 527
265 528
241 531
243 532
224 534
226 535
268 536
270 538
277 539
250 544
247 545
249 547
231 549
217 551
199 553
201 554
273 557
272 558
271 559
276 561
259 564
261 565
275 566
264 567
253 574
237 575
255 577
219 579
210 581
212 582
209 585
208 586
227 588
229 589
256 591
236 593
254 594
301 598
303 599
292 602
294 603
357 605
325 606
286 609
291 610
285 613
289 615
288 617
287 618
281 622
283 624
282 625
278 627
280 629
279 630
290 631
215 637
216 638
214 639
186 641
184 642
239 644
238 645
262 646
536 650
533 652
448 662
450 662
449 662
457 667
516 668
514 670
518 673
517 675
454 677
464 679
456 680
466 683
463 685
461 686
462 688
460 690
459 691
453 693
451 694
520 695
378 699
380 700
398 701
524 702
537 704
522 706
529 707
526 712
525 713
543 714
546 716
532 718
530 719
544 721
527 725
539 726
541 727
534 728
542 729
412 735
410 736
413 737
426 738
434 739
447 743
435 744
432 746
431 747
424 749
425 750
393 756
394 757
299 764
298 766
233 770
235 771
244 775
246 776
245 777
258 778
297 780
300 782
295 783
313 784
312 785
316 787
314 788
337 791
334 793
332 794
335 796
333 797
365 800
366 801
363 802
350 808
351 811
352 812
348 813
389 816
392 819
397 820
390 821
396 822
381 824
383 825
395 826
416 831
323 833
321 836
324 837
320 838
317 840
322 841
346 843
319 844
331 847
329 849
327 850
309 852
311 853
391 855
373 859
374 861
342 863
339 865
341 866
307 868
304 870
306 871
360 874
377 875
358 877
372 880
375 881
371 883
376 885
370 886
401 889
399 890
442 898
439 899
440 900
445 902
443 903
441 904
444 907
438 909
437 910
423 912
421 913
420 916
345 918
343 919
419 922
404 924
403 926
402 927
406 929
405 929
446 934
418 935
414 937
417 939
415 940
355 944
353 945
361 946
407 949
385 953
369 955
367 956
388 958
386 959
409 960
428 962
430 963
0 1
1 2
2 3
2 4
1 5
5 6
6 7
6 8
5 9
9 10
10 11
11 12
12 13
12 14
14 15
15 16
15 17
14 18
11 19
10 20
20 21
21 22
21 23
23 25
25 26
26 27
27 28
27 29
26 31
31 32
31 33
26 34
25 35
23 37
23 40
40 41
40 42
23 43
43 44
43 45
45 46
46 47
46 48
45 49
23 50
50 51
51 52
51 53
50 54
23 55
20 56
9 57
57 58
58 59
59 60
60 61
60 62
62 64
62 65
62 66
59 67
67 68
68 70
68 71
68 72
72 73
72 74
67 75
75 76
75 77
77 78
77 79
58 80
80 81
81 82
82 83
83 84
84 85
85 86
85 87
84 88
83 89
89 90
90 91
91 92
91 93
90 94
89 95
82 96
96 97
96 98
81 99
80 100
100 101
101 102
102 103
102 104
101 105
100 106
57 107
107 108
108 109
109 110
109 111
108 112
112 113
112 115
115 116
115 117
117 118
117 119
112 120
120 121
120 122
107 123
123 124
123 125
125 126
126 127
127 128
128 129
129 130
129 131
128 132
132 133
133 134
133 136
136 137
136 138
133 139
139 140
139 141
132 142
142 143
142 144
127 145
145 146
146 147
147 148
147 149
149 150
149 151
146 152
145 153
153 156
156 158
156 159
159 160
159 161
156 162
153 163
153 165
165 167
165 168
165 169
169 170
169 171
153 172
153 173
126 174
174 175
175 176
176 177
176 178
178 179
179 180
179 181
181 182
182 183
182 184
181 185
178 186
175 187
187 189
189 190
189 191
187 192
192 193
192 194
194 195
194 196
187 198
187 199
174 200
200 201
201 202
201 203
203 204
204 205
204 206
203 207
200 208
125 209
209 210
210 211
211 212
211 213
210 214
209 215
215 216
216 217
217 218
218 219
218 220
220 221
221 222
221 223
220 224
224 225
225 226
226 227
227 228
227 229
226 230
225 231
224 232
217 233
233 234
234 236
234 237
237 238
238 239
238 240
240 241
240 242
237 243
243 244
243 245
245 246
246 247
246 248
248 250
250 252
250 254
254 258
254 259
259 260
259 261
254 262
254 263
254 264
250 266
250 267
267 268
267 269
250 270
270 271
271 272
271 274
271 275
275 276
275 277
270 278
278 279
278 280
248 281
281 282
281 283
283 284
283 286
283 287
248 288
288 289
289 290
289 291
288 293
288 295
295 296
296 298
296 299
296 300
295 302
295 303
303 304
303 305
288 306
306 307
307 308
307 309
306 310
245 311
311 312
311 313
234 314
314 315
315 317
317 318
318 320
320 321
321 322
321 323
323 324
323 325
320 326
318 327
327 328
327 329
329 330
329 331
318 332
332 334
334 335
334 336
332 337
337 338
337 339
339 340
339 341
332 342
342 343
343 345
345 346
345 347
343 348
348 350
350 351
351 352
351 353
350 354
354 355
354 358
354 361
354 362
362 363
362 364
348 366
366 367
366 368
348 369
369 370
369 371
348 374
348 376
376 377
377 378
377 379
376 380
380 381
380 382
348 383
348 385
348 386
343 387
387 388
387 389
342 390
317 391
391 392
391 393
315 395
315 396
396 397
396 398
315 400
400 401
400 402
402 403
403 404
403 405
402 406
406 407
406 408
315 409
314 411
411 412
412 414
414 415
414 416
412 418
418 419
419 420
419 421
418 423
423 424
423 425
418 426
412 427
412 428
411 429
429 430
429 432
429 433
433 434
433 435
314 436
436 437
437 438
437 439
436 441
441 443
441 444
441 445
436 446
446 447
446 448
448 449
449 450
450 451
450 453
450 454
454 456
454 457
457 458
457 459
454 460
449 461
461 462
461 463
448 464
464 465
465 466
465 468
468 469
468 470
465 471
464 472
233 475
475 476
476 477
477 478
478 479
479 481
481 482
481 483
483 484
483 485
479 486
479 487
478 488
488 489
488 490
477 491
491 492
491 493
476 494
494 496
494 497
497 498
497 499
494 500
475 501
501 502
502 503
502 504
501 505
505 506
505 507
507 508
508 509
508 510
510 511
510 512
512 513
512 514
507 515
515 516
515 517
517 518
517 519
216 520
520 521
521 522
522 524
524 525
525 527
525 528
525 529
529 530
530 531
530 532
529 533
533 534
533 535
524 536
522 537
537 538
537 539
522 540
540 541
541 542
542 543
543 544
543 545
542 547
542 549
542 550
550 551
550 552
552 553
552 554
541 555
555 557
555 558
555 559
540 560
560 561
560 562
562 563
563 564
563 565
562 566
521 567
520 569
569 570
570 572
572 573
573 574
573 575
572 577
572 578
578 579
578 580
580 581
580 582
570 583
583 584
584 585
584 586
583 587
587 588
587 589
570 590
590 591
590 592
592 593
592 594
569 595
595 596
596 597
597 598
597 599
596 600
600 602
600 603
600 604
604 605
604 606
595 607
607 608
608 609
608 610
607 611
611 613
611 614
614 615
614 616
616 617
616 618
611 619
619 620
620 621
621 622
621 623
623 624
623 625
620 626
626 627
626 629
626 630
619 631
520 632
632 633
633 634
634 635
635 637
635 638
635 639
634 640
640 641
640 642
633 643
643 644
643 645
632 646
215 647
647 648
648 649
649 650
649 651
651 652
651 654
654 655
655 657
657 658
658 660
660 661
661 662
661 667
660 668
658 670
658 671
671 673
671 674
674 675
674 676
676 677
676 678
678 679
678 680
671 681
681 683
681 685
681 686
681 687
687 688
687 690
687 691
658 692
692 693
692 694
657 695
655 696
696 697
697 698
698 699
698 700
697 701
696 702
655 703
703 704
703 705
705 706
705 707
654 708
708 709
709 710
710 711
711 712
711 713
710 714
709 715
715 716
715 717
717 718
717 719
708 721
708 722
722 725
722 726
722 727
722 728
651 729
648 731
731 732
732 735
732 736
732 737
732 738
731 739
648 740
740 741
741 742
742 743
742 744
741 745
745 746
745 747
740 748
748 749
748 750
647 751
751 752
752 753
753 754
754 755
755 756
755 757
754 758
758 759
759 760
760 761
761 763
763 764
763 766
763 768
768 769
769 770
769 771
768 773
773 775
773 776
773 777
768 778
763 779
779 780
779 782
779 783
761 784
761 785
760 786
786 787
786 788
759 789
789 790
790 791
790 792
792 793
792 794
789 795
795 796
795 797
758 800
758 801
758 802
753 803
803 804
804 805
805 806
806 807
807 808
807 809
809 811
809 812
809 813
806 814
814 816
814 817
817 818
818 819
818 820
817 821
814 822
805 823
823 824
823 825
804 826
803 827
827 828
828 829
829 830
830 831
830 833
830 834
834 835
835 836
835 837
834 838
829 839
839 840
839 841
828 842
842 843
842 844
827 845
845 846
846 847
846 848
848 849
848 850
845 851
851 852
851 853
752 854
854 855
854 856
856 857
857 858
858 859
858 861
858 862
862 863
862 864
864 865
864 866
857 867
867 868
867 870
867 871
856 872
872 873
873 874
873 875
872 876
876 877
876 878
878 879
879 880
879 881
878 882
882 883
882 885
882 886
751 887
887 888
888 889
888 890
887 892
892 893
893 894
894 895
895 896
896 897
897 898
897 899
896 900
895 902
895 903
894 904
893 905
905 906
906 907
906 908
908 909
908 910
905 911
911 912
911 913
892 914
914 916
914 917
917 918
917 919
914 920
920 921
921 922
921 923
923 924
923 925
925 926
925 927
920 928
928 929
928 932
932 933
933 934
933 935
932 936
936 937
936 938
938 939
938 940
887 941
941 942
942 943
943 944
943 945
942 946
941 947
947 948
948 949
948 950
950 951
951 952
952 953
952 954
954 955
954 956
951 957
957 958
957 959
950 960
947 962
947 963
