482
653
1
425 4
437 6
438 7
439 9
655 15
592 18
415 23
419 25
416 27
402 28
390 32
363 34
365 38
370 42
304 45
358 47
312 50
332 52
245 54
391 57
320 60
323 61
238 66
149 70
148 72
153 73
99 80
286 84
282 85
279 86
294 90
172 98
173 99
250 103
40 111
70 112
64 113
0 115
179 119
209 128
60 129
272 132
273 133
267 134
264 135
449 142
453 143
537 150
431 156
629 165
634 171
559 176
546 181
533 184
551 185
526 192
460 196
181 199
20 206
34 208
33 210
568 226
569 227
47 228
428 231
353 236
1 239
2 240
3 241
5 242
6 243
7 244
9 245
10 246
12 247
14 248
16 249
17 250
19 251
21 252
22 253
23 254
24 255
25 256
26 257
27 258
28 259
30 260
31 261
32 262
36 263
37 264
39 265
41 266
42 267
44 268
45 269
46 270
48 271
50 272
52 273
53 274
55 275
56 276
57 277
59 278
62 279
65 280
66 281
67 282
68 283
69 284
71 285
72 286
73 287
75 288
76 289
78 290
79 291
80 292
81 293
83 294
84 295
85 296
86 297
87 298
88 299
90 300
91 301
92 302
94 303
95 304
97 305
101 306
104 307
105 308
106 309
107 310
108 311
109 312
111 313
112 314
114 315
116 316
117 317
118 318
120 319
121 320
123 321
124 322
126 323
129 324
131 325
132 326
133 327
134 328
135 329
137 330
139 331
140 332
141 333
143 334
145 335
146 336
150 337
151 338
152 339
154 340
155 341
156 342
158 343
159 344
161 345
163 346
164 347
165 348
168 349
169 350
171 351
174 352
175 353
177 354
180 355
182 356
183 357
184 358
186 359
188 360
190 361
191 362
192 363
193 364
195 365
196 366
198 367
199 368
201 369
202 370
204 371
205 372
206 373
207 374
208 375
210 376
212 377
214 378
215 379
216 380
217 381
219 382
221 383
222 384
223 385
224 386
226 387
227 388
229 389
231 390
233 391
235 392
236 393
237 394
239 395
241 396
243 397
244 398
246 399
247 400
249 401
253 402
254 403
255 404
256 405
258 406
259 407
261 408
262 409
265 410
268 411
270 412
271 413
275 414
276 415
277 416
278 417
280 418
281 419
283 420
285 421
287 422
288 423
289 424
290 425
291 426
292 427
295 428
297 429
298 430
299 431
300 432
301 433
303 434
306 435
307 436
309 437
311 438
313 439
314 440
316 441
317 442
319 443
321 444
322 445
324 446
325 447
327 448
329 449
331 450
333 451
334 452
335 453
337 454
339 455
341 456
342 457
343 458
345 459
346 460
348 461
350 462
351 463
352 464
355 465
357 466
360 467
361 468
366 469
367 470
369 471
371 472
372 473
373 474
374 475
375 476
376 477
377 478
378 479
380 480
381 481
383 482
385 483
386 484
388 485
389 486
392 487
393 488
394 489
395 490
396 491
397 492
398 493
399 494
401 495
403 496
404 497
405 498
406 499
407 500
409 501
410 502
412 503
413 504
414 505
417 506
418 507
420 508
421 509
423 510
424 511
426 512
430 513
432 514
434 515
435 516
440 517
441 518
442 519
443 520
444 521
445 522
446 523
447 524
448 525
450 526
451 527
454 528
456 529
457 530
459 531
461 532
462 533
463 534
464 535
466 536
467 537
469 538
470 539
472 540
473 541
475 542
476 543
478 544
479 545
481 546
482 547
483 548
485 549
486 550
488 551
489 552
491 553
492 554
494 555
495 556
496 557
498 558
500 559
503 560
504 561
506 562
507 563
509 564
511 565
512 566
513 567
514 568
516 569
517 570
518 571
520 572
522 573
524 574
525 575
527 576
529 577
530 578
532 579
534 580
536 581
539 582
541 583
542 584
543 585
544 586
548 587
549 588
552 589
554 590
555 591
557 592
558 593
561 594
562 595
564 596
565 597
566 598
567 599
571 600
572 601
574 602
576 603
578 604
580 605
581 606
582 607
583 608
584 609
585 610
587 611
588 612
589 613
590 614
591 615
594 616
595 617
596 618
597 619
599 620
600 621
602 622
604 623
606 624
607 625
609 626
610 627
611 628
613 629
614 630
617 631
619 632
621 633
623 634
626 635
628 636
630 637
631 638
633 639
636 640
637 641
638 642
640 643
641 644
643 645
644 646
646 647
647 648
650 649
651 650
652 651
654 652
657 653
659 654
1 2
2 3
2 4
2 5
2 6
6 7
7 8
6 9
9 10
9 11
6 12
12 13
12 14
12 15
12 16
16 17
17 18
16 19
19 20
19 21
2 22
22 23
23 24
23 25
23 26
23 27
23 28
22 29
29 30
29 31
22 32
32 33
33 34
33 35
33 36
33 37
33 38
32 39
39 40
39 41
32 42
42 43
42 44
44 45
44 46
42 47
42 48
32 49
49 50
50 51
51 52
51 53
49 54
54 55
32 56
32 57
32 58
32 59
32 60
60 61
2 62
62 63
2 64
64 65
65 66
65 67
65 68
68 69
68 70
70 71
71 72
70 73
73 74
73 75
75 76
73 77
70 78
68 79
68 80
64 81
81 82
81 83
81 84
81 85
85 86
81 87
87 88
87 89
87 90
81 91
91 92
92 93
91 94
94 95
91 96
91 97
81 98
98 99
98 100
81 101
64 102
102 103
102 104
104 105
104 106
106 107
107 108
107 109
109 110
109 111
107 112
112 113
107 114
114 115
106 116
106 117
102 118
118 119
118 120
120 121
118 122
122 123
123 124
118 125
118 126
102 127
127 128
127 129
102 130
64 131
131 132
132 133
131 134
131 135
131 136
131 137
2 138
2 139
2 140
2 141
2 142
142 143
2 144
2 145
145 146
146 147
145 148
145 149
149 150
149 151
149 152
152 153
152 154
145 155
155 156
155 157
157 158
157 159
159 160
159 161
157 162
157 163
163 164
163 165
145 166
166 167
167 168
166 169
169 170
170 171
170 172
172 173
173 174
172 175
169 176
145 177
177 178
178 179
177 180
145 181
145 182
182 183
182 184
182 185
185 186
186 187
186 188
188 189
186 190
145 191
145 192
145 193
145 194
194 195
195 196
195 197
2 198
198 199
198 200
200 201
201 202
202 203
203 204
203 205
205 206
206 207
205 208
205 209
205 210
201 211
211 212
200 213
200 214
198 215
215 216
215 217
215 218
218 219
219 220
198 221
198 222
222 223
223 224
224 225
224 226
226 227
223 228
222 229
2 230
230 231
230 232
232 233
233 234
232 235
232 236
230 237
230 238
115 239
114 240
114 241
114 242
114 243
206 244
206 245
203 246
204 247
207 248
207 249
205 250
205 251
206 252
206 253
206 254
206 255
206 256
206 257
206 258
210 259
205 260
205 261
205 262
209 263
209 264
111 265
111 266
110 267
110 268
111 269
111 270
95 271
95 272
110 273
202 274
202 275
202 276
109 277
109 278
129 279
113 280
113 281
113 282
113 283
113 284
112 285
112 286
112 287
109 288
107 289
107 290
107 291
107 292
202 293
212 294
202 295
202 296
229 297
202 298
211 299
211 300
211 301
213 302
213 303
116 304
116 305
108 306
106 307
76 308
106 309
106 310
106 311
212 312
201 313
201 314
108 315
78 316
75 317
117 318
117 319
200 320
200 321
79 322
108 323
200 324
200 325
200 326
214 327
200 328
117 329
117 330
75 331
75 332
73 333
74 334
74 335
71 336
71 337
71 338
71 339
73 340
73 341
77 342
77 343
77 344
98 345
100 346
98 347
77 348
68 349
216 350
216 351
98 352
221 353
69 354
199 355
199 356
199 357
65 358
67 359
219 360
219 361
219 362
220 363
215 364
215 365
217 366
218 367
125 368
125 369
123 370
123 371
123 372
124 373
124 374
128 375
96 376
96 377
65 378
65 379
65 380
126 381
96 382
122 383
121 384
122 385
130 386
130 387
93 388
93 389
120 390
55 391
55 392
92 393
91 394
66 395
137 396
137 397
54 398
54 399
102 400
102 401
97 402
92 403
94 404
92 405
54 406
136 407
136 408
105 409
101 410
131 411
131 412
132 413
131 414
131 415
131 416
86 417
86 418
85 419
85 420
81 421
81 422
81 423
81 424
83 425
82 426
87 427
49 428
49 429
49 430
49 431
49 432
88 433
88 434
45 435
140 436
41 437
41 438
50 439
51 440
53 441
60 442
31 443
60 444
60 445
60 446
89 447
40 448
40 449
3 450
52 451
52 452
52 453
52 454
46 455
138 456
46 457
24 458
24 459
58 460
39 461
39 462
39 463
39 464
5 465
89 466
48 467
238 468
36 469
234 470
234 471
42 472
42 473
44 474
44 475
42 476
42 477
43 478
180 479
180 480
32 481
32 482
233 483
232 484
235 485
32 486
32 487
37 488
35 489
56 490
32 491
32 492
180 493
183 494
183 495
28 496
59 497
23 498
23 499
230 500
232 501
62 502
62 503
62 504
23 505
23 506
23 507
26 508
8 509
8 510
4 511
63 512
139 513
156 514
237 515
10 516
9 517
6 518
9 519
9 520
6 521
141 522
30 523
10 524
142 525
142 526
195 527
195 528
11 529
195 530
196 531
196 532
196 533
196 534
195 535
196 536
164 537
164 538
188 539
188 540
188 541
188 542
189 543
189 544
188 545
189 546
188 547
188 548
189 549
189 550
188 551
189 552
189 553
14 554
14 555
14 556
14 557
14 558
189 559
174 560
175 561
175 562
172 563
170 564
170 565
170 566
173 567
197 568
195 569
195 570
195 571
194 572
191 573
191 574
192 575
177 576
177 577
182 578
182 579
151 580
148 581
193 582
145 583
146 584
146 585
147 586
144 587
185 588
167 589
167 590
168 591
168 592
168 593
154 594
178 595
179 596
17 597
158 598
226 599
17 600
153 601
179 602
154 603
152 604
152 605
152 606
152 607
179 608
152 609
153 610
153 611
152 612
153 613
153 614
153 615
17 616
190 617
190 618
190 619
190 620
16 621
16 622
16 623
190 624
16 625
16 626
16 627
20 628
19 629
161 630
19 631
225 632
160 633
19 634
162 635
165 636
165 637
163 638
163 639
171 640
171 641
171 642
163 643
163 644
163 645
163 646
163 647
163 648
187 649
21 650
171 651
15 652
13 653
13 654
