482
661
661
0 589
346 36
341 288
342 633
343 526
348 607
606 470
619 180
298 517
299 460
297 177
294 600
295 342
292 488
290 333
291 227
591 456
590 606
592 366
199 566
198 258
597 376
596 409
195 159
196 71
191 68
190 504
193 16
192 659
270 539
271 533
272 135
273 202
275 398
276 430
277 543
278 53
279 235
524 479
525 95
526 272
527 316
520 617
522 631
599 60
529 233
449 542
448 459
443 604
442 21
441 425
440 565
447 434
446 99
445 289
444 226
108 610
109 520
101 116
106 363
107 331
104 503
105 45
39 33
33 286
32 106
31 85
30 3
37 651
36 438
34 163
641 596
640 306
643 321
644 30
438 541
439 532
437 652
434 83
435 208
432 552
430 562
431 190
339 221
335 109
334 31
337 216
331 2
333 334
332 637
345 264
6 486
99 294
91 580
90 195
92 423
95 48
94 117
97 223
559 104
558 644
555 457
554 449
557 259
551 231
552 614
238 383
239 551
235 357
236 282
237 250
231 475
233 646
1 314
146 453
145 343
143 67
140 623
141 134
613 141
610 568
611 171
617 107
148 396
149 432
133 133
132 201
131 391
137 295
135 17
134 182
494 0
495 139
139 417
491 597
492 587
24 655
25 276
26 361
27 273
20 482
21 52
22 245
23 602
28 390
407 478
406 297
405 402
404 370
403 158
402 298
401 341
409 511
628 392
378 206
371 261
370 594
373 439
372 55
375 156
374 65
377 403
376 494
393 516
392 524
88 6
390 650
397 554
396 317
395 78
394 20
83 169
399 205
81 222
86 611
87 360
84 277
85 630
7 491
607 485
587 420
584 416
585 657
582 404
583 337
580 81
581 191
588 395
589 365
245 175
244 12
247 80
246 345
241 124
614 291
243 168
249 442
518 90
511 137
513 278
512 428
514 25
517 271
516 351
623 131
459 654
621 108
626 152
450 39
451 75
629 634
453 537
454 469
456 564
457 569
179 578
177 76
595 7
175 530
174 265
173 507
172 454
171 143
594 70
657 262
654 172
253 626
182 111
183 431
180 186
181 599
186 87
184 97
651 466
652 165
188 348
659 148
650 591
10 448
12 237
14 461
17 9
16 84
19 492
62 473
322 369
323 92
320 307
321 572
327 210
324 59
325 332
329 481
201 397
202 506
205 1
204 181
207 512
206 64
209 414
208 421
76 224
75 300
73 386
72 72
71 426
70 638
655 329
79 155
78 56
2 217
542 267
543 496
541 405
546 584
544 443
548 112
549 22
120 419
121 323
123 377
124 212
126 581
129 450
414 629
415 249
416 198
417 285
410 275
412 313
413 346
498 527
418 91
419 146
319 69
313 23
312 415
311 219
317 132
316 179
314 588
496 476
3 561
369 322
366 14
367 536
365 451
363 393
360 86
361 193
380 238
381 154
383 613
385 544
386 309
388 192
389 114
578 583
604 518
572 94
571 559
576 46
574 440
60 339
258 280
259 424
64 140
65 418
66 243
67 26
68 435
69 636
250 129
256 214
254 463
255 268
602 244
509 301
506 209
507 567
504 241
503 590
500 312
630 150
631 410
633 196
469 585
636 413
637 324
638 401
464 188
467 444
466 335
461 28
460 73
463 371
462 27
168 557
169 595
164 32
165 522
161 509
163 161
600 174
9 513
647 118
646 325
357 373
355 399
353 236
352 381
351 299
350 514
358 320
216 640
217 62
214 319
215 19
212 151
210 239
219 534
289 327
288 407
281 462
280 445
283 571
282 105
285 529
287 42
286 10
262 385
261 292
267 121
265 353
264 149
268 446
59 199
55 304
57 184
56 204
50 467
53 380
52 215
537 406
536 303
534 592
533 256
532 270
530 374
539 498
114 34
117 352
116 548
111 394
112 311
118 472
428 549
421 388
420 50
423 378
425 281
424 254
426 576
309 375
300 37
301 621
303 283
304 558
306 246
307 207
568 247
569 253
561 41
562 47
564 546
565 372
566 229
567 641
229 123
227 495
226 255
224 437
223 355
222 164
221 88
391 489
151 525
150 350
153 126
152 173
155 279
154 441
156 44
159 367
158 389
609 79
634 412
80 609
398 447
48 483
46 290
47 5
44 145
45 66
42 628
40 500
41 183
5 582
489 153
488 40
486 464
485 24
483 555
482 574
481 57
472 287
473 101
470 643
476 647
475 120
478 358
479 619
415 344
13 0
347 346
390 347
370 340
340 341
340 342
344 343
349 348
390 349
596 595
605 606
593 594
620 619
296 298
296 299
312 296
296 297
293 294
296 295
293 292
308 293
284 290
284 291
586 591
586 590
601 593
593 592
200 199
197 198
598 597
605 596
194 195
197 194
230 197
194 196
189 191
189 190
194 193
189 192
269 270
272 271
274 272
272 273
284 274
274 275
274 276
274 277
279 278
282 279
523 524
526 525
540 526
528 527
519 520
540 521
523 522
538 523
598 599
540 528
528 529
458 449
449 448
439 443
439 442
439 441
439 440
439 447
439 446
439 445
439 444
103 108
110 109
113 102
119 103
115 100
100 101
103 106
103 107
103 104
103 105
40 39
82 38
29 33
29 32
29 31
29 30
35 37
35 36
38 35
29 34
642 641
639 640
642 643
645 642
648 645
642 644
437 438
521 439
521 436
439 437
433 434
436 435
431 432
436 433
429 430
521 431
340 339
364 338
332 335
332 334
338 337
349 336
330 331
336 330
332 333
338 332
344 345
4 6
98 99
128 98
89 91
89 90
130 93
93 92
96 95
93 94
96 97
103 96
560 559
556 558
556 555
553 554
556 557
577 556
550 551
553 550
556 553
553 552
274 238
238 239
257 234
234 235
252 236
236 237
232 230
232 231
248 232
234 233
0 1
615 614
147 146
166 147
153 144
144 145
153 142
144 143
138 140
142 141
618 612
612 613
608 610
612 611
624 616
618 617
147 148
147 149
622 623
625 622
130 133
130 132
130 131
138 130
136 137
138 136
136 135
130 134
493 494
493 495
138 139
142 138
499 490
490 491
493 492
501 493
20 24
20 25
20 26
20 27
29 20
20 21
20 22
20 23
29 28
35 29
408 407
415 406
406 405
402 404
402 403
415 402
400 401
439 400
639 629
408 409
429 408
629 628
398 379
379 378
370 371
390 370
370 373
370 372
370 375
370 374
370 377
370 376
622 618
390 393
390 392
89 88
102 89
390 397
390 396
390 395
390 394
102 82
82 83
77 80
82 81
82 86
82 87
82 84
82 85
8 7
608 601
608 607
608 586
586 587
579 584
586 585
579 582
579 583
579 580
579 581
586 588
586 589
257 245
245 244
248 247
245 246
242 241
252 240
242 243
251 242
616 615
248 249
272 248
540 519
515 518
510 511
635 510
510 513
510 512
519 515
515 514
515 517
515 516
515 458
460 459
620 621
624 620
629 627
627 626
627 625
625 624
449 450
452 451
515 452
452 453
455 454
515 455
455 456
458 457
178 179
187 178
176 177
194 176
172 175
172 174
172 173
178 172
170 171
187 170
660 656
658 657
655 654
252 253
181 182
181 183
181 180
194 181
185 186
194 187
185 184
213 185
653 652
189 188
197 189
660 658
656 653
649 650
649 651
38 11
11 10
77 13
11 12
20 15
15 14
18 17
15 16
18 19
29 18
658 659
61 62
320 322
320 323
347 320
320 321
356 326
328 327
320 324
326 325
330 328
328 329
200 201
218 200
220 203
203 202
203 205
203 204
203 207
203 206
208 209
240 208
100 77
77 76
74 75
77 74
70 73
70 72
70 71
77 70
656 655
77 79
77 78
4 2
661 660
540 542
540 543
545 540
540 541
545 546
550 547
540 544
547 545
20 8
547 548
550 549
64 68
616 598
119 120
122 121
130 122
122 123
125 124
127 125
127 126
128 127
167 128
130 129
415 414
437 415
415 416
415 417
411 410
427 411
411 412
411 413
497 498
415 418
415 419
502 499
318 319
320 318
312 313
315 312
310 311
336 310
318 317
315 316
332 315
315 314
497 496
501 497
2 3
384 368
368 369
364 366
368 367
390 364
364 365
429 362
364 363
359 360
362 361
379 380
382 381
390 382
382 383
408 384
384 385
387 386
408 387
387 388
390 389
615 605
586 579
577 578
603 604
586 573
573 572
570 571
593 570
579 577
575 576
579 575
573 574
61 60
103 61
257 258
260 259
70 64
64 65
64 66
64 67
284 252
64 69
248 250
266 251
252 256
296 257
252 254
252 255
612 603
603 602
510 508
510 509
505 506
508 507
505 504
508 505
508 502
502 503
499 500
502 501
629 630
632 631
639 632
632 633
468 469
490 468
635 636
635 637
515 465
465 464
468 467
465 466
460 461
465 460
460 463
460 462
167 168
170 169
162 164
166 165
167 166
176 167
166 160
162 161
172 162
162 163
601 600
8 9
648 647
645 646
653 649
649 648
356 357
439 356
354 355
362 354
354 353
349 352
349 351
349 350
370 359
359 358
213 216
218 217
213 214
213 215
211 212
238 213
211 210
219 211
232 218
252 219
284 289
284 288
13 4
282 281
279 280
284 283
284 282
284 285
308 284
284 287
284 286
274 263
263 262
260 261
274 260
266 267
274 266
266 265
263 264
274 269
269 268
58 59
74 58
54 55
82 54
58 57
54 56
63 51
49 50
54 53
51 52
538 537
535 536
540 535
74 63
531 533
531 532
540 531
531 530
540 539
540 538
125 115
115 114
138 117
117 116
110 111
113 110
130 113
113 112
136 119
119 118
437 429
429 428
535 534
422 421
415 420
422 423
439 422
436 425
425 424
433 427
427 426
326 308
310 309
296 300
302 301
308 302
302 303
305 304
370 305
305 306
305 307
622 568
568 569
575 560
560 561
563 562
577 563
563 564
570 565
565 566
568 567
228 229
240 228
228 227
225 226
251 225
225 224
220 223
220 222
220 221
230 220
390 391
415 390
147 151
147 150
157 153
147 152
153 155
153 154
160 157
157 156
160 159
157 158
608 609
612 608
635 634
400 399
648 635
528 398
49 48
98 49
45 46
45 47
43 44
63 45
43 42
51 43
45 40
40 41
635 638
4 5
642 639
490 489
487 488
490 487
487 486
484 485
490 484
484 483
480 482
480 481
490 480
471 472
474 473
471 470
490 471
477 476
490 477
487 474
474 475
477 478
480 479
