99
197
0
143 2
141 5
125 9
124 11
120 13
122 15
123 16
128 17
77 23
78 24
80 25
135 26
81 29
79 30
133 33
136 34
134 37
132 38
131 39
137 40
61 46
71 47
67 53
73 54
76 57
75 58
68 60
69 61
66 64
63 65
65 66
70 67
92 70
90 71
96 74
98 75
91 78
86 80
89 82
87 83
84 86
93 88
95 89
82 91
85 92
59 95
50 97
51 98
58 101
56 102
55 105
72 106
52 108
54 109
41 115
40 117
38 118
32 121
34 122
35 124
37 125
47 126
30 128
7 137
6 138
10 139
8 140
11 142
9 143
14 146
12 147
3 149
5 150
0 152
2 153
15 157
17 158
22 159
19 161
21 162
43 166
45 167
29 168
27 169
49 170
116 174
111 177
99 179
101 180
110 182
108 183
113 187
107 188
114 190
117 191
102 194
104 195
105 196
119 197
0 1
1 2
1 3
3 4
4 5
4 6
6 7
7 8
8 9
8 10
10 11
10 12
12 13
12 14
14 15
14 16
7 17
6 18
18 19
19 20
20 21
21 22
22 23
22 24
21 25
20 26
19 27
27 28
28 29
28 30
27 31
31 32
32 33
32 34
31 35
35 36
36 37
36 38
35 39
18 40
3 41
41 42
42 43
43 44
44 45
45 46
45 47
44 48
48 49
49 50
50 51
51 52
52 53
52 54
51 55
55 56
56 57
56 58
55 59
59 60
59 61
50 62
62 63
63 64
63 65
62 66
49 67
48 68
68 69
69 70
69 71
68 72
72 73
73 74
73 75
72 76
76 77
77 78
77 79
79 80
79 81
81 82
81 83
76 84
84 85
85 86
85 87
87 88
87 89
84 90
90 91
90 92
43 93
93 94
94 95
94 96
96 97
96 98
93 99
99 100
100 101
100 102
99 103
103 104
104 105
104 106
103 107
107 108
107 109
42 110
110 111
111 112
112 113
113 114
114 115
114 116
116 117
116 118
113 119
119 120
120 121
120 122
119 123
123 124
123 125
112 126
111 127
127 128
127 129
129 130
130 131
131 132
132 133
133 134
134 135
135 136
136 137
136 138
135 139
134 140
133 141
141 142
141 143
132 144
144 145
145 146
145 147
144 148
148 149
148 150
131 151
151 152
151 153
130 154
154 155
155 156
156 157
156 158
155 159
154 160
160 161
160 162
129 163
163 164
164 165
165 166
165 167
164 168
163 169
110 170
41 171
171 172
172 173
173 174
173 175
175 176
176 177
176 178
178 179
178 180
175 181
181 182
181 183
172 184
184 185
185 186
186 187
186 188
185 189
189 190
189 191
184 192
192 193
193 194
193 195
192 196
171 197
