92
169
0
143 4
141 6
137 9
128 11
125 13
120 15
124 17
123 19
122 20
133 22
134 23
135 24
131 25
136 26
77 28
80 30
81 32
119 35
111 38
110 41
108 42
99 44
101 45
116 47
102 50
104 51
105 53
107 55
113 57
117 59
114 60
96 62
98 63
87 65
89 66
91 68
95 71
82 73
84 74
86 76
85 77
90 79
92 81
73 83
76 85
75 86
61 88
71 90
69 92
68 93
63 95
66 97
65 98
70 100
56 103
52 105
54 106
55 108
72 109
59 112
51 114
58 116
49 118
47 121
40 124
41 126
38 127
35 129
37 130
32 132
34 133
43 135
45 137
29 139
27 141
30 143
17 146
15 147
22 149
21 151
19 152
2 155
0 156
3 159
5 160
12 162
14 163
10 165
9 166
11 167
6 168
8 169
0 1
1 2
2 3
3 4
3 5
5 6
5 7
7 8
8 9
8 10
10 11
10 12
12 13
12 14
14 15
14 16
16 17
16 18
18 19
18 20
7 21
21 22
21 23
21 24
21 25
21 26
21 27
27 28
27 29
29 30
29 31
31 32
2 33
33 34
34 35
34 36
36 37
37 38
37 39
39 40
40 41
40 42
39 43
43 44
43 45
36 46
46 47
46 48
48 49
49 50
49 51
48 52
52 53
52 54
54 55
54 56
56 57
56 58
58 59
58 60
33 61
61 62
61 63
61 64
64 65
64 66
64 67
67 68
67 69
69 70
70 71
69 72
72 73
72 74
72 75
75 76
75 77
64 78
78 79
78 80
80 81
80 82
82 83
82 84
84 85
84 86
82 87
87 88
87 89
89 90
89 91
91 92
91 93
91 94
94 95
94 96
96 97
96 98
82 99
99 100
99 101
101 102
102 103
102 104
104 105
104 106
104 107
107 108
107 109
101 110
110 111
111 112
111 113
113 114
110 115
115 116
115 117
117 118
117 119
119 120
120 121
120 122
122 123
123 124
123 125
125 126
125 127
122 128
128 129
128 130
128 131
131 132
131 133
119 134
134 135
134 136
136 137
136 138
138 139
138 140
140 141
140 142
142 143
142 144
144 145
145 146
145 147
145 148
148 149
148 150
150 151
150 152
144 153
153 154
154 155
154 156
153 157
157 158
158 159
158 160
157 161
161 162
161 163
153 164
164 165
164 166
164 167
164 168
164 169
