99
197
0
59 17
51 19
50 20
58 21
55 23
49 25
47 29
41 31
40 33
38 34
37 37
35 38
34 40
32 41
45 45
29 47
27 48
43 49
30 51
22 55
17 57
15 58
21 60
19 61
14 65
12 66
5 68
3 69
11 74
9 77
7 78
8 79
10 80
6 81
2 83
0 84
72 85
56 87
54 89
52 90
61 91
70 92
67 95
73 96
66 99
65 100
71 103
69 105
68 106
63 107
76 109
75 110
92 111
90 112
85 113
98 118
96 119
89 121
87 122
86 123
95 127
93 128
82 129
84 130
91 131
119 133
113 136
105 137
117 139
116 141
114 145
107 146
104 148
102 149
111 152
101 154
99 155
110 157
108 158
141 161
137 164
128 166
125 168
124 171
123 173
122 174
120 175
136 177
135 179
134 183
132 186
133 187
131 188
80 191
77 192
78 193
81 195
79 196
143 197
0 1
1 2
2 3
3 4
4 5
5 6
6 7
7 8
8 9
9 10
10 11
11 12
12 13
13 14
14 15
15 16
16 17
16 18
18 19
18 20
15 21
14 22
22 23
22 24
24 25
24 26
26 27
27 28
28 29
28 30
30 31
30 32
32 33
32 34
27 35
35 36
36 37
36 38
35 39
39 40
39 41
26 42
42 43
43 44
44 45
44 46
46 47
46 48
43 49
42 50
50 51
50 52
52 53
53 54
54 55
54 56
56 57
56 58
53 59
59 60
59 61
52 62
62 63
63 64
64 65
64 66
63 67
67 68
67 69
62 70
70 71
71 72
72 73
73 74
73 75
75 76
76 77
76 78
75 79
72 80
71 81
70 82
82 83
82 84
13 85
12 86
86 87
86 88
88 89
88 90
11 91
10 92
9 93
93 94
94 95
94 96
93 97
97 98
98 99
98 100
97 101
101 102
102 103
102 104
104 105
104 106
101 107
8 108
108 109
108 110
7 111
6 112
5 113
4 114
114 115
115 116
116 117
117 118
117 119
116 120
120 121
120 122
115 123
114 124
124 125
125 126
126 127
126 128
125 129
124 130
3 131
2 132
132 133
132 134
134 135
135 136
135 137
134 138
138 139
138 140
140 141
140 142
142 143
143 144
144 145
144 146
143 147
147 148
147 149
142 150
150 151
151 152
151 153
153 154
153 155
150 156
156 157
156 158
1 159
159 160
160 161
160 162
162 163
163 164
163 165
165 166
165 167
167 168
167 169
169 170
170 171
170 172
172 173
172 174
169 175
162 176
176 177
176 178
178 179
178 180
180 181
181 182
182 183
182 184
184 185
185 186
185 187
184 188
181 189
189 190
190 191
190 192
189 193
180 194
194 195
194 196
159 197
