99
148
1
50 3
67 7
93 9
96 15
75 19
78 27
132 29
79 37
37 47
15 49
7 52
29 56
30 61
0 64
2 65
3 66
5 67
6 68
8 69
9 70
10 71
11 72
12 73
14 74
17 75
19 76
21 77
22 78
27 79
32 80
34 81
35 82
38 83
40 84
41 85
43 86
45 87
47 88
49 89
51 90
52 91
54 92
55 93
56 94
58 95
59 96
61 97
63 98
65 99
66 100
68 101
69 102
70 103
71 104
72 105
73 106
76 107
77 108
80 109
81 110
82 111
84 112
85 113
86 114
87 115
89 116
90 117
91 118
92 119
95 120
98 121
99 122
101 123
102 124
104 125
105 126
107 127
108 128
110 129
111 130
113 131
114 132
116 133
117 134
119 135
120 136
122 137
123 138
124 139
125 140
128 141
131 142
133 143
134 144
135 145
136 146
137 147
141 148
143 149
1 2
2 3
2 4
2 5
5 6
6 7
7 8
8 9
8 10
7 11
11 12
12 13
13 14
12 15
12 16
16 17
11 18
7 19
7 20
7 21
6 22
22 23
23 24
22 25
6 26
26 27
27 28
27 29
29 30
29 31
31 32
32 33
32 34
31 35
35 36
29 37
26 38
38 39
38 40
38 41
5 42
5 43
43 44
44 45
44 46
46 47
46 48
44 49
44 50
50 51
50 52
50 53
50 54
44 55
55 56
55 57
57 58
55 59
43 60
43 61
43 62
5 63
59 64
54 65
51 66
51 67
52 68
52 69
52 70
52 71
52 72
62 73
50 74
53 75
60 76
60 77
53 78
45 79
47 80
23 81
47 82
46 83
58 84
46 85
57 86
55 87
24 88
48 89
3 90
5 91
63 92
42 93
6 94
25 95
4 96
7 97
8 98
20 99
20 100
8 101
8 102
21 103
10 104
5 105
7 106
7 107
27 108
28 109
37 110
16 111
17 112
16 113
12 114
12 115
12 116
18 117
13 118
11 119
9 120
12 121
40 122
40 123
39 124
39 125
39 126
41 127
38 128
38 129
38 130
39 131
39 132
39 133
38 134
26 135
34 136
36 137
36 138
36 139
35 140
33 141
29 142
29 143
29 144
30 145
29 146
31 147
31 148
14 149
