99
144
144
133 54
132 41
131 79
137 113
136 78
135 96
134 32
27 47
21 86
22 9
29 2
0 89
8 75
119 114
120 0
122 49
123 34
124 116
125 43
128 125
59 122
58 40
55 85
54 52
56 67
51 81
50 108
52 6
114 77
117 30
116 73
111 15
110 71
113 22
82 72
80 38
81 93
86 51
87 27
84 117
85 10
3 69
7 59
108 141
102 102
101 143
107 92
104 136
105 21
38 7
32 29
30 80
37 19
35 58
34 35
61 98
63 8
65 133
66 65
67 11
68 134
69 128
2 137
6 111
99 119
98 82
91 61
90 50
93 17
92 70
95 3
96 99
11 110
10 105
12 135
15 123
14 63
17 132
19 120
89 5
49 104
47 12
45 107
43 68
40 55
41 90
5 14
9 76
143 101
141 37
77 91
76 124
75 95
73 84
72 56
71 66
70 131
79 45
78 87
132 133
139 132
132 131
142 130
138 137
132 136
132 135
132 134
140 139
139 138
26 24
26 25
31 26
28 27
25 20
20 21
23 22
25 23
42 28
28 29
1 0
18 4
7 8
118 119
121 120
126 121
121 122
121 123
121 124
126 125
127 126
138 127
127 128
130 129
130 118
60 59
57 58
53 55
53 54
62 57
57 56
50 51
60 50
57 53
53 52
118 115
112 114
97 88
88 89
109 111
109 110
112 113
115 112
83 82
88 83
79 80
79 81
88 86
88 87
83 84
86 85
4 3
18 7
109 108
115 109
103 102
112 103
109 100
100 101
112 106
106 107
103 104
106 105
46 39
39 38
36 33
33 32
42 31
31 30
36 37
46 36
36 35
33 34
67 60
62 61
67 62
64 63
67 64
64 65
64 66
74 67
67 68
67 69
1 2
7 6
100 99
97 98
88 91
88 90
94 93
88 92
94 95
129 94
129 97
97 96
7 11
7 10
24 13
13 12
16 15
13 14
16 17
23 16
20 19
24 18
115 117
115 116
67 48
48 49
48 46
46 47
48 44
44 45
44 42
44 43
39 40
39 41
18 1
4 5
7 9
144 142
142 143
142 140
140 141
78 77
74 76
74 75
88 74
67 73
67 72
67 71
67 70
132 79
132 78
