99
150
0
141 4
128 8
120 12
124 13
122 15
123 16
125 17
137 18
135 20
136 23
133 24
132 19
134 29
78 30
80 33
77 34
81 37
79 36
131 39
143 40
119 43
102 47
104 48
113 51
107 53
117 55
114 56
105 57
101 62
99 63
111 64
108 66
110 67
116 68
96 71
98 72
85 75
86 74
95 81
93 80
82 84
84 85
91 86
87 89
89 90
90 92
92 94
76 97
75 98
73 101
63 104
65 105
66 106
67 95
68 112
69 113
70 114
61 116
71 118
59 121
51 123
50 122
58 126
56 128
54 131
52 132
72 134
55 136
49 139
32 143
37 142
35 146
34 147
47 149
38 151
41 153
40 154
30 156
27 159
45 161
29 163
43 164
15 168
17 170
22 171
21 173
19 174
11 180
8 181
7 177
6 185
9 186
10 187
5 190
3 191
14 193
12 194
2 196
0 197
0 1
1 2
2 3
3 4
3 5
5 6
6 7
7 8
7 9
9 10
10 12
10 13
10 14
14 15
14 16
9 17
6 18
5 19
19 20
19 23
19 24
19 29
19 30
30 33
30 34
19 36
36 37
19 39
2 40
1 41
41 42
42 43
42 44
44 45
45 46
46 47
46 48
45 50
50 51
50 53
50 54
54 55
54 56
45 57
44 59
59 61
61 62
61 63
59 64
59 65
65 66
65 67
44 68
41 69
69 71
69 72
69 73
73 74
74 75
73 79
79 80
80 81
79 84
79 85
73 86
73 89
73 90
73 91
91 92
91 93
93 94
93 95
95 96
96 97
96 98
95 101
95 102
102 104
102 105
102 106
95 111
111 112
111 113
95 114
95 115
115 116
115 118
115 119
119 120
120 121
120 122
122 123
119 125
125 126
125 128
125 129
129 131
129 132
129 133
133 134
133 135
135 136
135 137
137 138
138 139
138 140
140 141
141 142
142 143
141 146
141 147
140 149
140 150
150 151
150 153
150 154
137 155
155 156
155 157
157 159
157 160
160 161
160 163
160 164
157 165
165 166
166 167
167 168
167 170
167 171
166 172
172 173
172 174
165 175
175 177
177 180
177 181
177 185
177 186
177 187
175 188
188 189
189 190
189 191
188 192
192 193
192 194
175 195
195 196
195 197
