99
197
0
141 4
128 8
120 12
124 13
122 15
123 16
125 17
137 18
135 20
136 23
133 24
132 26
134 29
78 31
80 33
77 34
81 37
79 38
131 39
143 40
119 43
102 47
104 48
113 51
107 53
117 55
114 56
105 57
101 62
99 63
111 64
108 66
110 67
116 68
96 71
98 72
85 75
86 76
95 81
93 82
82 84
84 85
91 86
87 89
89 90
90 92
92 94
76 97
75 98
73 101
63 104
65 105
66 106
67 108
68 112
69 113
70 114
61 116
71 118
59 121
51 123
50 124
58 126
56 128
54 131
52 132
72 134
55 136
49 139
32 143
37 144
35 146
34 147
47 149
38 151
41 153
40 154
30 156
27 159
45 161
29 163
43 164
15 168
17 170
22 171
21 173
19 174
11 180
8 181
7 183
6 185
9 186
10 187
5 190
3 191
14 193
12 194
2 196
0 197
0 1
1 2
2 3
3 4
3 5
5 6
6 7
7 8
7 9
9 10
10 11
11 12
11 13
10 14
14 15
14 16
9 17
6 18
5 19
19 20
19 21
21 22
22 23
22 24
21 25
25 26
25 27
27 28
28 29
28 30
30 31
30 32
32 33
32 34
27 35
35 36
36 37
36 38
35 39
2 40
1 41
41 42
42 43
42 44
44 45
45 46
46 47
46 48
45 49
49 50
50 51
50 52
52 53
52 54
54 55
54 56
49 57
44 58
58 59
59 60
60 61
61 62
61 63
60 64
59 65
65 66
65 67
58 68
41 69
69 70
70 71
70 72
69 73
73 74
74 75
74 76
73 77
77 78
78 79
79 80
80 81
80 82
79 83
83 84
83 85
78 86
77 87
87 88
88 89
88 90
87 91
91 92
91 93
93 94
93 95
95 96
96 97
96 98
95 99
99 100
100 101
100 102
102 103
103 104
103 105
102 106
99 107
107 108
107 109
109 110
110 111
111 112
111 113
110 114
109 115
115 116
115 117
117 118
117 119
119 120
120 121
120 122
122 123
122 124
119 125
125 126
125 127
127 128
127 129
129 130
130 131
130 132
129 133
133 134
133 135
135 136
135 137
137 138
138 139
138 140
140 141
141 142
142 143
142 144
141 145
145 146
145 147
140 148
148 149
148 150
150 151
150 152
152 153
152 154
137 155
155 156
155 157
157 158
158 159
158 160
160 161
160 162
162 163
162 164
157 165
165 166
166 167
167 168
167 169
169 170
169 171
166 172
172 173
172 174
165 175
175 176
176 177
177 178
178 179
179 180
179 181
178 182
182 183
182 184
184 185
184 186
177 187
176 188
188 189
189 190
189 191
188 192
192 193
192 194
175 195
195 196
195 197
