99
197
0
143 2
135 4
145 7
137 10
138 11
146 12
49 20
51 21
46 23
44 24
52 27
61 28
55 29
54 31
28 37
30 38
25 42
16 46
14 47
32 48
26 50
27 51
21 54
20 56
17 58
19 59
23 60
12 64
10 66
11 67
3 71
6 72
5 73
8 76
7 77
9 78
13 80
2 82
0 83
34 84
37 85
41 87
43 88
68 91
66 92
58 95
59 96
40 99
38 100
48 101
105 104
99 105
72 110
63 111
103 114
69 115
106 117
104 118
71 121
75 122
100 124
101 125
65 128
139 129
102 131
97 133
74 134
124 141
126 142
127 143
134 145
132 146
122 148
120 151
116 153
111 156
113 157
117 159
118 161
114 162
119 163
89 168
91 169
94 171
92 172
96 173
108 176
131 178
129 179
109 181
110 182
87 184
76 187
78 188
79 192
81 193
84 195
83 196
85 197
0 1
1 2
1 3
3 4
3 5
5 6
6 7
6 8
8 9
9 10
9 11
8 12
5 13
13 14
14 15
15 16
16 17
17 18
18 19
19 20
19 21
18 22
22 23
22 24
17 25
25 26
26 27
26 28
25 29
16 30
30 31
30 32
32 33
33 34
34 35
35 36
36 37
36 38
35 39
39 40
40 41
41 42
41 43
43 44
44 45
45 46
45 47
44 48
43 49
49 50
49 51
40 52
52 53
53 54
53 55
55 56
55 57
57 58
57 59
52 60
39 61
61 62
62 63
63 64
63 65
65 66
65 67
62 68
68 69
69 70
70 71
70 72
69 73
68 74
74 75
75 76
75 77
74 78
61 79
79 80
79 81
81 82
81 83
34 84
33 85
32 86
86 87
86 88
15 89
89 90
90 91
90 92
89 93
93 94
94 95
94 96
93 97
97 98
98 99
98 100
97 101
14 102
102 103
103 104
103 105
102 106
106 107
107 108
108 109
109 110
109 111
108 112
112 113
113 114
113 115
112 116
116 117
116 118
107 119
119 120
120 121
120 122
119 123
123 124
123 125
106 126
126 127
127 128
127 129
126 130
130 131
130 132
132 133
132 134
13 135
135 136
136 137
137 138
138 139
139 140
140 141
140 142
139 143
138 144
144 145
144 146
137 147
147 148
147 149
149 150
150 151
150 152
152 153
152 154
154 155
155 156
155 157
154 158
158 159
158 160
160 161
160 162
149 163
136 164
164 165
165 166
166 167
167 168
167 169
166 170
170 171
170 172
165 173
164 174
174 175
175 176
175 177
177 178
177 179
174 180
180 181
180 182
135 183
183 184
183 185
185 186
186 187
186 188
185 189
189 190
190 191
191 192
191 193
190 194
194 195
194 196
189 197
