99
164
0
71 9
106 14
104 15
99 16
103 17
69 18
101 22
75 23
72 25
63 26
74 27
102 29
100 30
105 32
59 36
58 38
48 40
40 42
38 43
68 44
61 49
52 50
55 51
54 54
43 57
41 58
37 60
34 62
32 67
27 70
16 73
14 74
13 80
3 81
12 84
11 87
6 88
10 90
5 91
2 93
0 94
8 95
9 96
7 97
26 98
25 99
23 101
21 103
20 105
19 107
17 108
30 110
28 111
51 113
49 115
46 117
44 118
66 119
97 121
65 122
139 123
132 126
134 129
122 131
120 134
118 136
117 140
113 142
111 143
114 144
116 145
119 146
127 148
126 150
124 151
96 157
89 158
91 159
94 161
92 162
129 166
108 167
110 169
109 170
131 171
84 177
83 178
81 180
79 181
78 183
76 184
87 185
85 186
146 187
145 191
143 192
138 194
137 196
135 197
0 1
1 2
2 3
3 4
4 6
6 9
6 10
10 13
13 14
13 15
10 16
10 17
10 18
6 19
19 22
19 23
19 24
24 25
24 26
19 27
6 28
28 29
28 30
4 31
31 32
31 33
33 34
34 35
35 36
35 37
37 38
37 39
39 40
39 41
41 42
41 43
34 44
33 46
46 47
47 48
48 49
48 50
47 51
46 53
53 54
53 55
55 56
56 57
56 58
55 59
59 60
59 61
61 62
61 63
63 64
64 67
64 70
64 71
71 72
72 73
72 74
71 75
75 76
76 79
79 80
79 81
76 84
76 86
86 87
86 88
76 90
76 91
76 92
92 93
92 94
76 95
76 96
75 97
64 98
64 99
64 100
100 101
100 102
102 103
102 104
104 105
104 107
104 108
63 109
109 110
109 111
46 112
112 113
112 115
112 116
116 117
116 118
33 119
4 120
120 121
120 122
3 123
2 124
124 125
125 126
125 127
127 128
128 129
128 130
130 131
130 132
132 134
132 135
135 136
135 140
135 141
141 142
141 143
135 144
135 145
132 146
127 147
147 148
147 149
149 150
149 151
124 152
152 153
153 154
154 157
154 158
154 159
154 160
160 161
160 162
153 163
163 166
163 167
163 168
168 169
168 170
163 171
152 172
172 173
173 174
174 176
176 177
176 178
174 179
179 180
179 181
174 182
182 183
182 184
173 185
172 186
1 187
187 189
189 191
189 192
189 193
193 194
193 196
193 197
