478
860
0
675 2
606 8
605 11
607 12
603 13
601 14
604 15
673 16
569 19
561 21
552 26
550 27
549 31
477 32
476 35
473 37
475 38
479 39
571 40
575 42
574 43
555 47
553 48
559 49
563 51
577 56
578 58
564 60
566 61
576 62
610 64
612 65
558 67
560 69
573 72
570 73
567 74
510 86
525 87
507 88
509 89
490 93
488 94
500 95
494 97
496 98
531 100
491 103
493 104
502 105
523 109
533 113
515 114
513 117
512 118
504 120
506 121
480 124
484 126
482 127
514 128
521 130
485 132
487 133
520 135
518 136
517 141
497 143
499 144
529 145
536 146
534 148
526 149
537 150
539 151
541 153
545 157
544 159
547 160
543 161
546 162
608 166
600 167
590 170
595 171
597 175
592 176
587 179
581 182
579 183
586 184
593 185
588 187
596 189
584 191
582 192
669 196
668 197
651 202
657 203
623 210
624 211
621 212
625 215
627 216
618 218
616 219
628 220
632 221
619 225
613 227
615 228
630 229
636 231
634 232
662 234
666 238
663 239
665 240
640 243
638 244
659 245
370 251
372 253
353 255
354 256
384 259
382 260
373 263
362 266
366 268
367 269
365 271
363 273
360 274
364 275
307 283
309 285
310 286
329 288
331 289
332 290
346 293
355 294
306 297
303 298
348 300
305 301
357 303
393 304
395 308
649 310
394 313
392 314
408 315
349 318
391 319
396 322
368 324
369 325
377 326
385 329
387 330
376 334
351 336
352 337
299 342
298 343
328 346
326 347
302 349
300 350
295 354
263 356
262 358
264 359
297 361
338 362
321 364
293 367
290 368
294 370
291 374
288 375
341 376
292 377
335 380
337 382
336 383
339 384
359 385
409 389
379 391
381 392
459 395
453 399
451 400
648 401
454 404
457 406
442 407
443 407
643 411
444 416
446 417
449 418
450 421
447 422
647 423
646 426
456 430
470 431
644 433
645 435
650 436
641 437
438 440
437 441
468 442
400 448
465 449
466 453
462 454
464 455
467 456
461 457
439 459
441 460
472 462
434 464
412 467
414 468
436 469
403 471
427 475
416 479
428 480
432 481
426 487
430 488
397 490
398 491
422 493
423 494
411 500
418 501
431 502
429 503
417 504
356 509
401 510
405 513
390 514
404 515
388 516
420 518
406 519
425 520
419 523
315 525
317 526
334 527
424 528
313 532
320 535
318 536
325 540
323 541
345 542
344 544
343 545
312 546
242 553
232 555
234 556
248 557
251 559
249 561
246 564
243 565
245 566
259 570
257 571
261 572
265 575
267 576
284 582
277 584
278 587
276 588
280 589
282 591
279 595
281 596
275 597
286 598
273 600
274 601
287 603
285 604
283 606
272 608
271 611
268 612
269 613
255 616
256 618
254 619
252 620
231 624
229 625
220 627
205 633
202 634
200 635
183 638
181 639
212 640
204 642
195 643
196 645
176 648
193 650
194 651
169 655
167 656
172 657
170 658
144 665
142 666
140 670
138 671
76 673
77 674
141 675
59 680
18 683
17 685
15 687
16 688
60 690
58 693
62 694
61 695
113 697
111 698
163 702
166 704
165 705
159 709
158 710
152 712
148 715
146 716
110 718
108 719
136 722
87 724
43 726
45 727
154 728
5 733
3 734
38 736
36 737
54 741
2 744
0 745
6 748
8 749
28 750
32 753
30 754
31 755
124 757
126 758
131 762
127 765
128 766
129 767
50 771
52 772
130 773
84 778
33 780
35 781
86 782
75 786
73 787
117 789
81 792
83 793
116 794
118 796
119 797
132 798
12 803
14 804
39 805
69 806
21 811
19 814
23 816
41 817
22 819
24 820
99 823
98 827
97 828
57 831
55 832
56 833
46 836
47 836
48 839
100 841
101 842
96 843
105 845
102 846
104 847
199 849
197 850
135 853
133 854
175 860
173 861
207 862
240 863
178 865
192 867
190 868
151 871
150 872
157 874
155 875
122 877
184 882
186 883
162 885
161 886
123 889
68 891
121 893
67 894
120 895
80 899
78 900
91 904
93 905
27 906
65 910
66 911
63 912
89 914
92 917
25 918
94 919
11 922
9 923
72 925
71 926
187 931
189 932
216 936
226 937
224 938
210 940
208 941
237 944
235 945
221 947
223 948
218 950
239 951
655 953
653 954
671 955
0 1
1 2
1 3
3 4
4 5
5 6
6 8
6 11
6 12
6 13
6 14
5 15
4 16
3 17
17 18
18 19
18 20
20 21
20 22
22 23
23 24
24 25
25 26
25 27
24 28
28 29
29 31
29 32
29 34
34 35
34 36
36 37
36 38
29 39
28 40
23 41
41 42
41 43
22 44
44 45
45 46
46 47
46 48
45 49
44 50
50 51
50 52
52 53
53 54
54 56
54 57
57 58
57 59
59 60
59 61
54 62
53 63
63 64
63 65
52 66
66 67
66 68
68 69
68 72
68 73
68 74
17 75
75 76
76 77
77 78
78 79
79 82
82 83
83 84
84 85
85 86
85 87
84 88
83 89
82 90
90 91
91 93
91 94
91 95
90 96
96 97
96 98
79 99
99 100
99 101
101 102
102 103
102 104
101 105
79 107
107 109
107 110
110 111
111 112
112 113
112 114
111 116
116 117
116 118
111 119
119 120
119 121
110 122
122 123
123 124
123 125
125 126
125 127
122 128
107 129
129 130
129 131
131 132
131 133
79 134
134 135
134 136
79 137
137 138
138 139
139 140
140 141
140 142
142 143
142 144
139 145
138 146
137 147
147 148
147 149
78 150
77 151
76 152
152 153
152 154
154 155
155 157
155 158
158 159
158 160
155 161
154 162
75 163
163 164
164 165
165 166
165 167
164 168
168 169
169 170
169 171
168 172
172 173
173 174
174 175
174 176
173 177
177 178
178 179
178 180
180 181
181 182
181 183
180 184
177 185
172 186
186 187
186 188
188 189
188 190
190 191
190 192
163 193
193 194
194 195
195 196
195 197
194 198
198 199
199 200
200 201
201 202
201 203
200 204
204 205
205 206
206 207
207 208
208 209
209 210
209 211
208 212
207 213
213 214
214 215
214 216
213 217
217 218
217 219
206 220
205 221
204 222
222 223
223 224
224 225
224 226
226 227
226 228
223 229
222 230
230 231
230 232
199 233
233 234
233 235
235 236
236 238
236 239
236 240
235 241
241 242
242 243
242 244
241 245
198 246
246 247
247 248
248 249
249 250
250 251
250 252
252 253
252 254
254 255
254 256
249 257
257 258
258 259
258 260
257 261
261 262
262 263
262 265
265 266
265 268
265 269
262 270
270 271
270 272
272 273
272 274
261 275
248 276
276 277
277 280
280 281
281 283
281 285
281 286
281 287
287 288
287 289
280 290
277 291
291 292
292 293
292 294
291 295
295 296
296 297
296 298
295 299
299 300
299 301
277 302
302 303
302 304
277 306
306 307
307 308
307 310
307 311
311 312
312 313
312 314
311 315
306 316
316 317
317 318
317 319
316 320
320 321
321 322
321 323
323 324
323 325
320 326
277 327
327 328
328 329
328 330
327 332
332 333
333 334
333 335
335 336
335 337
332 338
338 339
339 341
341 342
341 343
339 344
344 345
345 346
345 347
344 348
348 349
348 350
339 352
352 354
352 355
355 356
355 357
357 358
357 359
352 361
352 362
339 363
363 364
363 365
365 366
366 367
366 368
365 370
365 371
371 374
371 375
371 376
371 377
338 378
378 379
379 380
379 381
381 382
381 383
378 384
327 385
276 387
387 388
388 389
388 390
390 391
390 392
387 393
393 395
393 397
397 398
398 399
398 400
397 401
393 402
402 403
403 404
403 405
405 406
405 407
402 411
402 412
412 413
413 415
415 416
415 417
413 418
413 420
420 421
420 422
413 423
412 424
424 425
425 426
425 427
427 429
429 430
429 431
427 433
427 435
427 436
427 437
424 438
438 439
439 440
439 441
438 442
393 443
443 444
444 446
446 447
447 448
447 449
446 450
450 451
451 452
452 453
452 454
451 455
450 456
444 457
444 458
458 459
458 460
443 461
461 462
461 463
463 464
463 465
465 466
466 467
466 468
465 469
276 470
470 471
470 472
472 473
473 474
474 475
474 476
476 477
477 478
478 479
478 480
477 481
476 482
482 483
483 485
485 487
485 488
485 489
489 490
489 491
483 492
492 493
492 494
483 497
497 498
498 499
499 500
499 501
498 502
497 503
483 504
483 505
505 506
506 508
508 509
508 510
506 511
511 513
511 514
511 515
506 516
505 517
517 518
517 519
482 520
473 521
521 522
522 523
522 524
524 525
524 526
521 527
472 528
247 529
529 530
530 531
531 532
531 533
533 534
534 535
534 536
533 537
537 539
539 540
539 541
537 542
537 544
537 545
530 546
529 547
547 548
548 549
549 550
550 551
551 552
552 553
552 554
554 555
554 556
551 557
550 558
558 559
558 561
558 563
563 564
563 565
558 566
549 567
567 568
568 569
569 570
569 571
568 572
567 574
574 575
574 576
567 577
577 578
578 579
579 581
581 582
581 583
583 584
583 585
585 587
585 588
585 589
579 590
590 591
590 592
592 593
593 594
594 595
594 596
593 597
592 598
579 599
599 600
599 601
578 602
602 603
602 604
577 605
605 606
605 607
607 608
607 609
609 610
610 611
610 612
609 613
548 614
614 615
615 616
615 617
617 618
617 619
614 620
547 622
622 624
622 625
622 626
626 627
626 629
629 630
630 631
631 632
632 633
632 634
631 635
630 636
636 637
637 638
637 639
636 640
629 642
629 643
626 644
644 645
644 647
647 648
647 649
649 650
649 651
644 652
652 654
654 655
654 656
652 657
652 658
547 659
659 660
660 661
661 663
663 664
664 665
664 666
663 667
667 668
668 669
669 670
669 671
668 672
672 673
672 674
667 675
661 677
677 679
679 680
679 681
681 682
682 683
682 685
682 686
686 687
686 688
681 689
689 690
689 691
691 692
692 693
692 694
691 695
677 696
696 697
696 698
677 700
700 701
701 702
701 703
703 704
703 705
700 706
706 707
707 708
708 709
708 710
707 711
711 712
711 713
713 714
714 715
714 716
713 717
717 718
717 719
706 720
720 721
721 722
721 723
723 724
723 725
725 726
725 727
720 728
677 729
729 731
731 732
732 733
732 734
731 735
735 736
735 737
729 738
738 739
739 740
740 741
740 742
742 743
743 744
743 745
742 747
747 748
747 749
742 750
739 751
751 753
751 754
751 755
738 756
756 757
756 758
729 759
759 761
761 762
761 764
764 765
764 766
761 767
759 769
769 770
770 771
770 772
769 773
759 774
774 775
775 776
776 778
776 779
779 780
779 781
776 782
775 783
783 784
784 785
785 786
785 787
784 789
784 791
791 792
791 793
784 794
783 795
795 796
795 797
774 798
759 799
799 800
800 801
801 802
802 803
802 804
801 805
800 806
799 808
808 809
809 810
810 811
810 814
810 815
815 816
815 817
810 818
818 819
818 820
809 821
821 823
821 825
825 826
826 827
826 828
825 829
829 830
830 831
830 832
829 833
821 835
835 836
835 839
821 841
821 842
821 843
808 845
808 846
799 847
661 848
848 849
848 850
661 851
851 852
852 853
852 854
851 857
857 858
858 859
859 860
859 861
858 862
857 863
851 864
864 865
864 866
866 867
866 868
851 869
869 870
870 871
870 872
869 874
869 875
660 876
876 877
876 878
878 879
879 880
880 881
881 882
881 883
880 884
884 885
884 886
879 888
888 889
888 890
890 891
890 892
892 893
892 894
879 895
878 896
896 897
897 899
897 900
897 902
902 903
903 904
903 905
902 906
897 908
908 910
908 911
908 912
897 913
913 914
913 915
915 916
916 917
916 918
915 919
896 920
920 921
921 922
921 923
920 924
924 925
924 926
659 927
927 928
928 929
929 930
930 931
930 932
929 933
933 934
934 935
935 936
935 937
934 938
933 939
939 940
939 941
928 942
942 943
943 944
943 945
942 946
946 947
946 948
927 949
949 950
949 951
246 952
952 953
952 954
193 955
