478
678
678
344 645
0 496
346 178
341 509
343 345
348 477
349 276
595 104
606 610
298 576
299 363
297 128
294 424
295 438
292 68
293 398
290 574
291 306
590 83
593 256
592 8
199 116
597 525
596 651
195 488
194 349
197 630
196 284
190 526
193 608
192 579
271 18
272 564
273 663
274 45
275 443
276 100
277 646
278 515
279 587
525 395
526 243
520 186
521 246
523 305
529 387
449 303
443 309
442 506
441 2
447 366
446 520
444 162
108 126
102 86
100 490
101 529
104 499
105 181
39 320
38 312
33 640
32 417
31 476
30 534
36 271
35 523
641 122
640 89
643 467
645 62
644 111
438 331
439 99
436 370
437 292
434 52
432 612
430 56
431 536
339 473
338 59
335 190
334 422
337 23
336 461
331 621
332 6
345 133
6 288
99 273
98 234
91 21
93 223
92 113
94 151
97 666
96 38
559 124
558 61
555 494
550 482
553 434
552 48
239 286
234 377
235 279
237 428
231 98
232 31
146 616
144 19
619 403
142 414
140 514
141 299
612 451
613 110
610 123
616 582
148 405
615 466
133 521
132 545
131 15
130 615
136 226
135 184
494 468
496 65
138 354
490 325
491 290
493 255
24 605
25 157
27 396
21 140
22 673
23 84
28 55
406 601
405 425
404 138
403 669
401 578
400 245
409 291
408 566
628 400
379 647
370 430
373 81
372 502
377 257
376 163
618 76
393 310
392 295
391 464
390 590
397 485
396 597
395 47
394 544
83 285
80 671
81 14
86 92
87 641
84 263
601 636
586 272
587 613
584 419
582 643
581 161
588 465
245 550
246 67
240 66
243 280
242 369
249 94
248 60
518 571
510 423
513 624
512 117
515 170
514 135
517 351
623 665
459 659
621 323
627 307
625 628
624 93
450 12
451 570
453 655
454 411
456 121
457 189
178 11
600 537
176 32
175 420
173 102
172 372
170 343
657 446
183 278
181 336
186 517
187 231
184 267
651 368
189 618
653 549
650 72
11 54
12 427
15 120
14 510
17 254
16 462
19 28
18 470
659 220
323 242
320 159
321 367
326 240
325 169
328 338
329 50
200 603
202 105
205 644
204 552
207 662
208 108
77 512
76 216
75 444
73 152
72 606
71 348
655 365
78 429
2 30
669 453
668 569
666 563
665 80
663 531
662 71
543 653
541 329
546 541
547 539
544 581
545 321
8 352
549 249
120 326
121 317
122 200
123 261
124 57
126 183
127 129
128 337
129 397
414 158
416 142
417 376
411 547
412 356
418 426
419 595
499 449
318 479
313 493
312 265
310 560
317 210
315 558
497 632
3 275
368 533
369 416
366 277
367 561
364 432
365 436
362 318
363 119
360 259
381 480
382 344
384 335
385 166
387 650
388 101
605 456
579 35
578 384
604 297
573 3
571 300
570 22
577 229
576 634
575 194
574 251
60 379
61 118
62 239
259 381
65 39
66 431
67 406
252 353
69 507
251 58
256 204
257 283
254 382
255 401
603 394
509 77
506 500
507 24
504 454
502 408
500 623
630 282
632 41
634 362
468 518
636 78
465 150
464 141
467 205
466 391
461 187
462 69
169 221
165 409
166 357
167 619
161 627
162 600
163 442
9 274
647 268
646 573
649 334
648 487
357 439
356 75
355 575
354 675
353 262
352 264
351 604
359 388
216 0
212 36
210 132
218 232
288 218
281 546
280 543
283 596
282 649
285 332
284 248
287 197
286 87
675 176
671 638
673 341
263 144
262 165
261 346
267 360
265 393
264 127
269 586
268 91
59 196
58 584
55 625
54 593
57 202
56 97
50 418
52 293
537 392
536 328
63 63
533 648
531 313
539 457
68 302
117 475
116 131
111 9
110 437
113 472
119 513
118 497
429 208
428 269
534 154
420 373
423 16
422 25
425 484
424 567
427 172
426 450
309 252
300 588
302 412
303 237
305 355
306 657
307 364
569 281
560 193
561 385
563 592
564 173
566 46
567 504
229 294
226 553
224 136
223 192
221 491
220 212
89 43
151 607
150 404
607 298
152 73
155 390
154 5
157 577
159 175
158 167
608 207
398 447
48 339
46 155
47 33
45 441
43 195
41 287
638 17
5 199
488 235
487 315
485 148
484 130
482 146
480 27
472 559
473 555
470 224
476 96
477 459
475 668
479 359
342 344
1 0
347 346
355 347
375 340
340 341
389 342
342 343
347 348
350 349
594 595
602 606
598 594
620 619
340 298
298 299
322 296
296 297
289 294
296 295
289 292
289 293
289 290
289 291
594 591
591 590
594 593
591 592
198 199
227 198
598 597
594 596
194 195
214 194
198 197
194 196
206 191
191 190
194 193
191 192
276 270
270 271
270 272
276 273
273 274
276 275
311 276
276 277
276 278
276 279
527 524
524 525
527 526
532 527
519 520
522 521
530 522
522 523
609 599
535 528
528 529
448 449
642 448
458 443
443 442
440 441
471 440
448 447
445 446
448 445
445 444
109 108
158 109
103 102
107 103
95 100
95 101
121 106
128 107
103 104
103 105
40 39
37 38
34 33
29 32
29 31
29 30
49 37
37 36
34 35
85 34
642 641
639 640
642 643
660 642
642 645
642 644
469 438
440 439
435 436
438 437
435 434
471 435
433 432
642 433
421 430
421 431
336 339
336 338
336 335
333 334
336 337
375 336
330 331
392 330
356 333
330 332
342 345
7 6
95 99
95 98
90 91
106 90
90 93
90 92
103 95
90 94
95 97
95 96
557 559
557 558
554 555
556 554
611 557
557 556
560 551
551 550
554 553
551 552
250 238
238 239
233 234
236 235
250 236
236 237
238 230
230 231
233 232
242 233
7 1
620 614
147 146
158 147
143 144
164 145
143 142
149 143
139 140
139 141
611 612
614 613
611 610
674 611
617 616
626 617
147 148
211 149
622 623
629 622
134 133
128 132
128 131
128 130
153 137
137 136
134 135
149 134
495 494
501 495
143 139
139 138
489 490
492 491
503 492
492 493
20 24
26 25
90 26
26 27
42 20
20 21
20 22
20 23
29 28
53 29
417 407
407 406
402 405
402 404
402 403
421 402
402 401
399 400
642 452
410 409
407 408
629 628
380 379
392 378
383 371
371 370
374 373
371 372
392 375
383 374
378 377
375 376
617 618
392 393
407 392
137 88
90 89
398 397
392 396
392 395
392 394
115 82
82 83
79 80
82 81
85 86
88 87
85 84
115 85
53 7
602 601
602 607
585 586
585 587
583 584
594 585
583 582
589 583
585 580
580 581
589 588
594 589
244 245
250 244
250 247
244 246
244 241
241 240
244 243
247 242
614 615
250 249
247 248
532 519
519 518
522 511
508 510
511 513
511 512
511 515
511 514
516 517
528 516
469 458
460 459
622 621
631 620
626 627
629 626
626 625
622 624
448 450
452 451
633 629
452 453
455 454
471 455
455 456
458 457
191 179
179 178
194 177
177 176
174 175
211 174
174 173
171 172
194 171
171 170
664 656
656 657
660 654
276 253
203 182
182 183
185 180
182 181
185 186
188 187
185 184
217 185
656 652
228 188
188 189
664 658
654 653
642 650
652 651
10 11
71 10
40 13
13 12
58 15
13 14
15 17
15 16
20 19
15 18
658 659
58 62
340 322
324 323
319 320
322 321
327 326
340 327
342 324
324 325
327 328
330 329
203 201
201 200
213 203
201 202
203 205
203 204
206 207
211 206
215 209
209 208
139 77
77 76
74 75
115 74
74 73
71 72
106 71
107 70
654 655
90 79
79 78
1 2
670 669
667 668
670 667
664 666
664 665
667 664
664 663
661 662
664 661
661 660
556 542
542 543
542 540
542 541
542 546
542 547
542 544
542 545
7 8
572 548
548 549
67 68
599 598
121 120
180 121
121 122
121 123
125 124
145 125
125 126
128 127
164 128
128 129
413 414
421 415
417 416
421 417
421 410
410 411
413 412
463 413
516 498
421 418
418 419
498 499
342 319
319 318
314 313
311 312
314 311
308 310
316 317
333 316
316 315
319 314
495 496
498 497
4 3
369 368
392 369
361 366
361 367
361 364
361 365
361 362
361 363
361 360
374 361
642 380
380 381
383 382
399 383
383 384
386 385
392 386
386 387
389 388
415 389
602 605
580 579
577 578
602 604
572 573
611 572
572 571
568 570
611 577
577 576
572 575
572 574
58 60
58 61
260 258
258 259
90 64
64 65
64 66
121 67
253 252
70 69
266 250
250 251
253 256
258 257
253 254
253 255
602 603
674 602
524 508
508 509
505 506
508 507
505 504
511 505
503 502
535 503
501 500
508 501
631 630
635 631
633 632
637 633
635 634
469 468
635 636
652 637
463 465
463 464
463 467
463 466
460 461
642 460
471 463
463 462
177 168
168 169
179 164
164 165
164 166
168 167
206 160
162 161
180 162
164 163
599 600
10 9
642 647
642 646
642 649
642 648
358 357
418 356
378 355
353 354
371 353
350 352
350 351
375 350
358 359
375 358
215 216
238 217
219 214
225 215
213 212
214 213
209 210
227 211
217 218
230 219
322 289
289 288
49 4
276 281
276 280
276 283
276 282
276 285
276 284
276 287
276 286
677 674
676 675
677 676
678 677
672 670
672 671
677 672
674 673
262 263
296 262
260 261
266 260
266 267
270 266
266 265
262 264
270 269
266 268
58 59
114 58
95 55
53 54
55 57
55 56
128 51
51 50
145 53
51 52
538 537
535 536
540 535
64 63
532 533
535 532
530 531
532 530
538 539
540 538
128 115
164 114
115 117
115 116
112 111
109 110
112 113
114 112
115 119
115 118
421 429
421 428
535 534
433 421
421 420
421 423
421 422
421 425
421 424
421 427
421 426
330 308
308 309
301 300
340 301
301 302
304 303
347 304
304 305
304 306
308 307
572 568
568 569
568 560
562 561
572 562
562 563
565 564
577 565
565 566
568 567
230 229
236 228
241 227
225 226
228 225
225 224
222 223
236 222
222 221
219 220
392 391
389 390
160 151
151 150
158 153
153 152
156 155
153 154
156 157
160 156
158 159
164 158
676 609
609 608
642 469
463 399
637 635
415 398
47 48
114 49
47 46
95 47
88 44
44 45
95 42
44 43
70 40
42 41
639 638
4 5
658 639
501 489
489 488
486 487
522 486
486 485
483 484
511 483
481 482
483 481
481 480
471 472
474 473
471 470
642 471
474 476
478 477
478 474
474 475
548 478
478 479
