478
955
0
675 4
608 6
588 11
596 13
582 15
584 16
587 21
586 23
581 25
579 26
592 27
593 28
597 29
590 31
595 32
600 33
673 36
606 41
604 42
607 44
605 45
601 46
603 47
563 52
559 54
553 57
555 58
539 61
537 63
517 68
497 70
499 71
529 72
520 76
531 78
502 80
493 82
491 83
518 86
513 89
533 90
506 93
504 94
523 99
485 101
487 102
512 103
514 104
521 107
515 108
482 111
484 112
480 113
488 115
509 119
525 121
510 122
507 123
500 126
490 127
496 129
494 130
536 131
534 133
526 134
547 136
541 138
543 140
545 143
546 144
544 145
550 149
552 150
575 151
569 154
571 156
479 158
549 160
477 162
473 164
475 166
476 167
574 168
573 170
560 173
561 175
558 176
570 178
567 179
578 184
564 186
566 187
577 188
576 189
612 191
610 192
671 194
669 197
668 198
665 200
663 202
666 205
662 206
638 211
640 212
659 213
657 215
651 217
636 219
630 222
619 224
613 226
615 227
632 230
623 235
624 236
621 237
628 238
616 241
618 242
625 244
627 245
634 246
453 249
451 250
648 254
449 259
444 261
446 262
450 264
447 265
645 269
468 271
438 273
437 274
644 276
650 278
641 279
646 280
459 282
461 283
643 285
443 288
442 289
457 290
470 293
647 295
456 296
454 298
472 300
412 304
414 305
436 306
434 308
439 311
441 312
464 317
467 318
466 319
462 320
465 322
400 325
382 327
384 329
365 332
366 336
360 338
363 339
373 341
364 342
367 344
362 345
353 348
354 349
370 351
372 352
432 354
419 356
428 358
425 360
403 362
409 367
381 369
379 370
424 371
655 374
653 375
427 376
315 384
317 385
334 386
356 387
401 388
649 389
420 390
406 392
429 398
423 399
430 402
426 403
411 404
416 407
417 409
352 417
351 418
335 422
336 424
339 426
337 427
302 430
300 431
288 437
291 440
338 444
297 446
295 447
262 449
263 451
264 452
293 454
290 455
292 457
294 458
341 459
321 460
299 462
298 463
328 465
326 466
376 468
357 470
359 471
394 472
368 479
396 480
369 481
377 483
355 485
348 488
306 491
303 492
305 493
346 494
309 500
310 501
307 502
331 503
329 504
332 505
393 506
395 507
392 508
349 511
391 512
387 514
385 515
408 516
418 517
422 518
404 521
431 523
405 524
390 526
397 530
398 531
388 532
343 534
344 537
325 539
323 540
345 542
320 545
318 546
312 548
313 550
286 552
280 554
285 560
252 562
254 565
256 566
255 567
281 569
279 570
275 572
284 573
277 574
273 578
274 579
283 580
278 582
276 585
287 587
282 588
271 591
269 592
272 594
268 596
259 602
257 603
261 604
267 605
265 606
249 609
248 610
229 617
231 618
220 620
170 625
167 628
169 629
172 630
176 633
196 634
194 635
193 636
195 638
204 640
200 645
205 646
202 647
181 649
183 650
212 651
237 659
221 661
223 662
235 663
210 667
208 668
216 670
226 671
224 672
189 674
187 675
239 676
184 678
161 682
162 683
120 686
122 687
121 689
68 692
67 693
123 695
9 699
11 700
71 702
72 703
80 709
78 710
93 711
27 714
25 716
92 717
94 718
63 721
65 722
66 724
91 725
89 726
186 727
218 728
242 730
234 732
232 733
251 734
246 737
243 738
245 740
240 742
199 745
197 746
175 749
173 750
157 755
155 756
151 758
150 759
142 762
76 766
77 767
138 769
141 771
140 772
144 773
135 775
133 776
207 778
192 780
190 782
178 784
59 791
58 794
61 795
60 797
62 798
18 802
16 803
15 804
17 805
132 810
128 811
127 813
84 817
33 820
35 821
86 822
83 825
81 826
116 827
75 831
73 832
118 834
119 835
117 836
50 840
52 841
130 843
131 844
129 845
69 848
39 850
12 852
14 853
56 860
57 862
55 863
96 864
98 868
97 869
99 870
100 871
48 875
46 877
47 878
101 879
24 883
19 885
22 887
21 888
23 889
41 890
104 892
105 893
102 894
5 898
3 899
38 901
36 902
113 904
111 905
148 911
146 912
108 914
110 915
159 916
158 917
154 919
152 921
136 923
45 926
43 927
87 928
165 930
163 932
166 934
126 937
124 938
30 940
31 942
54 944
32 946
28 948
8 951
6 952
2 954
0 955
0 1
1 2
2 3
3 4
3 5
5 6
5 7
7 8
8 9
9 10
10 11
10 12
12 13
12 14
14 15
14 16
9 17
17 18
18 19
19 20
20 21
20 22
22 23
22 24
24 25
24 26
19 27
18 28
17 29
8 30
30 31
30 32
7 33
2 34
34 35
35 36
35 37
37 38
38 39
39 40
40 41
40 42
39 43
43 44
43 45
38 46
37 47
34 48
48 49
49 50
50 51
51 52
51 53
53 54
53 55
55 56
56 57
56 58
55 59
59 60
60 61
60 62
62 63
62 64
64 65
65 66
66 67
67 68
67 69
69 70
69 71
66 72
65 73
73 74
74 75
75 76
75 77
77 78
77 79
79 80
79 81
81 82
81 83
74 84
84 85
85 86
85 87
87 88
88 89
88 90
87 91
91 92
92 93
92 94
91 95
95 96
96 97
97 98
98 99
98 100
100 101
100 102
97 103
96 104
95 105
105 106
106 107
106 108
105 109
109 110
110 111
110 112
109 113
84 114
114 115
114 116
116 117
117 118
118 119
118 120
120 121
120 122
117 123
116 124
124 125
125 126
125 127
124 128
128 129
128 130
73 131
64 132
132 133
132 134
59 135
135 136
135 137
137 138
137 139
139 140
139 141
141 142
142 143
142 144
141 145
50 146
146 147
147 148
148 149
148 150
147 151
146 152
152 153
153 154
153 155
155 156
155 157
157 158
157 159
159 160
159 161
161 162
161 163
163 164
163 165
165 166
165 167
152 168
49 169
169 170
169 171
171 172
172 173
172 174
174 175
174 176
171 177
177 178
177 179
48 180
180 181
181 182
182 183
183 184
183 185
185 186
185 187
182 188
181 189
180 190
190 191
190 192
1 193
193 194
193 195
195 196
196 197
196 198
195 199
199 200
199 201
201 202
201 203
203 204
204 205
204 206
203 207
207 208
208 209
209 210
210 211
210 212
209 213
208 214
214 215
214 216
216 217
216 218
218 219
218 220
220 221
221 222
221 223
223 224
223 225
225 226
225 227
220 228
228 229
229 230
229 231
231 232
232 233
233 234
234 235
234 236
233 237
232 238
231 239
239 240
240 241
240 242
239 243
243 244
243 245
228 246
207 247
247 248
248 249
248 250
247 251
251 252
252 253
253 254
253 255
255 256
256 257
257 258
258 259
258 260
260 261
260 262
257 263
263 264
263 265
256 266
266 267
267 268
268 269
268 270
270 271
270 272
272 273
272 274
267 275
275 276
275 277
277 278
277 279
266 280
255 281
281 282
281 283
252 284
284 285
284 286
286 287
287 288
287 289
286 290
251 291
291 292
292 293
292 294
294 295
294 296
291 297
297 298
297 299
299 300
299 301
301 302
302 303
303 304
303 305
302 306
301 307
307 308
307 309
309 310
310 311
310 312
309 313
313 314
314 315
315 316
316 317
316 318
315 319
314 320
313 321
321 322
321 323
323 324
324 325
324 326
326 327
326 328
328 329
328 330
330 331
331 332
331 333
333 334
334 335
335 336
335 337
337 338
337 339
334 340
340 341
340 342
333 343
343 344
343 345
330 346
346 347
347 348
347 349
346 350
350 351
350 352
323 353
353 354
353 355
355 356
355 357
357 358
357 359
359 360
359 361
361 362
361 363
363 364
364 365
365 366
366 367
366 368
368 369
368 370
365 371
364 372
372 373
373 374
373 375
372 376
363 377
377 378
378 379
379 380
380 381
381 382
382 383
383 384
383 385
382 386
381 387
380 388
379 389
378 390
377 391
391 392
391 393
393 394
394 395
395 396
396 397
397 398
397 399
396 400
400 401
401 402
401 403
400 404
395 405
405 406
406 407
406 408
408 409
408 410
410 411
411 412
412 413
413 414
414 415
415 416
416 417
416 418
415 419
419 420
420 421
421 422
421 423
423 424
423 425
425 426
425 427
420 428
428 429
429 430
429 431
428 432
432 433
433 434
434 435
435 436
436 437
436 438
438 439
439 440
439 441
441 442
442 443
443 444
443 445
445 446
445 447
442 448
448 449
448 450
450 451
450 452
441 453
453 454
453 455
438 456
456 457
456 458
435 459
434 460
433 461
461 462
461 463
432 464
464 465
464 466
419 467
467 468
467 469
469 470
469 471
414 472
413 473
473 474
474 475
475 476
476 477
477 478
478 479
478 480
477 481
476 482
482 483
482 484
484 485
484 486
486 487
487 488
487 489
489 490
490 491
490 492
489 493
486 494
475 495
495 496
496 497
497 498
498 499
499 500
499 501
498 502
497 503
496 504
495 505
474 506
473 507
412 508
411 509
509 510
510 511
510 512
509 513
513 514
513 515
410 516
405 517
394 518
393 519
519 520
520 521
520 522
522 523
522 524
519 525
525 526
525 527
527 528
528 529
529 530
529 531
528 532
527 533
533 534
533 535
535 536
536 537
536 538
538 539
538 540
535 541
541 542
541 543
543 544
544 545
544 546
543 547
547 548
547 549
549 550
549 551
551 552
551 553
553 554
553 555
555 556
556 557
557 558
558 559
559 560
559 561
561 562
561 563
563 564
564 565
564 566
563 567
558 568
568 569
568 570
557 571
571 572
571 573
556 574
555 575
575 576
576 577
577 578
577 579
576 580
575 581
581 582
581 583
583 584
584 585
584 586
586 587
586 588
583 589
589 590
590 591
590 592
589 593
593 594
593 595
595 596
595 597
597 598
598 599
599 600
600 601
601 602
601 603
600 604
599 605
598 606
597 607
607 608
608 609
608 610
607 611
611 612
612 613
613 614
614 615
615 616
616 617
616 618
615 619
619 620
619 621
621 622
622 623
623 624
624 625
624 626
626 627
627 628
627 629
626 630
623 631
631 632
632 633
632 634
631 635
622 636
621 637
637 638
637 639
639 640
639 641
641 642
642 643
643 644
644 645
644 646
643 647
642 648
648 649
648 650
641 651
614 652
652 653
653 654
654 655
655 656
656 657
657 658
658 659
658 660
660 661
660 662
657 663
656 664
664 665
665 666
666 667
666 668
665 669
669 670
669 671
664 672
655 673
673 674
673 675
654 676
653 677
677 678
677 679
679 680
680 681
681 682
681 683
680 684
684 685
685 686
685 687
684 688
688 689
688 690
690 691
691 692
691 693
690 694
694 695
694 696
696 697
697 698
698 699
698 700
697 701
701 702
701 703
696 704
704 705
705 706
706 707
707 708
708 709
708 710
707 711
706 712
712 713
713 714
713 715
715 716
715 717
712 718
705 719
719 720
720 721
720 722
719 723
723 724
723 725
704 726
679 727
652 728
613 729
729 730
729 731
731 732
731 733
612 734
611 735
735 736
736 737
736 738
735 739
739 740
739 741
741 742
741 743
743 744
744 745
744 746
743 747
747 748
748 749
748 750
747 751
751 752
752 753
753 754
754 755
754 756
753 757
757 758
757 759
752 760
760 761
761 762
761 763
763 764
764 765
765 766
765 767
764 768
768 769
768 770
770 771
770 772
763 773
760 774
774 775
774 776
751 777
777 778
777 779
779 780
779 781
781 782
781 783
783 784
783 785
785 786
786 787
787 788
788 789
789 790
790 791
790 792
792 793
793 794
793 795
792 796
796 797
796 798
789 799
799 800
800 801
801 802
801 803
800 804
799 805
788 806
806 807
807 808
808 809
809 810
809 811
808 812
812 813
812 814
814 815
815 816
816 817
816 818
818 819
819 820
819 821
818 822
815 823
823 824
824 825
824 826
823 827
814 828
828 829
829 830
830 831
830 832
829 833
833 834
833 835
828 836
807 837
837 838
838 839
839 840
839 841
838 842
842 843
842 844
837 845
806 846
846 847
847 848
847 849
849 850
849 851
851 852
851 853
846 854
854 855
855 856
856 857
857 858
858 859
859 860
859 861
861 862
861 863
858 864
857 865
865 866
866 867
867 868
867 869
866 870
865 871
856 872
872 873
873 874
874 875
874 876
876 877
876 878
873 879
872 880
880 881
881 882
882 883
882 884
884 885
884 886
886 887
886 888
881 889
880 890
855 891
891 892
891 893
854 894
787 895
895 896
896 897
897 898
897 899
896 900
900 901
900 902
895 903
903 904
903 905
786 906
906 907
907 908
908 909
909 910
910 911
910 912
909 913
913 914
913 915
908 916
907 917
906 918
918 919
918 920
920 921
920 922
922 923
922 924
924 925
925 926
925 927
924 928
785 929
929 930
929 931
931 932
931 933
933 934
933 935
935 936
936 937
936 938
935 939
939 940
939 941
941 942
941 943
943 944
943 945
945 946
945 947
947 948
947 949
949 950
950 951
950 952
949 953
953 954
953 955
