197
353
0
275 3
273 4
276 6
270 8
268 11
265 13
267 14
247 18
243 20
244 22
245 24
241 27
239 29
238 31
236 32
234 35
231 36
233 37
249 38
210 45
221 46
211 47
212 48
209 51
217 52
204 54
205 57
191 60
190 61
192 63
184 65
181 67
169 69
164 72
166 73
167 74
207 76
208 78
203 81
201 82
206 83
227 86
258 88
222 89
259 94
224 96
264 97
251 98
257 102
214 103
261 104
254 107
230 111
228 112
252 113
256 116
250 117
219 119
218 120
225 123
260 124
255 125
253 126
88 132
90 133
81 136
84 137
85 139
83 140
123 144
107 147
100 149
94 151
92 152
98 153
129 156
109 159
128 161
127 162
111 163
105 165
86 167
106 168
125 169
62 173
64 176
79 177
73 181
74 182
71 183
67 187
65 188
68 189
77 191
76 192
60 195
61 197
58 198
55 202
56 203
51 205
57 206
48 210
29 213
30 214
45 216
34 219
33 220
31 221
35 224
22 226
2 231
4 232
19 234
21 235
25 238
27 239
20 241
28 242
24 243
49 245
46 246
53 248
39 252
41 254
40 255
42 256
10 260
8 261
11 265
15 266
7 269
5 270
17 273
14 274
18 275
16 279
12 280
13 281
0 283
1 284
37 285
70 286
150 289
158 294
161 297
160 299
179 300
152 302
155 304
154 305
136 307
130 308
163 312
162 312
172 318
170 319
177 321
178 325
173 326
176 327
175 328
183 329
193 331
189 332
196 339
198 340
200 341
197 342
187 343
145 346
143 347
156 348
199 349
132 350
151 355
148 356
149 357
146 359
138 365
137 366
140 367
133 368
139 369
142 370
114 373
103 374
118 378
119 378
117 382
115 383
112 385
120 387
122 388
97 391
95 392
101 393
0 1
1 2
2 3
2 4
1 5
5 6
5 7
7 8
7 9
9 10
10 11
10 12
12 13
12 14
9 15
15 16
16 17
17 18
17 19
19 20
19 21
21 22
21 23
23 24
23 25
25 26
26 27
26 28
28 29
28 30
30 31
30 32
25 33
33 34
34 35
34 36
33 37
16 38
15 40
40 41
41 42
42 43
43 45
43 46
43 47
42 48
41 49
49 51
49 52
49 53
53 54
53 57
53 58
58 59
59 60
59 61
58 62
62 63
62 64
64 65
64 66
66 67
66 69
66 72
66 73
66 74
53 76
53 77
77 78
77 81
77 82
77 83
40 84
84 85
85 86
85 87
87 88
87 89
84 90
90 91
91 92
92 93
93 94
93 95
95 96
95 97
92 98
91 99
99 100
100 101
101 102
101 103
100 104
99 105
105 107
105 108
108 109
109 110
110 111
110 112
109 113
108 114
114 115
115 116
115 117
114 118
118 119
118 120
105 121
121 122
122 123
122 124
121 125
90 126
15 127
127 128
128 129
129 130
130 131
131 132
131 133
130 134
134 136
134 137
134 138
138 139
138 140
129 141
141 142
142 143
143 144
143 145
145 146
146 147
146 148
148 149
148 150
150 151
150 152
145 153
142 154
154 155
155 156
155 158
158 159
158 160
160 161
160 162
155 163
154 164
164 165
164 167
164 168
141 169
128 170
170 171
171 172
172 173
172 174
174 175
175 176
175 177
174 179
179 180
180 181
180 182
179 183
174 184
184 185
185 186
186 187
186 188
185 189
184 190
190 191
190 192
171 193
193 194
194 195
194 196
196 197
196 198
193 199
199 200
200 201
201 202
201 203
200 204
204 205
204 206
199 207
207 210
207 211
211 212
212 213
212 214
211 215
215 216
215 217
217 218
218 219
218 220
217 221
207 223
223 224
223 225
225 226
225 228
228 229
229 230
230 231
230 232
229 233
233 234
233 235
228 236
236 238
236 239
236 240
240 241
240 242
225 243
207 244
244 245
244 246
207 247
247 248
247 249
249 250
250 251
251 252
251 253
253 254
253 255
250 256
249 257
257 258
258 259
259 260
259 261
258 262
262 264
264 265
264 266
262 268
268 269
268 270
262 273
262 274
262 275
262 277
277 278
278 279
278 280
277 281
262 282
282 283
282 284
257 285
170 286
127 287
287 289
287 290
290 291
291 292
292 293
293 294
293 295
295 296
296 297
296 298
298 299
298 300
295 301
301 302
301 303
303 304
303 305
292 306
306 307
306 308
291 309
309 310
310 312
310 315
315 316
316 317
317 318
317 319
316 320
320 321
320 324
324 325
324 326
320 327
320 328
315 329
310 330
330 331
330 332
309 335
335 336
336 337
337 338
338 339
338 340
337 341
336 342
335 343
309 344
344 345
345 346
345 347
344 348
309 349
290 350
287 351
351 352
352 353
353 355
353 356
353 357
352 358
358 359
358 361
361 362
362 363
363 364
364 365
364 366
363 367
362 368
361 369
358 370
351 371
371 373
371 374
371 375
375 376
376 377
377 378
377 381
381 382
381 383
376 384
384 385
384 387
384 388
375 389
389 390
390 391
390 392
389 393
