197
284
1
253 6
132 14
178 16
176 17
162 19
196 23
197 26
257 28
143 30
101 34
179 35
137 36
146 42
119 43
92 54
20 57
84 61
11 71
8 72
1 73
51 74
49 79
60 81
74 85
125 91
218 94
250 98
243 105
265 112
191 116
204 119
211 120
0 121
2 122
4 123
5 124
7 125
10 126
12 127
13 128
14 129
15 130
16 131
17 132
18 133
19 134
21 135
22 136
24 137
25 138
27 139
28 140
29 141
30 142
31 143
33 144
34 145
35 146
37 147
39 148
40 149
41 150
42 151
45 152
46 153
48 154
53 155
55 156
56 157
57 158
58 159
61 160
62 161
64 162
65 163
67 164
68 165
70 166
71 167
73 168
76 169
77 170
79 171
81 172
83 173
85 174
86 175
88 176
90 177
94 178
95 179
97 180
98 181
100 182
103 183
105 184
106 185
107 186
109 187
111 188
112 189
114 190
115 191
117 192
118 193
120 194
122 195
123 196
127 197
128 198
129 199
130 200
133 201
136 202
138 203
139 204
140 205
142 206
145 207
148 208
149 209
150 210
151 211
152 212
154 213
155 214
156 215
158 216
160 217
161 218
163 219
164 220
166 221
167 222
169 223
170 224
172 225
173 226
175 227
177 228
181 229
183 230
184 231
187 232
189 233
190 234
192 235
193 236
198 237
199 238
200 239
201 240
203 241
205 242
206 243
207 244
208 245
209 246
210 247
212 248
214 249
217 250
219 251
221 252
222 253
224 254
225 255
227 256
228 257
230 258
231 259
233 260
234 261
236 262
238 263
239 264
241 265
244 266
245 267
247 268
249 269
251 270
252 271
254 272
255 273
256 274
258 275
259 276
260 277
261 278
264 279
267 280
268 281
270 282
273 283
275 284
276 285
1 2
2 3
3 4
3 5
2 6
2 7
7 8
8 9
9 10
9 11
11 12
12 13
13 14
12 15
12 16
12 17
12 18
18 19
18 20
20 21
21 22
22 23
23 24
24 25
22 26
22 27
27 28
20 29
29 30
20 31
18 32
11 33
33 34
9 35
8 36
8 37
37 38
38 39
38 40
37 41
37 42
37 43
37 44
7 45
45 46
46 47
47 48
47 49
47 50
46 51
46 52
46 53
53 54
45 55
55 56
55 57
57 58
58 59
45 60
60 61
45 62
45 63
63 64
64 65
65 66
65 67
67 68
68 69
69 70
68 71
71 72
71 73
67 74
67 75
75 76
75 77
77 78
77 79
64 80
64 81
63 82
82 83
82 84
84 85
82 86
82 87
82 88
88 89
45 90
45 91
2 92
92 93
92 94
92 95
95 96
96 97
92 98
98 99
98 100
100 101
101 102
100 103
103 104
104 105
104 106
104 107
104 108
108 109
100 110
98 111
98 112
98 113
92 114
114 115
115 116
116 117
117 118
115 119
2 120
73 121
78 122
78 123
71 124
71 125
71 126
71 127
71 128
71 129
71 130
71 131
71 132
71 133
57 134
57 135
58 136
58 137
58 138
58 139
58 140
75 141
75 142
75 143
75 144
77 145
77 146
69 147
70 148
69 149
69 150
68 151
76 152
59 153
75 154
66 155
65 156
67 157
67 158
80 159
64 160
63 161
63 162
89 163
89 164
88 165
56 166
84 167
84 168
83 169
87 170
86 171
60 172
60 173
60 174
62 175
90 176
90 177
53 178
41 179
41 180
48 181
53 182
33 183
45 184
50 185
51 186
46 187
49 188
40 189
44 190
43 191
38 192
43 193
38 194
38 195
52 196
46 197
46 198
47 199
11 200
36 201
11 202
36 203
36 204
36 205
39 206
24 207
8 208
8 209
31 210
8 211
8 212
10 213
10 214
25 215
11 216
9 217
9 218
19 219
118 220
118 221
118 222
118 223
32 224
13 225
12 226
13 227
12 228
117 229
15 230
117 231
21 232
18 233
116 234
116 235
29 236
23 237
20 238
22 239
115 240
115 241
115 242
115 243
115 244
115 245
114 246
120 247
120 248
27 249
114 250
94 251
120 252
110 253
95 254
98 255
101 256
98 257
98 258
108 259
109 260
108 261
113 262
113 263
104 264
104 265
106 266
104 267
107 268
103 269
92 270
2 271
100 272
99 273
98 274
93 275
92 276
111 277
92 278
96 279
112 280
97 281
102 282
4 283
4 284
5 285
