197
278
278
217 62
214 164
212 37
210 137
211 53
264 244
218 177
219 33
133 138
132 200
130 260
137 143
136 125
139 196
138 270
225 193
24 181
25 178
27 46
20 190
21 101
22 16
160 85
28 198
29 253
161 30
0 265
4 12
8 45
227 7
120 222
122 249
123 257
267 154
125 184
265 183
127 95
128 243
129 20
268 64
167 105
58 107
55 234
57 11
56 48
51 142
258 65
53 139
201 129
199 67
198 97
197 256
178 109
191 156
190 4
193 273
192 51
115 211
114 225
117 0
270 261
111 71
275 14
276 136
112 227
83 146
81 29
86 191
118 151
84 245
85 173
207 172
256 209
206 118
257 148
7 61
255 230
245 127
244 201
181 22
109 231
241 35
243 119
103 145
100 214
101 56
106 166
107 259
105 106
39 169
33 111
31 192
30 250
37 70
247 130
35 13
34 158
252 199
60 170
61 163
62 122
259 19
64 132
65 267
179 152
67 57
68 60
176 217
175 176
251 236
173 189
172 81
254 41
170 140
222 233
249 77
253 2
183 208
2 28
162 24
187 83
184 68
250 112
189 15
196 210
221 128
98 149
169 49
228 58
164 90
90 238
166 239
92 117
95 79
94 155
97 74
163 254
11 27
10 206
13 275
12 84
15 1
14 73
17 205
16 40
19 212
18 10
88 8
273 167
204 241
151 204
150 268
152 21
155 218
154 251
156 228
158 133
238 5
239 161
234 76
236 103
230 98
231 17
233 255
224 224
48 100
49 203
46 247
119 39
45 160
42 86
40 25
41 42
1 31
5 252
146 88
200 276
203 175
145 207
142 150
143 162
140 18
177 115
209 264
208 179
148 94
149 92
77 219
76 34
74 120
73 187
71 55
70 114
79 258
205 221
261 123
260 197
220 216
216 217
215 214
250 215
213 212
220 213
211 210
213 211
168 165
263 264
266 265
250 218
218 219
134 133
131 132
135 131
131 130
141 137
135 136
159 135
137 134
137 139
137 138
165 166
23 24
26 25
36 26
26 27
26 20
20 21
23 22
26 23
159 160
26 28
44 29
159 161
1 0
3 4
9 8
162 163
121 119
272 271
250 258
121 120
147 121
121 122
124 123
126 124
124 125
134 126
126 127
126 128
126 129
272 269
269 268
168 167
119 118
63 59
59 58
54 55
59 54
54 57
54 56
52 51
54 50
52 53
54 52
250 259
165 164
202 201
195 199
180 179
195 200
215 195
195 194
195 197
174 178
202 191
191 190
194 193
191 192
116 115
113 114
89 88
91 89
110 111
126 110
121 113
113 112
87 82
82 83
108 80
82 81
87 86
91 87
82 84
82 85
250 251
195 198
250 256
202 206
250 226
250 257
26 3
174 177
250 254
6 7
246 247
274 273
250 255
226 225
242 245
242 244
126 108
110 109
242 241
242 240
242 243
246 242
113 102
102 103
99 100
102 101
104 106
108 107
126 104
104 105
38 39
43 38
32 33
44 32
32 31
29 30
38 37
47 36
36 35
32 34
248 246
250 252
202 205
250 223
174 176
59 60
59 61
63 62
78 63
63 64
66 65
69 66
66 67
69 68
75 69
174 175
182 174
174 173
171 172
174 171
171 170
202 203
223 222
185 181
250 253
262 248
188 182
182 183
186 180
3 2
182 162
186 187
185 184
11 6
250 220
195 186
194 188
188 189
209 202
195 196
220 221
191 185
108 99
99 98
181 168
168 169
250 229
229 228
104 91
89 90
99 93
93 92
96 95
93 94
96 97
113 96
43 11
9 10
11 13
11 12
11 15
11 14
11 17
11 16
20 19
11 18
116 117
262 250
119 116
277 274
202 204
274 275
147 151
147 150
159 153
153 152
153 155
153 154
186 157
157 156
180 159
159 158
278 277
235 234
237 238
240 239
202 207
242 235
237 236
240 237
229 230
232 231
235 232
232 233
223 224
47 48
47 49
47 46
50 47
50 44
44 45
43 42
54 43
38 40
38 41
11 1
6 5
11 9
277 272
147 146
153 147
157 144
144 145
141 142
144 143
137 140
147 141
216 209
202 208
147 148
147 149
75 77
75 76
78 75
72 74
72 73
78 72
72 71
69 70
80 79
80 78
271 263
248 249
263 262
226 227
250 261
271 270
250 260
277 276
266 267
269 266
