197
278
278
217 41
214 267
212 17
210 152
211 276
264 55
218 245
219 270
133 125
132 133
130 92
137 74
136 94
139 86
138 13
225 233
24 166
25 143
27 150
20 76
21 8
22 251
160 211
28 30
29 77
161 18
0 257
4 244
8 0
227 71
120 209
122 196
123 12
267 234
125 127
265 10
127 118
128 204
129 151
268 238
167 177
58 253
55 85
57 198
56 256
51 170
258 84
53 112
201 201
199 68
198 137
197 20
178 40
191 217
190 207
193 160
192 15
115 190
114 103
117 88
270 193
111 222
275 46
276 206
112 65
83 250
81 5
86 130
118 49
84 128
85 100
207 115
256 62
206 16
257 163
7 184
255 97
245 140
244 109
181 218
109 199
241 241
243 265
103 225
100 203
101 176
106 259
107 81
105 4
39 155
33 117
31 114
30 37
37 70
247 172
35 51
34 106
252 95
60 139
61 142
62 148
259 205
64 27
65 208
179 35
67 45
68 61
176 11
175 14
251 129
173 60
172 247
254 122
170 21
222 111
249 175
253 22
183 268
2 236
162 120
187 158
184 189
250 212
189 273
196 107
221 249
98 33
169 79
228 57
164 48
90 42
166 19
92 31
95 254
94 261
97 264
163 105
11 119
10 197
13 179
12 53
15 219
14 146
17 145
16 25
19 178
18 258
88 227
273 138
204 56
151 167
150 149
152 169
155 83
154 214
156 7
158 90
238 173
239 243
234 230
236 224
230 67
231 101
233 231
224 154
48 221
49 162
46 239
119 161
45 192
42 252
40 64
41 29
1 24
5 200
146 73
200 28
203 255
145 260
142 187
143 39
140 2
177 156
209 228
208 98
148 1
149 183
77 136
76 210
74 123
73 181
71 191
70 58
79 164
205 132
261 34
260 275
220 216
216 217
215 214
250 215
213 212
220 213
211 210
213 211
168 165
263 264
266 265
250 218
218 219
134 133
131 132
135 131
131 130
141 137
135 136
159 135
137 134
137 139
137 138
165 166
23 24
26 25
36 26
26 27
26 20
20 21
23 22
26 23
159 160
26 28
44 29
159 161
1 0
3 4
9 8
162 163
121 119
272 271
250 258
121 120
147 121
121 122
124 123
126 124
124 125
134 126
126 127
126 128
126 129
272 269
269 268
168 167
119 118
63 59
59 58
54 55
59 54
54 57
54 56
52 51
54 50
52 53
54 52
250 259
165 164
202 201
195 199
180 179
195 200
215 195
195 194
195 197
174 178
202 191
191 190
194 193
191 192
116 115
113 114
89 88
91 89
110 111
126 110
121 113
113 112
87 82
82 83
108 80
82 81
87 86
91 87
82 84
82 85
250 251
195 198
250 256
202 206
250 226
250 257
26 3
174 177
250 254
6 7
246 247
274 273
250 255
226 225
242 245
242 244
126 108
110 109
242 241
242 240
242 243
246 242
113 102
102 103
99 100
102 101
104 106
108 107
126 104
104 105
38 39
43 38
32 33
44 32
32 31
29 30
38 37
47 36
36 35
32 34
248 246
250 252
202 205
250 223
174 176
59 60
59 61
63 62
78 63
63 64
66 65
69 66
66 67
69 68
75 69
174 175
182 174
174 173
171 172
174 171
171 170
202 203
223 222
185 181
250 253
262 248
188 182
182 183
186 180
3 2
182 162
186 187
185 184
11 6
250 220
195 186
194 188
188 189
209 202
195 196
220 221
191 185
108 99
99 98
181 168
168 169
250 229
229 228
104 91
89 90
99 93
93 92
96 95
93 94
96 97
113 96
43 11
9 10
11 13
11 12
11 15
11 14
11 17
11 16
20 19
11 18
116 117
262 250
119 116
277 274
202 204
274 275
147 151
147 150
159 153
153 152
153 155
153 154
186 157
157 156
180 159
159 158
278 277
235 234
237 238
240 239
202 207
242 235
237 236
240 237
229 230
232 231
235 232
232 233
223 224
47 48
47 49
47 46
50 47
50 44
44 45
43 42
54 43
38 40
38 41
11 1
6 5
11 9
277 272
147 146
153 147
157 144
144 145
141 142
144 143
137 140
147 141
216 209
202 208
147 148
147 149
75 77
75 76
78 75
72 74
72 73
78 72
72 71
69 70
80 79
80 78
271 263
248 249
263 262
226 227
250 261
271 270
250 260
277 276
266 267
269 266
