197
278
278
217 217
214 214
212 212
210 210
211 211
264 264
218 218
219 219
133 133
132 132
130 130
137 137
136 136
139 139
138 138
225 225
24 24
25 25
27 27
20 20
21 21
22 22
160 160
28 28
29 29
161 161
0 0
4 4
8 8
227 227
120 120
122 122
123 123
267 267
125 125
265 265
127 127
128 128
129 129
268 268
167 167
58 58
55 55
57 57
56 56
51 51
258 258
53 53
201 201
199 199
198 198
197 197
178 178
191 191
190 190
193 193
192 192
115 115
114 114
117 117
270 270
111 111
275 275
276 276
112 112
83 83
81 81
86 86
118 118
84 84
85 85
207 207
256 256
206 206
257 257
7 7
255 255
245 245
244 244
181 181
109 109
241 241
243 243
103 103
100 100
101 101
106 106
107 107
105 105
39 39
33 33
31 31
30 30
37 37
247 247
35 35
34 34
252 252
60 60
61 61
62 62
259 259
64 64
65 65
179 179
67 67
68 68
176 176
175 175
251 251
173 173
172 172
254 254
170 170
222 222
249 249
253 253
183 183
2 2
162 162
187 187
184 184
250 250
189 189
196 196
221 221
98 98
169 169
228 228
164 164
90 90
166 166
92 92
95 95
94 94
97 97
163 163
11 11
10 10
13 13
12 12
15 15
14 14
17 17
16 16
19 19
18 18
88 88
273 273
204 204
151 151
150 150
152 152
155 155
154 154
156 156
158 158
238 238
239 239
234 234
236 236
230 230
231 231
233 233
224 224
48 48
49 49
46 46
119 119
45 45
42 42
40 40
41 41
1 1
5 5
146 146
200 200
203 203
145 145
142 142
143 143
140 140
177 177
209 209
208 208
148 148
149 149
77 77
76 76
74 74
73 73
71 71
70 70
79 79
205 205
261 261
260 260
220 216
216 217
215 214
250 215
213 212
220 213
211 210
213 211
168 165
263 264
266 265
250 218
218 219
134 133
131 132
135 131
131 130
141 137
135 136
159 135
137 134
137 139
137 138
165 166
23 24
26 25
36 26
26 27
26 20
20 21
23 22
26 23
159 160
26 28
44 29
159 161
1 0
3 4
9 8
162 163
121 119
272 271
250 258
121 120
147 121
121 122
124 123
126 124
124 125
134 126
126 127
126 128
126 129
272 269
269 268
168 167
119 118
63 59
59 58
54 55
59 54
54 57
54 56
52 51
54 50
52 53
54 52
250 259
165 164
202 201
195 199
180 179
195 200
215 195
195 194
195 197
174 178
202 191
191 190
194 193
191 192
116 115
113 114
89 88
91 89
110 111
126 110
121 113
113 112
87 82
82 83
108 80
82 81
87 86
91 87
82 84
82 85
250 251
195 198
250 256
202 206
250 226
250 257
26 3
174 177
250 254
6 7
246 247
274 273
250 255
226 225
242 245
242 244
126 108
110 109
242 241
242 240
242 243
246 242
113 102
102 103
99 100
102 101
104 106
108 107
126 104
104 105
38 39
43 38
32 33
44 32
32 31
29 30
38 37
47 36
36 35
32 34
248 246
250 252
202 205
250 223
174 176
59 60
59 61
63 62
78 63
63 64
66 65
69 66
66 67
69 68
75 69
174 175
182 174
174 173
171 172
174 171
171 170
202 203
223 222
185 181
250 253
262 248
188 182
182 183
186 180
3 2
182 162
186 187
185 184
11 6
250 220
195 186
194 188
188 189
209 202
195 196
220 221
191 185
108 99
99 98
181 168
168 169
250 229
229 228
104 91
89 90
99 93
93 92
96 95
93 94
96 97
113 96
43 11
9 10
11 13
11 12
11 15
11 14
11 17
11 16
20 19
11 18
116 117
262 250
119 116
277 274
202 204
274 275
147 151
147 150
159 153
153 152
153 155
153 154
186 157
157 156
180 159
159 158
278 277
235 234
237 238
240 239
202 207
242 235
237 236
240 237
229 230
232 231
235 232
232 233
223 224
47 48
47 49
47 46
50 47
50 44
44 45
43 42
54 43
38 40
38 41
11 1
6 5
11 9
277 272
147 146
153 147
157 144
144 145
141 142
144 143
137 140
147 141
216 209
202 208
147 148
147 149
75 77
75 76
78 75
72 74
72 73
78 72
72 71
69 70
80 79
80 78
271 263
248 249
263 262
226 227
250 261
271 270
250 260
277 276
266 267
269 266
