197
274
274
217 217
214 214
215 215
265 265
210 210
211 211
264 264
218 218
133 133
131 131
130 130
136 136
134 134
139 139
138 138
225 225
24 24
25 25
26 26
27 27
20 20
21 21
22 22
23 23
223 223
28 28
161 161
0 0
162 162
8 8
163 163
119 119
120 120
262 262
122 122
123 123
125 125
126 126
127 127
128 128
269 269
118 118
59 59
55 55
54 54
57 57
56 56
51 51
50 50
53 53
199 199
195 195
194 194
197 197
178 178
191 191
190 190
193 193
115 115
177 177
117 117
89 89
110 110
113 113
112 112
82 82
83 83
80 80
86 86
87 87
84 84
85 85
256 256
226 226
3 3
247 247
255 255
245 245
244 244
108 108
109 109
241 241
242 242
102 102
103 103
100 100
101 101
106 106
105 105
39 39
38 38
32 32
31 31
30 30
37 37
36 36
35 35
246 246
252 252
60 60
62 62
64 64
65 65
179 179
67 67
68 68
176 176
250 250
174 174
173 173
171 171
170 170
222 222
181 181
182 182
180 180
2 2
186 186
6 6
188 188
189 189
202 202
196 196
221 221
185 185
98 98
168 168
169 169
229 229
228 228
227 227
165 165
166 166
92 92
160 160
94 94
97 97
96 96
11 11
220 220
12 12
15 15
14 14
17 17
271 271
19 19
18 18
273 273
204 204
151 151
150 150
153 153
152 152
155 155
154 154
156 156
158 158
238 238
239 239
234 234
235 235
236 236
231 231
232 232
48 48
49 49
46 46
47 47
44 44
45 45
42 42
43 43
40 40
41 41
5 5
9 9
146 146
200 200
145 145
142 142
143 143
140 140
206 206
209 209
208 208
148 148
149 149
77 77
76 76
73 73
72 72
71 71
70 70
79 79
249 249
260 260
266 266
222 216
216 217
213 214
216 215
213 212
224 213
207 210
212 211
164 165
263 264
263 265
219 218
224 219
132 133
137 132
132 131
129 130
160 137
135 136
157 135
135 134
137 139
137 138
167 166
22 24
34 25
25 26
25 27
16 20
16 21
33 22
22 23
167 160
216 198
29 28
34 29
160 161
1 0
25 4
7 8
160 163
116 119
272 271
259 258
121 120
147 121
121 122
124 123
137 124
124 125
127 126
160 127
129 128
147 129
268 269
270 268
184 167
116 118
58 59
61 58
56 55
52 54
58 57
63 56
52 51
46 50
52 53
69 52
261 259
184 164
205 201
198 199
178 179
201 200
192 195
192 194
198 197
183 178
192 191
187 190
192 193
203 192
114 115
147 114
93 88
90 89
124 111
107 110
111 113
111 112
81 82
84 83
81 80
88 81
84 86
84 87
91 84
84 85
253 251
216 207
257 256
207 206
224 226
180 172
4 3
257 254
29 7
248 247
272 273
254 255
224 225
246 245
243 244
107 108
107 109
240 241
270 240
253 243
243 242
114 102
104 103
99 100
102 101
107 106
116 107
116 104
104 105
34 39
34 38
34 33
33 32
29 31
29 30
34 37
34 36
34 35
46 34
253 246
251 252
212 205
222 223
175 176
61 60
63 61
61 62
69 63
63 64
66 65
74 66
66 67
69 68
74 69
251 250
175 174
172 173
175 177
172 171
167 170
228 203
233 222
180 181
263 175
258 253
254 248
183 182
192 183
203 180
1 2
160 162
216 187
213 184
7 6
219 220
187 186
187 188
187 189
201 202
192 196
222 221
184 185
104 99
99 98
167 168
167 169
230 229
263 228
102 91
93 90
95 93
91 92
97 95
93 94
111 97
95 96
10 11
29 10
34 13
13 12
16 15
13 14
16 17
34 16
16 19
16 18
116 117
160 116
258 257
205 204
147 151
147 150
152 153
167 152
152 155
152 154
159 157
157 156
164 159
159 158
237 238
240 239
235 234
263 235
237 236
263 237
263 230
230 231
233 232
263 233
230 224
46 48
46 49
52 46
46 47
34 44
46 45
34 42
34 43
34 40
34 41
13 1
4 5
10 9
274 272
147 146
152 147
152 144
144 145
141 142
144 143
141 140
152 141
207 209
207 208
147 148
147 149
78 77
75 76
90 75
75 74
69 73
69 72
69 71
69 70
78 79
88 78
267 263
248 249
261 262
224 227
267 261
274 270
259 260
268 267
263 266
