99
183
0
138 3
140 5
141 7
137 9
130 11
135 14
134 15
133 17
113 20
111 21
110 23
108 25
107 27
102 28
101 29
100 31
103 33
90 38
73 40
64 42
62 43
63 45
68 47
65 49
57 51
56 52
51 55
55 57
54 60
59 62
60 64
45 66
35 70
34 72
28 74
33 76
26 80
24 82
19 84
11 86
7 88
6 89
2 91
0 92
14 94
16 96
18 98
17 99
5 102
3 103
10 105
8 106
23 108
21 109
37 111
31 113
29 114
44 116
43 117
49 119
48 121
46 122
53 124
58 126
41 128
40 129
72 132
71 133
70 135
67 136
89 138
87 139
92 141
77 143
75 144
84 146
85 148
82 149
95 151
93 152
105 154
99 156
97 157
132 160
123 162
118 163
116 165
114 166
120 168
122 170
119 171
121 172
129 174
126 176
128 178
127 179
124 180
80 182
78 183
0 1
1 2
2 3
2 4
4 5
4 6
6 7
6 8
8 9
8 10
10 11
10 12
12 13
13 14
13 15
13 16
16 17
16 18
18 19
19 20
19 21
19 22
22 23
22 24
24 25
24 26
26 27
26 28
26 29
26 30
30 31
30 32
32 33
32 34
34 35
35 36
36 37
37 38
37 39
39 40
39 41
41 42
41 43
41 44
44 45
44 46
46 47
46 48
48 49
48 50
50 51
50 52
50 53
53 54
54 55
54 56
56 57
56 58
58 59
59 60
59 61
61 62
61 63
63 64
63 65
65 66
65 67
67 68
68 69
69 70
69 71
71 72
71 73
73 74
73 75
75 76
75 77
77 78
78 79
79 80
79 81
81 82
81 83
83 84
83 85
85 86
85 87
87 88
87 89
87 90
90 91
90 92
79 93
93 94
93 95
95 96
95 97
97 98
97 99
78 100
100 101
101 102
101 103
100 104
104 105
104 106
77 107
107 108
107 109
68 110
110 111
110 112
112 113
112 114
67 115
115 116
115 117
58 118
118 119
118 120
120 121
120 122
53 123
123 124
123 125
125 126
125 127
127 128
127 129
48 130
130 131
131 132
131 133
130 134
134 135
134 136
36 137
137 138
137 139
35 140
140 141
140 142
142 143
142 144
142 145
145 146
145 147
147 148
147 149
34 150
150 151
150 152
26 153
153 154
153 155
155 156
155 157
18 158
158 159
159 160
159 161
161 162
161 163
158 164
164 165
164 166
12 167
167 168
167 169
169 170
169 171
169 172
1 173
173 174
173 175
175 176
175 177
177 178
177 179
177 180
175 181
181 182
181 183
