99
174
0
140 3
138 4
141 6
137 8
135 10
134 11
130 12
120 13
133 15
113 17
111 18
110 20
108 22
107 24
102 25
101 26
100 28
103 30
90 35
73 37
64 39
62 40
63 42
68 44
65 46
57 48
56 49
53 51
51 53
55 55
54 57
59 59
60 61
45 63
35 67
34 69
28 71
33 73
26 77
24 79
19 81
11 83
7 85
6 86
2 88
0 89
14 91
16 93
18 95
17 96
5 99
3 100
10 102
8 103
23 105
21 106
37 108
31 110
29 111
44 113
43 114
49 116
48 118
46 119
58 121
41 123
40 124
72 126
71 127
70 129
67 130
89 132
87 133
92 135
77 137
75 138
84 140
85 142
82 143
95 145
93 146
105 148
99 150
97 151
132 153
123 155
118 156
116 158
114 159
122 161
119 162
121 163
129 165
126 167
128 169
127 170
124 171
80 173
78 174
0 1
1 2
2 3
2 4
2 5
5 6
5 7
7 8
7 9
9 10
9 11
9 12
9 13
9 14
14 15
14 16
16 17
16 18
16 19
19 20
19 21
21 22
21 23
23 24
23 25
23 26
23 27
27 28
27 29
29 30
29 31
31 32
32 33
33 34
34 35
34 36
36 37
36 38
38 39
38 40
38 41
41 42
41 43
43 44
43 45
45 46
45 47
47 48
47 49
47 50
50 51
50 52
52 53
52 54
54 55
54 56
56 57
56 58
58 59
58 60
60 61
60 62
62 63
62 64
64 65
65 66
66 67
66 68
68 69
68 70
70 71
70 72
72 73
72 74
74 75
75 76
76 77
76 78
78 79
78 80
80 81
80 82
82 83
82 84
84 85
84 86
84 87
87 88
87 89
76 90
90 91
90 92
92 93
92 94
94 95
94 96
75 97
97 98
98 99
98 100
97 101
101 102
101 103
74 104
104 105
104 106
65 107
107 108
107 109
109 110
109 111
64 112
112 113
112 114
56 115
115 116
115 117
117 118
117 119
50 120
120 121
120 122
122 123
122 124
45 125
125 126
125 127
125 128
128 129
128 130
33 131
131 132
131 133
32 134
134 135
134 136
136 137
136 138
136 139
139 140
139 141
141 142
141 143
31 144
144 145
144 146
23 147
147 148
147 149
149 150
149 151
14 152
152 153
152 154
154 155
154 156
152 157
157 158
157 159
9 160
160 161
160 162
160 163
1 164
164 165
164 166
166 167
166 168
168 169
168 170
168 171
166 172
172 173
172 174
