99
197
0
58 21
41 23
40 24
56 25
57 26
59 30
54 32
49 34
48 36
46 37
53 39
51 40
55 41
60 44
45 46
44 49
37 52
31 54
29 55
33 59
28 60
34 62
35 63
0 67
2 69
11 71
7 73
6 74
10 78
8 79
5 81
3 82
24 85
19 87
14 89
17 92
16 93
18 94
26 95
23 97
21 98
43 99
73 103
64 105
62 106
63 107
68 108
67 110
65 111
72 113
71 114
70 115
89 117
92 121
85 123
84 126
82 127
77 129
75 130
90 131
87 132
95 134
93 135
103 136
100 137
108 140
107 143
101 144
102 145
105 147
99 149
97 150
110 151
113 153
111 154
123 156
132 159
116 161
114 162
118 163
135 169
133 170
122 172
119 173
134 174
121 175
137 178
130 179
120 180
141 181
140 183
138 184
128 189
127 191
124 192
80 193
126 195
78 196
129 197
0 1
1 2
2 3
3 4
4 5
5 6
6 7
7 8
8 9
9 10
10 11
11 12
12 13
13 14
14 15
15 16
16 17
17 18
18 19
19 20
20 21
20 22
22 23
22 24
19 25
18 26
17 27
27 28
28 29
29 30
29 31
31 32
31 33
33 34
33 35
35 36
35 37
28 38
38 39
38 40
27 41
16 42
42 43
43 44
43 45
45 46
45 47
47 48
48 49
48 50
50 51
51 52
51 53
53 54
53 55
50 56
56 57
57 58
58 59
58 60
57 61
61 62
61 63
56 64
64 65
65 66
66 67
66 68
68 69
68 70
70 71
70 72
72 73
72 74
65 75
75 76
76 77
77 78
77 79
76 80
80 81
80 82
75 83
83 84
84 85
84 86
86 87
86 88
88 89
88 90
90 91
91 92
91 93
90 94
83 95
64 96
96 97
96 98
47 99
42 100
100 101
101 102
102 103
102 104
104 105
104 106
101 107
100 108
15 109
109 110
109 111
14 112
112 113
112 114
13 115
12 116
116 117
116 118
118 119
119 120
120 121
120 122
122 123
122 124
124 125
125 126
125 127
124 128
128 129
128 130
119 131
118 132
11 133
133 134
133 135
10 136
9 137
8 138
138 139
139 140
139 141
141 142
142 143
142 144
141 145
138 146
146 147
146 148
148 149
148 150
7 151
6 152
152 153
152 154
5 155
155 156
155 157
157 158
158 159
158 160
160 161
160 162
157 163
4 164
164 165
165 166
166 167
167 168
168 169
168 170
167 171
171 172
171 173
166 174
165 175
164 176
176 177
177 178
177 179
176 180
3 181
2 182
182 183
182 184
1 185
185 186
186 187
187 188
188 189
188 190
190 191
190 192
187 193
186 194
194 195
194 196
185 197
