99
142
142
133 127
132 137
130 65
137 51
135 53
134 14
138 110
24 67
26 29
21 118
23 21
28 133
29 108
0 135
8 26
120 121
121 37
122 123
123 100
124 116
126 122
127 80
128 124
129 82
118 141
59 99
58 95
55 120
54 54
57 85
56 43
51 58
53 114
114 31
116 6
111 93
110 62
113 89
82 102
80 73
119 111
87 87
84 60
85 64
3 92
7 128
108 2
102 34
103 72
100 24
101 129
107 5
105 140
33 132
31 134
37 11
35 3
34 49
60 44
62 71
63 33
64 18
65 70
67 138
68 130
2 68
6 48
99 35
90 19
93 28
92 45
95 63
97 90
11 10
10 84
14 41
17 16
16 101
19 126
18 8
89 23
48 103
49 56
46 0
44 77
45 78
43 40
40 105
41 17
5 57
140 107
141 75
77 46
75 59
73 7
72 113
71 55
70 97
78 119
131 133
131 132
136 131
131 130
136 137
139 136
131 135
131 134
142 139
139 138
25 24
27 25
25 26
28 27
25 20
22 21
27 22
22 23
32 28
30 29
1 0
13 4
9 8
131 119
119 120
119 121
119 122
119 123
125 124
139 125
125 126
125 127
125 128
125 129
119 118
52 59
52 58
52 55
52 54
52 57
52 56
52 51
52 50
52 53
69 52
117 115
115 114
91 88
88 89
112 111
109 110
112 113
117 112
83 82
86 83
79 80
88 81
91 86
88 87
83 84
86 85
4 3
6 7
109 108
112 109
101 102
104 103
101 100
108 101
108 106
108 107
106 104
104 105
42 39
39 38
32 33
36 32
30 31
38 30
38 37
39 36
36 35
32 34
61 60
69 61
74 62
62 63
62 64
66 65
69 66
66 67
69 68
81 69
1 2
12 6
98 99
101 98
96 91
88 90
94 93
91 92
94 95
96 94
98 97
106 96
12 11
9 10
25 13
20 12
25 15
15 14
15 17
15 16
20 19
15 18
131 117
115 116
47 48
50 49
47 46
50 47
42 44
42 45
61 42
42 43
52 40
40 41
6 1
4 5
13 9
139 140
139 141
76 77
83 76
76 75
81 74
74 73
69 72
69 71
69 70
125 79
79 78
