99
162
0
129 2
127 6
124 8
128 9
126 11
80 13
78 14
141 18
140 19
138 20
137 21
130 24
120 26
123 29
121 32
122 33
119 28
135 36
134 38
133 40
118 43
132 45
116 47
114 48
111 51
113 52
110 54
108 55
107 60
105 62
99 64
97 65
101 57
102 68
100 70
103 72
95 75
93 76
92 79
85 81
77 84
75 85
82 87
84 88
87 90
89 92
90 94
63 98
62 97
64 101
73 102
70 104
68 107
65 109
67 111
53 114
58 116
41 118
40 117
56 121
57 123
51 126
55 127
54 130
59 131
49 133
46 135
48 136
72 138
71 139
60 142
45 144
43 146
44 148
29 152
31 153
37 154
35 156
34 158
33 160
28 162
23 165
21 166
26 170
19 173
24 174
14 176
18 178
16 180
17 181
3 184
5 185
8 187
10 188
7 192
2 193
11 195
6 190
0 197
0 1
1 2
2 4
4 5
5 6
5 8
5 9
4 11
4 12
12 13
12 14
1 15
15 16
16 17
17 18
17 19
16 20
15 21
21 23
23 24
23 26
23 27
27 28
28 29
28 32
28 33
27 36
27 38
27 39
39 40
39 42
42 43
42 45
42 46
46 47
46 48
39 49
49 51
49 52
49 53
53 54
53 55
55 57
57 60
57 61
61 62
61 63
63 64
63 65
57 68
57 69
69 70
69 71
71 72
71 73
73 74
74 75
74 76
73 77
77 78
78 79
78 80
80 81
80 82
82 84
82 85
82 86
86 87
86 88
77 89
89 90
90 92
89 93
93 94
93 95
95 96
96 97
97 98
97 101
96 102
95 103
103 104
103 106
106 107
106 109
106 111
106 112
112 113
113 114
113 115
115 116
115 117
117 118
112 121
112 123
112 124
124 126
124 127
124 128
128 130
128 131
128 132
132 133
132 134
134 135
134 136
103 138
103 139
139 141
141 142
141 143
143 144
143 145
145 146
145 147
147 148
147 149
149 150
150 151
151 152
151 153
150 154
149 155
155 156
155 157
157 158
157 159
159 160
159 161
161 162
161 163
163 164
164 165
164 166
163 167
167 168
168 169
169 170
169 171
171 172
172 173
172 174
171 175
175 176
175 177
177 178
177 179
179 180
179 181
168 182
182 183
183 184
183 185
182 187
182 188
167 189
189 190
190 191
191 192
191 193
190 195
189 197
