99
142
142
133 133
132 132
130 130
137 137
135 135
134 134
138 138
24 24
26 26
21 21
23 23
28 28
29 29
0 0
8 8
120 120
121 121
122 122
123 123
124 124
126 126
127 127
128 128
129 129
118 118
59 59
58 58
55 55
54 54
57 57
56 56
51 51
53 53
114 114
116 116
111 111
110 110
113 113
82 82
80 80
119 119
87 87
84 84
85 85
3 3
7 7
108 108
102 102
103 103
100 100
101 101
107 107
105 105
33 33
31 31
37 37
35 35
34 34
60 60
62 62
63 63
64 64
65 65
67 67
68 68
2 2
6 6
99 99
90 90
93 93
92 92
95 95
97 97
11 11
10 10
14 14
17 17
16 16
19 19
18 18
89 89
48 48
49 49
46 46
44 44
45 45
43 43
40 40
41 41
5 5
140 140
141 141
77 77
75 75
73 73
72 72
71 71
70 70
78 78
131 133
131 132
136 131
131 130
136 137
139 136
131 135
131 134
142 139
139 138
25 24
27 25
25 26
28 27
25 20
22 21
27 22
22 23
32 28
30 29
1 0
13 4
9 8
131 119
119 120
119 121
119 122
119 123
125 124
139 125
125 126
125 127
125 128
125 129
119 118
52 59
52 58
52 55
52 54
52 57
52 56
52 51
52 50
52 53
69 52
117 115
115 114
91 88
88 89
112 111
109 110
112 113
117 112
83 82
86 83
79 80
88 81
91 86
88 87
83 84
86 85
4 3
6 7
109 108
112 109
101 102
104 103
101 100
108 101
108 106
108 107
106 104
104 105
42 39
39 38
32 33
36 32
30 31
38 30
38 37
39 36
36 35
32 34
61 60
69 61
74 62
62 63
62 64
66 65
69 66
66 67
69 68
81 69
1 2
12 6
98 99
101 98
96 91
88 90
94 93
91 92
94 95
96 94
98 97
106 96
12 11
9 10
25 13
20 12
25 15
15 14
15 17
15 16
20 19
15 18
131 117
115 116
47 48
50 49
47 46
50 47
42 44
42 45
61 42
42 43
52 40
40 41
6 1
4 5
13 9
139 140
139 141
76 77
83 76
76 75
81 74
74 73
69 72
69 71
69 70
125 79
79 78
