98
149
149
132 132
130 130
137 137
136 136
134 134
138 138
25 25
27 27
21 21
23 23
28 28
0 0
119 119
120 120
122 122
124 124
125 125
127 127
58 58
54 54
57 57
56 56
51 51
52 52
114 114
117 117
89 89
110 110
113 113
112 112
82 82
80 80
81 81
86 86
118 118
84 84
85 85
3 3
7 7
109 109
103 103
101 101
106 106
107 107
104 104
105 105
39 39
32 32
31 31
30 30
37 37
35 35
34 34
60 60
61 61
62 62
64 64
65 65
67 67
68 68
2 2
6 6
98 98
90 90
93 93
92 92
95 95
97 97
96 96
10 10
12 12
15 15
16 16
19 19
18 18
88 88
116 116
48 48
49 49
47 47
44 44
45 45
42 42
40 40
5 5
9 9
146 146
144 144
143 143
140 140
141 141
148 148
77 77
76 76
75 75
74 74
71 71
79 79
135 133
133 132
133 131
131 130
135 137
135 136
139 135
135 134
147 139
135 138
26 24
26 25
29 26
26 27
22 20
22 21
24 22
24 23
29 28
33 29
1 0
11 4
11 8
121 119
121 120
126 121
123 122
129 123
123 124
126 125
128 126
128 127
129 128
131 129
115 118
72 59
59 58
69 55
53 54
55 57
55 56
50 51
55 50
73 53
53 52
121 115
115 114
87 88
87 89
121 111
111 110
112 113
115 112
81 82
87 83
78 80
85 81
87 86
104 87
83 84
99 85
4 3
8 7
109 108
119 109
104 102
102 103
108 100
102 101
104 106
108 107
111 104
104 105
38 39
63 38
43 33
29 32
29 31
29 30
36 37
38 36
36 35
33 34
59 60
59 61
63 62
73 63
63 64
66 65
104 66
66 67
69 68
83 69
1 2
4 6
109 99
99 98
99 91
91 90
94 93
91 92
94 95
109 94
96 97
104 96
13 11
8 10
14 13
13 12
14 15
20 14
24 17
17 16
20 19
17 18
115 117
115 116
46 48
50 49
70 46
46 47
43 44
46 45
41 42
72 43
41 40
50 41
11 1
4 5
8 9
147 146
149 147
145 144
147 145
145 142
142 143
139 140
142 141
147 148
78 77
73 76
73 75
73 74
85 73
73 72
70 71
100 70
78 79
100 78
