49
97
0
72 3
70 4
69 8
63 11
61 12
65 13
68 15
66 16
60 20
55 21
57 23
58 24
43 29
45 31
59 32
56 34
53 35
42 39
40 40
29 42
28 43
46 44
51 47
50 49
48 50
30 55
32 56
37 57
36 59
39 60
34 62
19 66
20 68
14 70
12 71
27 73
24 75
21 77
23 78
17 80
15 82
10 84
6 88
4 89
0 91
2 94
7 95
3 96
9 97
0 1
1 2
2 3
2 4
1 5
5 6
6 7
7 8
7 9
9 10
10 11
10 12
9 13
6 14
14 15
14 16
5 17
17 18
18 19
19 20
19 21
18 22
22 23
22 24
17 25
25 26
26 27
27 28
28 29
28 30
30 31
30 32
27 33
33 34
33 35
26 36
36 37
37 38
38 39
38 40
37 41
41 42
41 43
36 44
25 45
45 46
46 47
46 48
48 49
48 50
45 51
51 52
52 53
53 54
54 55
54 56
53 57
52 58
58 59
58 60
51 61
61 62
61 63
63 64
64 65
65 66
65 67
67 68
67 69
69 70
69 71
64 72
72 73
72 74
74 75
74 76
76 77
76 78
63 79
79 80
79 81
81 82
81 83
83 84
83 85
85 86
86 87
87 88
87 89
86 90
90 91
90 92
92 93
93 94
93 95
92 96
85 97
