49
85
0
66 3
68 5
59 8
45 9
43 11
51 15
50 16
48 17
37 19
39 20
36 21
34 23
27 25
17 28
15 30
10 32
9 34
6 36
4 37
0 39
3 41
7 43
2 44
24 46
19 48
20 50
14 52
12 53
23 55
21 56
32 58
30 59
46 61
42 63
40 64
29 66
28 67
56 69
53 70
60 72
55 73
58 75
57 76
69 78
65 80
63 81
61 82
72 84
70 85
0 1
1 2
2 3
2 4
4 5
4 6
6 7
7 8
7 9
7 10
10 11
10 12
12 13
13 14
14 15
14 16
14 17
14 18
18 19
18 20
18 21
18 22
22 23
22 24
24 25
24 26
26 27
27 28
27 29
29 30
29 31
31 32
31 33
33 34
33 35
35 36
35 37
35 38
38 39
38 40
40 41
40 42
42 43
42 44
26 45
45 46
45 47
47 48
47 49
49 50
49 51
51 52
51 53
26 54
54 55
54 56
18 57
57 58
57 59
13 60
60 61
60 62
62 63
62 64
62 65
65 66
65 67
12 68
68 69
68 70
6 71
71 72
71 73
71 74
74 75
74 76
2 77
77 78
77 79
79 80
79 81
79 82
1 83
83 84
83 85
