49
86
1
72 12
63 13
58 20
59 22
2 31
23 40
50 43
0 46
3 47
4 48
6 49
7 50
9 51
10 52
12 53
14 54
15 55
17 56
19 57
20 58
21 59
24 60
27 61
28 62
29 63
30 64
32 65
34 66
36 67
37 68
39 69
40 70
42 71
43 72
45 73
46 74
48 75
51 76
53 77
55 78
56 79
57 80
60 81
61 82
65 83
66 84
68 85
69 86
70 87
1 2
2 3
2 4
4 5
5 6
6 7
2 8
8 9
9 10
10 11
10 12
9 13
9 14
14 15
15 16
15 17
14 18
14 19
8 20
8 21
21 22
2 23
23 24
24 25
25 26
25 27
27 28
28 29
29 30
30 31
31 32
28 33
25 34
34 35
35 36
34 37
34 38
25 39
25 40
24 41
23 42
23 43
2 44
2 45
30 46
32 47
30 48
30 49
31 50
29 51
42 52
35 53
36 54
33 55
27 56
37 57
38 58
26 59
39 60
25 61
6 62
7 63
24 64
41 65
24 66
24 67
41 68
24 69
5 70
5 71
21 72
21 73
4 74
23 75
23 76
44 77
8 78
3 79
45 80
8 81
14 82
16 83
18 84
17 85
19 86
11 87
