49
74
74
56 65
42 51
43 32
60 15
61 17
63 6
65 30
66 50
68 59
69 7
24 14
27 60
20 48
21 69
48 20
23 2
46 68
45 39
28 4
29 66
40 27
0 28
3 46
2 55
4 34
7 45
6 12
9 42
51 40
72 58
70 29
59 53
58 3
10 63
39 57
12 23
15 9
14 36
17 21
19 61
32 19
57 70
30 56
37 24
36 37
53 43
34 72
55 0
50 10
54 56
67 54
41 42
49 48
44 43
54 60
62 61
64 62
62 63
67 64
52 49
67 66
73 67
67 68
67 69
54 52
54 53
25 24
26 25
33 26
26 27
18 20
22 21
26 22
22 23
47 46
52 47
54 44
44 45
41 28
28 29
41 40
47 41
5 1
1 0
1 3
1 2
8 5
5 4
5 7
5 6
8 9
11 8
49 51
38 39
64 65
49 38
74 73
71 72
73 71
71 70
54 59
54 58
16 11
11 10
18 13
13 12
16 15
13 14
16 17
25 16
18 19
26 18
38 31
31 30
38 37
35 36
38 35
33 34
35 33
54 55
31 32
54 57
49 50
