49
74
74
56 29
42 50
43 19
60 60
61 6
63 27
65 61
66 20
68 57
69 24
24 10
27 0
20 51
21 72
48 68
23 59
46 4
45 15
28 14
29 3
40 55
0 58
3 42
2 9
4 56
7 28
6 70
9 63
51 37
72 69
70 12
59 7
58 65
10 34
39 21
12 23
15 40
14 45
17 36
19 48
32 2
57 30
30 53
37 43
36 46
53 66
34 32
55 39
50 17
54 56
67 54
41 42
49 48
44 43
54 60
62 61
64 62
62 63
67 64
52 49
67 66
73 67
67 68
67 69
54 52
54 53
25 24
26 25
33 26
26 27
18 20
22 21
26 22
22 23
47 46
52 47
54 44
44 45
41 28
28 29
41 40
47 41
5 1
1 0
1 3
1 2
8 5
5 4
5 7
5 6
8 9
11 8
49 51
38 39
64 65
49 38
74 73
71 72
73 71
71 70
54 59
54 58
16 11
11 10
18 13
13 12
16 15
13 14
16 17
25 16
18 19
26 18
38 31
31 30
38 37
35 36
38 35
33 34
35 33
54 55
31 32
54 57
49 50
