49
97
0
70 3
72 4
66 7
69 9
65 11
63 13
61 14
68 16
55 20
57 22
58 23
60 24
45 26
59 28
43 30
53 33
56 34
46 37
29 40
28 41
40 43
42 44
48 47
51 48
50 50
32 53
37 54
36 56
39 59
30 60
34 62
27 64
23 67
21 68
24 71
19 73
12 76
14 77
20 78
17 80
15 82
10 84
9 86
4 88
6 90
3 93
2 95
7 96
0 97
0 1
1 2
2 3
2 4
1 5
5 6
6 7
6 8
8 9
8 10
10 11
10 12
12 13
12 14
5 15
15 16
15 17
17 18
18 19
19 20
19 21
21 22
21 23
18 24
17 25
25 26
25 27
27 28
27 29
29 30
29 31
31 32
32 33
32 34
31 35
35 36
36 37
36 38
38 39
39 40
39 41
38 42
42 43
42 44
35 45
45 46
46 47
46 48
45 49
49 50
49 51
51 52
52 53
52 54
51 55
55 56
55 57
57 58
58 59
58 60
57 61
61 62
61 63
63 64
63 65
65 66
66 67
66 68
65 69
69 70
70 71
70 72
72 73
72 74
74 75
75 76
75 77
74 78
69 79
79 80
79 81
81 82
81 83
83 84
83 85
85 86
85 87
87 88
87 89
89 90
89 91
91 92
92 93
92 94
94 95
94 96
91 97
