199
309
1
97 7
129 23
114 25
125 26
117 32
231 39
272 45
275 54
204 66
284 78
180 84
161 94
108 98
55 99
24 110
53 113
59 119
13 121
9 128
40 129
31 130
0 133
2 134
3 135
4 136
6 137
7 138
8 139
10 140
12 141
15 142
16 143
18 144
19 145
20 146
21 147
22 148
23 149
25 150
26 151
28 152
30 153
33 154
34 155
36 156
37 157
39 158
41 159
44 160
45 161
46 162
48 163
49 164
51 165
56 166
57 167
60 168
61 169
63 170
64 171
66 172
68 173
70 174
71 175
73 176
74 177
76 178
78 179
80 180
81 181
83 182
84 183
86 184
88 185
89 186
90 187
91 188
92 189
94 190
95 191
96 192
99 193
100 194
102 195
103 196
105 197
106 198
110 199
111 200
112 201
116 202
119 203
120 204
121 205
122 206
123 207
127 208
130 209
132 210
134 211
135 212
137 213
139 214
140 215
141 216
142 217
146 218
147 219
149 220
150 221
151 222
153 223
154 224
156 225
157 226
159 227
160 228
163 229
164 230
166 231
167 232
168 233
171 234
170 235
173 236
174 237
176 238
178 239
179 240
181 241
182 242
183 243
185 244
186 245
187 246
189 247
191 248
192 249
193 250
194 251
196 252
197 253
198 254
199 255
201 256
203 257
205 258
207 259
208 260
210 261
213 262
214 263
216 264
217 265
218 266
220 267
221 268
223 269
224 270
226 271
228 272
230 273
232 274
233 275
234 276
236 277
237 278
239 279
240 280
242 281
245 282
247 283
249 284
251 285
252 286
254 287
256 288
257 289
258 290
260 291
262 292
264 293
266 294
267 295
270 296
271 297
273 298
276 299
277 300
279 301
281 302
283 303
286 304
287 305
289 306
290 307
292 308
293 309
296 310
1 2
2 3
2 4
4 5
4 6
6 7
4 8
8 9
9 10
8 11
11 12
11 13
4 14
14 15
4 16
16 17
17 18
18 19
18 20
17 21
21 22
21 23
21 24
24 25
24 26
17 27
17 28
17 29
17 30
30 31
31 32
30 33
30 34
34 35
34 36
36 37
37 38
38 39
39 40
40 41
40 42
42 43
43 44
43 45
43 46
43 47
47 48
47 49
47 50
50 51
42 52
39 53
38 54
54 55
37 56
56 57
56 58
58 59
56 60
37 61
61 62
37 63
63 64
64 65
36 66
36 67
67 68
67 69
67 70
70 71
36 72
72 73
72 74
74 75
74 76
76 77
76 78
34 79
34 80
80 81
80 82
80 83
80 84
84 85
85 86
85 87
85 88
34 89
89 90
34 91
91 92
91 93
34 94
17 95
17 96
16 97
97 98
4 99
4 100
100 101
101 102
100 103
103 104
103 105
105 106
106 107
100 108
108 109
109 110
108 111
111 112
108 113
100 114
100 115
115 116
115 117
115 118
100 119
100 120
120 121
120 122
120 123
123 124
124 125
124 126
124 127
127 128
123 129
120 130
120 131
120 132
126 133
126 134
126 135
127 136
127 137
127 138
127 139
125 140
124 141
102 142
106 143
104 144
106 145
106 146
106 147
107 148
106 149
109 150
109 151
103 152
105 153
120 154
105 155
105 156
123 157
123 158
120 159
103 160
105 161
131 162
111 163
115 164
132 165
112 166
112 167
114 168
117 169
117 170
115 171
118 172
101 173
118 174
15 175
15 176
116 177
3 178
9 179
9 180
10 181
10 182
10 183
14 184
14 185
14 186
9 187
5 188
8 189
12 190
13 191
8 192
20 193
6 194
4 195
96 196
96 197
16 198
97 199
97 200
24 201
24 202
31 203
31 204
31 205
31 206
31 207
21 208
30 209
21 210
22 211
33 212
29 213
27 214
28 215
19 216
17 217
90 218
93 219
95 220
89 221
34 222
34 223
34 224
90 225
71 226
71 227
71 228
79 229
92 230
34 231
35 232
81 233
89 234
89 235
81 236
81 237
80 238
70 239
84 240
80 241
83 242
82 243
86 244
82 245
73 246
69 247
69 248
69 249
69 250
68 251
68 252
68 253
68 254
67 255
67 256
60 257
85 258
87 259
62 260
88 261
61 262
64 263
65 264
64 265
64 266
61 267
63 268
63 269
58 270
58 271
41 272
41 273
38 274
53 275
59 276
59 277
59 278
57 279
58 280
58 281
40 282
75 283
75 284
52 285
42 286
42 287
42 288
52 289
51 290
51 291
74 292
48 293
48 294
48 295
50 296
50 297
45 298
54 299
47 300
47 301
45 302
49 303
46 304
44 305
44 306
77 307
77 308
77 309
55 310
