199
298
298
216 197
217 140
214 46
224 30
213 228
210 276
264 245
218 260
132 125
130 181
137 272
135 251
134 284
139 166
24 279
25 76
26 2
167 130
20 28
21 36
22 34
23 20
160 6
28 262
161 178
289 24
0 88
4 271
281 224
8 91
283 51
163 9
284 170
287 105
286 90
120 22
121 74
122 183
123 60
267 167
125 199
127 25
129 220
220 196
59 16
55 287
57 249
56 236
51 218
53 208
296 49
292 203
293 289
290 61
164 180
201 132
199 64
179 59
194 13
197 213
196 137
191 95
193 40
192 292
270 221
114 207
88 204
116 122
111 44
110 179
276 277
112 71
83 4
80 110
81 293
86 223
84 15
251 171
198 233
256 57
226 41
3 154
254 84
7 55
247 111
273 10
245 182
108 146
240 83
242 26
102 210
103 254
100 267
106 117
271 163
105 119
39 240
33 186
31 156
30 164
37 19
36 189
34 56
252 99
205 53
223 3
60 134
61 102
258 286
63 176
64 100
66 33
178 8
68 120
176 232
174 96
173 157
257 234
171 151
170 12
272 63
181 168
182 7
183 201
180 266
2 239
186 142
187 86
6 192
189 252
221 31
185 80
99 187
168 66
228 97
91 37
90 123
166 237
92 264
95 159
94 108
97 141
96 121
10 89
13 217
12 290
15 281
16 106
19 273
18 257
117 70
89 193
275 283
151 161
150 116
153 150
154 68
157 92
156 216
159 0
277 78
234 242
239 103
279 129
207 81
236 127
237 275
230 153
231 94
232 296
233 73
48 231
49 160
46 112
119 18
44 135
45 226
40 39
41 23
9 139
146 256
147 21
203 173
142 198
204 205
140 147
141 270
208 174
149 258
76 48
74 214
73 194
71 230
70 191
78 114
249 185
262 247
260 45
266 149
215 216
215 217
215 214
222 215
219 212
212 213
211 210
219 211
170 165
265 264
268 265
215 218
227 219
138 133
133 132
136 131
131 130
138 137
144 136
136 135
133 134
138 139
143 138
165 166
25 24
27 25
27 26
54 27
17 20
17 21
17 22
17 23
158 160
29 28
43 29
162 161
288 289
1 0
5 4
280 281
5 8
282 283
162 163
295 285
285 284
288 287
285 286
118 119
269 271
259 258
118 120
118 121
118 122
118 123
126 124
124 125
133 126
126 127
133 128
128 129
278 269
274 268
219 220
131 118
58 59
69 58
54 55
58 54
54 57
54 56
50 51
65 50
52 53
54 52
269 259
297 296
298 297
295 294
297 295
291 292
294 293
291 290
294 291
165 164
200 201
200 199
180 179
202 200
202 195
195 194
195 197
177 178
190 191
202 203
190 193
190 192
124 115
113 114
87 88
87 89
109 111
109 110
115 113
113 112
85 82
82 83
79 80
82 81
87 86
101 87
82 84
90 85
250 251
195 198
255 256
211 206
225 226
261 257
1 3
188 177
253 254
5 7
248 247
272 273
263 255
241 225
246 245
246 244
109 108
128 109
243 241
241 240
244 243
241 242
101 102
104 103
98 100
107 101
107 106
109 107
128 104
104 105
38 39
42 38
32 33
42 32
32 31
29 30
38 37
35 36
43 35
35 34
255 246
170 162
295 282
253 252
206 205
222 223
175 176
58 60
62 61
75 62
62 63
65 64
67 65
67 66
69 67
69 68
75 69
180 175
172 174
172 173
180 172
170 171
175 170
227 222
295 288
180 181
255 253
250 248
180 182
184 183
184 180
1 2
165 167
188 187
206 184
5 6
184 186
190 188
190 189
209 202
195 196
222 221
184 185
202 190
98 99
101 98
169 168
172 169
243 229
229 228
90 91
93 90
101 93
93 92
93 95
93 94
98 97
93 96
38 11
11 10
14 13
11 12
14 15
38 14
43 17
17 16
17 19
17 18
118 117
257 250
115 116
278 274
202 204
274 275
152 151
148 150
152 153
165 152
169 155
152 154
158 157
155 156
158 159
177 158
278 277
235 234
244 238
238 239
278 279
206 207
243 235
235 236
235 237
229 230
238 231
231 232
231 233
225 224
282 280
47 48
50 49
47 46
52 47
43 44
43 45
58 42
58 43
38 40
42 41
11 1
11 5
5 9
280 272
145 146
148 147
145 144
155 145
143 142
144 143
138 140
138 141
212 209
209 208
170 148
148 149
101 77
77 76
77 75
75 74
72 73
79 72
72 71
69 70
282 278
85 79
79 78
269 263
248 249
261 262
238 227
263 261
269 270
259 260
274 276
268 267
265 266
