199
298
298
216 41
217 22
214 91
224 89
213 84
210 223
264 203
218 220
132 134
130 232
137 272
135 53
134 164
139 292
24 80
25 221
26 254
167 102
20 193
21 125
22 234
23 3
160 179
28 170
161 161
289 167
0 214
4 127
281 277
8 218
283 19
163 192
284 92
287 290
286 251
120 210
121 273
122 194
123 276
267 159
125 180
127 13
129 39
220 171
59 61
55 156
57 2
56 56
51 23
53 275
296 207
292 73
293 289
290 237
164 24
201 187
199 287
179 100
194 181
197 271
196 196
191 201
193 267
192 197
270 256
114 151
88 257
116 182
111 270
110 173
276 258
112 168
83 213
80 86
81 231
86 12
84 217
251 111
198 49
256 4
226 262
3 48
254 18
7 74
247 141
273 233
245 68
108 279
240 178
242 286
102 36
103 153
100 226
106 0
271 117
105 121
39 283
33 284
31 31
30 142
37 160
36 260
34 71
252 88
205 40
223 208
60 186
61 28
258 119
63 245
64 120
66 293
178 135
68 108
176 97
174 266
173 64
257 157
171 106
170 185
272 94
181 46
182 105
183 239
180 150
2 176
186 76
187 191
6 199
189 33
221 198
185 30
99 78
168 44
228 37
91 7
90 25
166 249
92 55
95 112
94 10
97 132
96 51
10 114
13 174
12 204
15 189
16 130
19 236
18 216
117 224
89 26
275 96
151 16
150 140
153 122
154 110
157 247
156 147
159 116
277 8
234 183
239 281
279 45
207 20
236 103
237 123
230 21
231 6
232 129
233 95
48 66
49 137
46 81
119 146
44 9
45 264
40 205
41 15
9 57
146 99
147 90
203 166
142 163
204 240
140 139
141 70
208 149
149 154
76 230
74 83
73 63
71 242
70 60
78 59
249 34
262 252
260 296
266 228
215 216
215 217
215 214
222 215
219 212
212 213
211 210
219 211
170 165
265 264
268 265
215 218
227 219
138 133
133 132
136 131
131 130
138 137
144 136
136 135
133 134
138 139
143 138
165 166
25 24
27 25
27 26
54 27
17 20
17 21
17 22
17 23
158 160
29 28
43 29
162 161
288 289
1 0
5 4
280 281
5 8
282 283
162 163
295 285
285 284
288 287
285 286
118 119
269 271
259 258
118 120
118 121
118 122
118 123
126 124
124 125
133 126
126 127
133 128
128 129
278 269
274 268
219 220
131 118
58 59
69 58
54 55
58 54
54 57
54 56
50 51
65 50
52 53
54 52
269 259
297 296
298 297
295 294
297 295
291 292
294 293
291 290
294 291
165 164
200 201
200 199
180 179
202 200
202 195
195 194
195 197
177 178
190 191
202 203
190 193
190 192
124 115
113 114
87 88
87 89
109 111
109 110
115 113
113 112
85 82
82 83
79 80
82 81
87 86
101 87
82 84
90 85
250 251
195 198
255 256
211 206
225 226
261 257
1 3
188 177
253 254
5 7
248 247
272 273
263 255
241 225
246 245
246 244
109 108
128 109
243 241
241 240
244 243
241 242
101 102
104 103
98 100
107 101
107 106
109 107
128 104
104 105
38 39
42 38
32 33
42 32
32 31
29 30
38 37
35 36
43 35
35 34
255 246
170 162
295 282
253 252
206 205
222 223
175 176
58 60
62 61
75 62
62 63
65 64
67 65
67 66
69 67
69 68
75 69
180 175
172 174
172 173
180 172
170 171
175 170
227 222
295 288
180 181
255 253
250 248
180 182
184 183
184 180
1 2
165 167
188 187
206 184
5 6
184 186
190 188
190 189
209 202
195 196
222 221
184 185
202 190
98 99
101 98
169 168
172 169
243 229
229 228
90 91
93 90
101 93
93 92
93 95
93 94
98 97
93 96
38 11
11 10
14 13
11 12
14 15
38 14
43 17
17 16
17 19
17 18
118 117
257 250
115 116
278 274
202 204
274 275
152 151
148 150
152 153
165 152
169 155
152 154
158 157
155 156
158 159
177 158
278 277
235 234
244 238
238 239
278 279
206 207
243 235
235 236
235 237
229 230
238 231
231 232
231 233
225 224
282 280
47 48
50 49
47 46
52 47
43 44
43 45
58 42
58 43
38 40
42 41
11 1
11 5
5 9
280 272
145 146
148 147
145 144
155 145
143 142
144 143
138 140
138 141
212 209
209 208
170 148
148 149
101 77
77 76
77 75
75 74
72 73
79 72
72 71
69 70
282 278
85 79
79 78
269 263
248 249
261 262
238 227
263 261
269 270
259 260
274 276
268 267
265 266
