199
298
298
216 216
217 217
214 214
224 224
213 213
210 210
264 264
218 218
132 132
130 130
137 137
135 135
134 134
139 139
24 24
25 25
26 26
167 167
20 20
21 21
22 22
23 23
160 160
28 28
161 161
289 289
0 0
4 4
281 281
8 8
283 283
163 163
284 284
287 287
286 286
120 120
121 121
122 122
123 123
267 267
125 125
127 127
129 129
220 220
59 59
55 55
57 57
56 56
51 51
53 53
296 296
292 292
293 293
290 290
164 164
201 201
199 199
179 179
194 194
197 197
196 196
191 191
193 193
192 192
270 270
114 114
88 88
116 116
111 111
110 110
276 276
112 112
83 83
80 80
81 81
86 86
84 84
251 251
198 198
256 256
226 226
3 3
254 254
7 7
247 247
273 273
245 245
108 108
240 240
242 242
102 102
103 103
100 100
106 106
271 271
105 105
39 39
33 33
31 31
30 30
37 37
36 36
34 34
252 252
205 205
223 223
60 60
61 61
258 258
63 63
64 64
66 66
178 178
68 68
176 176
174 174
173 173
257 257
171 171
170 170
272 272
181 181
182 182
183 183
180 180
2 2
186 186
187 187
6 6
189 189
221 221
185 185
99 99
168 168
228 228
91 91
90 90
166 166
92 92
95 95
94 94
97 97
96 96
10 10
13 13
12 12
15 15
16 16
19 19
18 18
117 117
89 89
275 275
151 151
150 150
153 153
154 154
157 157
156 156
159 159
277 277
234 234
239 239
279 279
207 207
236 236
237 237
230 230
231 231
232 232
233 233
48 48
49 49
46 46
119 119
44 44
45 45
40 40
41 41
9 9
146 146
147 147
203 203
142 142
204 204
140 140
141 141
208 208
149 149
76 76
74 74
73 73
71 71
70 70
78 78
249 249
262 262
260 260
266 266
215 216
215 217
215 214
222 215
219 212
212 213
211 210
219 211
170 165
265 264
268 265
215 218
227 219
138 133
133 132
136 131
131 130
138 137
144 136
136 135
133 134
138 139
143 138
165 166
25 24
27 25
27 26
54 27
17 20
17 21
17 22
17 23
158 160
29 28
43 29
162 161
288 289
1 0
5 4
280 281
5 8
282 283
162 163
295 285
285 284
288 287
285 286
118 119
269 271
259 258
118 120
118 121
118 122
118 123
126 124
124 125
133 126
126 127
133 128
128 129
278 269
274 268
219 220
131 118
58 59
69 58
54 55
58 54
54 57
54 56
50 51
65 50
52 53
54 52
269 259
297 296
298 297
295 294
297 295
291 292
294 293
291 290
294 291
165 164
200 201
200 199
180 179
202 200
202 195
195 194
195 197
177 178
190 191
202 203
190 193
190 192
124 115
113 114
87 88
87 89
109 111
109 110
115 113
113 112
85 82
82 83
79 80
82 81
87 86
101 87
82 84
90 85
250 251
195 198
255 256
211 206
225 226
261 257
1 3
188 177
253 254
5 7
248 247
272 273
263 255
241 225
246 245
246 244
109 108
128 109
243 241
241 240
244 243
241 242
101 102
104 103
98 100
107 101
107 106
109 107
128 104
104 105
38 39
42 38
32 33
42 32
32 31
29 30
38 37
35 36
43 35
35 34
255 246
170 162
295 282
253 252
206 205
222 223
175 176
58 60
62 61
75 62
62 63
65 64
67 65
67 66
69 67
69 68
75 69
180 175
172 174
172 173
180 172
170 171
175 170
227 222
295 288
180 181
255 253
250 248
180 182
184 183
184 180
1 2
165 167
188 187
206 184
5 6
184 186
190 188
190 189
209 202
195 196
222 221
184 185
202 190
98 99
101 98
169 168
172 169
243 229
229 228
90 91
93 90
101 93
93 92
93 95
93 94
98 97
93 96
38 11
11 10
14 13
11 12
14 15
38 14
43 17
17 16
17 19
17 18
118 117
257 250
115 116
278 274
202 204
274 275
152 151
148 150
152 153
165 152
169 155
152 154
158 157
155 156
158 159
177 158
278 277
235 234
244 238
238 239
278 279
206 207
243 235
235 236
235 237
229 230
238 231
231 232
231 233
225 224
282 280
47 48
50 49
47 46
52 47
43 44
43 45
58 42
58 43
38 40
42 41
11 1
11 5
5 9
280 272
145 146
148 147
145 144
155 145
143 142
144 143
138 140
138 141
212 209
209 208
170 148
148 149
101 77
77 76
77 75
75 74
72 73
79 72
72 71
69 70
282 278
85 79
79 78
269 263
248 249
261 262
238 227
263 261
269 270
259 260
274 276
268 267
265 266
