480
860
0
658 2
660 4
657 6
654 9
656 10
648 14
650 15
644 17
642 19
639 21
641 22
651 24
646 27
402 33
399 34
398 35
400 36
363 38
361 39
396 41
333 43
335 44
308 54
275 55
291 58
289 59
279 62
281 63
282 64
299 69
265 71
267 72
300 73
259 77
258 78
237 82
239 86
238 87
235 90
236 91
234 92
240 95
242 96
229 99
226 100
228 101
251 102
249 103
301 104
328 106
273 109
307 111
306 112
310 114
304 116
309 117
305 117
340 121
338 123
341 126
337 127
339 128
276 131
278 132
390 140
348 143
349 146
350 147
352 148
283 151
284 152
351 153
391 154
385 155
303 160
302 161
330 164
321 165
319 166
285 168
287 169
355 171
356 172
377 177
379 178
383 179
388 184
357 185
389 186
395 188
393 190
384 193
394 194
360 195
386 197
392 198
387 199
508 202
370 205
371 206
372 208
492 209
498 211
380 214
382 215
413 218
411 219
506 221
497 226
410 230
495 231
491 232
490 233
496 234
403 237
405 238
493 240
494 241
408 244
409 245
499 246
322 252
324 253
332 254
364 255
317 258
315 259
318 260
406 261
191 271
189 272
216 276
218 277
217 278
220 279
224 282
221 283
223 284
225 285
246 287
245 288
269 289
232 292
233 293
248 294
152 299
145 301
147 302
184 304
169 309
167 310
177 312
178 313
179 314
200 319
188 321
203 322
202 323
183 325
182 328
181 329
185 330
172 333
170 334
186 335
154 341
155 342
148 344
150 345
165 348
164 349
156 351
158 352
108 357
106 358
104 361
99 364
103 365
102 367
101 369
105 370
32 375
83 376
38 380
12 387
13 388
18 389
25 395
28 396
29 398
27 399
17 401
15 402
14 404
2 407
3 408
4 409
26 410
30 411
45 414
43 415
9 416
11 419
39 423
42 424
44 425
41 426
40 428
1 430
0 431
21 434
19 435
22 436
37 437
91 439
86 441
88 442
85 449
67 451
93 452
62 454
55 456
53 457
33 461
52 464
50 465
35 468
75 469
73 470
78 472
76 474
74 475
77 476
58 479
56 480
8 483
6 484
24 486
46 488
48 490
49 491
71 493
68 494
80 496
65 500
63 501
92 503
82 505
81 506
96 509
97 510
95 515
69 516
94 518
59 520
60 521
89 522
98 523
124 528
122 530
120 532
121 533
114 535
115 537
112 538
123 539
109 544
111 545
127 546
116 548
118 549
132 551
130 553
119 554
138 558
140 559
144 560
129 565
134 566
141 567
136 570
137 571
125 573
126 574
143 575
161 577
159 578
193 581
173 584
175 585
195 588
197 589
254 593
204 595
270 596
194 598
198 599
253 600
162 601
262 605
260 606
231 609
211 611
209 613
212 614
264 616
263 619
206 620
208 621
256 624
215 626
213 627
342 629
244 630
488 636
489 638
486 639
482 642
477 644
479 645
475 648
473 649
465 652
464 658
462 659
470 660
469 661
467 663
468 664
472 665
428 670
430 671
449 675
450 680
427 682
454 683
415 687
414 688
439 689
440 691
442 693
437 694
446 695
460 699
441 700
418 704
416 705
419 706
420 708
422 709
425 711
426 713
423 714
448 715
445 718
443 719
461 721
459 722
458 724
457 725
455 727
452 729
433 733
436 734
431 735
435 737
434 738
518 739
520 744
505 746
503 747
542 750
541 751
522 752
545 754
527 755
483 758
485 759
509 760
297 767
295 768
354 769
533 771
535 773
534 774
531 775
560 779
629 781
543 784
577 785
580 787
579 788
630 792
632 793
631 794
558 796
561 797
565 800
562 802
564 803
570 806
572 807
573 808
523 812
525 813
540 814
530 816
528 817
634 820
627 822
626 825
624 827
619 830
617 832
623 833
272 838
271 839
294 840
345 841
347 842
607 846
582 850
581 851
600 855
599 856
601 857
597 861
583 863
585 864
589 867
591 868
588 870
586 871
593 873
595 874
603 875
605 877
609 880
608 881
610 882
621 883
367 890
368 891
369 892
366 894
325 896
327 897
376 899
546 902
549 904
548 905
374 906
613 909
550 910
552 912
614 913
569 917
611 919
615 922
567 923
574 924
314 927
311 928
312 930
313 931
502 937
500 938
513 939
516 941
515 943
514 944
557 947
537 950
536 951
538 952
556 954
511 955
553 957
555 958
636 959
0 1
1 2
1 3
3 4
3 6
3 7
7 8
8 9
8 10
7 11
11 12
12 13
13 14
13 15
12 16
16 17
16 18
18 19
18 20
20 21
20 22
11 23
23 24
23 25
25 26
26 27
26 28
28 29
29 30
30 31
31 32
32 33
32 34
31 35
30 36
29 37
37 38
37 39
28 40
40 41
40 42
42 43
42 44
25 45
45 46
46 47
47 48
48 49
49 50
50 51
51 52
52 53
53 54
53 55
52 56
56 57
57 58
57 59
56 60
60 61
61 62
61 63
60 64
51 65
65 66
66 68
68 69
68 70
70 71
70 72
66 73
66 74
74 75
75 76
76 77
76 78
75 80
80 82
80 84
84 85
85 86
85 87
84 88
88 89
89 90
89 91
88 92
80 93
93 94
94 95
94 96
93 97
97 99
97 100
97 101
80 102
75 103
74 104
65 105
105 106
105 107
107 109
107 110
110 111
110 112
107 114
107 115
115 116
115 117
50 121
50 122
122 123
122 124
124 125
125 126
125 127
124 128
49 129
129 130
130 131
130 132
129 133
133 134
134 136
136 137
137 139
139 140
139 141
141 142
142 143
142 146
142 147
142 148
141 150
150 151
150 152
141 153
137 154
137 155
136 156
156 157
157 159
159 160
159 161
157 162
162 164
162 165
162 166
157 167
167 168
167 169
156 170
170 171
170 172
134 173
173 174
174 175
175 176
176 177
176 178
175 179
174 180
180 183
183 184
183 185
180 186
180 187
187 188
187 190
187 191
191 193
191 194
191 195
180 197
180 198
173 199
134 200
200 201
201 202
201 203
203 204
204 205
204 206
203 207
207 208
207 209
200 210
210 211
210 212
212 213
213 214
213 215
212 216
216 217
217 218
217 219
216 221
216 222
222 226
222 227
227 228
228 229
229 230
229 231
228 232
227 233
222 234
222 236
236 237
236 238
222 240
222 241
222 243
243 244
243 245
222 246
133 247
247 248
248 249
249 250
250 252
250 253
250 254
249 255
248 256
256 257
257 258
257 259
256 260
247 261
48 262
262 264
264 265
265 267
267 268
268 269
269 270
270 271
270 272
269 275
275 276
275 277
269 278
269 279
268 280
280 282
280 283
280 284
267 285
265 286
286 287
286 288
265 289
264 290
290 291
291 292
291 293
290 294
262 295
295 296
296 297
297 298
298 299
298 300
300 301
300 302
297 303
303 304
303 305
305 306
306 307
307 308
308 309
308 310
307 312
307 313
306 314
305 315
315 316
316 317
317 319
317 320
320 321
320 322
317 323
316 324
324 325
324 327
327 328
327 329
324 330
315 331
331 332
332 333
332 334
331 335
296 336
336 338
338 339
339 340
340 341
340 342
339 343
343 344
343 345
338 346
346 347
347 348
347 349
346 350
350 351
350 352
336 353
353 355
355 356
356 357
356 358
355 359
359 361
359 362
362 363
363 364
363 365
362 366
366 367
366 368
368 369
368 370
359 371
371 373
373 375
373 376
373 377
377 378
378 380
378 382
382 383
383 384
384 385
385 386
386 387
386 388
385 389
384 393
393 394
394 395
394 396
393 398
393 399
384 400
400 401
400 402
384 403
403 404
403 405
405 406
406 407
406 408
405 409
384 410
383 411
382 412
412 414
412 415
412 416
378 417
417 419
417 421
421 422
422 423
422 424
421 425
417 426
417 428
417 429
429 430
429 431
378 432
432 433
433 434
433 435
432 436
377 437
371 438
438 439
438 441
438 442
371 444
444 445
445 448
448 449
448 451
448 452
445 453
453 454
453 455
455 456
455 457
445 458
458 459
459 460
460 461
460 462
462 463
463 464
463 465
462 466
466 468
466 469
466 470
459 472
459 473
473 474
473 475
458 476
445 477
477 479
477 480
477 481
481 482
482 483
482 484
481 486
481 487
487 488
487 489
489 490
489 491
444 492
492 493
492 494
371 495
495 496
495 497
497 499
499 500
499 501
497 502
502 503
502 504
504 505
504 506
497 508
508 509
508 510
497 511
511 512
512 513
513 515
513 516
513 518
513 519
519 520
519 521
512 522
511 523
353 524
524 525
525 526
526 527
527 528
527 529
529 530
529 531
531 532
531 533
526 534
534 535
534 536
536 537
536 538
525 539
524 540
540 541
541 542
542 543
543 544
543 545
542 546
541 547
547 548
547 549
540 551
540 552
552 553
552 554
353 555
555 556
556 557
557 558
557 559
556 560
555 562
562 563
563 564
564 565
564 566
563 567
562 568
568 569
569 570
569 571
568 572
572 573
572 574
555 575
336 576
576 577
576 578
295 579
579 580
580 581
580 583
583 584
583 585
580 586
586 587
587 588
587 589
586 590
590 591
591 592
592 593
592 594
594 595
594 596
591 597
597 598
597 599
590 600
579 601
262 602
602 603
603 604
604 605
604 606
603 607
607 608
608 609
608 610
610 611
610 612
612 613
612 614
607 615
615 616
615 617
617 618
618 619
618 620
617 621
602 622
622 623
623 624
623 625
625 626
625 627
622 628
628 629
628 630
47 631
631 632
632 633
633 634
634 635
635 636
635 637
637 638
637 639
634 640
640 641
641 642
641 643
643 644
643 645
640 646
646 647
647 648
647 649
646 650
650 651
651 652
651 653
653 654
654 655
655 656
656 657
657 658
657 659
656 660
655 661
654 662
662 663
662 664
653 665
650 666
666 669
669 670
669 671
666 673
673 674
674 675
674 676
676 677
677 679
679 680
679 682
679 683
677 684
684 685
685 686
686 687
686 688
685 689
684 690
690 691
690 693
690 694
677 695
676 697
697 698
698 699
698 700
697 701
701 702
702 704
702 705
702 706
701 707
707 708
707 709
676 710
710 711
710 712
712 713
712 714
673 715
666 717
717 718
717 719
666 720
720 721
720 722
666 724
666 725
666 726
726 727
726 728
728 729
728 730
730 732
732 733
732 734
730 735
730 737
730 738
633 739
632 740
740 741
741 742
742 743
743 744
743 745
745 746
745 747
742 748
748 749
749 750
749 751
748 752
741 753
753 754
753 755
740 756
756 757
757 758
757 759
756 760
631 761
761 762
762 763
763 764
764 765
765 766
766 767
766 768
765 769
764 770
770 771
770 772
772 773
772 774
763 775
762 776
776 777
777 778
778 779
778 780
780 781
780 782
782 783
783 784
783 785
782 786
786 787
786 788
777 789
789 790
790 792
790 793
790 794
789 795
795 796
795 797
776 799
799 800
799 801
801 802
801 803
776 804
804 805
805 806
805 807
804 808
761 809
809 810
810 811
811 812
811 813
810 814
809 815
815 816
815 817
46 818
818 820
818 821
821 822
821 823
823 824
824 825
824 826
826 827
826 828
828 829
829 830
829 831
831 832
831 833
828 834
834 835
835 836
836 837
837 838
837 839
836 840
835 841
834 842
823 843
843 844
844 845
845 846
845 847
847 849
849 850
849 851
847 852
852 853
853 855
853 856
853 857
852 860
860 861
860 862
862 863
862 864
852 865
865 866
866 867
866 868
865 869
869 870
869 871
852 872
872 873
872 874
847 875
844 876
876 877
876 878
878 880
878 881
878 882
843 883
818 884
884 885
885 886
886 887
887 888
888 890
888 891
888 892
887 893
893 894
893 895
895 896
895 897
886 898
898 899
898 901
901 902
901 904
901 905
898 906
885 907
907 908
908 909
908 910
907 912
907 913
884 914
914 915
915 916
916 917
916 918
918 919
918 920
920 921
921 922
921 923
920 924
915 925
925 927
925 928
925 929
929 930
929 931
914 932
932 936
936 937
936 938
932 939
932 940
940 941
940 942
942 943
942 944
932 945
945 946
946 947
946 948
948 950
948 951
948 952
945 953
953 954
953 955
932 956
956 957
956 958
45 959
