480
695
0
497 27
493 28
491 19
490 32
405 34
403 35
499 37
495 38
494 39
409 41
408 43
364 44
332 47
324 49
322 50
508 56
406 57
372 59
371 60
370 62
492 65
390 66
391 70
318 74
317 75
315 76
278 78
276 79
385 81
356 84
355 82
330 87
321 91
319 93
302 94
287 96
285 97
303 98
352 102
349 99
350 106
348 107
284 108
283 110
351 111
387 112
410 116
395 115
394 119
393 123
392 125
386 126
384 51
389 130
360 131
383 133
379 135
377 136
342 140
256 147
215 149
213 150
248 153
233 154
232 156
244 157
262 159
162 160
270 162
254 165
197 169
195 170
253 171
204 173
198 175
193 178
175 180
173 181
194 182
203 187
200 188
202 189
185 193
183 194
181 190
182 198
184 202
152 204
147 206
145 207
165 210
164 213
158 215
156 216
155 219
154 220
150 223
148 224
138 233
115 235
112 236
120 229
123 241
121 242
122 244
109 245
124 246
114 247
130 249
119 250
132 251
126 254
125 253
108 258
106 259
105 263
101 264
104 268
103 269
102 270
99 271
74 276
49 281
48 282
46 283
24 284
8 286
6 285
58 289
56 290
98 305
95 306
93 308
92 311
81 312
82 309
60 314
59 316
69 317
89 318
96 319
94 320
91 324
86 325
88 326
68 327
85 329
62 333
55 335
53 336
83 337
76 341
71 342
78 344
77 346
75 350
52 352
50 353
73 354
35 356
33 357
67 358
97 359
63 360
80 361
65 362
11 373
45 376
43 377
9 378
41 379
1 381
0 380
42 383
39 385
22 387
21 388
44 389
19 390
38 391
32 393
26 396
29 402
28 403
13 405
12 404
25 395
18 411
17 412
15 413
14 414
4 417
3 419
2 418
27 421
30 422
40 423
37 424
144 429
143 430
140 432
137 434
136 435
127 438
118 441
116 442
111 443
134 445
129 446
141 447
161 449
159 450
172 452
170 453
167 457
169 459
179 460
178 461
177 462
188 464
186 465
264 466
263 469
208 472
206 473
260 475
231 477
212 480
209 481
211 482
269 484
246 487
245 485
225 490
220 496
191 498
189 499
218 502
216 503
217 500
221 505
224 506
223 489
382 510
380 511
341 514
339 517
338 518
337 519
340 521
310 527
309 533
273 534
304 535
306 536
305 526
307 538
308 523
291 542
289 543
282 545
281 546
279 548
275 549
301 552
300 554
299 557
267 559
265 560
259 565
258 566
251 569
249 570
238 575
235 572
234 577
236 578
237 579
242 581
240 583
229 586
226 587
228 588
239 589
328 550
388 592
357 593
498 595
496 594
413 598
411 599
506 600
545 601
530 603
528 604
540 606
525 608
523 609
558 611
542 615
541 618
505 622
503 623
520 624
522 625
527 626
509 628
485 630
483 631
518 633
489 637
486 639
482 640
479 643
477 644
472 651
464 656
462 657
470 658
469 659
468 660
467 661
465 662
461 669
459 670
445 672
443 673
452 675
435 678
434 680
431 681
436 683
433 684
457 687
455 688
454 694
450 696
427 697
458 699
422 701
419 704
418 705
420 706
416 708
449 711
441 712
448 718
415 719
414 721
442 722
437 723
440 724
439 725
426 728
423 729
425 730
446 731
460 732
430 734
428 735
473 736
475 737
488 738
629 743
580 744
579 746
560 747
577 748
543 750
531 752
354 754
297 756
295 757
632 760
631 764
561 765
630 767
565 769
564 771
562 772
573 775
572 776
570 777
535 780
534 781
533 782
615 788
549 795
546 797
376 798
548 799
374 800
369 804
367 801
368 806
366 808
327 810
325 811
567 812
569 813
611 815
538 819
537 820
536 817
574 822
614 826
613 827
552 828
553 832
550 833
557 835
556 837
515 841
514 840
511 844
502 846
500 847
513 848
555 849
311 852
314 853
312 850
313 856
516 857
627 859
626 864
621 866
610 871
609 872
608 873
605 874
607 876
603 878
601 883
597 886
585 888
583 889
600 891
591 893
589 894
599 897
593 898
582 900
581 899
588 903
586 904
595 905
619 907
623 909
617 910
271 915
272 914
294 917
345 912
347 919
624 920
634 921
636 922
651 923
650 925
648 927
644 929
642 931
641 933
639 934
646 936
396 939
335 941
333 942
363 946
361 947
400 948
402 951
399 950
398 953
656 955
654 956
657 3
660 958
658 959
0 1
1 2
2 3
3 4
4 6
6 7
7 8
8 9
9 11
11 12
12 14
14 15
15 16
16 17
17 18
18 19
19 27
19 28
19 32
19 33
33 34
33 35
19 37
19 38
19 39
19 40
40 41
40 42
42 43
42 44
44 46
46 47
46 48
48 49
48 50
19 51
51 52
52 54
54 55
55 56
55 57
54 58
58 59
58 60
60 62
52 64
64 65
64 66
52 70
52 71
71 72
72 74
72 75
72 76
71 77
77 78
77 79
52 81
52 82
82 84
82 86
86 87
86 88
88 91
88 93
88 94
88 95
95 96
95 97
88 98
52 99
99 102
99 106
99 107
99 108
108 110
99 111
52 112
51 115
115 116
51 119
51 123
51 125
51 126
51 129
129 130
129 131
51 132
132 133
132 134
134 135
134 136
51 138
138 139
139 140
139 141
141 144
144 146
146 147
146 148
148 149
148 150
144 152
152 153
152 154
154 156
144 157
144 158
158 159
158 160
141 161
161 162
161 163
163 165
163 166
166 168
168 169
168 170
166 171
166 173
166 174
174 175
174 176
176 177
177 178
177 179
179 180
179 181
176 182
163 183
183 187
183 188
183 189
183 190
190 192
192 193
192 194
190 198
190 199
199 200
200 202
200 203
203 204
203 205
205 206
205 207
200 209
209 210
209 213
209 214
214 215
214 216
209 217
217 219
217 220
217 221
221 223
221 224
221 225
225 227
227 229
229 232
232 233
232 234
234 235
234 236
229 241
229 242
229 243
243 244
243 245
229 246
229 247
227 248
248 249
248 250
227 251
225 252
252 253
253 254
252 256
256 258
256 259
256 260
260 262
262 263
262 264
260 268
260 269
260 270
260 271
260 272
272 274
274 275
275 276
275 278
278 280
280 281
280 282
278 283
278 284
275 285
285 286
274 288
288 289
288 290
272 305
272 306
272 308
272 309
309 311
309 312
272 314
314 316
272 317
272 318
272 319
272 320
272 321
321 324
321 325
321 326
321 327
272 328
328 329
328 331
331 332
332 333
332 334
334 335
334 336
331 337
328 339
339 340
340 341
340 342
339 344
339 346
339 350
339 351
351 352
351 353
339 354
339 355
355 356
355 357
328 358
272 359
272 360
272 361
272 362
272 363
363 373
363 374
374 376
374 377
374 378
363 379
363 380
380 381
363 383
363 385
363 386
386 387
386 388
363 389
363 390
363 391
363 392
392 393
392 395
395 396
395 402
395 403
395 404
404 405
395 409
409 411
409 412
409 413
395 414
414 416
416 417
416 418
418 419
395 421
392 422
363 423
272 424
225 429
225 430
225 432
225 433
433 434
433 435
225 436
436 437
437 438
437 440
440 441
440 442
437 443
436 445
436 446
225 447
200 448
448 449
448 450
199 452
199 453
190 454
454 457
454 458
458 459
458 460
454 461
454 462
183 463
463 464
463 465
141 466
466 469
469 471
471 472
471 473
466 475
466 476
476 477
476 478
478 480
478 481
478 482
141 483
483 484
483 485
485 487
485 489
489 490
489 493
493 494
494 496
494 497
497 498
497 499
494 500
500 501
501 502
501 503
493 505
489 506
138 509
509 510
509 511
138 512
512 514
512 517
512 518
512 519
512 521
512 522
522 523
523 526
526 527
526 533
526 534
526 535
526 536
526 538
523 540
540 541
541 542
541 543
540 544
544 545
544 546
546 548
523 549
522 550
550 551
551 552
551 554
551 555
555 557
555 558
558 559
558 560
555 561
561 562
562 564
564 565
564 566
562 569
562 570
562 572
572 575
572 577
572 578
562 579
562 580
580 581
580 583
580 584
584 586
584 587
584 588
561 589
51 591
591 592
591 593
19 594
594 595
19 597
597 598
597 599
18 600
17 601
16 602
602 603
602 604
15 605
605 606
605 607
607 608
607 609
14 611
14 612
612 614
614 615
615 618
615 619
619 620
620 621
621 622
621 623
620 624
619 625
614 626
612 627
627 628
627 629
629 630
629 631
612 632
632 633
632 634
634 636
636 637
636 639
636 640
634 641
641 642
642 643
642 644
641 645
645 646
646 647
647 648
648 649
649 651
649 653
653 654
654 655
655 656
655 657
654 658
653 659
649 660
649 661
648 662
647 663
663 667
667 669
667 670
667 671
671 672
671 673
663 674
674 675
674 676
676 678
676 680
676 681
676 682
682 683
682 684
663 687
663 688
663 689
689 693
693 694
693 696
693 697
689 698
698 699
698 700
700 701
700 703
703 704
703 705
700 706
706 708
689 710
710 711
710 712
689 713
713 718
713 719
719 721
713 722
713 723
713 724
713 725
689 726
726 727
727 728
727 729
726 730
689 731
663 732
663 733
733 734
733 735
646 736
645 737
634 738
12 739
739 743
739 744
739 746
739 747
739 748
748 750
739 751
751 752
751 753
753 754
753 755
755 756
755 757
12 760
12 764
12 765
12 767
12 768
768 769
768 770
770 771
770 772
12 773
773 775
773 776
773 777
12 778
778 780
778 781
778 782
11 783
783 784
784 788
784 790
790 791
791 795
791 797
791 798
791 799
791 800
791 801
801 804
801 806
801 807
807 808
807 809
809 810
809 811
790 812
784 813
784 815
815 817
817 819
817 820
784 822
784 824
824 826
824 827
824 828
784 829
829 831
831 832
831 833
829 834
834 835
834 837
834 838
838 840
840 841
838 844
838 845
845 846
845 847
838 848
829 849
784 850
850 851
851 852
851 853
850 856
783 857
9 858
858 859
858 860
860 864
860 865
865 866
865 867
867 869
869 871
869 872
869 873
867 874
867 875
875 876
875 877
877 878
877 879
879 880
880 883
880 885
885 886
885 887
887 888
887 889
880 890
890 891
890 892
892 893
892 894
880 895
895 896
896 897
896 898
895 899
899 900
880 902
902 903
902 904
879 905
860 906
906 907
906 908
908 909
908 910
860 911
911 912
912 913
913 914
914 915
913 917
911 919
860 920
9 921
8 922
7 923
6 924
924 925
924 926
926 927
926 928
928 929
928 930
930 931
930 932
932 933
932 934
4 935
935 936
935 937
937 938
938 939
938 940
940 941
940 942
937 943
943 945
945 946
945 947
943 948
943 949
949 950
950 951
949 953
4 954
954 955
954 956
2 958
1 959
