480
661
661
0 301
347 212
340 394
341 351
342 169
348 611
349 248
619 395
299 275
297 130
294 104
295 390
291 300
591 123
593 184
595 145
198 13
597 102
195 600
194 657
197 310
191 505
193 267
270 58
271 80
272 12
273 454
275 208
276 263
278 203
279 269
525 553
527 333
520 525
522 125
523 527
599 97
528 213
449 89
448 99
443 94
442 106
441 82
440 499
446 631
445 361
108 528
109 629
102 15
103 658
101 307
106 385
104 96
105 242
39 305
38 223
33 116
32 607
30 496
37 534
35 516
641 6
642 380
644 586
439 523
436 434
437 83
434 560
435 497
433 492
430 245
431 35
339 63
338 56
335 46
337 387
330 406
333 546
332 41
345 469
6 396
99 338
98 294
91 246
93 17
92 648
95 357
94 129
97 402
96 30
558 597
555 342
557 630
556 159
550 28
553 472
552 152
238 265
239 259
234 500
235 144
236 445
237 371
231 254
232 522
233 388
1 327
614 76
147 182
144 440
145 109
143 615
140 186
141 619
613 355
610 348
611 52
617 283
148 3
615 322
623 530
132 233
130 318
137 462
136 494
134 464
494 531
495 108
496 194
138 324
490 195
491 367
492 22
493 400
24 98
25 509
26 264
27 556
21 570
22 92
28 498
29 220
406 486
405 473
403 39
402 177
400 520
629 134
409 352
408 181
379 43
371 644
370 613
372 420
374 537
377 558
376 376
393 147
392 660
88 506
89 624
396 386
395 549
394 217
82 198
83 608
399 77
81 455
86 167
85 508
601 4
586 9
585 295
582 356
583 399
580 650
581 170
588 313
589 140
245 78
244 422
246 281
240 114
242 325
249 595
248 443
518 437
511 273
513 45
515 0
514 535
516 459
458 364
459 347
621 314
627 416
626 398
624 377
450 328
452 337
454 121
455 550
457 138
179 433
178 477
177 632
175 555
173 279
172 585
170 562
656 29
657 567
253 304
182 656
183 282
654 431
181 238
186 427
184 428
185 40
188 627
189 541
658 69
650 540
651 14
11 65
13 350
12 185
15 234
14 191
17 582
19 111
18 126
62 605
322 32
321 479
327 482
324 458
325 413
328 122
200 302
203 489
202 244
204 623
206 141
209 53
208 475
77 289
76 495
75 251
74 593
73 580
71 38
78 538
2 48
660 354
542 101
543 461
540 370
541 303
546 565
545 493
8 614
548 415
549 339
120 287
121 548
122 341
123 439
124 75
125 408
126 188
127 634
129 384
414 11
415 240
416 229
410 403
411 617
413 221
498 552
418 436
419 311
499 601
319 574
318 155
313 1
312 59
311 430
310 483
317 150
315 308
314 573
497 291
3 284
368 349
369 564
366 449
367 95
364 335
363 173
360 224
361 204
380 409
382 642
383 533
384 490
385 332
386 405
387 136
388 215
389 60
579 374
573 115
572 179
570 103
577 25
574 226
60 74
258 467
259 178
65 392
67 441
68 609
69 237
251 513
256 446
254 426
600 206
508 457
509 577
506 19
505 24
502 239
503 67
500 321
630 202
631 154
632 368
469 62
468 514
636 641
465 545
464 42
467 569
461 297
460 579
462 271
169 105
164 258
165 383
167 411
161 249
162 391
9 360
646 423
648 209
357 561
356 91
355 312
354 200
352 599
351 86
350 491
216 389
217 369
215 132
212 148
213 162
211 232
218 44
289 278
4 448
281 158
283 256
282 425
285 93
284 452
287 225
263 137
262 18
260 340
267 372
265 557
264 26
269 165
59 317
58 216
55 175
56 88
50 73
53 450
52 503
537 621
536 272
535 161
63 591
533 21
531 366
530 262
538 330
115 626
114 654
116 270
111 164
112 583
119 50
118 276
428 143
534 418
420 536
423 68
422 511
425 8
427 218
426 589
308 502
309 465
300 363
301 260
302 306
303 124
304 435
305 485
306 71
307 27
569 460
560 197
561 581
562 49
564 488
565 2
567 118
229 419
228 542
226 235
225 470
224 543
223 382
221 127
220 228
391 183
390 285
605 636
150 410
607 315
152 603
155 393
154 442
603 572
156 253
159 120
158 55
609 319
608 646
634 379
80 189
398 651
48 518
49 236
46 468
44 309
45 639
42 414
43 610
40 172
41 193
639 33
489 37
488 231
486 345
485 588
483 156
482 119
472 81
473 515
470 211
477 299
475 112
479 85
346 344
36 0
625 346
346 347
336 340
336 341
343 342
358 343
349 348
384 349
594 595
616 606
598 594
618 619
328 298
298 299
353 296
296 297
293 294
296 295
305 292
344 293
292 290
290 291
590 591
592 590
594 593
598 592
252 199
199 198
596 597
598 596
196 195
192 194
196 197
205 196
190 191
219 190
192 193
199 192
268 270
272 271
293 272
274 273
305 274
274 275
277 276
384 277
277 278
280 279
539 524
524 525
628 526
526 527
519 520
542 521
521 522
524 523
598 599
529 528
628 529
447 449
447 448
444 443
438 442
438 441
438 440
456 447
447 446
444 445
456 444
107 108
110 109
100 102
100 103
107 100
100 101
107 106
135 107
100 104
100 105
36 39
36 38
34 33
31 32
36 31
31 30
36 37
90 36
34 35
72 34
640 641
643 640
645 643
643 642
649 645
645 644
447 438
438 439
432 436
438 437
432 434
432 435
451 432
432 433
429 430
432 431
336 339
336 338
334 335
397 334
336 337
384 336
365 331
329 330
334 333
331 332
628 559
344 345
7 6
100 99
90 98
90 91
100 90
90 93
90 92
90 95
90 94
90 97
90 96
598 600
559 558
554 555
612 554
554 557
554 556
554 551
551 550
554 553
551 552
235 238
235 239
235 234
250 235
235 236
235 237
264 230
230 231
233 232
247 233
0 1
612 614
151 146
146 147
142 144
146 145
149 142
142 143
139 140
142 141
633 612
612 613
606 610
612 611
620 616
618 617
149 148
153 149
622 623
625 622
142 133
131 132
142 131
131 130
135 137
135 136
142 135
133 134
491 494
491 495
142 139
139 138
491 490
507 491
491 492
491 493
23 24
31 25
25 26
25 27
36 20
20 21
20 22
47 23
25 28
25 29
491 407
407 406
404 405
491 404
404 403
401 402
638 401
401 400
628 629
407 409
407 408
635 628
378 379
384 378
373 371
371 370
491 373
373 372
547 375
375 374
378 377
375 376
622 618
384 393
384 392
87 88
90 89
638 397
397 396
384 395
384 394
90 82
84 83
79 80
82 81
87 86
90 87
90 84
84 85
23 7
598 601
587 586
592 587
596 584
584 585
581 582
584 583
578 580
602 581
587 588
590 589
268 245
243 244
268 247
245 246
250 241
241 240
255 243
241 242
612 615
250 249
247 248
521 519
517 518
512 511
526 510
512 513
554 512
512 515
512 514
628 517
512 516
456 458
456 459
620 621
625 620
625 627
625 626
633 625
625 624
447 450
456 451
451 452
456 453
453 454
456 455
476 456
456 457
180 179
176 178
176 177
180 176
174 175
192 174
174 173
171 172
181 171
171 170
655 656
659 657
655 654
252 253
181 182
181 183
181 180
201 181
187 186
201 187
181 184
181 185
653 652
187 188
190 189
659 658
657 653
649 650
652 651
10 11
36 10
12 13
25 12
16 15
25 14
16 17
25 16
20 19
16 18
661 659
61 62
323 322
331 323
329 320
320 321
367 326
326 327
323 324
326 325
336 328
355 329
252 201
201 200
201 203
201 202
252 205
205 204
264 207
207 206
210 209
207 208
72 77
72 76
72 75
72 74
72 73
90 72
72 71
90 70
659 655
90 79
72 78
5 2
659 660
628 542
544 543
539 540
542 541
547 546
612 547
576 544
544 545
7 8
547 548
547 549
66 68
602 598
142 120
120 121
120 122
120 123
120 124
135 125
125 126
128 127
133 128
128 129
415 414
438 415
417 416
421 417
407 410
412 411
491 412
412 413
491 498
417 418
417 419
491 499
320 319
316 318
312 313
612 312
312 311
305 310
316 317
384 316
316 315
312 314
491 496
491 497
2 3
367 368
367 369
367 366
547 367
365 364
407 365
401 362
362 363
359 360
362 361
381 380
491 381
381 382
384 383
491 384
384 385
384 386
384 387
384 388
384 389
606 605
578 579
628 578
616 604
571 573
571 572
628 571
571 570
576 577
606 607
612 575
575 574
90 60
79 61
257 258
257 259
90 64
64 65
90 66
66 67
268 252
70 69
257 250
250 251
255 256
298 257
252 254
268 255
604 603
604 602
507 508
510 509
507 506
539 507
519 504
504 505
501 502
504 503
501 500
554 501
628 630
628 631
628 632
635 633
466 469
466 468
637 636
652 637
466 465
463 464
466 467
471 466
456 461
456 460
466 463
463 462
176 168
168 169
163 164
163 165
171 166
168 167
166 160
160 161
163 162
166 163
10 9
657 647
647 646
653 649
649 648
358 357
355 356
359 355
353 354
532 353
349 352
349 351
349 350
384 359
384 358
217 216
219 217
243 214
214 215
210 212
214 213
230 210
210 211
217 218
222 219
290 289
343 288
5 4
280 281
292 280
284 283
280 282
286 285
349 284
286 287
320 286
628 576
264 263
261 262
264 261
261 260
266 267
298 266
266 265
288 264
268 269
288 268
60 59
57 58
54 55
61 54
66 57
57 56
72 51
51 50
54 53
51 52
536 537
575 536
532 535
64 63
532 533
628 532
532 531
529 530
578 539
536 538
113 115
113 114
133 117
117 116
110 111
133 110
120 113
113 112
120 119
117 118
453 429
429 428
532 534
456 421
421 420
424 423
421 422
424 425
447 424
424 427
424 426
305 308
305 309
298 300
298 301
320 302
302 303
305 304
328 305
305 306
305 307
612 568
568 569
559 560
559 561
563 562
566 563
563 564
566 565
628 566
568 567
227 229
227 228
241 227
227 226
223 225
223 224
245 223
223 222
222 221
219 220
384 391
384 390
171 151
149 150
163 153
151 152
153 155
153 154
163 157
157 156
160 159
157 158
606 609
606 608
633 634
401 399
637 635
399 398
47 48
47 49
47 46
70 47
36 44
36 45
36 42
36 43
36 40
36 41
647 638
14 5
640 639
487 489
487 488
517 487
487 486
484 485
510 484
484 483
481 482
487 481
481 480
471 472
474 473
466 470
476 471
480 476
478 477
480 474
474 475
481 478
478 479
