480
702
0
658 2
660 4
657 5
656 9
654 10
646 13
333 17
335 18
396 19
361 22
363 23
400 25
399 27
402 29
398 30
650 33
648 35
644 37
642 39
641 41
639 42
651 44
636 46
634 49
627 51
345 55
294 58
271 60
272 59
347 62
619 65
623 67
617 68
624 69
626 71
621 73
610 78
608 79
609 80
607 82
603 84
582 87
581 86
599 93
600 95
601 96
595 98
593 99
597 101
585 103
583 104
591 107
589 108
586 110
588 111
605 112
570 115
573 117
572 118
631 121
632 123
630 124
565 127
564 129
562 130
561 133
629 134
531 137
533 140
534 142
535 143
295 146
297 147
354 148
580 150
577 153
543 156
545 157
560 158
579 160
528 163
530 164
558 167
527 170
542 172
541 174
522 176
503 179
505 180
520 181
518 184
486 188
489 189
488 190
482 192
477 195
479 196
475 198
473 200
461 208
443 211
445 212
459 213
452 215
435 217
434 219
436 222
433 223
431 224
458 226
430 228
428 229
460 233
441 234
422 236
420 238
418 240
416 242
419 243
448 247
439 251
437 252
440 254
414 256
415 255
442 258
446 260
449 261
425 264
423 266
426 267
454 269
427 271
450 272
457 273
455 274
465 276
472 279
468 281
469 283
470 285
462 287
464 288
467 289
509 292
485 294
483 295
516 297
511 302
556 305
538 308
536 307
537 311
557 312
555 314
550 317
553 318
613 321
552 323
614 324
313 329
311 332
314 333
312 328
611 335
569 337
567 339
546 341
548 344
549 346
369 348
325 353
327 354
366 355
368 356
367 347
374 359
376 360
615 362
574 363
500 365
502 366
513 367
515 369
514 368
540 373
523 375
525 376
506 378
508 381
413 382
495 384
497 390
411 391
382 395
380 396
364 399
332 401
322 403
324 404
408 406
409 407
499 409
498 411
496 410
494 415
493 416
405 419
403 420
410 421
491 383
490 424
377 428
379 429
383 430
389 433
393 434
384 425
394 440
357 443
388 444
341 446
338 450
340 451
339 453
328 454
301 458
300 460
265 463
267 464
299 466
258 469
259 470
237 474
239 477
234 478
235 475
238 482
236 483
249 485
251 486
240 488
242 490
228 492
229 494
226 495
275 499
308 497
289 503
291 504
282 506
281 507
279 509
307 513
273 514
304 517
309 518
310 520
306 521
305 496
337 523
386 525
395 526
392 528
360 531
356 533
355 532
330 537
319 539
321 542
285 544
287 545
303 547
302 546
387 550
391 552
385 555
351 557
352 561
350 562
349 556
348 565
283 567
284 566
372 573
371 574
370 576
492 577
390 578
406 580
278 583
276 584
317 587
315 589
318 590
342 592
256 595
263 597
208 600
206 601
264 596
231 606
212 608
211 610
209 611
260 613
262 614
204 621
175 626
173 627
194 628
198 629
195 632
197 633
253 634
254 635
270 636
269 638
246 640
245 639
225 644
221 648
224 649
220 651
191 654
189 655
217 656
216 659
218 660
223 643
233 663
232 665
248 666
215 669
213 670
244 672
203 674
202 677
200 678
188 680
178 684
169 687
167 688
177 689
179 690
183 694
185 695
152 698
147 701
145 702
184 703
193 704
181 681
182 708
186 710
172 712
170 714
161 717
159 718
162 720
164 722
158 725
156 726
165 728
155 730
154 732
148 734
150 736
141 738
123 745
122 746
120 742
121 750
112 753
115 754
114 755
124 757
119 759
130 760
132 762
111 764
109 766
118 769
116 770
127 771
129 773
134 774
144 777
138 779
140 780
143 782
136 785
137 786
126 789
125 788
108 792
106 794
105 797
101 798
99 802
103 803
104 804
102 806
68 812
85 813
93 814
67 816
48 823
49 824
46 825
24 826
8 828
6 827
58 831
56 832
55 835
53 836
62 837
71 839
75 843
33 845
35 846
73 848
74 850
76 852
78 853
77 855
52 857
50 858
94 862
98 863
96 865
65 867
63 868
89 871
60 872
59 874
69 878
95 879
91 882
86 884
88 885
80 886
81 890
92 892
82 889
97 894
37 896
83 898
19 905
22 907
21 908
32 911
30 912
13 915
12 914
25 913
28 922
29 923
26 925
15 927
18 928
17 931
14 930
4 935
3 937
2 936
27 939
42 941
45 943
9 945
43 946
38 949
40 950
11 952
44 953
39 955
41 956
1 958
0 957
0 1
1 2
1 3
3 4
3 5
5 7
7 8
8 9
8 10
7 12
12 13
12 14
14 15
15 16
16 17
16 18
15 19
14 20
20 21
21 22
21 23
20 25
20 26
26 27
27 29
26 30
7 31
31 32
32 33
32 34
34 35
34 36
36 37
36 38
38 39
38 40
40 41
40 42
31 43
43 44
43 45
45 46
45 47
47 48
48 49
48 50
50 51
50 52
52 54
54 55
55 57
57 58
57 59
59 60
54 62
52 63
63 64
64 65
64 66
66 67
66 68
63 69
52 71
52 72
72 73
72 74
74 76
76 78
76 79
76 80
74 81
81 82
81 83
83 84
83 85
85 86
86 87
85 89
89 92
92 93
92 95
92 96
89 97
97 98
97 99
89 100
100 101
100 102
102 103
102 104
89 105
105 106
106 107
106 108
105 109
109 110
109 111
74 112
47 113
113 114
114 115
114 117
114 118
113 121
113 123
113 124
113 126
126 127
126 128
128 129
128 130
113 132
132 133
132 134
113 135
135 136
136 137
136 138
138 139
139 140
139 141
141 142
141 143
138 144
144 145
145 146
145 147
144 148
135 150
135 153
153 155
155 156
155 157
135 158
135 160
135 161
161 162
162 163
162 164
161 166
166 167
166 168
168 169
169 170
169 171
171 172
172 174
171 175
175 176
175 177
177 178
178 179
178 180
177 181
168 183
183 184
183 185
185 187
187 188
187 189
185 190
185 191
191 192
191 193
193 194
194 195
194 196
193 197
197 198
197 199
199 200
199 201
201 202
202 203
203 207
207 208
207 210
210 211
210 212
207 213
203 214
214 215
214 216
216 217
216 219
216 221
221 222
221 223
216 224
203 226
203 227
227 228
227 229
203 230
230 231
231 232
232 233
232 234
231 235
235 236
235 238
235 239
239 240
239 242
239 243
230 247
230 248
248 251
248 252
248 254
248 255
255 256
248 258
230 260
230 261
230 263
263 264
263 265
265 266
265 267
230 268
268 269
268 271
268 272
203 273
202 274
201 275
275 276
275 277
277 279
277 281
277 282
282 283
282 284
284 285
284 286
286 287
286 288
277 289
168 290
290 291
291 292
291 293
293 294
293 295
290 296
296 297
296 298
298 302
298 303
303 305
303 306
306 307
307 308
307 311
306 312
303 313
313 314
313 316
316 317
316 318
313 319
319 320
320 321
320 323
320 324
319 328
328 329
328 332
328 333
319 335
319 337
319 338
338 339
338 340
340 341
340 344
340 346
340 347
347 348
347 351
351 352
352 353
352 354
351 355
347 356
340 358
358 359
358 360
319 362
319 363
298 364
364 365
364 366
298 367
298 368
368 369
161 371
371 373
371 374
374 375
374 376
371 377
377 378
377 381
377 382
377 383
383 384
383 390
383 391
383 394
394 395
394 396
383 397
397 398
398 399
398 400
400 401
400 402
402 403
402 404
397 406
397 407
383 409
383 410
410 411
383 415
383 416
383 418
418 419
418 420
383 421
383 424
383 425
425 426
426 427
427 428
427 429
426 430
425 433
425 434
425 440
425 442
442 443
442 444
425 445
445 446
445 450
445 451
445 453
445 454
454 456
456 457
457 458
457 460
457 461
461 462
462 463
462 464
461 466
461 467
467 468
468 469
468 470
467 474
467 475
475 476
476 477
476 478
475 482
475 483
467 485
467 486
467 487
487 488
487 490
487 491
491 492
491 494
491 495
456 496
496 497
497 499
497 501
501 502
502 503
502 504
501 505
505 506
505 507
507 509
496 513
496 514
496 517
496 518
496 520
496 521
445 523
425 525
425 526
425 528
425 530
530 531
530 532
532 533
532 536
536 537
536 538
538 539
538 542
538 543
543 544
543 545
538 546
546 547
425 550
425 551
551 552
551 555
551 556
556 557
556 561
556 562
556 565
556 566
566 567
551 570
570 571
571 572
572 573
572 574
574 576
571 577
570 578
551 579
579 580
579 582
582 583
582 584
579 586
586 587
586 589
586 590
579 591
591 592
591 593
593 595
593 596
596 597
597 599
599 600
599 601
596 605
605 606
605 607
607 608
607 610
607 611
596 612
612 613
612 614
593 616
616 618
618 619
619 621
619 623
623 624
624 625
625 626
625 627
624 628
623 629
619 631
631 632
631 633
619 634
619 635
618 636
616 637
637 638
637 639
639 640
639 643
643 644
643 647
647 648
647 649
643 650
650 651
650 653
653 654
653 655
650 656
656 658
658 659
658 660
616 662
662 663
663 665
662 666
593 667
667 668
668 669
668 670
667 672
667 673
673 674
673 677
673 678
673 680
673 681
681 682
682 683
683 684
683 686
686 687
686 688
683 689
682 690
681 694
681 695
681 696
696 698
698 700
700 701
700 702
696 703
696 704
681 708
681 709
709 710
709 712
709 714
709 715
715 716
716 717
716 718
715 720
715 721
721 722
721 724
724 725
724 726
721 728
721 729
729 730
729 732
729 733
733 734
733 736
733 737
737 738
737 741
741 742
742 745
742 746
742 750
742 751
751 752
752 753
752 754
751 755
742 756
756 757
756 758
758 759
758 760
741 762
741 763
763 764
763 766
763 768
768 769
768 770
763 771
737 772
772 773
772 774
737 777
737 778
778 779
778 780
737 782
737 783
783 784
784 785
784 786
783 787
787 788
788 789
787 791
791 792
791 794
791 795
795 796
796 797
796 798
795 801
801 802
801 803
795 804
795 806
795 807
807 808
808 811
811 812
811 813
808 814
808 816
808 818
818 819
819 820
820 822
822 823
822 824
820 825
820 826
819 827
827 828
818 830
830 831
830 832
808 833
833 834
834 835
834 836
833 837
808 839
808 840
840 843
840 844
844 845
844 846
840 848
840 849
849 850
849 852
849 853
840 855
840 856
856 857
856 858
807 862
807 863
807 865
807 866
866 867
866 868
807 871
807 872
872 874
807 878
807 879
807 881
881 882
881 884
881 885
807 886
807 889
889 890
889 892
807 894
807 895
895 896
895 898
895 899
899 904
904 905
904 907
904 908
899 909
909 911
909 912
909 913
913 914
914 915
913 922
913 923
913 925
913 926
926 927
926 928
913 930
930 931
930 934
934 935
934 936
936 937
913 939
899 941
899 942
942 943
942 945
942 946
899 949
899 950
899 952
899 953
899 955
899 956
899 957
957 958
