480
959
0
658 2
660 4
657 6
656 9
654 10
646 13
333 17
335 18
396 19
361 22
363 23
400 25
399 28
402 29
398 30
650 33
648 35
644 37
642 39
641 41
639 42
651 44
636 46
634 49
627 51
345 56
294 58
271 60
272 61
347 62
619 65
623 67
617 68
624 69
626 71
621 73
610 78
608 79
609 80
607 82
603 84
582 87
581 88
599 93
600 95
601 96
595 98
593 99
597 101
585 103
583 104
591 107
589 108
586 110
588 111
605 112
570 115
573 117
572 118
631 121
632 123
630 124
565 127
564 129
562 130
561 133
629 134
531 137
533 140
534 142
535 143
295 146
297 147
354 148
580 150
577 154
543 156
545 157
560 158
579 160
528 163
530 164
558 167
527 170
542 173
541 174
522 176
503 179
505 180
520 181
518 184
486 188
489 189
488 190
482 192
477 195
479 196
475 198
473 200
461 208
443 211
445 212
459 213
452 215
435 217
434 219
436 222
433 223
431 224
458 226
430 228
428 229
460 233
441 234
422 236
420 238
418 240
416 242
419 243
448 247
439 251
437 252
440 254
414 256
415 257
442 258
446 260
449 261
425 264
423 266
426 267
454 269
427 271
450 272
457 273
455 274
465 276
472 279
468 281
469 283
470 285
462 287
464 288
467 289
509 292
485 294
483 295
516 297
511 302
556 305
538 308
536 310
537 311
557 312
555 314
550 317
553 318
613 321
552 323
614 324
313 329
311 332
314 333
312 334
611 335
569 337
567 339
546 341
548 344
549 346
369 348
325 353
327 354
366 355
368 356
367 357
374 359
376 360
615 362
574 363
500 365
502 366
513 367
515 369
514 370
540 373
523 375
525 376
506 378
508 381
413 382
495 384
497 390
411 391
382 395
380 396
364 399
332 401
322 403
324 404
408 406
409 407
499 409
498 411
496 412
494 415
493 416
405 419
403 420
410 421
491 422
490 424
377 428
379 429
383 430
389 433
393 434
384 436
394 440
357 443
388 444
341 446
338 450
340 451
339 453
328 455
301 458
300 460
265 463
267 464
299 466
258 469
259 470
237 474
239 477
234 478
235 480
238 482
236 483
249 485
251 486
240 488
242 490
228 492
229 494
226 495
275 499
308 500
289 503
291 504
282 506
281 508
279 509
307 513
273 514
304 517
309 518
310 520
306 521
305 522
337 523
386 525
395 526
392 528
360 531
356 533
355 535
330 537
319 539
321 542
285 544
287 545
303 547
302 548
387 550
391 552
385 555
351 557
352 561
350 562
349 563
348 565
283 567
284 568
372 573
371 575
370 576
492 577
390 578
406 580
278 583
276 584
317 587
315 589
318 590
342 592
256 595
263 598
208 600
206 601
264 603
231 606
212 608
211 610
209 611
260 613
262 614
204 621
175 626
173 627
194 628
198 629
195 632
197 633
253 634
254 635
270 636
269 638
246 640
245 642
225 644
221 648
224 649
220 651
191 654
189 655
217 657
216 659
218 660
223 661
233 664
232 665
248 666
215 669
213 670
244 672
203 674
202 677
200 678
188 680
178 684
169 687
167 688
177 689
179 690
183 694
185 695
152 699
147 701
145 702
184 703
193 704
181 706
182 708
186 710
172 712
170 714
161 717
159 718
162 720
164 722
158 725
156 726
165 728
155 730
154 732
148 734
150 736
141 738
123 745
122 746
120 748
121 750
112 753
115 754
114 755
124 757
119 759
130 760
132 762
111 764
109 766
118 769
116 770
127 771
129 773
134 774
144 777
138 779
140 780
143 782
136 785
137 786
126 789
125 790
108 792
106 794
105 797
101 798
99 802
103 803
104 804
102 806
68 812
85 813
93 814
67 816
48 823
49 824
46 825
24 826
8 828
6 829
58 831
56 832
55 835
53 836
62 837
71 839
75 843
33 845
35 846
73 848
74 850
76 852
78 853
77 855
52 857
50 858
94 862
98 863
96 865
65 867
63 868
89 871
60 873
59 874
69 878
95 879
91 882
86 884
88 885
80 886
81 890
92 892
82 893
97 894
37 896
83 898
19 905
22 907
21 908
32 911
30 912
13 915
12 916
25 918
28 922
29 923
26 925
15 927
18 928
17 931
14 933
4 935
3 937
2 938
27 939
42 941
45 943
9 945
43 946
38 949
40 950
11 952
44 953
39 955
41 956
1 958
0 959
0 1
1 2
1 3
3 4
3 5
5 6
5 7
7 8
8 9
8 10
7 11
11 12
12 13
12 14
14 15
15 16
16 17
16 18
15 19
14 20
20 21
21 22
21 23
20 24
24 25
24 26
26 27
27 28
27 29
26 30
11 31
31 32
32 33
32 34
34 35
34 36
36 37
36 38
38 39
38 40
40 41
40 42
31 43
43 44
43 45
45 46
45 47
47 48
48 49
48 50
50 51
50 52
52 53
53 54
54 55
55 56
55 57
57 58
57 59
59 60
59 61
54 62
53 63
63 64
64 65
64 66
66 67
66 68
63 69
52 70
70 71
70 72
72 73
72 74
74 75
75 76
76 77
77 78
77 79
76 80
75 81
81 82
81 83
83 84
83 85
85 86
86 87
86 88
85 89
89 90
90 91
91 92
92 93
92 94
94 95
94 96
91 97
97 98
97 99
90 100
100 101
100 102
102 103
102 104
89 105
105 106
106 107
106 108
105 109
109 110
109 111
74 112
47 113
113 114
114 115
114 116
116 117
116 118
113 119
119 120
120 121
120 122
122 123
122 124
119 125
125 126
126 127
126 128
128 129
128 130
125 131
131 132
132 133
132 134
131 135
135 136
136 137
136 138
138 139
139 140
139 141
141 142
141 143
138 144
144 145
145 146
145 147
144 148
135 149
149 150
149 151
151 152
152 153
153 154
153 155
155 156
155 157
152 158
151 159
159 160
159 161
161 162
162 163
162 164
161 165
165 166
166 167
166 168
168 169
169 170
169 171
171 172
172 173
172 174
171 175
175 176
175 177
177 178
178 179
178 180
177 181
168 182
182 183
183 184
183 185
185 186
186 187
187 188
187 189
186 190
185 191
191 192
191 193
193 194
194 195
194 196
193 197
197 198
197 199
199 200
199 201
201 202
202 203
203 204
204 205
205 206
206 207
207 208
207 209
209 210
210 211
210 212
209 213
206 214
214 215
214 216
216 217
216 218
218 219
218 220
220 221
221 222
221 223
220 224
205 225
225 226
225 227
227 228
227 229
204 230
230 231
231 232
232 233
232 234
231 235
235 236
235 237
237 238
237 239
239 240
239 241
241 242
241 243
230 244
244 245
245 246
246 247
246 248
248 249
249 250
250 251
250 252
249 253
253 254
253 255
255 256
255 257
248 258
245 259
259 260
259 261
244 262
262 263
263 264
263 265
265 266
265 267
262 268
268 269
268 270
270 271
270 272
203 273
202 274
201 275
275 276
275 277
277 278
278 279
278 280
280 281
280 282
282 283
282 284
284 285
284 286
286 287
286 288
277 289
182 290
290 291
291 292
291 293
293 294
293 295
290 296
296 297
296 298
298 299
299 300
300 301
301 302
301 303
303 304
304 305
304 306
306 307
307 308
307 309
309 310
309 311
306 312
303 313
313 314
313 315
315 316
316 317
316 318
315 319
319 320
320 321
320 322
322 323
322 324
319 325
325 326
326 327
327 328
328 329
328 330
330 331
331 332
331 333
330 334
327 335
326 336
336 337
336 338
338 339
338 340
340 341
340 342
342 343
343 344
343 345
345 346
345 347
347 348
347 349
349 350
350 351
351 352
352 353
352 354
351 355
350 356
349 357
342 358
358 359
358 360
325 361
361 362
361 363
300 364
364 365
364 366
299 367
298 368
368 369
368 370
165 371
371 372
372 373
372 374
374 375
374 376
371 377
377 378
377 379
379 380
380 381
380 382
379 383
383 384
383 385
385 386
386 387
387 388
388 389
389 390
389 391
388 392
392 393
393 394
394 395
394 396
393 397
397 398
398 399
398 400
400 401
400 402
402 403
402 404
397 405
405 406
405 407
392 408
408 409
408 410
410 411
410 412
387 413
413 414
414 415
414 416
413 417
417 418
418 419
418 420
417 421
386 422
385 423
423 424
423 425
425 426
426 427
427 428
427 429
426 430
425 431
431 432
432 433
432 434
431 435
435 436
435 437
437 438
438 439
439 440
439 441
441 442
442 443
442 444
441 445
445 446
445 447
447 448
448 449
449 450
449 451
448 452
452 453
452 454
454 455
454 456
456 457
457 458
457 459
459 460
459 461
461 462
462 463
462 464
461 465
465 466
465 467
467 468
468 469
468 470
467 471
471 472
472 473
473 474
473 475
475 476
476 477
476 478
475 479
479 480
479 481
481 482
481 483
472 484
484 485
484 486
471 487
487 488
487 489
489 490
489 491
491 492
491 493
493 494
493 495
456 496
496 497
497 498
498 499
498 500
497 501
501 502
502 503
502 504
501 505
505 506
505 507
507 508
507 509
496 510
510 511
511 512
512 513
512 514
511 515
515 516
516 517
516 518
515 519
519 520
519 521
510 522
447 523
438 524
524 525
524 526
437 527
527 528
527 529
529 530
530 531
530 532
532 533
532 534
534 535
534 536
536 537
536 538
538 539
538 540
540 541
541 542
541 543
543 544
543 545
540 546
546 547
546 548
529 549
549 550
549 551
551 552
551 553
553 554
554 555
554 556
556 557
556 558
558 559
559 560
560 561
560 562
559 563
558 564
564 565
564 566
566 567
566 568
553 569
569 570
570 571
571 572
572 573
572 574
574 575
574 576
571 577
570 578
569 579
579 580
579 581
581 582
582 583
582 584
581 585
585 586
586 587
586 588
588 589
588 590
585 591
591 592
591 593
593 594
594 595
594 596
596 597
597 598
597 599
599 600
599 601
596 602
602 603
602 604
604 605
605 606
605 607
607 608
607 609
609 610
609 611
604 612
612 613
612 614
593 615
615 616
616 617
617 618
618 619
619 620
620 621
620 622
622 623
623 624
624 625
625 626
625 627
624 628
623 629
622 630
630 631
631 632
631 633
630 634
619 635
618 636
617 637
637 638
637 639
639 640
639 641
641 642
641 643
643 644
643 645
645 646
646 647
647 648
647 649
646 650
650 651
650 652
652 653
653 654
653 655
652 656
656 657
656 658
658 659
658 660
645 661
616 662
662 663
663 664
663 665
662 666
615 667
667 668
668 669
668 670
667 671
671 672
671 673
673 674
673 675
675 676
676 677
676 678
675 679
679 680
679 681
681 682
682 683
683 684
683 685
685 686
686 687
686 688
685 689
682 690
681 691
691 692
692 693
693 694
693 695
692 696
696 697
697 698
698 699
698 700
700 701
700 702
697 703
696 704
691 705
705 706
705 707
707 708
707 709
709 710
709 711
711 712
711 713
713 714
713 715
715 716
716 717
716 718
715 719
719 720
719 721
721 722
721 723
723 724
724 725
724 726
723 727
727 728
727 729
729 730
729 731
731 732
731 733
733 734
733 735
735 736
735 737
737 738
737 739
739 740
740 741
741 742
742 743
743 744
744 745
744 746
743 747
747 748
747 749
749 750
749 751
751 752
752 753
752 754
751 755
742 756
756 757
756 758
758 759
758 760
741 761
761 762
761 763
763 764
763 765
765 766
765 767
767 768
768 769
768 770
767 771
740 772
772 773
772 774
739 775
775 776
776 777
776 778
778 779
778 780
775 781
781 782
781 783
783 784
784 785
784 786
783 787
787 788
788 789
788 790
787 791
791 792
791 793
793 794
793 795
795 796
796 797
796 798
795 799
799 800
800 801
801 802
801 803
800 804
799 805
805 806
805 807
807 808
808 809
809 810
810 811
811 812
811 813
810 814
809 815
815 816
815 817
817 818
818 819
819 820
820 821
821 822
822 823
822 824
821 825
820 826
819 827
827 828
827 829
818 830
830 831
830 832
817 833
833 834
834 835
834 836
833 837
808 838
838 839
838 840
840 841
841 842
842 843
842 844
844 845
844 846
841 847
847 848
847 849
849 850
849 851
851 852
851 853
840 854
854 855
854 856
856 857
856 858
807 859
859 860
860 861
861 862
861 863
860 864
864 865
864 866
866 867
866 868
859 869
869 870
870 871
870 872
872 873
872 874
869 875
875 876
876 877
877 878
877 879
876 880
880 881
881 882
881 883
883 884
883 885
880 886
875 887
887 888
888 889
889 890
889 891
891 892
891 893
888 894
887 895
895 896
895 897
897 898
897 899
899 900
900 901
901 902
902 903
903 904
904 905
904 906
906 907
906 908
903 909
909 910
910 911
910 912
909 913
913 914
914 915
914 916
913 917
917 918
917 919
919 920
920 921
921 922
921 923
920 924
924 925
924 926
926 927
926 928
919 929
929 930
930 931
930 932
932 933
932 934
934 935
934 936
936 937
936 938
929 939
902 940
940 941
940 942
942 943
942 944
944 945
944 946
901 947
947 948
948 949
948 950
947 951
951 952
951 953
900 954
954 955
954 956
899 957
957 958
957 959
