99
182
0
141 5
140 6
60 9
59 11
58 12
56 13
61 15
42 17
40 19
37 21
34 23
26 30
28 32
33 34
14 35
36 37
16 39
13 41
11 42
21 44
7 46
5 47
10 49
8 50
20 53
19 54
17 55
3 57
2 59
0 60
29 62
31 64
32 66
23 67
49 70
51 72
48 73
46 74
63 76
45 78
43 79
136 81
134 82
138 84
70 86
68 87
67 88
65 89
55 91
54 92
52 93
71 95
69 96
152 98
158 100
125 105
108 107
106 109
103 111
102 113
100 115
89 117
91 121
97 123
96 125
93 126
95 128
74 130
72 131
84 134
87 136
86 137
80 139
78 140
81 142
83 144
77 146
75 147
111 149
109 150
115 152
113 153
147 155
120 157
119 158
149 161
143 163
144 165
131 166
123 168
121 169
145 171
129 172
132 174
128 176
118 178
116 179
156 181
154 182
0 1
1 2
2 3
3 4
4 5
4 6
4 7
7 8
8 9
8 10
10 11
10 12
10 13
10 14
14 15
14 16
16 17
16 18
18 19
18 20
20 21
20 22
22 23
22 24
24 25
25 26
26 27
27 28
28 29
29 30
29 31
31 32
31 33
33 34
33 35
28 36
36 37
36 38
38 39
38 40
40 41
40 42
27 43
43 44
43 45
45 46
45 47
26 48
48 49
48 50
25 51
51 52
52 53
52 54
52 55
51 56
56 57
56 58
58 59
58 60
24 61
61 62
61 63
63 64
63 65
65 66
65 67
7 68
68 69
69 70
69 71
71 72
71 73
71 74
68 75
75 76
75 77
77 78
77 79
3 80
80 81
80 82
2 83
83 84
83 85
85 86
85 87
85 88
85 89
85 90
90 91
90 92
90 93
85 94
94 95
94 96
1 97
97 98
97 99
99 100
99 101
101 102
102 103
103 104
104 105
104 106
106 107
106 108
108 109
108 110
110 111
110 112
112 113
112 114
114 115
114 116
116 117
116 118
118 119
119 120
120 121
120 122
122 123
122 124
124 125
124 126
119 127
127 128
127 129
129 130
129 131
118 132
132 133
133 134
133 135
135 136
135 137
132 138
138 139
138 140
118 141
141 142
141 143
143 144
143 145
145 146
145 147
106 148
148 149
148 150
103 151
151 152
151 153
102 154
154 155
154 156
156 157
156 158
101 159
159 160
160 161
160 162
162 163
162 164
164 165
164 166
164 167
167 168
167 169
164 170
170 171
170 172
159 173
173 174
173 175
175 176
175 177
177 178
177 179
1 180
180 181
180 182
