99
167
0
65 9
68 11
67 13
55 15
54 17
52 18
71 20
69 21
70 22
138 23
141 26
63 30
45 31
43 33
59 38
58 39
56 40
61 42
42 44
36 55
28 57
26 58
21 60
7 62
5 63
34 65
3 67
2 69
0 70
10 72
8 73
16 75
13 77
11 78
32 82
31 83
23 84
29 85
33 87
14 88
20 91
19 92
17 93
37 94
40 95
60 34
51 99
48 101
46 102
49 103
140 104
136 106
134 107
158 110
152 111
149 115
145 121
144 122
131 123
129 124
123 126
121 127
143 128
132 130
118 133
116 134
128 135
125 140
115 142
113 143
147 144
120 146
119 145
103 151
97 158
96 160
93 161
80 163
91 164
74 167
95 169
72 170
87 175
86 176
84 177
78 178
83 181
81 182
77 184
75 185
89 186
100 187
102 188
106 189
111 192
109 193
108 194
156 196
154 197
0 1
1 3
3 5
5 6
6 9
6 11
6 13
6 14
14 15
14 17
14 18
6 19
19 20
19 21
6 22
5 23
3 24
24 26
24 27
27 29
29 30
29 31
31 33
27 34
34 35
35 38
35 39
35 40
35 41
41 42
41 43
43 44
43 45
45 46
46 47
47 48
48 53
53 54
54 55
54 56
56 57
56 58
53 59
59 60
59 61
61 62
61 63
48 65
48 66
66 67
66 68
68 69
68 70
48 71
71 72
71 73
48 74
74 75
74 76
76 77
76 78
48 79
79 81
81 82
81 83
79 84
79 85
48 86
86 87
86 88
47 89
89 90
90 91
90 92
89 93
46 94
45 95
27 97
97 98
98 99
98 101
98 102
97 103
24 104
3 105
105 106
105 107
1 108
108 109
109 110
109 111
108 112
112 113
113 114
114 115
114 116
116 117
117 121
117 122
117 123
117 124
117 125
125 126
125 127
116 128
113 129
129 130
129 131
131 132
132 133
132 134
131 135
112 136
136 139
139 140
139 141
141 142
141 143
136 144
136 145
145 146
136 148
148 149
149 150
150 151
150 152
152 153
153 154
154 155
155 156
156 157
157 158
157 159
159 160
159 161
156 162
162 163
162 164
155 166
166 167
166 168
168 169
168 170
155 172
172 173
173 174
174 175
174 176
173 177
172 178
155 179
179 181
179 182
179 183
183 184
183 185
154 186
153 187
152 188
149 189
148 191
191 192
191 193
148 194
1 195
195 196
195 197
