99
167
1
14 7
54 13
70 14
63 18
149 28
125 37
119 38
84 45
91 49
37 59
0 80
2 81
3 82
5 83
7 84
8 85
10 86
11 87
13 88
16 89
17 90
19 91
20 92
21 93
23 94
26 95
28 96
29 97
31 98
32 99
33 100
34 101
36 102
40 103
42 104
43 105
45 106
46 107
48 108
49 109
51 110
52 111
55 112
56 113
58 114
59 115
60 116
61 117
65 118
67 119
68 120
69 121
71 122
72 123
74 124
75 125
77 126
78 127
80 128
81 129
83 130
86 131
87 132
89 133
93 134
95 135
96 136
97 137
100 138
102 139
103 140
106 141
108 142
109 143
111 144
113 145
115 146
116 147
118 148
120 149
121 150
123 151
128 152
129 153
131 154
132 155
134 156
136 157
138 158
140 159
141 160
143 161
144 162
145 163
147 164
152 165
154 166
156 167
158 168
1 2
2 3
2 4
4 5
2 6
6 7
6 8
2 9
9 10
10 11
10 12
12 13
10 14
9 15
9 16
16 17
17 18
17 19
17 20
2 21
2 22
22 23
23 24
24 25
25 26
26 27
25 28
24 29
29 30
29 31
23 32
32 33
32 34
23 35
35 36
35 37
35 38
22 39
39 40
40 41
41 42
41 43
41 44
41 45
40 46
40 47
40 48
40 49
40 50
39 51
22 52
2 53
53 54
53 55
2 56
56 57
56 58
58 59
58 60
60 61
60 62
60 63
63 64
63 65
63 66
63 67
60 68
68 69
60 70
70 71
70 72
60 73
73 74
73 75
73 76
76 77
73 78
78 79
69 80
69 81
68 82
76 83
77 84
75 85
75 86
65 87
65 88
64 89
61 90
8 91
8 92
74 93
66 94
79 95
78 96
70 97
71 98
72 99
62 100
60 101
67 102
19 103
56 104
3 105
3 106
20 107
20 108
17 109
20 110
12 111
12 112
57 113
57 114
57 115
57 116
56 117
10 118
10 119
10 120
10 121
11 122
47 123
47 124
43 125
43 126
44 127
51 128
40 129
48 130
46 131
42 132
50 133
39 134
47 135
39 136
39 137
34 138
34 139
34 140
33 141
52 142
52 143
52 144
36 145
36 146
31 147
31 148
38 149
27 150
27 151
29 152
26 153
26 154
30 155
54 156
55 157
10 158
16 159
16 160
26 161
26 162
26 163
35 164
4 165
15 166
21 167
5 168
