99
169
0
158 2
156 6
154 7
152 9
125 12
113 15
115 16
111 21
109 22
108 23
103 26
102 28
89 31
93 38
96 39
97 40
91 41
72 43
74 45
95 46
80 49
78 50
86 53
87 54
84 55
83 57
77 60
75 61
81 62
100 63
106 64
119 66
120 68
147 69
149 72
143 74
129 77
145 78
144 80
131 82
123 84
121 85
132 87
128 89
118 91
116 92
138 95
69 99
71 100
70 101
52 105
55 107
54 108
68 109
65 111
67 112
134 115
136 116
141 118
140 120
49 124
45 125
43 127
48 129
46 131
51 132
63 134
60 135
58 138
56 140
59 142
61 144
42 146
40 148
37 150
29 154
23 156
32 157
31 158
34 160
14 166
33 167
28 168
26 169
36 171
16 173
13 175
11 176
8 179
10 180
5 184
7 185
21 186
17 189
19 191
20 192
3 194
2 196
0 197
0 1
1 2
1 3
3 5
5 6
5 7
3 8
8 9
8 10
10 11
11 12
11 14
14 15
14 16
11 17
17 18
18 20
20 21
20 22
18 23
18 24
24 25
25 26
25 27
27 28
27 29
29 30
30 31
30 32
32 35
35 36
36 37
37 38
37 39
36 40
35 41
32 42
42 43
42 44
44 45
44 46
32 47
47 48
48 49
48 50
47 51
51 52
52 53
52 54
51 55
32 56
56 57
56 59
59 60
59 61
56 62
29 63
24 64
17 66
66 68
17 69
10 70
70 71
71 72
71 73
73 74
73 75
75 76
76 77
76 78
75 80
75 82
75 83
83 84
83 85
70 86
86 87
86 88
88 89
88 90
90 91
90 92
3 93
93 94
94 95
94 96
96 98
98 99
98 100
96 101
96 104
104 105
104 107
104 108
96 109
96 111
96 112
93 114
114 115
114 116
93 117
117 118
117 120
117 121
121 122
122 124
122 125
125 127
122 128
128 129
128 131
128 132
121 133
133 134
133 135
135 137
137 138
137 140
137 142
137 143
143 144
143 145
145 146
145 147
147 148
147 149
149 150
149 151
151 152
152 153
153 154
153 155
155 156
155 157
152 158
151 159
159 160
159 162
162 163
163 164
164 165
165 166
165 167
164 168
163 169
162 170
170 171
170 173
170 174
174 175
174 176
159 178
178 179
178 180
159 182
182 183
183 184
183 185
182 186
159 187
187 188
188 189
188 191
188 192
187 193
193 194
193 195
195 196
195 197
