99
197
0
158 2
156 6
154 7
152 9
125 12
113 15
115 16
111 21
109 22
108 23
103 26
102 28
89 31
93 38
96 39
97 40
91 41
72 43
74 45
95 46
80 49
78 50
86 53
87 54
84 55
83 57
77 60
75 61
81 62
100 63
106 64
119 67
120 68
147 69
149 72
143 74
129 77
145 78
144 80
131 82
123 84
121 85
132 87
128 89
118 91
116 92
138 95
69 99
71 100
70 101
52 105
55 107
54 108
68 109
65 111
67 112
134 115
136 116
141 118
140 120
49 124
45 126
43 127
48 129
46 131
51 132
63 134
60 136
58 138
56 140
59 142
61 144
42 146
40 148
37 150
29 154
23 156
32 157
31 158
34 160
14 166
33 167
28 168
26 169
36 171
16 173
13 175
11 176
8 179
10 180
5 184
7 185
21 186
17 189
19 191
20 192
3 194
2 196
0 197
0 1
1 2
1 3
3 4
4 5
5 6
5 7
4 8
8 9
8 10
10 11
11 12
11 13
13 14
14 15
14 16
13 17
17 18
18 19
19 20
20 21
20 22
19 23
18 24
24 25
25 26
25 27
27 28
27 29
29 30
30 31
30 32
32 33
33 34
34 35
35 36
36 37
37 38
37 39
36 40
35 41
34 42
42 43
42 44
44 45
44 46
33 47
47 48
48 49
48 50
47 51
51 52
52 53
52 54
51 55
32 56
56 57
56 58
58 59
59 60
59 61
58 62
29 63
24 64
17 65
65 66
66 67
66 68
65 69
10 70
70 71
71 72
71 73
73 74
73 75
75 76
76 77
76 78
75 79
79 80
79 81
81 82
81 83
83 84
83 85
70 86
86 87
86 88
88 89
88 90
90 91
90 92
3 93
93 94
94 95
94 96
96 97
97 98
98 99
98 100
97 101
96 102
102 103
103 104
104 105
104 106
106 107
106 108
103 109
102 110
110 111
110 112
93 113
113 114
114 115
114 116
113 117
117 118
117 119
119 120
119 121
121 122
122 123
123 124
123 125
125 126
125 127
122 128
128 129
128 130
130 131
130 132
121 133
133 134
133 135
135 136
135 137
137 138
137 139
139 140
139 141
141 142
141 143
143 144
143 145
145 146
145 147
147 148
147 149
149 150
149 151
151 152
152 153
153 154
153 155
155 156
155 157
152 158
151 159
159 160
159 161
161 162
162 163
163 164
164 165
165 166
165 167
164 168
163 169
162 170
170 171
170 172
172 173
172 174
174 175
174 176
161 177
177 178
178 179
178 180
177 181
181 182
182 183
183 184
183 185
182 186
181 187
187 188
188 189
188 190
190 191
190 192
187 193
193 194
193 195
195 196
195 197
