50
80
80
54 21
50 68
60 15
62 23
64 76
53 78
66 38
67 62
68 25
25 14
27 6
21 57
22 66
23 2
46 72
45 35
42 8
41 58
0 54
3 50
2 36
5 17
6 67
9 60
8 45
78 12
76 48
38 55
72 33
71 9
58 41
11 74
10 46
39 22
12 27
15 0
14 10
17 51
16 3
19 5
32 30
57 53
30 42
51 11
36 32
35 39
33 16
55 19
74 64
48 71
63 56
79 77
59 54
43 42
49 48
44 43
59 60
63 61
61 62
75 63
65 64
52 49
65 66
65 67
69 68
70 69
73 52
54 53
26 24
24 25
28 26
28 27
24 20
20 21
20 22
24 23
47 46
69 47
47 44
44 45
29 28
31 29
43 40
40 41
13 1
1 0
4 3
1 2
4 5
13 4
13 7
7 6
7 9
7 8
79 78
52 51
40 39
73 65
75 76
77 75
37 38
77 73
70 72
70 71
73 70
61 59
80 79
56 58
7 11
7 10
18 13
13 12
13 15
13 14
18 17
13 16
20 19
26 18
37 31
29 30
43 37
34 36
34 35
37 34
34 33
56 55
75 74
31 32
56 57
49 50
