50
76
76
51 51
60 60
62 62
63 63
65 65
66 66
68 68
69 69
52 52
24 24
25 25
26 26
21 21
23 23
46 46
47 47
44 44
28 28
43 43
40 40
41 41
0 0
3 3
2 2
5 5
7 7
8 8
39 39
75 75
73 73
70 70
58 58
11 11
13 13
38 38
15 15
14 14
17 17
16 16
19 19
18 18
31 31
30 30
37 37
36 36
34 34
33 33
55 55
54 54
57 57
72 56
53 54
49 42
53 29
61 60
64 61
61 62
61 63
72 64
50 49
64 66
71 67
67 68
67 69
53 52
67 53
39 24
24 25
27 26
32 27
22 20
22 21
27 22
22 23
45 46
48 47
45 44
48 45
29 28
42 43
39 40
42 41
6 1
1 0
4 3
1 2
4 5
9 4
6 7
10 6
10 9
9 8
50 51
53 39
64 65
74 75
39 38
74 73
76 72
76 71
71 70
64 59
53 32
59 58
12 11
15 10
12 13
15 12
20 15
12 14
18 17
15 16
20 19
20 18
32 31
29 30
35 37
35 36
39 35
35 34
32 33
56 55
76 74
49 48
56 57
59 50
