50
88
0
77 2
75 4
68 7
47 11
38 13
36 14
27 17
25 18
23 20
22 21
17 23
15 24
13 26
9 28
12 30
10 32
8 33
6 34
2 36
0 37
5 39
3 40
24 42
20 44
18 45
30 47
29 48
35 50
33 52
31 53
39 56
42 58
41 59
48 61
44 62
49 64
52 66
51 67
61 69
58 70
57 72
56 73
73 75
72 77
63 79
70 82
55 84
53 85
65 87
64 88
0 1
1 2
1 3
3 4
3 5
5 6
6 7
6 8
8 9
9 10
10 11
10 12
12 13
12 14
12 15
15 16
16 17
16 18
16 19
19 20
19 21
19 22
22 23
22 24
22 25
25 26
25 27
27 28
27 29
29 30
29 31
31 32
31 33
31 34
31 35
35 36
35 37
31 38
38 39
38 40
19 41
41 42
41 43
43 44
43 45
15 46
46 47
46 48
46 49
49 50
49 51
51 52
51 53
9 54
54 55
55 56
55 57
57 58
57 59
54 60
60 61
60 62
8 63
63 64
63 65
65 66
65 67
5 68
68 69
68 70
68 71
71 72
71 73
3 74
74 75
74 76
76 77
76 78
78 79
78 80
80 81
81 82
81 83
83 84
83 85
80 86
86 87
86 88
