50
99
0
42 12
41 13
39 14
44 15
48 16
38 20
36 21
35 25
30 27
29 28
20 31
24 34
27 36
25 37
23 40
22 41
17 44
15 45
13 47
9 49
12 52
10 53
8 57
5 59
3 60
6 61
2 63
0 64
18 65
33 67
31 68
47 69
49 71
51 73
52 74
68 75
61 77
56 80
57 81
58 82
70 89
55 91
53 92
64 93
63 94
65 95
72 96
73 97
75 98
77 99
0 1
1 2
2 3
3 4
4 5
5 6
6 7
7 8
8 9
9 10
10 11
11 12
11 13
10 14
9 15
8 16
7 17
17 18
18 19
19 20
19 21
18 22
22 23
23 24
24 25
24 26
26 27
26 28
23 29
29 30
30 31
30 32
32 33
33 34
33 35
35 36
35 37
32 38
38 39
39 40
39 41
38 42
42 43
43 44
43 45
42 46
46 47
46 48
48 49
48 50
50 51
51 52
51 53
50 54
54 55
55 56
56 57
56 58
58 59
58 60
55 61
54 62
62 63
62 64
29 65
22 66
66 67
66 68
17 69
6 70
70 71
70 72
72 73
72 74
5 75
4 76
76 77
76 78
78 79
79 80
79 81
78 82
3 83
83 84
84 85
85 86
86 87
87 88
88 89
88 90
90 91
90 92
87 93
86 94
85 95
84 96
83 97
2 98
1 99
