50
91
1
35 8
47 22
39 27
68 30
0 47
2 48
3 49
5 50
6 51
8 52
9 53
10 54
12 55
13 56
15 57
17 58
18 59
20 60
22 61
23 62
24 63
25 64
27 65
29 66
30 67
31 68
33 69
36 70
38 71
41 72
42 73
44 74
48 75
49 76
51 77
52 78
53 79
55 80
56 81
57 82
58 83
61 84
63 85
64 86
65 87
70 88
72 89
73 90
75 91
77 92
1 2
2 3
3 4
3 5
5 6
5 7
7 8
7 9
5 10
10 11
11 12
11 13
10 14
14 15
15 16
15 17
14 18
18 19
10 20
5 21
3 22
3 23
23 24
23 25
23 26
23 27
2 28
2 29
29 30
29 31
31 32
32 33
33 34
33 35
32 36
36 37
36 38
36 39
31 40
40 41
40 42
40 43
29 44
44 45
44 46
17 47
17 48
15 49
15 50
15 51
15 52
15 53
12 54
16 55
14 56
18 57
19 58
13 59
10 60
10 61
10 62
11 63
20 64
20 65
7 66
9 67
4 68
4 69
6 70
21 71
23 72
24 73
25 74
25 75
28 76
28 77
26 78
37 79
37 80
41 81
42 82
42 83
43 84
45 85
38 86
36 87
39 88
33 89
34 90
35 91
46 92
