50
50
50
0 0
2 1
3 2
5 3
6 4
8 5
9 6
10 7
12 8
13 9
15 10
17 11
18 12
20 13
22 14
23 15
24 16
25 17
27 18
29 19
30 20
31 21
33 22
35 23
36 24
38 25
39 26
41 27
42 28
44 29
47 30
48 31
49 32
51 33
52 34
53 35
55 36
56 37
57 38
58 39
61 40
63 41
64 42
65 43
68 44
70 45
72 46
73 47
75 48
77 49
50 49
50 48
48 44
44 32
32 33
44 31
31 29
29 27
27 30
30 25
25 19
19 20
25 24
19 17
17 18
17 15
15 13
15 14
15 16
13 12
19 23
15 10
10 9
9 4
4 5
4 0
0 1
4 6
4 2
2 3
4 7
10 11
27 26
19 21
21 22
4 8
32 34
48 46
46 41
41 35
35 36
35 45
41 42
42 43
44 38
38 39
38 37
38 40
27 28
46 47
