50
79
79
56 61
61 22
63 44
64 36
49 3
68 15
53 57
24 73
25 72
27 68
20 2
22 23
23 18
47 6
44 20
42 9
29 56
41 42
0 27
3 63
2 51
5 77
6 55
9 41
8 70
39 31
77 5
75 13
38 12
73 29
72 65
70 53
58 10
10 24
13 8
12 0
15 75
48 35
17 64
33 49
18 47
31 17
30 52
51 48
36 25
35 33
52 58
55 30
57 39
65 38
57 56
62 54
40 42
45 43
76 60
60 61
66 62
62 63
62 64
50 49
69 66
76 67
67 68
71 69
71 72
50 52
54 53
21 24
26 25
28 26
26 27
19 20
26 21
21 22
21 23
67 46
46 47
43 44
46 45
34 28
28 29
43 40
40 41
7 1
1 0
4 3
1 2
4 5
7 4
11 7
7 6
7 9
7 8
79 78
50 51
40 39
78 77
78 76
76 75
37 38
74 73
67 50
74 71
69 70
60 59
67 32
59 58
14 11
7 10
14 13
11 12
16 15
16 14
16 17
21 16
21 19
19 18
32 31
28 30
45 37
37 36
34 35
37 34
32 33
54 55
76 74
46 48
59 57
66 65
