50
76
76
54 54
51 51
43 43
61 61
62 62
64 64
53 53
66 66
67 67
68 68
24 24
25 25
27 27
20 20
22 22
49 49
47 47
44 44
45 45
42 42
29 29
40 40
0 0
3 3
2 2
5 5
7 7
9 9
75 75
74 74
73 73
71 71
70 70
59 59
58 58
10 10
39 39
12 12
15 15
14 14
17 17
55 55
18 18
31 31
56 56
37 37
50 50
35 35
34 34
32 32
57 56
52 54
41 42
65 48
48 50
65 60
60 61
63 62
65 63
63 64
48 49
65 66
65 67
65 68
72 69
65 52
52 53
23 24
26 25
30 26
26 27
21 20
28 21
23 22
31 23
48 46
46 47
43 44
46 45
30 28
28 29
41 40
52 41
6 1
1 0
4 3
1 2
4 5
6 4
6 7
8 6
8 9
11 8
52 51
52 43
38 39
72 75
43 38
72 73
76 72
72 71
69 70
60 59
57 58
13 11
11 10
16 13
11 12
16 15
13 14
16 17
19 16
21 19
19 18
33 31
33 30
36 37
38 36
36 35
33 34
36 33
52 55
72 74
31 32
65 57
69 65
