98
179
0
135 3
126 6
128 8
121 10
129 12
94 17
89 20
86 23
79 27
76 28
73 29
71 32
69 34
78 36
50 39
41 43
39 45
25 48
17 51
21 54
19 55
15 56
13 57
11 60
10 61
4 63
2 65
0 66
16 68
8 69
7 71
5 72
18 74
14 75
20 77
12 78
24 80
23 81
27 83
22 84
40 86
38 87
30 89
28 90
48 92
46 93
53 95
51 96
58 98
33 102
32 104
31 105
56 107
55 108
45 110
43 111
36 113
34 114
83 116
75 117
67 119
65 121
60 123
63 125
62 126
82 128
80 129
91 131
87 132
97 134
95 135
100 137
98 138
106 140
92 141
115 143
109 146
112 148
111 149
127 151
113 152
107 154
104 155
102 156
120 158
118 159
123 161
122 162
130 164
125 165
134 167
132 168
144 170
147 172
143 174
140 176
139 178
137 179
0 1
1 2
2 3
2 4
4 5
5 6
5 7
7 8
7 9
9 10
9 11
11 12
11 13
13 14
14 15
15 16
16 17
16 18
18 19
19 20
19 21
21 22
22 23
22 24
24 25
25 26
26 27
26 28
26 29
26 30
30 31
31 32
31 33
33 34
33 35
35 36
35 37
37 38
38 39
38 40
40 41
41 42
42 43
42 44
44 45
44 46
46 47
47 48
47 49
49 50
50 51
50 52
52 53
53 54
53 55
53 56
53 57
53 58
58 59
59 60
59 61
59 62
62 63
62 64
64 65
64 66
58 67
67 68
67 69
53 70
70 71
70 72
53 73
73 74
73 75
52 76
76 77
76 78
76 79
79 80
79 81
49 82
82 83
82 84
46 85
85 86
85 87
42 88
88 89
88 90
41 91
91 92
91 93
40 94
94 95
94 96
37 97
97 98
97 99
99 100
100 101
101 102
101 103
103 104
103 105
100 106
106 107
106 108
99 109
109 110
109 111
109 112
112 113
112 114
30 115
115 116
115 117
25 118
118 119
118 120
120 121
120 122
122 123
122 124
124 125
124 126
24 127
127 128
127 129
21 130
130 131
130 132
18 133
133 134
133 135
133 136
136 137
136 138
16 139
139 140
139 141
15 142
142 143
142 144
144 145
145 146
145 147
147 148
147 149
144 150
150 151
150 152
142 153
153 154
153 155
153 156
14 157
157 158
157 159
13 160
160 161
160 162
4 163
163 164
163 165
2 166
166 167
166 168
1 169
169 170
169 171
171 172
171 173
173 174
173 175
175 176
175 177
177 178
177 179
