98
168
0
135 3
126 5
128 7
121 8
129 9
94 14
89 17
86 18
79 22
76 23
73 24
71 27
69 29
78 31
50 33
41 37
39 39
40 41
38 42
25 44
17 46
21 48
19 49
15 50
13 51
11 53
10 54
4 56
2 58
0 59
20 61
12 62
24 64
23 65
7 67
5 68
16 70
8 71
18 73
14 74
27 76
22 77
30 79
28 80
48 82
46 83
53 85
51 86
58 88
45 91
43 92
36 94
34 95
33 97
32 99
31 100
56 102
55 103
83 105
75 106
67 108
65 110
60 112
63 114
62 115
82 117
80 118
91 120
87 121
97 123
95 124
100 126
98 127
106 129
92 130
115 132
109 135
112 137
111 138
127 140
113 141
107 143
104 144
102 145
120 147
118 148
123 150
122 151
130 153
125 154
134 156
132 157
144 159
147 161
143 163
140 165
139 167
137 168
0 1
1 2
2 3
2 4
4 5
4 6
6 7
6 8
6 9
6 10
10 11
11 12
12 13
13 14
13 15
15 16
16 17
16 18
16 19
19 20
20 21
21 22
21 23
21 24
21 25
25 26
26 27
26 28
28 29
28 30
30 31
30 32
32 33
32 34
34 35
35 36
36 37
36 38
38 39
38 40
40 41
40 42
40 43
43 44
43 45
45 46
45 47
47 48
47 49
47 50
47 51
47 52
52 53
52 54
52 55
55 56
55 57
57 58
57 59
47 60
60 61
60 62
60 63
63 64
63 65
47 66
66 67
66 68
47 69
69 70
69 71
47 72
72 73
72 74
45 75
75 76
75 77
36 78
78 79
78 80
35 81
81 82
81 83
34 84
84 85
84 86
32 87
87 88
87 89
89 90
90 91
90 92
90 93
93 94
93 95
89 96
96 97
96 98
98 99
98 100
89 101
101 102
101 103
25 104
104 105
104 106
20 107
107 108
107 109
109 110
109 111
111 112
111 113
113 114
113 115
19 116
116 117
116 118
16 119
119 120
119 121
15 122
122 123
122 124
122 125
125 126
125 127
13 128
128 129
128 130
12 131
131 132
131 133
133 134
134 135
134 136
136 137
136 138
133 139
139 140
139 141
131 142
142 143
142 144
142 145
11 146
146 147
146 148
10 149
149 150
149 151
4 152
152 153
152 154
2 155
155 156
155 157
1 158
158 159
158 160
160 161
160 162
162 163
162 164
164 165
164 166
166 167
166 168
