98
160
0
19 32
21 35
13 30
18 42
4 44
2 46
0 47
15 48
14 50
11 51
10 54
8 55
16 56
7 58
5 59
20 61
12 62
24 66
23 67
22 68
17 69
27 71
25 72
39 73
40 75
38 76
30 78
28 79
41 80
48 82
46 83
50 84
33 87
32 89
31 91
51 92
53 93
56 97
55 98
45 101
43 102
36 104
34 105
58 106
78 107
83 108
75 109
71 111
69 112
79 115
73 116
76 117
67 119
65 121
63 124
62 125
60 126
82 128
80 129
86 130
87 131
91 133
89 134
100 138
98 139
97 140
95 141
106 144
92 145
94 146
115 150
107 152
104 154
102 155
112 158
111 159
109 160
113 161
127 162
125 163
130 164
126 3
128 168
120 171
118 172
129 175
123 177
122 178
121 169
135 181
134 183
132 184
143 188
139 191
137 192
140 193
144 194
147 195
0 1
1 2
2 3
3 4
4 6
6 7
7 8
8 9
9 10
10 11
11 13
13 14
14 15
15 16
16 18
18 19
19 20
20 21
21 22
22 24
24 26
26 27
27 28
28 29
29 30
30 32
30 35
30 41
41 42
41 43
43 44
43 45
45 46
45 47
30 48
30 49
49 50
49 51
30 53
53 54
53 55
30 56
30 57
57 58
57 59
30 60
60 61
60 62
29 65
65 66
65 67
29 68
29 69
28 71
28 72
27 73
26 75
26 76
24 77
77 78
77 79
24 80
22 81
81 82
81 83
22 84
21 86
86 87
87 89
89 91
86 92
21 93
20 94
94 95
95 96
96 97
96 98
95 99
99 101
99 102
99 103
103 104
103 105
94 106
19 107
18 108
16 109
16 110
110 111
110 112
15 115
15 116
15 117
14 118
118 119
118 120
120 121
120 122
122 123
123 124
123 125
122 126
13 127
127 128
127 129
11 130
11 131
10 133
10 134
9 135
135 137
137 138
137 139
135 140
135 141
8 142
142 143
143 144
143 145
142 146
7 147
147 149
149 150
149 151
151 152
151 154
151 155
147 156
156 157
157 158
157 159
156 160
147 161
6 162
4 163
4 164
3 168
3 169
169 170
170 171
170 172
169 174
174 175
174 176
176 177
176 178
2 181
2 182
182 183
182 184
1 186
186 187
187 188
187 189
189 190
190 191
190 192
189 193
186 194
1 195
