98
148
148
132 98
130 45
137 20
135 2
134 126
139 140
24 8
25 62
27 7
20 71
21 75
22 23
23 83
28 30
0 24
4 94
8 121
120 19
121 33
122 79
123 39
125 123
126 104
127 78
128 143
129 80
118 17
58 12
55 92
56 106
51 112
50 38
53 120
115 107
89 31
111 97
113 139
112 109
82 51
83 135
80 48
86 18
87 100
7 73
109 40
102 115
100 118
106 50
107 65
104 15
39 87
38 67
33 137
32 82
31 95
30 34
36 127
34 28
60 63
62 10
63 53
65 125
67 60
69 113
2 76
98 36
91 43
92 134
95 4
94 144
97 132
11 122
10 111
13 69
12 25
15 13
14 58
17 32
16 102
19 56
18 128
48 5
46 46
45 0
43 21
40 91
41 16
5 86
147 27
144 147
143 41
140 14
76 55
75 22
73 89
71 129
79 11
78 130
136 133
133 132
136 131
131 130
138 137
146 136
136 135
133 134
138 139
141 138
13 24
26 25
37 26
26 27
13 20
13 21
13 22
13 23
29 28
42 29
1 0
3 4
9 8
121 119
119 120
126 121
121 122
121 123
126 124
124 125
131 126
126 127
126 128
126 129
119 118
64 59
57 58
54 55
57 54
59 57
54 56
52 51
49 50
52 53
59 52
114 115
117 114
90 88
90 89
110 111
117 110
114 113
110 112
81 82
84 83
81 80
84 81
85 86
88 87
85 84
88 85
13 3
6 7
114 108
110 109
103 102
108 103
99 100
116 101
105 106
108 107
103 104
116 105
37 39
37 38
54 33
33 32
32 31
29 30
42 37
35 36
44 35
35 34
61 60
66 61
61 62
61 63
70 64
66 65
68 66
68 67
84 68
70 69
1 2
13 6
101 99
99 98
90 91
101 90
105 93
93 92
96 95
93 94
96 97
99 96
9 11
9 10
26 13
13 12
13 15
13 14
13 17
13 16
13 19
13 18
126 117
124 116
47 48
59 49
47 46
64 47
54 44
44 45
49 42
44 43
37 40
42 41
3 1
6 5
13 9
148 146
146 147
145 144
146 145
145 142
142 143
141 140
142 141
84 77
77 76
74 75
77 74
74 73
74 72
72 71
72 70
77 79
77 78
