98
148
148
132 132
130 130
137 137
135 135
134 134
139 139
24 24
25 25
27 27
20 20
21 21
22 22
23 23
28 28
0 0
4 4
8 8
120 120
121 121
122 122
123 123
125 125
126 126
127 127
128 128
129 129
118 118
58 58
55 55
56 56
51 51
50 50
53 53
115 115
89 89
111 111
113 113
112 112
82 82
83 83
80 80
86 86
87 87
7 7
109 109
102 102
100 100
106 106
107 107
104 104
39 39
38 38
33 33
32 32
31 31
30 30
36 36
34 34
60 60
62 62
63 63
65 65
67 67
69 69
2 2
98 98
91 91
92 92
95 95
94 94
97 97
11 11
10 10
13 13
12 12
15 15
14 14
17 17
16 16
19 19
18 18
48 48
46 46
45 45
43 43
40 40
41 41
5 5
147 147
144 144
143 143
140 140
76 76
75 75
73 73
71 71
79 79
78 78
136 133
133 132
136 131
131 130
138 137
146 136
136 135
133 134
138 139
141 138
13 24
26 25
37 26
26 27
13 20
13 21
13 22
13 23
29 28
42 29
1 0
3 4
9 8
121 119
119 120
126 121
121 122
121 123
126 124
124 125
131 126
126 127
126 128
126 129
119 118
64 59
57 58
54 55
57 54
59 57
54 56
52 51
49 50
52 53
59 52
114 115
117 114
90 88
90 89
110 111
117 110
114 113
110 112
81 82
84 83
81 80
84 81
85 86
88 87
85 84
88 85
13 3
6 7
114 108
110 109
103 102
108 103
99 100
116 101
105 106
108 107
103 104
116 105
37 39
37 38
54 33
33 32
32 31
29 30
42 37
35 36
44 35
35 34
61 60
66 61
61 62
61 63
70 64
66 65
68 66
68 67
84 68
70 69
1 2
13 6
101 99
99 98
90 91
101 90
105 93
93 92
96 95
93 94
96 97
99 96
9 11
9 10
26 13
13 12
13 15
13 14
13 17
13 16
13 19
13 18
126 117
124 116
47 48
59 49
47 46
64 47
54 44
44 45
49 42
44 43
37 40
42 41
3 1
6 5
13 9
148 146
146 147
145 144
146 145
145 142
142 143
141 140
142 141
84 77
77 76
74 75
77 74
74 73
74 72
72 71
72 70
77 79
77 78
