50
89
0
69 2
67 4
65 6
63 10
62 11
58 13
57 14
56 15
55 16
53 17
44 18
40 20
42 22
38 25
51 28
23 32
19 33
16 35
18 37
12 41
10 42
14 44
13 45
9 47
7 48
6 50
2 52
0 54
1 56
4 57
26 61
28 63
20 64
27 66
22 67
24 69
21 70
35 72
34 73
37 75
33 76
31 78
29 79
50 81
48 82
47 84
45 85
64 87
61 88
59 89
0 1
1 2
1 3
3 4
3 5
5 6
5 7
7 8
8 9
9 10
9 11
8 12
12 13
12 14
12 15
12 16
12 17
12 18
12 19
19 20
19 21
21 22
21 23
23 24
24 25
24 26
26 27
27 28
27 29
29 30
30 31
31 32
31 33
31 34
34 35
34 36
36 37
36 38
38 39
39 40
40 41
40 42
40 43
43 44
43 45
39 46
46 47
46 48
38 49
49 50
49 51
51 52
51 53
53 54
53 55
55 56
55 57
31 58
58 59
59 60
60 61
60 62
62 63
62 64
59 65
65 66
65 67
58 68
68 69
68 70
30 71
71 72
71 73
30 74
74 75
74 76
29 77
77 78
77 79
26 80
80 81
80 82
23 83
83 84
83 85
7 86
86 87
86 88
86 89
