50
86
1
19 5
12 18
42 33
53 40
0 42
1 43
2 44
4 45
6 46
7 47
9 48
10 49
13 50
14 51
16 52
18 53
20 54
21 55
22 56
23 57
24 58
26 59
27 60
28 61
29 62
31 63
33 64
34 65
35 66
37 67
38 68
40 69
44 70
45 71
47 72
48 73
50 74
51 75
55 76
56 77
57 78
58 79
59 80
61 81
62 82
63 83
64 84
65 85
67 86
69 87
1 2
2 3
3 4
3 5
5 6
5 7
5 8
8 9
5 10
5 11
11 12
12 13
12 14
11 15
15 16
11 17
17 18
17 19
19 20
19 21
3 22
22 23
3 24
2 25
25 26
26 27
26 28
25 29
29 30
25 31
31 32
32 33
32 34
34 35
35 36
34 37
32 38
32 39
32 40
31 41
21 42
19 43
21 44
21 45
20 46
14 47
13 48
15 49
15 50
16 51
10 52
7 53
6 54
5 55
5 56
5 57
9 58
8 59
8 60
8 61
24 62
24 63
22 64
3 65
4 66
23 67
37 68
32 69
32 70
39 71
39 72
35 73
35 74
36 75
32 76
32 77
32 78
38 79
25 80
29 81
41 82
31 83
25 84
28 85
27 86
30 87
