50
71
71
42 23
61 44
62 7
63 58
64 48
53 2
67 4
69 62
24 20
26 14
27 31
20 61
21 42
22 1
23 22
47 69
44 13
45 57
28 50
29 55
40 64
1 19
0 51
2 16
4 47
7 56
6 40
9 26
51 33
38 63
58 18
10 59
13 28
12 6
59 12
14 45
16 24
19 34
18 29
31 35
56 10
37 9
50 27
35 0
34 21
33 37
55 65
48 53
57 38
65 67
54 56
60 54
43 42
49 50
66 60
60 61
60 62
60 63
60 64
54 53
68 66
68 67
70 68
70 69
52 32
25 24
32 25
25 26
25 27
19 20
19 21
19 22
19 23
54 46
46 47
43 44
46 45
25 28
30 29
39 40
52 41
0 1
3 0
5 3
3 2
15 5
3 4
8 7
5 6
8 9
11 8
60 52
49 51
54 49
54 43
54 39
39 38
71 70
60 59
54 58
15 11
11 10
11 13
11 12
19 15
15 14
19 17
17 16
25 19
17 18
30 31
41 30
36 37
41 36
36 35
32 34
32 33
54 55
49 48
54 57
66 65
