50
71
71
42 22
61 55
62 12
63 35
64 14
53 10
67 19
69 16
24 44
26 1
27 13
20 0
21 51
22 61
23 31
47 7
44 40
45 37
28 48
29 69
40 45
1 59
0 50
2 26
4 21
7 56
6 62
9 27
51 38
38 65
58 18
10 53
13 64
12 28
59 20
14 57
16 6
19 4
18 63
31 23
56 29
37 47
50 33
35 67
34 42
33 24
55 2
48 58
57 9
65 34
54 56
60 54
43 42
49 50
66 60
60 61
60 62
60 63
60 64
54 53
68 66
68 67
70 68
70 69
52 32
25 24
32 25
25 26
25 27
19 20
19 21
19 22
19 23
54 46
46 47
43 44
46 45
25 28
30 29
39 40
52 41
0 1
3 0
5 3
3 2
15 5
3 4
8 7
5 6
8 9
11 8
60 52
49 51
54 49
54 43
54 39
39 38
71 70
60 59
54 58
15 11
11 10
11 13
11 12
19 15
15 14
19 17
17 16
25 19
17 18
30 31
41 30
36 37
41 36
36 35
32 34
32 33
54 55
49 48
54 57
66 65
