50
74
0
69 2
67 4
65 6
59 8
64 10
57 15
53 19
47 22
45 23
51 25
48 27
50 28
58 31
44 32
55 33
42 37
38 38
40 39
56 40
62 41
63 42
61 44
33 47
37 48
29 52
31 53
35 55
34 54
21 58
19 57
23 63
20 65
22 66
26 70
24 72
28 73
27 74
16 76
18 78
7 82
9 83
10 85
12 87
13 88
14 90
6 92
4 94
2 96
1 98
0 97
0 1
1 2
1 3
3 4
3 5
5 6
5 7
7 8
7 10
7 12
12 14
14 15
14 19
14 20
20 21
21 22
21 23
20 24
24 25
24 27
24 28
14 31
14 32
14 33
14 35
35 36
36 37
36 38
35 39
14 40
12 41
12 42
7 43
43 44
43 45
45 46
46 47
46 48
45 51
51 52
51 53
45 54
54 55
45 57
57 58
57 63
57 65
57 66
57 68
68 70
68 72
68 73
68 74
57 75
75 76
75 77
77 78
77 79
79 80
80 81
81 82
81 83
80 84
84 85
84 87
84 88
79 90
79 91
91 92
91 93
93 94
93 96
93 97
97 98
