50
99
0
69 2
67 4
65 6
59 8
64 10
57 15
53 19
47 22
45 23
51 25
48 27
50 28
58 31
44 32
55 33
42 37
38 38
40 39
56 40
62 41
63 42
61 44
33 47
37 48
29 52
31 53
35 55
34 56
21 58
19 61
23 63
20 65
22 66
26 70
24 72
28 73
27 74
16 76
18 78
7 82
9 83
10 85
12 87
13 88
14 90
6 92
4 94
2 96
1 98
0 99
0 1
1 2
1 3
3 4
3 5
5 6
5 7
7 8
7 9
9 10
9 11
11 12
12 13
13 14
14 15
14 16
16 17
17 18
18 19
18 20
20 21
21 22
21 23
20 24
24 25
24 26
26 27
26 28
17 29
29 30
30 31
30 32
29 33
16 34
34 35
35 36
36 37
36 38
35 39
34 40
13 41
12 42
11 43
43 44
43 45
45 46
46 47
46 48
45 49
49 50
50 51
51 52
51 53
50 54
54 55
54 56
49 57
57 58
57 59
59 60
60 61
60 62
62 63
62 64
64 65
64 66
59 67
67 68
68 69
69 70
69 71
71 72
71 73
68 74
67 75
75 76
75 77
77 78
77 79
79 80
80 81
81 82
81 83
80 84
84 85
84 86
86 87
86 88
79 89
89 90
89 91
91 92
91 93
93 94
93 95
95 96
95 97
97 98
97 99
