98
195
0
99 7
98 8
96 9
58 11
56 12
142 13
59 21
61 22
107 24
106 25
105 27
102 28
100 30
140 31
104 32
103 34
55 36
53 37
44 40
46 41
64 43
62 44
94 47
93 49
91 50
137 54
50 58
43 60
41 61
47 62
52 64
49 65
6 70
2 72
3 75
0 76
4 77
23 78
7 83
9 84
8 85
25 86
19 92
21 93
16 96
12 97
18 100
14 101
15 102
13 104
17 105
20 106
10 107
29 111
27 112
30 113
39 116
38 117
33 121
35 122
36 123
34 125
32 126
131 130
129 131
133 133
135 134
122 137
120 139
118 140
128 143
125 147
126 148
123 149
90 151
85 155
80 157
79 160
74 161
72 162
83 165
87 167
86 168
71 171
69 172
77 175
75 176
82 178
81 179
65 181
67 183
68 184
111 188
110 189
108 190
113 192
115 194
117 195
0 1
1 2
2 3
3 4
4 5
5 6
6 7
6 8
5 9
4 10
10 11
10 12
3 13
2 14
14 15
15 16
16 17
17 18
18 19
19 20
20 21
20 22
19 23
23 24
23 25
18 26
26 27
26 28
17 29
29 30
29 31
16 32
15 33
33 34
33 35
35 36
35 37
14 38
38 39
39 40
39 41
38 42
42 43
42 44
1 45
45 46
46 47
46 48
48 49
48 50
45 51
51 52
52 53
53 54
53 55
55 56
56 57
57 58
57 59
59 60
59 61
56 62
55 63
63 64
63 65
52 66
66 67
67 68
68 69
69 70
69 71
71 72
71 73
73 74
74 75
74 76
73 77
68 78
67 79
79 80
80 81
81 82
82 83
82 84
81 85
80 86
79 87
87 88
88 89
89 90
90 91
91 92
91 93
90 94
94 95
95 96
95 97
94 98
98 99
99 100
99 101
98 102
89 103
103 104
103 105
88 106
87 107
66 108
108 109
109 110
110 111
110 112
109 113
108 114
114 115
115 116
115 117
114 118
118 119
119 120
120 121
120 122
119 123
118 124
124 125
124 126
51 127
127 128
128 129
129 130
129 131
128 132
132 133
132 134
127 135
135 136
136 137
136 138
138 139
138 140
135 141
141 142
142 143
142 144
144 145
145 146
146 147
146 148
145 149
144 150
150 151
150 152
152 153
153 154
154 155
154 156
156 157
156 158
158 159
159 160
159 161
158 162
153 163
163 164
164 165
164 166
166 167
166 168
163 169
169 170
170 171
170 172
169 173
173 174
174 175
174 176
173 177
177 178
177 179
152 180
180 181
180 182
182 183
182 184
141 185
185 186
186 187
187 188
187 189
186 190
185 191
191 192
191 193
193 194
193 195
