98
152
1
140 5
104 7
107 10
142 19
90 34
81 35
52 43
16 48
137 56
8 64
50 66
0 67
2 68
3 69
4 70
6 71
7 72
9 73
10 74
12 75
13 76
14 77
15 78
17 79
18 80
19 81
20 82
21 83
23 84
25 85
27 86
29 87
30 88
32 89
33 90
34 91
35 92
36 93
38 94
39 95
41 96
43 97
44 98
46 99
47 100
49 101
53 102
55 103
56 104
58 105
59 106
61 107
62 108
64 109
65 110
67 111
68 112
69 113
71 114
72 115
74 116
75 117
77 118
79 119
80 120
82 121
83 122
85 123
86 124
87 125
91 126
93 127
94 128
96 129
98 130
99 131
100 132
102 133
103 134
105 135
106 136
108 137
110 138
111 139
113 140
115 141
117 142
118 143
120 144
122 145
123 146
125 147
126 148
128 149
129 150
131 151
133 152
135 153
1 2
2 3
2 4
4 5
4 6
6 7
6 8
6 9
6 10
6 11
11 12
11 13
6 14
14 15
14 16
6 17
17 18
2 19
2 20
20 21
21 22
20 23
23 24
20 25
20 26
20 27
27 28
27 29
29 30
30 31
29 32
20 33
33 34
33 35
35 36
36 37
35 38
35 39
35 40
2 41
41 42
41 43
41 44
44 45
45 46
46 47
47 48
47 49
47 50
46 51
2 52
52 53
52 54
52 55
2 56
2 57
2 58
58 59
59 60
60 61
61 62
60 63
63 64
63 65
58 66
49 67
62 68
49 69
49 70
49 71
64 72
64 73
47 74
50 75
47 76
47 77
47 78
47 79
47 80
47 81
47 82
47 83
61 84
63 85
46 86
51 87
46 88
45 89
59 90
45 91
45 92
45 93
44 94
44 95
58 96
58 97
18 98
17 99
42 100
41 101
8 102
16 103
52 104
54 105
11 106
6 107
15 108
3 109
37 110
37 111
37 112
39 113
39 114
38 115
38 116
40 117
40 118
38 119
38 120
35 121
36 122
36 123
36 124
36 125
57 126
57 127
13 128
53 129
52 130
55 131
6 132
12 133
9 134
6 135
6 136
29 137
32 138
29 139
30 140
30 141
31 142
24 143
24 144
23 145
26 146
26 147
26 148
25 149
22 150
22 151
28 152
21 153
