97
145
145
133 133
132 132
131 131
130 130
137 137
136 136
135 135
24 24
25 25
20 20
21 21
22 22
23 23
28 28
29 29
0 0
8 8
121 121
123 123
124 124
125 125
127 127
59 59
54 54
57 57
56 56
51 51
50 50
53 53
52 52
114 114
117 117
116 116
111 111
113 113
82 82
83 83
80 80
81 81
87 87
84 84
85 85
3 3
108 108
109 109
102 102
106 106
104 104
39 39
38 38
33 33
32 32
37 37
36 36
35 35
60 60
62 62
63 63
65 65
66 66
68 68
69 69
2 2
6 6
99 99
98 98
91 91
90 90
93 93
95 95
94 94
97 97
10 10
12 12
15 15
14 14
17 17
16 16
19 19
88 88
48 48
47 47
44 44
45 45
42 42
40 40
5 5
9 9
144 144
142 142
77 77
76 76
74 74
73 73
72 72
70 70
78 78
134 133
131 132
140 131
131 130
138 137
135 136
139 135
139 134
140 139
139 138
18 24
26 25
27 26
30 27
18 20
18 21
18 22
18 23
27 28
30 29
1 0
18 4
7 8
138 119
126 120
122 121
128 122
122 123
125 124
126 125
129 126
128 127
129 128
135 129
119 118
58 59
64 58
107 55
55 54
58 57
55 56
107 51
49 50
51 53
51 52
118 115
115 114
89 88
115 116
112 111
141 110
112 113
119 112
79 82
79 83
79 80
79 81
92 86
86 87
79 84
86 85
4 3
18 7
107 108
107 109
101 102
110 103
103 100
103 101
107 106
141 107
105 104
110 105
37 39
37 38
34 33
31 32
34 31
31 30
143 37
37 36
34 35
41 34
61 60
107 61
61 62
61 63
107 64
64 65
67 66
98 67
67 68
105 69
1 2
7 6
100 99
100 98
92 91
89 90
92 93
134 92
96 95
92 94
96 97
120 96
18 11
11 10
26 13
11 12
13 15
13 14
18 17
13 16
18 19
27 18
118 117
120 89
49 48
101 49
51 46
46 47
43 44
43 45
43 42
46 43
41 40
69 41
13 1
4 5
7 9
143 144
143 142
145 143
145 140
145 141
75 77
75 76
79 75
75 74
71 73
71 72
79 71
71 70
89 79
79 78
