473
890
0
622 2
611 4
616 8
619 11
609 12
615 13
602 14
621 16
604 20
606 21
623 22
618 25
518 36
519 37
523 38
521 39
522 40
612 41
607 42
597 45
598 46
600 47
526 49
524 51
506 52
601 54
508 56
596 57
592 59
574 62
576 63
587 65
589 66
584 71
578 75
577 76
580 77
579 78
511 80
582 83
583 84
509 85
581 86
591 88
586 91
567 97
569 98
427 103
416 105
415 106
407 109
406 111
402 114
404 115
403 116
425 117
413 120
414 121
343 124
345 125
428 126
570 129
573 130
566 131
560 134
412 136
411 137
564 142
565 143
563 144
419 147
417 148
561 150
568 151
572 153
562 154
371 158
368 159
370 160
422 164
424 165
420 166
423 167
571 168
553 172
555 173
559 175
557 176
552 179
550 180
178 193
189 195
187 196
172 198
174 199
190 200
203 204
180 206
181 207
185 209
179 210
200 214
201 215
199 217
186 218
204 220
202 221
209 224
195 226
197 227
230 228
207 233
171 236
167 237
169 239
170 240
212 243
213 244
210 246
215 247
193 252
194 253
183 256
184 257
165 259
166 260
191 262
192 263
214 264
236 270
223 272
221 273
234 275
232 277
235 278
263 282
251 284
237 286
264 287
249 288
260 289
226 292
227 293
252 294
259 299
224 301
220 303
219 304
258 308
254 309
262 311
228 313
229 314
256 315
255 317
218 319
257 320
240 323
239 324
261 327
216 328
265 330
273 331
356 337
315 338
355 340
342 342
340 343
314 346
357 348
311 350
310 351
294 354
297 356
296 357
313 358
346 362
334 363
348 365
336 366
303 370
302 373
318 374
319 376
320 377
316 378
321 379
361 385
391 386
394 388
384 391
365 393
363 394
362 395
382 397
392 398
385 401
306 404
304 405
301 407
300 409
298 410
396 412
390 414
377 415
243 419
241 420
293 421
395 424
381 427
374 429
376 430
389 432
364 435
378 438
388 439
386 440
375 442
393 443
383 445
380 448
379 449
372 452
373 453
387 454
338 460
284 464
287 465
286 466
275 472
267 474
268 475
271 478
272 479
269 480
276 483
274 484
277 485
278 486
339 488
327 490
328 491
292 493
290 494
400 496
399 499
401 500
397 501
408 503
366 506
367 507
410 508
532 511
329 513
530 515
331 517
333 518
325 527
326 528
350 530
353 531
351 532
324 534
352 536
322 537
358 540
359 541
280 544
283 546
282 547
288 548
349 549
330 551
533 552
309 554
307 555
246 558
244 560
247 562
248 563
136 566
143 571
134 572
139 574
147 575
133 577
138 578
68 584
70 585
61 587
60 589
58 590
80 593
81 595
71 596
3 600
4 601
13 602
17 605
14 606
16 607
57 615
53 617
56 618
55 619
75 624
74 625
93 626
90 627
92 628
91 629
103 631
101 633
102 634
87 641
88 642
52 643
86 644
48 647
46 648
6 654
5 655
7 656
44 658
76 660
47 661
25 664
26 666
9 668
10 669
49 671
23 673
21 674
78 677
43 678
45 679
40 681
41 685
27 687
28 688
39 692
37 693
36 693
35 696
38 697
32 701
33 702
34 704
2 706
0 707
30 710
31 711
11 712
50 713
105 718
104 721
106 722
107 723
97 727
94 728
63 730
62 732
96 733
20 735
18 736
100 741
98 742
67 745
64 746
66 747
108 748
84 750
82 752
85 753
109 754
127 758
132 760
122 762
123 763
121 767
129 768
117 770
130 771
112 774
110 775
125 777
128 780
119 781
124 782
116 786
126 787
113 788
115 789
144 794
146 795
152 796
153 799
155 800
159 802
160 804
162 808
164 809
176 810
161 811
157 813
149 815
141 816
529 819
527 820
542 822
544 823
547 827
536 831
535 832
514 834
512 835
541 836
548 837
474 844
478 845
469 846
471 850
491 852
472 854
484 855
494 857
481 858
477 859
475 860
482 864
485 865
498 868
487 869
493 871
489 872
492 874
490 875
537 879
515 881
517 882
505 883
503 887
495 888
497 889
500 891
502 892
467 894
458 900
439 903
436 905
438 906
442 908
440 909
457 913
459 915
455 916
430 920
429 921
448 922
446 923
449 926
435 928
434 929
452 931
451 932
431 935
433 936
443 938
445 939
462 942
460 943
463 944
465 945
0 1
1 2
1 3
3 4
3 5
5 7
7 8
7 9
9 10
10 11
10 12
9 13
5 14
5 15
15 16
15 17
17 18
18 19
19 20
19 21
18 22
17 23
23 24
24 25
24 26
26 27
27 28
28 29
29 30
30 31
31 33
33 34
34 35
35 36
35 37
34 38
33 39
31 40
31 41
30 42
29 43
43 44
44 45
44 46
43 47
28 48
48 49
48 50
50 51
50 52
27 53
53 54
53 55
55 56
55 57
26 58
58 59
58 60
60 61
61 62
61 63
60 64
64 65
64 66
23 68
68 69
69 70
70 71
70 73
73 75
73 76
73 77
70 78
69 79
79 80
79 81
81 82
82 83
82 84
81 85
68 86
23 87
87 88
87 89
89 90
90 91
90 92
92 93
93 94
94 95
95 96
96 97
96 98
95 100
100 101
101 103
101 104
104 105
104 106
101 108
108 109
108 111
108 112
112 114
112 115
112 116
101 117
100 118
118 119
119 120
119 121
118 122
122 123
123 124
123 125
122 126
95 127
127 128
128 129
128 130
127 131
94 132
132 133
133 134
133 135
135 136
135 137
132 138
138 139
139 140
140 142
140 143
140 144
139 145
145 146
146 147
146 148
145 149
149 150
149 151
138 152
152 153
152 154
93 155
155 156
156 157
157 158
157 159
156 160
155 161
161 162
162 163
163 164
163 165
162 166
161 167
92 168
89 169
169 170
170 171
171 172
171 173
170 174
174 175
174 176
169 177
177 178
178 179
178 180
177 181
181 182
182 183
183 184
184 185
185 186
186 187
187 188
188 189
189 190
190 191
191 193
191 194
194 195
194 196
191 197
197 198
197 199
190 200
189 201
201 202
202 203
203 204
203 205
205 206
205 207
202 209
202 210
201 211
211 212
212 213
213 214
213 215
212 216
216 217
216 218
211 219
219 220
219 221
188 222
222 223
223 224
223 225
225 226
225 227
222 228
187 229
229 230
230 231
231 232
232 233
232 234
234 235
235 236
235 237
234 238
238 239
238 240
231 241
241 242
242 243
242 244
241 245
245 246
245 247
230 248
248 250
250 251
251 252
251 253
250 254
254 255
255 256
255 257
254 258
258 259
258 260
248 261
261 262
261 263
248 264
229 265
265 266
266 267
267 268
268 269
269 270
269 271
271 272
271 273
268 274
274 275
274 276
276 277
276 278
267 281
281 282
281 283
283 284
283 285
285 286
285 287
267 288
267 289
266 290
290 291
291 292
291 293
290 294
265 295
295 296
296 297
297 298
298 299
298 300
300 301
300 302
302 303
302 304
297 305
305 307
307 308
307 309
305 310
310 311
310 312
312 313
312 314
305 315
296 316
316 317
316 318
318 319
318 320
295 322
322 323
322 324
295 325
325 326
326 327
326 328
325 329
329 330
329 331
186 332
332 333
333 334
334 336
336 337
336 338
334 339
339 340
339 341
341 342
341 343
334 344
344 345
345 346
345 347
347 348
347 349
349 350
349 351
344 352
352 353
353 354
353 356
353 357
352 358
333 360
360 361
361 362
361 363
360 365
360 366
333 367
367 368
368 369
369 370
369 371
371 372
372 373
372 374
371 375
375 376
375 377
368 378
367 379
332 380
380 381
381 382
382 383
383 384
384 385
384 386
383 387
387 388
387 389
389 390
390 391
390 393
390 394
389 395
382 396
396 397
396 398
381 399
399 400
400 401
400 402
402 403
403 404
403 405
402 406
406 407
406 408
408 409
408 410
399 411
411 412
411 413
413 414
413 415
380 416
416 417
417 418
418 419
418 420
417 421
416 422
422 423
423 424
423 425
425 426
426 427
426 428
428 429
428 430
425 432
425 433
433 434
434 435
434 436
436 438
436 439
436 440
433 441
441 442
441 443
422 445
422 446
446 447
447 448
447 449
446 450
450 451
451 452
451 453
450 454
185 455
455 456
456 457
457 458
458 460
458 461
461 462
462 463
463 464
463 465
462 466
461 468
468 471
471 472
471 473
473 474
473 475
468 476
476 477
477 478
477 479
476 480
468 481
481 483
481 484
481 485
468 486
461 487
487 488
487 489
489 490
489 491
458 492
492 493
492 494
457 495
495 496
495 497
497 499
497 500
497 501
456 502
502 503
502 504
504 505
505 506
505 507
504 508
455 509
509 510
510 511
510 512
512 513
512 514
514 515
514 516
516 517
516 518
509 520
520 521
521 522
522 523
523 524
524 525
525 526
526 527
526 528
525 529
529 530
529 531
524 532
523 533
533 534
533 535
535 536
535 537
522 538
538 539
539 540
539 541
538 542
542 543
543 544
543 545
545 546
545 547
542 548
521 549
520 550
550 551
550 552
509 553
553 554
553 555
184 556
556 557
557 558
557 559
559 560
559 561
561 562
561 563
556 564
564 565
565 566
565 567
567 568
568 569
569 570
570 571
570 572
569 573
573 574
573 575
568 576
576 577
576 578
567 579
579 581
581 582
582 583
583 584
583 585
582 586
586 587
586 588
588 589
588 590
581 592
592 593
592 594
594 595
594 596
581 597
597 598
598 599
599 600
599 601
598 602
597 603
603 604
604 605
604 606
603 607
579 608
608 609
609 610
610 611
611 612
612 613
613 614
614 615
614 616
616 617
616 618
613 619
612 620
620 621
621 622
622 623
623 624
623 625
622 626
621 627
620 628
611 629
610 630
630 631
630 632
632 633
632 634
609 636
636 637
637 638
638 639
639 641
639 642
639 643
638 644
637 645
645 647
645 648
645 649
649 651
651 652
652 653
653 654
653 655
652 656
651 657
657 658
657 659
659 660
659 661
649 662
662 663
663 664
663 666
663 667
667 668
667 669
662 670
670 671
670 672
672 673
672 674
649 675
675 676
676 677
676 678
675 679
636 680
680 681
680 682
682 683
683 684
684 685
684 686
686 687
686 688
683 689
689 690
690 691
691 692
691 693
690 696
689 697
682 698
698 699
699 700
700 701
700 702
699 703
703 704
703 705
705 706
705 707
698 708
708 709
709 710
709 711
708 712
609 713
608 714
714 715
715 716
716 717
717 718
717 719
719 720
720 721
720 722
719 723
716 724
724 726
726 727
726 728
724 729
729 730
729 731
731 732
731 733
724 734
734 735
734 736
715 737
737 739
739 740
740 741
740 742
739 743
743 744
744 745
744 746
743 747
737 748
737 749
749 750
749 751
751 752
751 753
714 754
579 755
755 756
756 758
756 759
759 760
759 761
761 762
761 763
756 764
764 765
765 766
766 767
766 768
765 769
769 770
769 771
764 772
772 773
773 774
773 775
772 776
776 777
776 778
778 779
779 780
779 781
778 782
755 783
783 784
784 785
785 786
785 787
784 788
783 789
564 790
790 791
791 792
792 793
793 794
793 795
792 796
791 797
797 798
798 799
798 800
797 802
797 804
797 805
805 806
806 808
806 809
806 810
805 811
790 812
812 813
812 814
814 815
814 816
183 817
817 818
818 819
818 820
817 821
821 822
821 823
182 824
824 825
825 827
825 828
828 829
829 830
830 831
830 832
829 833
833 834
833 835
828 836
825 837
824 838
838 839
839 840
840 842
842 843
843 844
843 845
842 846
840 847
847 848
848 849
849 850
849 851
851 852
851 853
853 854
853 855
848 856
856 857
856 858
847 859
840 860
839 861
861 863
863 864
863 865
861 866
866 867
867 868
867 869
866 870
870 871
870 872
861 874
861 875
838 876
876 877
877 878
878 879
878 880
880 881
880 882
877 883
876 884
884 885
885 886
886 887
886 888
885 889
884 890
890 891
890 892
181 893
893 894
893 895
895 896
896 897
897 898
898 899
899 900
899 902
902 903
902 904
904 905
904 906
899 907
907 908
907 909
898 910
910 913
910 914
914 915
914 916
910 917
917 918
918 919
919 920
919 921
918 922
917 923
910 924
924 925
925 926
925 927
927 928
927 929
924 930
930 931
930 932
897 933
933 934
934 935
934 936
933 937
937 938
937 939
896 940
940 941
941 942
941 943
940 944
895 945
