473
624
624
0 352
346 367
340 180
342 45
343 559
348 102
349 25
606 218
298 183
296 104
297 390
294 571
292 125
293 262
290 241
591 467
592 515
199 259
597 371
596 71
195 521
194 40
197 6
191 265
190 598
193 237
192 81
271 178
272 351
273 171
274 562
275 290
276 60
277 269
278 204
524 463
526 227
527 128
521 21
522 377
523 303
529 492
449 66
448 307
443 592
442 57
440 497
446 37
445 378
108 416
109 570
102 526
103 478
100 100
101 16
106 261
107 381
104 436
105 383
39 340
38 336
33 400
32 434
31 301
30 330
37 458
36 17
35 404
34 602
438 56
439 55
436 189
434 304
435 87
433 248
430 333
431 39
339 292
338 420
334 573
336 297
331 550
330 535
333 495
345 530
6 278
98 62
91 286
90 36
93 49
92 358
94 185
97 406
96 85
559 581
555 361
557 412
550 500
553 623
552 322
239 465
234 243
235 555
236 76
237 342
230 226
232 411
146 505
147 126
144 33
619 392
143 82
141 195
612 424
611 221
616 106
149 215
623 239
622 84
133 474
132 152
130 134
498 153
136 334
134 568
494 388
495 223
139 309
138 267
490 129
491 273
492 184
493 260
25 282
26 329
27 165
20 372
21 442
23 186
28 264
407 445
406 58
404 438
403 296
402 144
401 397
400 35
408 80
379 213
378 31
371 482
370 119
373 2
372 331
375 268
374 429
377 362
376 94
618 407
393 47
392 314
88 224
390 193
397 457
396 537
395 440
394 607
82 26
80 547
81 93
86 97
87 597
84 357
85 133
7 611
607 615
586 384
587 589
584 604
582 586
583 560
580 28
581 448
589 294
244 459
247 101
246 339
241 469
240 542
243 587
615 506
249 277
248 283
519 123
518 451
511 181
512 529
515 533
514 493
517 320
458 449
459 199
621 414
451 563
452 112
455 13
457 477
179 61
178 52
176 553
174 435
172 576
171 127
170 7
183 197
180 115
181 212
186 462
187 247
184 53
185 174
189 169
11 564
10 403
13 391
14 256
17 18
16 402
18 422
62 147
322 396
320 345
321 368
326 569
327 490
324 136
325 350
328 187
329 96
201 311
200 374
203 166
202 353
204 121
207 561
209 105
76 408
75 511
74 443
71 487
70 428
78 0
2 139
542 583
541 74
547 63
544 514
548 280
598 319
121 44
122 616
123 162
124 423
125 86
126 122
127 519
128 376
129 116
414 306
415 508
416 209
417 485
410 14
411 103
412 274
413 509
419 210
319 552
318 34
313 606
311 246
310 271
316 68
315 517
314 431
497 524
3 46
368 395
366 98
367 484
364 108
365 41
362 315
363 287
361 159
380 393
381 582
382 584
383 3
384 228
385 574
386 327
387 410
388 192
389 379
579 30
578 67
573 235
572 618
571 401
570 567
577 621
576 579
574 536
60 600
61 124
258 149
259 170
64 366
66 346
67 544
252 50
601 141
251 257
256 489
257 146
254 475
255 399
508 109
509 313
506 216
505 92
502 316
503 596
500 356
469 229
465 455
467 232
460 288
463 498
462 90
169 439
164 9
165 78
166 491
167 427
160 580
161 176
162 430
9 413
357 452
356 518
355 446
353 5
352 161
351 157
350 359
359 522
358 310
216 160
214 349
215 373
212 194
213 91
210 200
218 219
219 417
288 107
4 64
280 370
283 481
282 202
284 302
287 541
286 494
263 433
262 10
261 70
260 318
267 365
265 548
264 460
269 130
268 338
58 324
55 472
57 609
56 415
50 251
53 48
52 300
537 601
536 236
535 240
63 258
533 172
532 385
530 375
115 164
68 276
117 619
116 293
110 117
113 220
112 88
119 263
429 214
428 23
420 577
423 167
422 252
425 532
424 343
427 155
309 348
300 254
301 527
302 110
303 471
304 321
306 578
307 591
568 20
569 565
560 191
561 255
562 364
563 566
564 363
565 230
566 386
567 203
229 419
228 207
227 275
226 132
224 325
223 326
221 179
220 387
391 43
604 502
153 244
152 190
155 382
600 138
157 38
602 249
159 272
609 143
399 328
48 512
49 201
46 32
47 380
44 572
45 389
43 234
40 298
41 425
5 75
489 27
487 394
485 523
484 113
482 355
481 612
472 284
471 557
477 622
474 11
475 4
478 503
426 344
1 0
347 346
354 347
341 340
360 341
341 342
344 343
347 348
350 349
599 595
605 606
599 594
620 619
299 298
305 299
295 296
295 297
295 294
373 295
291 292
373 293
291 290
312 291
590 591
620 590
594 593
593 592
198 199
233 198
595 597
595 596
196 195
193 194
196 197
208 196
206 191
188 190
205 193
191 192
274 270
270 271
270 272
354 273
279 274
274 275
274 276
274 277
279 278
312 279
525 524
595 525
525 526
528 527
595 520
520 521
520 522
520 523
608 599
545 528
528 529
450 449
447 448
444 443
441 442
454 441
441 440
456 447
447 446
444 445
453 444
104 108
104 109
104 102
102 103
99 100
102 101
104 106
104 107
118 104
104 105
36 39
36 38
29 33
29 32
29 31
29 30
36 37
87 36
36 35
29 34
437 438
437 439
437 436
454 437
435 434
450 435
453 432
432 433
429 430
432 431
337 339
337 338
347 335
335 334
398 337
335 336
332 331
531 330
332 333
531 332
344 345
5 6
104 99
99 98
89 91
89 90
89 93
89 92
104 95
95 94
95 97
95 96
558 559
585 558
556 555
556 554
558 557
558 556
554 551
551 550
554 553
551 552
255 238
238 239
233 234
233 235
233 236
238 237
231 230
233 231
233 232
255 233
11 1
620 614
145 146
148 147
145 144
151 145
150 142
142 143
148 140
142 141
613 612
617 613
620 610
610 611
617 616
620 617
154 148
150 149
624 623
620 622
137 133
131 132
133 131
131 130
140 137
135 136
137 135
135 134
488 494
496 495
140 139
137 138
488 490
488 491
488 492
488 493
42 24
24 25
24 26
36 27
19 20
22 21
42 22
22 23
27 28
36 29
405 407
405 406
426 405
402 404
402 403
405 402
398 401
398 400
531 409
409 408
373 379
373 378
369 371
369 370
531 373
373 372
373 375
373 374
373 377
373 376
617 618
373 393
373 392
87 88
102 89
398 397
373 396
373 395
373 394
83 82
104 83
79 80
79 81
87 86
102 87
83 84
83 85
8 7
599 601
608 607
585 586
588 587
578 584
590 585
578 582
578 583
578 580
578 581
593 588
588 589
332 245
245 244
245 247
245 246
242 241
238 240
242 243
293 242
614 615
250 249
245 248
520 519
519 518
510 511
578 510
535 513
513 512
516 515
513 514
516 517
534 516
456 458
456 459
620 621
624 620
456 450
450 451
450 452
456 453
456 454
456 455
464 456
456 457
180 179
177 178
188 177
175 176
245 175
173 174
177 173
173 172
168 171
168 170
255 253
205 182
182 183
198 180
180 181
198 186
188 187
182 184
186 185
231 188
188 189
29 11
24 10
12 13
79 12
72 15
15 14
15 17
15 16
62 19
19 18
95 62
323 322
350 323
317 320
317 321
325 326
337 327
323 324
350 325
327 328
330 329
198 201
198 200
198 203
198 202
211 205
198 204
206 207
211 206
208 209
231 208
87 77
77 76
74 75
102 74
79 73
79 72
72 71
69 70
118 79
77 78
1 2
543 542
545 543
546 540
540 541
549 546
546 547
543 544
549 545
42 8
546 548
551 549
69 68
599 598
131 120
120 121
120 122
120 123
120 124
120 125
120 126
120 127
120 128
120 129
426 414
426 415
415 416
418 417
409 410
561 411
411 412
414 413
499 498
561 418
418 419
504 499
317 319
317 318
314 313
337 312
354 311
311 310
373 317
317 316
314 315
354 314
503 496
496 497
4 3
369 368
421 369
409 366
366 367
363 364
363 365
363 362
373 363
373 360
360 361
373 380
373 381
373 382
373 383
373 384
373 385
373 386
373 387
373 388
373 389
620 605
578 579
603 578
605 604
561 573
561 572
561 571
561 570
578 577
575 576
594 575
575 574
59 60
59 61
255 258
255 259
65 64
104 65
65 66
65 67
253 252
73 69
255 250
250 251
255 256
255 257
255 254
266 255
614 603
603 602
507 508
510 509
507 506
525 507
534 504
504 505
501 502
504 503
501 500
504 501
470 469
488 468
466 465
466 464
468 467
468 466
464 461
461 460
461 463
461 462
211 168
168 169
163 164
166 165
182 166
168 167
158 160
158 161
163 162
175 163
599 600
10 9
354 357
354 356
354 355
373 354
350 353
350 352
350 351
358 350
358 359
531 358
217 216
255 217
211 214
211 215
211 212
211 213
211 210
255 211
217 218
225 219
350 289
289 288
12 4
289 281
281 280
281 283
281 282
337 285
285 284
285 287
285 286
255 263
255 262
255 261
255 260
268 267
273 266
266 265
255 264
270 269
274 268
73 59
59 58
54 55
89 54
54 57
54 56
87 51
51 50
54 53
51 52
538 537
535 536
540 535
62 63
531 533
531 532
539 531
531 530
549 539
539 538
114 115
120 114
118 117
114 116
120 111
111 110
114 113
111 112
120 119
120 118
447 429
426 428
538 534
561 421
421 420
421 423
421 422
426 425
421 424
426 427
561 426
531 308
308 309
299 300
299 301
317 302
302 303
305 304
373 305
305 306
308 307
561 568
561 569
561 560
585 561
561 562
561 563
561 564
561 565
561 566
561 567
255 229
229 228
253 227
227 226
255 225
225 224
222 223
233 222
222 221
219 220
373 391
373 390
158 151
156 150
154 153
151 152
154 155
158 154
156 157
158 156
158 159
163 158
610 609
613 608
398 399
531 398
42 48
42 49
42 46
42 47
42 44
42 45
77 42
42 43
36 40
36 41
8 5
488 489
499 488
486 487
488 486
483 485
483 484
488 483
483 482
480 481
488 480
473 472
480 473
479 470
470 471
488 476
476 477
473 474
476 475
479 478
486 479
