473
624
624
0 602
346 442
340 262
342 512
343 440
348 548
349 521
606 389
298 300
296 190
297 601
294 411
292 514
293 555
290 58
591 577
592 586
199 365
597 117
596 170
195 604
194 17
197 159
191 559
190 333
193 315
192 212
271 272
272 216
273 74
274 484
275 367
276 563
277 122
278 243
524 9
526 417
527 557
521 596
522 298
523 357
529 518
449 436
448 370
443 237
442 494
440 373
446 564
445 469
108 331
109 462
102 570
103 203
100 397
101 186
106 438
107 424
104 388
105 126
39 342
38 328
33 200
32 263
31 582
30 273
37 467
36 271
35 241
34 529
438 246
439 415
436 53
434 108
435 267
433 48
430 251
431 338
339 314
338 502
334 580
336 526
331 70
330 541
333 153
345 157
6 325
98 44
91 584
90 27
93 542
92 277
94 232
97 527
96 201
559 269
555 194
557 166
550 307
553 430
552 115
239 358
234 408
235 236
236 359
237 356
230 425
232 327
146 572
147 471
144 474
619 515
143 162
141 553
612 363
611 485
616 431
149 374
623 189
622 258
133 37
132 463
130 349
498 227
136 413
134 449
494 482
495 134
139 565
138 155
490 229
491 544
492 566
493 302
25 209
26 164
27 66
20 278
21 106
23 321
28 10
407 35
406 448
404 384
403 52
402 265
401 33
400 210
408 172
379 147
378 422
371 435
370 506
373 87
372 445
375 129
374 550
377 392
376 260
618 346
393 404
392 491
88 293
390 226
397 443
396 423
395 434
394 364
82 185
80 180
81 532
86 583
87 128
84 394
85 618
7 581
607 304
586 224
587 178
584 249
582 576
583 81
580 536
581 362
589 306
244 55
247 535
246 92
241 403
240 310
243 324
615 202
249 96
248 391
519 387
518 623
511 280
512 382
515 130
514 420
517 244
458 439
459 218
621 110
451 569
452 195
455 50
457 621
179 451
178 326
176 455
174 93
172 587
171 248
170 67
183 533
180 407
181 165
186 167
187 574
184 136
185 406
189 160
11 589
10 144
13 492
14 345
17 32
16 97
18 132
62 390
322 343
320 103
321 552
326 334
327 611
324 221
325 20
328 353
329 283
201 303
200 500
203 213
202 199
204 80
207 181
209 400
76 301
75 34
74 493
71 380
70 219
78 71
2 235
542 220
541 522
547 176
544 3
548 465
598 152
121 487
122 509
123 433
124 215
125 505
126 141
127 85
128 478
129 537
414 76
415 371
416 39
417 40
410 56
411 598
412 286
413 340
419 460
319 311
318 78
313 616
311 490
310 127
316 567
315 187
314 257
497 386
3 100
368 495
366 609
367 197
364 511
365 573
362 562
363 578
361 377
380 109
381 368
382 234
383 91
384 322
385 4
386 7
387 41
388 112
389 192
579 191
578 47
573 459
572 622
571 503
570 133
577 416
576 207
574 90
60 330
61 28
258 18
259 402
64 214
66 239
67 579
252 401
601 171
251 105
256 615
257 86
254 383
255 179
508 414
509 316
506 61
505 75
502 366
503 385
500 276
469 138
465 336
467 313
460 399
463 597
462 508
169 252
164 606
165 376
166 161
167 121
160 46
161 123
162 457
9 475
357 361
356 45
355 2
353 5
352 393
351 57
350 275
359 261
358 524
216 607
214 288
215 259
212 410
213 350
210 88
218 174
219 498
288 31
4 169
280 102
283 274
282 21
284 561
287 64
286 255
263 419
262 381
261 183
260 38
267 60
265 591
264 297
269 124
268 240
58 612
55 247
57 228
56 292
50 412
53 523
52 571
537 62
536 329
535 477
63 104
533 256
532 14
530 517
115 378
68 16
117 68
116 268
110 547
113 230
112 43
119 395
429 355
428 600
420 318
423 30
422 13
425 427
424 348
427 351
309 497
300 290
301 282
302 446
303 26
304 284
306 82
307 94
568 113
569 223
560 193
561 264
562 125
563 6
564 107
565 98
566 149
567 429
229 143
228 489
227 25
226 294
224 287
223 568
221 372
220 619
391 23
604 592
153 560
152 352
155 49
600 530
157 375
602 146
159 428
609 339
399 481
48 63
49 204
46 458
47 319
44 36
45 296
43 320
40 472
41 116
5 139
489 396
487 11
485 452
484 379
482 184
481 84
472 119
471 0
477 309
474 254
475 519
478 101
426 344
1 0
347 346
354 347
341 340
360 341
341 342
344 343
347 348
350 349
599 595
605 606
599 594
620 619
299 298
305 299
295 296
295 297
295 294
373 295
291 292
373 293
291 290
312 291
590 591
620 590
594 593
593 592
198 199
233 198
595 597
595 596
196 195
193 194
196 197
208 196
206 191
188 190
205 193
191 192
274 270
270 271
270 272
354 273
279 274
274 275
274 276
274 277
279 278
312 279
525 524
595 525
525 526
528 527
595 520
520 521
520 522
520 523
608 599
545 528
528 529
450 449
447 448
444 443
441 442
454 441
441 440
456 447
447 446
444 445
453 444
104 108
104 109
104 102
102 103
99 100
102 101
104 106
104 107
118 104
104 105
36 39
36 38
29 33
29 32
29 31
29 30
36 37
87 36
36 35
29 34
437 438
437 439
437 436
454 437
435 434
450 435
453 432
432 433
429 430
432 431
337 339
337 338
347 335
335 334
398 337
335 336
332 331
531 330
332 333
531 332
344 345
5 6
104 99
99 98
89 91
89 90
89 93
89 92
104 95
95 94
95 97
95 96
558 559
585 558
556 555
556 554
558 557
558 556
554 551
551 550
554 553
551 552
255 238
238 239
233 234
233 235
233 236
238 237
231 230
233 231
233 232
255 233
11 1
620 614
145 146
148 147
145 144
151 145
150 142
142 143
148 140
142 141
613 612
617 613
620 610
610 611
617 616
620 617
154 148
150 149
624 623
620 622
137 133
131 132
133 131
131 130
140 137
135 136
137 135
135 134
488 494
496 495
140 139
137 138
488 490
488 491
488 492
488 493
42 24
24 25
24 26
36 27
19 20
22 21
42 22
22 23
27 28
36 29
405 407
405 406
426 405
402 404
402 403
405 402
398 401
398 400
531 409
409 408
373 379
373 378
369 371
369 370
531 373
373 372
373 375
373 374
373 377
373 376
617 618
373 393
373 392
87 88
102 89
398 397
373 396
373 395
373 394
83 82
104 83
79 80
79 81
87 86
102 87
83 84
83 85
8 7
599 601
608 607
585 586
588 587
578 584
590 585
578 582
578 583
578 580
578 581
593 588
588 589
332 245
245 244
245 247
245 246
242 241
238 240
242 243
293 242
614 615
250 249
245 248
520 519
519 518
510 511
578 510
535 513
513 512
516 515
513 514
516 517
534 516
456 458
456 459
620 621
624 620
456 450
450 451
450 452
456 453
456 454
456 455
464 456
456 457
180 179
177 178
188 177
175 176
245 175
173 174
177 173
173 172
168 171
168 170
255 253
205 182
182 183
198 180
180 181
198 186
188 187
182 184
186 185
231 188
188 189
29 11
24 10
12 13
79 12
72 15
15 14
15 17
15 16
62 19
19 18
95 62
323 322
350 323
317 320
317 321
325 326
337 327
323 324
350 325
327 328
330 329
198 201
198 200
198 203
198 202
211 205
198 204
206 207
211 206
208 209
231 208
87 77
77 76
74 75
102 74
79 73
79 72
72 71
69 70
118 79
77 78
1 2
543 542
545 543
546 540
540 541
549 546
546 547
543 544
549 545
42 8
546 548
551 549
69 68
599 598
131 120
120 121
120 122
120 123
120 124
120 125
120 126
120 127
120 128
120 129
426 414
426 415
415 416
418 417
409 410
561 411
411 412
414 413
499 498
561 418
418 419
504 499
317 319
317 318
314 313
337 312
354 311
311 310
373 317
317 316
314 315
354 314
503 496
496 497
4 3
369 368
421 369
409 366
366 367
363 364
363 365
363 362
373 363
373 360
360 361
373 380
373 381
373 382
373 383
373 384
373 385
373 386
373 387
373 388
373 389
620 605
578 579
603 578
605 604
561 573
561 572
561 571
561 570
578 577
575 576
594 575
575 574
59 60
59 61
255 258
255 259
65 64
104 65
65 66
65 67
253 252
73 69
255 250
250 251
255 256
255 257
255 254
266 255
614 603
603 602
507 508
510 509
507 506
525 507
534 504
504 505
501 502
504 503
501 500
504 501
470 469
488 468
466 465
466 464
468 467
468 466
464 461
461 460
461 463
461 462
211 168
168 169
163 164
166 165
182 166
168 167
158 160
158 161
163 162
175 163
599 600
10 9
354 357
354 356
354 355
373 354
350 353
350 352
350 351
358 350
358 359
531 358
217 216
255 217
211 214
211 215
211 212
211 213
211 210
255 211
217 218
225 219
350 289
289 288
12 4
289 281
281 280
281 283
281 282
337 285
285 284
285 287
285 286
255 263
255 262
255 261
255 260
268 267
273 266
266 265
255 264
270 269
274 268
73 59
59 58
54 55
89 54
54 57
54 56
87 51
51 50
54 53
51 52
538 537
535 536
540 535
62 63
531 533
531 532
539 531
531 530
549 539
539 538
114 115
120 114
118 117
114 116
120 111
111 110
114 113
111 112
120 119
120 118
447 429
426 428
538 534
561 421
421 420
421 423
421 422
426 425
421 424
426 427
561 426
531 308
308 309
299 300
299 301
317 302
302 303
305 304
373 305
305 306
308 307
561 568
561 569
561 560
585 561
561 562
561 563
561 564
561 565
561 566
561 567
255 229
229 228
253 227
227 226
255 225
225 224
222 223
233 222
222 221
219 220
373 391
373 390
158 151
156 150
154 153
151 152
154 155
158 154
156 157
158 156
158 159
163 158
610 609
613 608
398 399
531 398
42 48
42 49
42 46
42 47
42 44
42 45
77 42
42 43
36 40
36 41
8 5
488 489
499 488
486 487
488 486
483 485
483 484
488 483
483 482
480 481
488 480
473 472
480 473
479 470
470 471
488 476
476 477
473 474
476 475
479 478
486 479
