473
668
0
615 3
619 5
616 6
611 10
618 12
607 14
600 18
596 22
506 21
524 25
526 26
521 28
523 30
522 32
518 34
519 33
598 37
612 39
597 38
587 45
589 47
576 49
574 50
592 51
508 52
601 53
602 55
622 56
621 58
609 60
623 63
584 65
580 69
579 70
578 66
509 76
582 77
581 79
511 80
583 81
577 82
606 85
604 86
591 88
572 92
562 93
564 100
568 101
571 103
566 105
573 104
561 94
569 111
567 112
413 116
414 115
415 119
416 121
427 122
407 126
406 128
403 130
404 132
402 129
425 134
428 136
345 138
343 139
560 142
563 143
419 145
417 147
422 151
423 152
420 154
368 156
371 158
370 159
424 160
411 162
412 164
565 165
570 166
586 168
559 170
557 172
555 174
553 176
550 178
552 180
517 185
515 186
537 187
500 190
502 191
505 194
498 196
485 201
482 202
493 204
489 206
481 210
494 211
491 216
472 218
467 220
465 222
463 224
462 227
460 228
459 231
455 232
431 235
443 238
445 239
433 240
430 245
429 244
448 248
446 249
435 251
434 253
449 255
452 257
451 258
457 261
458 262
442 265
440 266
438 268
439 270
436 271
484 272
471 273
477 274
475 276
469 278
478 280
474 281
492 283
490 284
487 285
503 286
497 289
495 290
548 293
547 295
541 297
536 299
535 298
514 303
512 304
529 308
527 309
542 311
544 312
532 314
309 318
307 319
367 324
366 323
408 327
410 328
363 331
364 337
394 339
342 342
340 343
304 345
306 347
300 349
298 351
301 352
391 355
362 356
365 357
384 359
315 361
356 363
313 367
321 370
355 371
302 374
303 376
320 377
319 379
334 384
346 385
336 387
348 388
316 389
318 390
296 393
297 395
294 396
310 399
311 398
357 401
314 360
374 407
393 409
375 410
380 414
385 415
372 416
373 403
396 422
379 423
378 425
361 428
387 426
273 430
224 440
220 442
219 441
201 447
202 451
204 452
200 453
179 457
185 459
186 460
180 455
181 463
199 465
203 466
249 468
252 469
259 470
254 472
258 473
255 433
261 477
234 481
209 484
197 485
195 487
187 491
189 492
190 494
178 496
172 498
174 499
230 500
236 502
235 504
232 505
221 507
223 508
216 510
226 512
227 511
262 517
263 521
251 522
237 524
260 525
264 526
256 527
228 531
229 530
218 534
257 535
192 540
191 539
215 543
213 545
212 547
210 548
167 553
169 555
170 556
171 557
207 558
214 559
194 562
193 561
183 565
184 567
166 568
165 570
239 572
240 573
265 574
392 577
395 578
381 580
390 582
293 584
241 587
243 588
377 589
376 592
389 593
383 595
382 597
388 598
386 599
533 601
359 603
351 609
352 610
353 614
288 616
283 618
280 620
282 621
324 623
322 624
350 606
325 626
326 628
349 629
358 602
330 631
401 633
397 635
399 638
339 641
327 643
328 645
338 647
292 650
290 651
278 653
272 658
269 660
277 662
271 661
267 666
268 665
275 668
274 654
276 670
286 672
287 674
284 675
400 676
329 678
530 680
331 682
333 684
248 687
247 688
244 690
246 692
176 694
164 696
162 698
161 700
160 702
152 705
144 707
146 708
159 710
155 713
153 712
147 716
134 718
139 721
157 725
149 726
141 727
143 728
138 730
136 732
133 733
130 736
132 738
112 744
110 745
113 747
115 748
129 750
121 752
116 754
126 756
122 757
123 759
127 761
124 763
128 765
119 766
117 769
125 770
70 776
68 777
61 779
58 781
60 782
80 784
71 786
81 787
14 790
16 792
17 793
13 795
4 796
3 798
106 800
105 803
62 805
63 808
96 809
97 812
94 813
18 815
20 816
104 799
66 822
64 824
67 825
107 826
84 830
85 832
82 833
98 835
100 836
109 839
108 840
101 842
93 847
57 850
91 852
53 855
56 856
55 857
90 859
92 860
75 862
74 861
50 864
102 841
103 868
52 870
88 872
87 869
78 877
76 879
47 881
43 886
45 887
7 890
5 891
6 893
49 894
26 897
25 899
10 900
9 902
21 905
23 906
46 907
44 909
48 910
86 912
41 914
38 916
37 920
28 922
27 921
36 913
35 926
39 929
32 931
33 932
30 934
31 936
11 937
40 941
34 942
2 944
0 945
0 1
1 2
2 3
2 5
2 6
1 10
1 11
11 12
11 13
13 14
13 15
15 18
15 19
19 20
20 21
21 22
20 25
20 26
19 27
27 28
27 29
29 30
29 32
29 33
33 34
15 37
15 38
38 39
15 41
41 43
43 45
43 46
46 47
46 48
48 49
48 50
43 51
41 52
41 53
1 55
1 56
1 57
57 58
57 60
57 61
61 63
61 64
64 65
64 66
66 69
66 70
66 73
73 76
73 77
73 79
73 80
73 81
66 82
61 84
84 85
84 86
61 87
87 88
87 89
89 90
90 91
91 92
91 93
90 94
94 100
94 101
94 103
94 104
104 105
94 110
110 111
110 112
94 113
113 115
115 116
113 119
119 121
113 122
113 124
124 125
125 126
125 128
125 129
129 130
129 132
124 134
113 135
135 136
135 137
137 138
137 139
94 142
94 143
94 145
145 147
94 148
148 151
148 152
148 154
148 155
155 156
155 158
155 159
148 160
94 162
162 164
94 165
94 166
89 167
167 168
167 169
169 170
169 172
169 173
173 174
173 175
175 176
175 177
177 178
177 180
177 181
181 182
182 183
183 184
184 185
184 186
183 187
182 188
188 189
189 190
189 191
188 194
188 195
195 196
195 197
197 200
200 201
200 202
197 203
203 204
203 206
203 207
207 209
209 210
209 211
207 212
212 213
213 214
214 215
215 216
215 217
217 218
217 219
219 220
219 221
221 222
221 223
223 224
223 226
226 227
226 228
223 229
229 230
230 231
230 232
229 233
233 234
234 235
234 237
237 238
237 239
234 240
233 243
243 244
244 245
243 248
243 249
233 250
250 251
251 253
250 255
250 257
250 258
233 260
260 261
260 262
233 263
263 264
264 265
264 266
263 267
267 268
267 270
267 271
214 272
213 273
212 274
207 275
275 276
275 278
275 279
279 280
279 281
197 283
197 284
197 285
188 286
286 288
288 289
288 290
181 291
291 292
292 293
292 294
294 295
294 296
296 297
296 298
298 299
298 302
302 303
302 304
291 305
305 306
306 307
307 308
307 309
306 310
310 311
310 312
305 313
313 314
313 316
316 317
317 318
317 319
316 322
322 323
323 324
322 327
322 328
316 329
329 331
331 337
331 339
331 340
340 341
341 342
341 343
340 344
344 345
344 347
344 348
348 349
348 351
348 352
331 355
331 356
331 357
331 359
331 360
360 361
361 363
360 367
360 368
368 369
369 370
369 371
368 374
374 376
368 377
368 379
368 380
380 381
381 382
382 383
383 384
383 385
382 387
382 388
381 389
380 390
360 392
392 393
392 395
392 396
360 397
397 398
398 399
397 401
331 403
403 407
403 408
408 409
408 410
403 414
403 415
403 416
403 422
403 423
403 425
403 426
426 428
426 430
430 432
432 433
433 439
439 440
439 441
441 442
433 444
444 446
446 447
446 450
450 451
450 452
446 453
446 455
455 456
456 457
456 458
458 459
458 460
455 463
446 464
464 465
464 466
444 467
467 468
467 469
444 470
433 472
433 473
433 477
433 478
478 481
478 482
482 483
483 484
483 485
485 487
482 489
489 490
490 491
490 492
489 493
493 494
493 496
493 497
497 498
497 499
482 500
478 502
478 503
503 504
503 505
478 506
506 507
506 508
433 510
433 511
511 512
433 517
433 518
518 521
518 522
518 524
518 525
518 526
433 527
433 529
529 530
530 531
529 533
533 534
533 535
433 536
536 539
539 540
536 542
542 543
542 545
542 547
542 548
536 550
550 551
551 553
551 554
554 555
554 556
551 557
550 558
536 559
536 560
560 561
561 562
560 564
564 565
564 567
564 568
568 570
433 571
571 572
571 573
432 574
403 577
403 578
403 580
403 581
581 582
581 584
584 586
586 587
586 588
581 589
403 592
403 593
403 595
403 596
596 597
596 598
403 599
329 601
329 602
602 603
602 606
606 609
606 610
606 613
613 614
613 615
615 616
615 617
617 618
617 620
617 621
606 622
622 623
622 624
606 626
626 628
602 629
329 631
316 632
632 633
632 635
632 638
632 639
639 640
640 641
640 643
643 645
640 647
640 648
648 649
649 650
649 651
648 652
652 653
652 654
654 657
657 658
657 660
657 661
661 662
654 665
665 666
654 668
654 670
639 671
671 672
671 674
671 675
632 676
313 677
677 678
677 680
677 681
681 682
681 684
681 685
685 686
686 687
686 688
685 690
685 691
691 692
691 693
693 694
693 696
693 698
693 699
699 700
699 702
699 704
704 705
704 706
706 707
706 708
699 710
699 711
711 712
712 713
711 715
715 716
715 717
717 718
717 721
717 722
722 723
723 724
724 725
724 726
723 727
722 728
717 729
729 730
729 732
729 733
733 735
735 736
735 738
735 739
739 743
743 744
743 745
739 746
746 747
746 748
739 749
749 750
749 752
749 754
749 755
755 756
755 757
739 759
739 760
760 761
760 763
760 765
760 766
739 768
768 769
768 770
739 771
771 772
772 773
773 774
774 775
775 776
775 777
774 778
778 779
778 780
780 781
780 782
773 783
783 784
783 786
783 787
772 789
789 790
789 792
789 793
772 794
794 795
794 796
796 798
771 799
799 800
799 803
799 804
804 805
804 808
804 809
804 811
811 812
811 813
804 814
814 815
814 816
799 821
821 822
821 824
821 825
799 826
799 829
829 830
829 832
829 833
799 834
834 835
834 836
799 838
838 839
838 840
799 841
841 842
841 845
845 847
845 849
849 850
850 852
849 854
854 855
854 856
849 857
845 859
845 860
845 861
861 862
841 864
841 868
841 869
869 870
869 872
869 876
876 877
876 879
876 880
880 881
880 886
880 887
880 889
889 890
889 891
891 893
880 894
880 896
896 897
896 899
896 900
900 902
880 904
904 905
904 906
880 907
880 909
880 910
869 911
911 912
911 913
913 914
913 916
913 920
913 921
921 922
913 926
913 927
927 928
928 929
928 931
928 932
927 934
927 936
927 937
937 939
939 940
940 941
940 942
939 944
939 945
