473
624
624
0 0
346 346
340 340
342 342
343 343
348 348
349 349
606 606
298 298
296 296
297 297
294 294
292 292
293 293
290 290
591 591
592 592
199 199
597 597
596 596
195 195
194 194
197 197
191 191
190 190
193 193
192 192
271 271
272 272
273 273
274 274
275 275
276 276
277 277
278 278
524 524
526 526
527 527
521 521
522 522
523 523
529 529
449 449
448 448
443 443
442 442
440 440
446 446
445 445
108 108
109 109
102 102
103 103
100 100
101 101
106 106
107 107
104 104
105 105
39 39
38 38
33 33
32 32
31 31
30 30
37 37
36 36
35 35
34 34
438 438
439 439
436 436
434 434
435 435
433 433
430 430
431 431
339 339
338 338
334 334
336 336
331 331
330 330
333 333
345 345
6 6
98 98
91 91
90 90
93 93
92 92
94 94
97 97
96 96
559 559
555 555
557 557
550 550
553 553
552 552
239 239
234 234
235 235
236 236
237 237
230 230
232 232
146 146
147 147
144 144
619 619
143 143
141 141
612 612
611 611
616 616
149 149
623 623
622 622
133 133
132 132
130 130
498 498
136 136
134 134
494 494
495 495
139 139
138 138
490 490
491 491
492 492
493 493
25 25
26 26
27 27
20 20
21 21
23 23
28 28
407 407
406 406
404 404
403 403
402 402
401 401
400 400
408 408
379 379
378 378
371 371
370 370
373 373
372 372
375 375
374 374
377 377
376 376
618 618
393 393
392 392
88 88
390 390
397 397
396 396
395 395
394 394
82 82
80 80
81 81
86 86
87 87
84 84
85 85
7 7
607 607
586 586
587 587
584 584
582 582
583 583
580 580
581 581
589 589
244 244
247 247
246 246
241 241
240 240
243 243
615 615
249 249
248 248
519 519
518 518
511 511
512 512
515 515
514 514
517 517
458 458
459 459
621 621
451 451
452 452
455 455
457 457
179 179
178 178
176 176
174 174
172 172
171 171
170 170
183 183
180 180
181 181
186 186
187 187
184 184
185 185
189 189
11 11
10 10
13 13
14 14
17 17
16 16
18 18
62 62
322 322
320 320
321 321
326 326
327 327
324 324
325 325
328 328
329 329
201 201
200 200
203 203
202 202
204 204
207 207
209 209
76 76
75 75
74 74
71 71
70 70
78 78
2 2
542 542
541 541
547 547
544 544
548 548
598 598
121 121
122 122
123 123
124 124
125 125
126 126
127 127
128 128
129 129
414 414
415 415
416 416
417 417
410 410
411 411
412 412
413 413
419 419
319 319
318 318
313 313
311 311
310 310
316 316
315 315
314 314
497 497
3 3
368 368
366 366
367 367
364 364
365 365
362 362
363 363
361 361
380 380
381 381
382 382
383 383
384 384
385 385
386 386
387 387
388 388
389 389
579 579
578 578
573 573
572 572
571 571
570 570
577 577
576 576
574 574
60 60
61 61
258 258
259 259
64 64
66 66
67 67
252 252
601 601
251 251
256 256
257 257
254 254
255 255
508 508
509 509
506 506
505 505
502 502
503 503
500 500
469 469
465 465
467 467
460 460
463 463
462 462
169 169
164 164
165 165
166 166
167 167
160 160
161 161
162 162
9 9
357 357
356 356
355 355
353 353
352 352
351 351
350 350
359 359
358 358
216 216
214 214
215 215
212 212
213 213
210 210
218 218
219 219
288 288
4 4
280 280
283 283
282 282
284 284
287 287
286 286
263 263
262 262
261 261
260 260
267 267
265 265
264 264
269 269
268 268
58 58
55 55
57 57
56 56
50 50
53 53
52 52
537 537
536 536
535 535
63 63
533 533
532 532
530 530
115 115
68 68
117 117
116 116
110 110
113 113
112 112
119 119
429 429
428 428
420 420
423 423
422 422
425 425
424 424
427 427
309 309
300 300
301 301
302 302
303 303
304 304
306 306
307 307
568 568
569 569
560 560
561 561
562 562
563 563
564 564
565 565
566 566
567 567
229 229
228 228
227 227
226 226
224 224
223 223
221 221
220 220
391 391
604 604
153 153
152 152
155 155
600 600
157 157
602 602
159 159
609 609
399 399
48 48
49 49
46 46
47 47
44 44
45 45
43 43
40 40
41 41
5 5
489 489
487 487
485 485
484 484
482 482
481 481
472 472
471 471
477 477
474 474
475 475
478 478
426 344
1 0
347 346
354 347
341 340
360 341
341 342
344 343
347 348
350 349
599 595
605 606
599 594
620 619
299 298
305 299
295 296
295 297
295 294
373 295
291 292
373 293
291 290
312 291
590 591
620 590
594 593
593 592
198 199
233 198
595 597
595 596
196 195
193 194
196 197
208 196
206 191
188 190
205 193
191 192
274 270
270 271
270 272
354 273
279 274
274 275
274 276
274 277
279 278
312 279
525 524
595 525
525 526
528 527
595 520
520 521
520 522
520 523
608 599
545 528
528 529
450 449
447 448
444 443
441 442
454 441
441 440
456 447
447 446
444 445
453 444
104 108
104 109
104 102
102 103
99 100
102 101
104 106
104 107
118 104
104 105
36 39
36 38
29 33
29 32
29 31
29 30
36 37
87 36
36 35
29 34
437 438
437 439
437 436
454 437
435 434
450 435
453 432
432 433
429 430
432 431
337 339
337 338
347 335
335 334
398 337
335 336
332 331
531 330
332 333
531 332
344 345
5 6
104 99
99 98
89 91
89 90
89 93
89 92
104 95
95 94
95 97
95 96
558 559
585 558
556 555
556 554
558 557
558 556
554 551
551 550
554 553
551 552
255 238
238 239
233 234
233 235
233 236
238 237
231 230
233 231
233 232
255 233
11 1
620 614
145 146
148 147
145 144
151 145
150 142
142 143
148 140
142 141
613 612
617 613
620 610
610 611
617 616
620 617
154 148
150 149
624 623
620 622
137 133
131 132
133 131
131 130
140 137
135 136
137 135
135 134
488 494
496 495
140 139
137 138
488 490
488 491
488 492
488 493
42 24
24 25
24 26
36 27
19 20
22 21
42 22
22 23
27 28
36 29
405 407
405 406
426 405
402 404
402 403
405 402
398 401
398 400
531 409
409 408
373 379
373 378
369 371
369 370
531 373
373 372
373 375
373 374
373 377
373 376
617 618
373 393
373 392
87 88
102 89
398 397
373 396
373 395
373 394
83 82
104 83
79 80
79 81
87 86
102 87
83 84
83 85
8 7
599 601
608 607
585 586
588 587
578 584
590 585
578 582
578 583
578 580
578 581
593 588
588 589
332 245
245 244
245 247
245 246
242 241
238 240
242 243
293 242
614 615
250 249
245 248
520 519
519 518
510 511
578 510
535 513
513 512
516 515
513 514
516 517
534 516
456 458
456 459
620 621
624 620
456 450
450 451
450 452
456 453
456 454
456 455
464 456
456 457
180 179
177 178
188 177
175 176
245 175
173 174
177 173
173 172
168 171
168 170
255 253
205 182
182 183
198 180
180 181
198 186
188 187
182 184
186 185
231 188
188 189
29 11
24 10
12 13
79 12
72 15
15 14
15 17
15 16
62 19
19 18
95 62
323 322
350 323
317 320
317 321
325 326
337 327
323 324
350 325
327 328
330 329
198 201
198 200
198 203
198 202
211 205
198 204
206 207
211 206
208 209
231 208
87 77
77 76
74 75
102 74
79 73
79 72
72 71
69 70
118 79
77 78
1 2
543 542
545 543
546 540
540 541
549 546
546 547
543 544
549 545
42 8
546 548
551 549
69 68
599 598
131 120
120 121
120 122
120 123
120 124
120 125
120 126
120 127
120 128
120 129
426 414
426 415
415 416
418 417
409 410
561 411
411 412
414 413
499 498
561 418
418 419
504 499
317 319
317 318
314 313
337 312
354 311
311 310
373 317
317 316
314 315
354 314
503 496
496 497
4 3
369 368
421 369
409 366
366 367
363 364
363 365
363 362
373 363
373 360
360 361
373 380
373 381
373 382
373 383
373 384
373 385
373 386
373 387
373 388
373 389
620 605
578 579
603 578
605 604
561 573
561 572
561 571
561 570
578 577
575 576
594 575
575 574
59 60
59 61
255 258
255 259
65 64
104 65
65 66
65 67
253 252
73 69
255 250
250 251
255 256
255 257
255 254
266 255
614 603
603 602
507 508
510 509
507 506
525 507
534 504
504 505
501 502
504 503
501 500
504 501
470 469
488 468
466 465
466 464
468 467
468 466
464 461
461 460
461 463
461 462
211 168
168 169
163 164
166 165
182 166
168 167
158 160
158 161
163 162
175 163
599 600
10 9
354 357
354 356
354 355
373 354
350 353
350 352
350 351
358 350
358 359
531 358
217 216
255 217
211 214
211 215
211 212
211 213
211 210
255 211
217 218
225 219
350 289
289 288
12 4
289 281
281 280
281 283
281 282
337 285
285 284
285 287
285 286
255 263
255 262
255 261
255 260
268 267
273 266
266 265
255 264
270 269
274 268
73 59
59 58
54 55
89 54
54 57
54 56
87 51
51 50
54 53
51 52
538 537
535 536
540 535
62 63
531 533
531 532
539 531
531 530
549 539
539 538
114 115
120 114
118 117
114 116
120 111
111 110
114 113
111 112
120 119
120 118
447 429
426 428
538 534
561 421
421 420
421 423
421 422
426 425
421 424
426 427
561 426
531 308
308 309
299 300
299 301
317 302
302 303
305 304
373 305
305 306
308 307
561 568
561 569
561 560
585 561
561 562
561 563
561 564
561 565
561 566
561 567
255 229
229 228
253 227
227 226
255 225
225 224
222 223
233 222
222 221
219 220
373 391
373 390
158 151
156 150
154 153
151 152
154 155
158 154
156 157
158 156
158 159
163 158
610 609
613 608
398 399
531 398
42 48
42 49
42 46
42 47
42 44
42 45
77 42
42 43
36 40
36 41
8 5
488 489
499 488
486 487
488 486
483 485
483 484
488 483
483 482
480 481
488 480
473 472
480 473
479 470
470 471
488 476
476 477
473 474
476 475
479 478
486 479
