454
582
577
344 344
0 0
346 346
341 341
342 342
343 343
348 348
349 349
298 298
296 296
297 297
295 295
292 292
293 293
290 290
291 291
199 199
198 198
195 195
194 194
197 197
196 196
191 191
190 190
193 193
271 271
272 272
273 273
274 274
275 275
276 276
277 277
278 278
279 279
524 524
525 525
527 527
520 520
522 522
529 529
449 449
448 448
443 443
442 442
441 441
440 440
447 447
445 445
444 444
108 108
109 109
102 102
100 100
101 101
106 106
107 107
39 39
38 38
33 33
31 31
30 30
37 37
36 36
34 34
438 438
439 439
436 436
437 437
434 434
435 435
432 432
433 433
430 430
431 431
339 339
334 334
337 337
336 336
331 331
330 330
333 333
332 332
6 6
99 99
98 98
91 91
90 90
93 93
92 92
95 95
94 94
97 97
96 96
559 559
555 555
554 554
556 556
551 551
550 550
552 552
238 238
239 239
234 234
236 236
231 231
233 233
1 1
146 146
144 144
145 145
143 143
140 140
141 141
148 148
133 133
132 132
137 137
136 136
134 134
494 494
495 495
139 139
497 497
490 490
491 491
492 492
493 493
24 24
25 25
27 27
20 20
22 22
28 28
407 407
406 406
404 404
400 400
409 409
379 379
378 378
370 370
372 372
375 375
376 376
393 393
392 392
88 88
89 89
397 397
396 396
395 395
394 394
82 82
80 80
398 398
86 86
84 84
85 85
7 7
582 582
580 580
581 581
245 245
244 244
246 246
241 241
240 240
242 242
249 249
248 248
518 518
511 511
513 513
512 512
515 515
516 516
458 458
459 459
450 450
452 452
453 453
454 454
455 455
457 457
179 179
177 177
176 176
174 174
173 173
172 172
171 171
182 182
180 180
181 181
186 186
187 187
184 184
185 185
188 188
189 189
10 10
13 13
12 12
15 15
17 17
16 16
19 19
18 18
322 322
323 323
321 321
326 326
327 327
324 324
325 325
328 328
329 329
201 201
200 200
203 203
205 205
204 204
207 207
209 209
208 208
77 77
76 76
75 75
74 74
73 73
72 72
71 71
70 70
79 79
78 78
2 2
541 541
546 546
547 547
544 544
549 549
68 68
120 120
121 121
123 123
124 124
126 126
128 128
129 129
414 414
415 415
416 416
417 417
410 410
412 412
498 498
418 418
419 419
499 499
319 319
318 318
313 313
312 312
311 311
310 310
316 316
315 315
314 314
496 496
3 3
368 368
369 369
366 366
365 365
362 362
363 363
360 360
361 361
381 381
382 382
384 384
385 385
387 387
388 388
579 579
578 578
573 573
571 571
570 570
576 576
575 575
574 574
60 60
61 61
62 62
259 259
65 65
67 67
252 252
251 251
257 257
254 254
509 509
506 506
507 507
504 504
505 505
502 502
503 503
501 501
469 469
468 468
465 465
464 464
467 467
466 466
461 461
460 460
463 463
462 462
169 169
164 164
165 165
166 166
167 167
161 161
162 162
9 9
356 356
355 355
354 354
353 353
352 352
351 351
350 350
358 358
216 216
217 217
214 214
215 215
212 212
213 213
211 211
218 218
288 288
4 4
281 281
283 283
282 282
284 284
287 287
286 286
263 263
262 262
261 261
260 260
267 267
266 266
265 265
269 269
58 58
55 55
54 54
57 57
51 51
52 52
537 537
535 535
63 63
533 533
532 532
530 530
539 539
114 114
117 117
116 116
111 111
113 113
119 119
429 429
428 428
534 534
421 421
420 420
423 423
425 425
424 424
426 426
308 308
309 309
300 300
301 301
302 302
303 303
304 304
305 305
306 306
307 307
568 568
560 560
562 562
564 564
565 565
566 566
567 567
229 229
228 228
227 227
226 226
225 225
224 224
222 222
221 221
220 220
391 391
390 390
151 151
150 150
153 153
152 152
155 155
154 154
157 157
156 156
159 159
158 158
81 81
48 48
49 49
46 46
45 45
42 42
43 43
40 40
489 489
488 488
487 487
486 486
485 485
484 484
483 483
482 482
481 481
480 480
472 472
473 473
470 470
471 471
476 476
477 477
474 474
475 475
478 478
479 479
461 344
1 0
461 346
461 347
345 340
340 341
340 342
340 343
347 348
347 349
299 298
311 299
294 296
294 297
301 294
294 295
293 292
311 293
289 290
289 291
198 199
206 198
202 195
192 194
198 197
195 196
192 191
186 190
192 193
202 192
340 270
270 271
270 272
270 273
270 274
276 275
461 276
276 277
276 278
276 279
540 524
524 525
543 526
526 527
519 520
523 521
521 522
538 523
572 528
528 529
446 449
446 448
528 443
434 442
434 441
434 440
446 447
528 446
446 445
443 444
105 108
105 109
103 102
104 103
92 100
92 101
105 106
105 107
105 104
110 105
38 39
53 38
32 33
72 32
29 31
29 30
35 37
35 36
72 35
35 34
434 438
434 439
434 436
434 437
526 434
434 435
427 432
434 433
427 430
427 431
338 339
340 338
346 335
323 334
338 337
335 336
323 331
323 330
323 333
323 332
461 345
5 6
92 99
92 98
92 91
87 90
92 93
105 92
92 95
92 94
92 97
92 96
558 559
577 558
553 555
553 554
561 557
557 556
553 551
549 550
557 553
551 552
239 238
293 239
235 234
285 235
237 236
335 237
247 230
232 231
258 232
232 233
26 1
147 146
202 147
186 144
144 145
168 142
142 143
138 140
142 141
149 148
239 149
131 133
131 132
149 131
131 130
138 137
135 136
142 135
135 134
461 494
461 495
138 139
149 138
461 490
461 491
461 492
461 493
23 24
26 25
47 26
26 27
21 20
72 21
21 22
47 23
29 28
92 29
408 407
405 406
408 405
403 404
405 403
403 402
402 401
401 400
408 409
413 408
380 379
377 378
402 371
371 370
399 373
371 372
374 375
399 374
399 377
377 376
389 393
389 392
87 88
87 89
389 397
389 396
389 395
389 394
83 82
105 83
72 80
72 81
87 86
92 87
83 84
83 85
8 7
577 582
577 580
577 581
243 245
243 244
255 247
247 246
239 241
239 240
255 243
243 242
250 249
247 248
521 519
517 518
510 511
514 510
514 513
510 512
514 515
519 514
519 517
517 516
542 458
458 459
451 450
526 451
451 452
454 453
500 454
456 455
542 456
456 457
178 179
186 178
178 177
175 176
186 175
175 174
170 173
170 172
170 171
192 170
270 253
183 182
239 183
181 180
186 181
237 186
186 187
183 184
183 185
186 188
186 189
103 11
11 10
14 13
11 12
14 15
50 14
16 17
18 16
18 19
23 18
320 322
461 323
335 320
320 321
323 326
323 327
323 324
323 325
323 328
323 329
202 201
198 200
202 203
239 202
206 205
202 204
206 207
237 206
210 209
206 208
72 77
72 76
72 75
72 74
72 73
87 72
69 71
69 70
72 79
72 78
3 2
551 542
548 543
545 540
542 541
545 546
548 547
543 544
549 545
32 8
553 548
553 549
69 68
461 258
131 120
122 121
127 122
122 123
125 124
130 125
125 126
131 127
127 128
130 129
415 414
434 415
415 416
422 417
411 410
413 411
411 412
427 413
461 498
417 418
427 419
500 499
320 319
317 318
311 313
311 312
359 311
309 310
344 317
317 316
314 315
523 314
461 496
461 497
35 3
367 368
367 369
367 366
373 367
373 364
364 365
361 362
364 363
359 360
374 361
399 380
380 381
383 382
399 383
383 384
386 385
389 386
386 387
389 388
399 389
577 579
577 578
572 573
577 572
572 571
569 570
577 576
572 575
572 574
59 60
59 61
59 62
258 259
92 64
66 65
92 66
66 67
253 252
105 69
309 250
250 251
264 256
256 257
253 254
323 255
514 508
508 509
500 506
508 507
500 504
500 505
500 502
500 503
510 500
500 501
461 469
461 468
461 465
461 464
461 467
461 466
517 461
461 460
461 463
461 462
170 168
170 169
163 164
163 165
163 166
168 167
235 160
160 161
163 162
186 163
8 9
461 357
357 356
347 355
347 354
347 353
347 352
347 351
347 350
461 359
357 358
217 216
226 217
213 214
213 215
213 212
323 213
230 210
210 211
219 218
294 219
461 289
287 288
5 4
280 281
323 280
282 283
461 282
289 285
285 284
311 287
287 286
264 263
261 262
280 261
261 260
268 267
264 266
264 265
280 264
268 269
323 268
87 59
59 58
56 55
53 54
56 57
104 56
50 51
72 50
92 53
50 52
536 537
558 536
536 535
64 63
531 533
531 532
538 531
531 530
538 539
540 538
118 115
115 114
118 117
115 116
110 111
112 110
112 113
115 112
120 119
147 118
427 429
427 428
531 534
419 421
419 420
422 423
446 422
422 425
422 424
446 427
427 426
340 308
314 309
299 300
347 301
301 302
301 303
301 304
345 305
305 306
308 307
569 568
577 569
561 560
577 561
563 562
577 563
563 564
563 565
563 566
563 567
230 229
226 228
226 227
239 226
226 225
223 224
256 223
223 222
219 221
219 220
389 391
389 390
149 151
149 150
149 153
149 152
149 155
149 154
158 157
149 156
160 159
202 158
401 399
399 398
47 48
47 49
44 46
72 47
72 44
44 45
41 42
44 43
41 40
72 41
64 5
461 489
461 488
461 487
461 486
461 485
461 484
461 483
461 482
461 481
461 480
461 472
461 473
461 470
461 471
461 476
461 477
461 474
461 475
461 478
461 479
