50
95
0
73 4
72 5
70 7
69 9
67 10
60 13
51 16
44 18
42 20
20 25
18 27
14 29
15 31
17 33
8 35
7 36
2 38
0 39
11 41
9 43
5 45
3 46
29 48
27 49
37 51
34 52
38 54
33 56
31 58
36 60
26 62
24 64
22 65
46 67
41 69
40 70
61 73
63 75
54 77
49 79
47 80
57 82
58 84
55 85
66 87
64 88
79 90
82 92
77 94
75 95
0 1
1 2
2 3
3 4
3 5
3 6
6 7
6 8
8 9
8 10
8 11
11 12
12 13
12 14
14 15
15 16
15 17
17 18
17 19
19 20
19 21
21 22
22 23
23 24
24 25
24 26
26 27
26 28
28 29
28 30
30 31
30 32
32 33
32 34
34 35
34 36
34 37
37 38
37 39
30 40
40 41
40 42
42 43
42 44
44 45
44 46
23 47
47 48
47 49
22 50
50 51
50 52
21 53
53 54
53 55
55 56
55 57
57 58
57 59
59 60
59 61
61 62
61 63
63 64
63 65
14 66
66 67
66 68
68 69
68 70
11 71
71 72
72 73
72 74
74 75
74 76
76 77
76 78
78 79
78 80
71 81
81 82
81 83
83 84
83 85
2 86
86 87
86 88
1 89
89 90
89 91
91 92
91 93
93 94
93 95
