46
87
0
73 3
72 4
70 6
69 8
67 9
60 12
51 15
44 17
42 19
20 24
18 26
14 28
15 30
17 32
8 34
7 35
2 37
0 38
11 40
9 42
5 44
3 45
29 47
27 48
37 50
34 51
38 53
33 55
31 57
36 59
26 61
24 63
22 64
46 66
41 68
40 69
61 72
63 74
54 76
49 78
47 79
57 81
58 83
55 84
66 86
64 87
0 1
1 2
2 3
2 4
2 5
5 6
5 7
7 8
7 9
7 10
10 11
11 12
11 13
13 14
14 15
14 16
16 17
16 18
18 19
18 20
20 21
21 22
22 23
23 24
23 25
25 26
25 27
27 28
27 29
29 30
29 31
31 32
31 33
33 34
33 35
33 36
36 37
36 38
29 39
39 40
39 41
41 42
41 43
43 44
43 45
22 46
46 47
46 48
21 49
49 50
49 51
20 52
52 53
52 54
54 55
54 56
56 57
56 58
58 59
58 60
60 61
60 62
62 63
62 64
13 65
65 66
65 67
67 68
67 69
10 70
70 71
71 72
71 73
73 74
73 75
75 76
75 77
77 78
77 79
70 80
80 81
80 82
82 83
82 84
1 85
85 86
85 87
