50
99
0
38 18
37 21
33 23
36 25
31 26
34 27
29 31
27 32
20 34
18 36
14 38
15 40
11 43
8 47
7 49
2 51
0 52
5 54
3 55
9 56
17 57
26 59
24 61
22 62
42 63
44 64
51 65
46 67
41 69
40 70
60 71
58 74
55 75
57 76
54 78
49 80
47 81
67 82
69 83
63 85
61 86
70 87
73 88
72 89
66 91
64 92
79 95
77 97
75 98
82 99
0 1
1 2
2 3
3 4
4 5
5 6
6 7
7 8
8 9
9 10
10 11
11 12
12 13
13 14
14 15
15 16
16 17
17 18
17 19
19 20
20 21
20 22
22 23
22 24
24 25
24 26
19 27
16 28
28 29
29 30
30 31
30 32
29 33
33 34
33 35
35 36
35 37
37 38
37 39
39 40
39 41
41 42
42 43
42 44
44 45
45 46
46 47
46 48
48 49
48 50
50 51
50 52
45 53
53 54
53 55
44 56
41 57
28 58
58 59
58 60
60 61
60 62
15 63
14 64
13 65
12 66
66 67
66 68
68 69
68 70
11 71
10 72
72 73
73 74
73 75
72 76
9 77
77 78
77 79
79 80
79 81
8 82
7 83
6 84
84 85
84 86
5 87
4 88
3 89
2 90
90 91
90 92
1 93
93 94
94 95
94 96
96 97
96 98
93 99
