50
91
1
51 9
40 11
79 14
72 18
73 25
8 47
0 49
2 50
3 51
5 52
7 53
9 54
11 55
14 56
15 57
17 58
18 59
20 60
22 61
24 62
26 63
27 64
29 65
31 66
33 67
34 68
36 69
37 70
38 71
41 72
42 73
44 74
46 75
47 76
49 77
54 78
55 79
57 80
58 81
60 82
61 83
63 84
64 85
66 86
67 87
69 88
70 89
75 90
77 91
82 92
1 2
2 3
3 4
2 5
2 6
6 7
6 8
8 9
8 10
10 11
6 12
12 13
12 14
6 15
6 16
16 17
17 18
17 19
19 20
20 21
20 22
22 23
19 24
17 25
16 26
26 27
16 28
16 29
2 30
30 31
31 32
32 33
30 34
2 35
2 36
36 37
37 38
37 39
39 40
40 41
41 42
39 43
43 44
43 45
43 46
46 47
36 48
46 49
46 50
41 51
42 52
46 53
40 54
39 55
44 56
43 57
45 58
38 59
36 60
32 61
33 62
48 63
3 64
4 65
35 66
34 67
2 68
31 69
30 70
5 71
11 72
2 73
2 74
10 75
15 76
15 77
26 78
27 79
7 80
27 81
29 82
26 83
26 84
24 85
13 86
16 87
16 88
16 89
23 90
22 91
21 92
