50
83
83
51 26
60 22
61 60
63 17
64 44
66 14
67 18
82 66
69 27
24 34
26 57
27 82
20 58
22 64
49 5
46 79
47 40
44 36
42 8
29 38
40 55
41 24
0 73
3 29
2 41
5 72
7 67
9 46
8 15
77 3
75 33
73 2
72 42
70 69
79 61
58 9
11 54
38 7
15 70
14 75
17 31
33 37
18 11
31 77
37 20
36 0
34 47
55 49
54 51
57 63
62 56
76 77
53 54
43 42
53 48
44 43
59 60
62 61
70 62
62 63
65 64
48 49
65 66
68 67
70 68
68 69
81 80
59 52
62 53
23 24
32 25
25 26
28 27
21 20
30 21
23 22
25 23
45 46
48 47
50 44
52 45
30 28
28 29
45 40
40 41
6 1
1 0
4 3
1 2
4 5
10 4
6 7
13 6
10 9
6 8
80 78
50 51
81 82
43 39
74 65
80 76
76 75
35 38
71 73
71 72
74 71
71 70
68 59
78 79
56 58
12 11
12 10
16 13
16 12
16 15
13 14
16 17
19 16
21 19
19 18
32 31
39 30
35 37
35 36
39 35
35 34
32 33
56 55
78 74
35 32
83 81
56 57
52 50
