50
99
0
82 3
79 5
75 7
77 8
66 11
64 12
73 15
72 16
70 18
61 22
63 24
57 26
58 28
55 29
47 32
49 33
54 34
67 36
69 38
60 40
40 44
41 45
46 46
51 48
44 50
42 52
31 57
33 58
26 60
22 62
24 63
36 65
38 66
37 68
34 70
27 73
29 74
20 76
18 78
14 80
15 82
5 87
3 88
9 89
11 90
17 92
8 94
7 96
2 98
0 99
0 1
1 2
2 3
2 4
4 5
4 6
6 7
6 8
1 9
9 10
10 11
10 12
9 13
13 14
14 15
14 16
13 17
17 18
17 19
19 20
20 21
21 22
21 23
23 24
23 25
25 26
25 27
27 28
27 29
20 30
30 31
31 32
31 33
30 34
19 35
35 36
35 37
37 38
37 39
39 40
39 41
41 42
42 43
43 44
43 45
42 46
41 47
47 48
47 49
49 50
49 51
51 52
51 53
53 54
54 55
55 56
56 57
56 58
55 59
59 60
59 61
61 62
61 63
54 64
64 65
64 66
53 67
67 68
67 69
69 70
69 71
71 72
72 73
72 74
71 75
75 76
75 77
77 78
77 79
79 80
79 81
81 82
81 83
83 84
84 85
85 86
86 87
86 88
85 89
84 90
83 91
91 92
91 93
93 94
93 95
95 96
95 97
97 98
97 99
