50
83
83
51 51
60 60
61 61
63 63
64 64
66 66
67 67
82 82
69 69
24 24
26 26
27 27
20 20
22 22
49 49
46 46
47 47
44 44
42 42
29 29
40 40
41 41
0 0
3 3
2 2
5 5
7 7
9 9
8 8
77 77
75 75
73 73
72 72
70 70
79 79
58 58
11 11
38 38
15 15
14 14
17 17
33 33
18 18
31 31
37 37
36 36
34 34
55 55
54 54
57 57
62 56
76 77
53 54
43 42
53 48
44 43
59 60
62 61
70 62
62 63
65 64
48 49
65 66
68 67
70 68
68 69
81 80
59 52
62 53
23 24
32 25
25 26
28 27
21 20
30 21
23 22
25 23
45 46
48 47
50 44
52 45
30 28
28 29
45 40
40 41
6 1
1 0
4 3
1 2
4 5
10 4
6 7
13 6
10 9
6 8
80 78
50 51
81 82
43 39
74 65
80 76
76 75
35 38
71 73
71 72
74 71
71 70
68 59
78 79
56 58
12 11
12 10
16 13
16 12
16 15
13 14
16 17
19 16
21 19
19 18
32 31
39 30
35 37
35 36
39 35
35 34
32 33
56 55
78 74
35 32
83 81
56 57
52 50
