195
295
295
216 210
215 145
212 274
213 138
210 196
265 151
218 70
133 120
131 72
130 224
137 184
135 263
134 5
138 199
225 53
24 205
26 271
27 122
20 119
21 212
22 182
23 179
223 28
28 260
161 243
289 57
0 202
4 200
8 124
283 96
163 134
285 34
284 88
286 56
119 285
120 245
121 284
122 171
260 101
124 215
125 18
126 30
128 203
269 126
268 218
224 105
58 239
54 49
57 220
56 117
51 146
258 54
53 46
291 12
199 169
179 208
194 268
197 60
196 89
191 35
193 246
115 85
177 252
117 130
89 257
111 174
110 42
113 229
112 177
278 275
83 155
80 164
81 149
86 32
118 80
85 128
251 97
207 191
226 86
257 15
3 231
254 272
255 278
245 66
108 3
246 216
241 90
243 166
103 113
101 62
107 223
105 21
33 186
32 108
31 131
30 143
37 69
35 22
34 31
252 291
60 188
62 235
63 40
65 92
66 154
68 238
69 250
175 121
174 269
173 213
172 288
171 137
170 58
272 17
288 68
181 265
253 189
248 253
182 74
2 118
186 159
187 75
184 99
6 83
188 170
189 111
202 168
99 48
168 226
169 158
229 254
228 20
164 187
90 81
166 65
92 47
205 181
94 11
97 133
96 112
11 24
220 258
12 51
15 163
14 207
17 37
271 6
18 280
88 248
250 26
274 43
275 289
151 193
153 233
155 110
154 79
156 255
159 197
158 172
238 135
239 156
235 2
237 44
231 33
276 175
233 103
280 173
48 153
49 228
46 286
47 194
44 14
42 94
43 251
40 4
5 140
9 9
146 107
200 241
203 237
145 209
142 27
143 0
140 161
209 115
208 142
149 283
75 266
74 276
72 63
70 125
79 8
263 261
261 225
266 23
217 216
221 217
222 214
214 215
211 212
214 213
211 210
219 211
169 165
293 264
264 265
217 218
236 219
132 133
148 132
132 131
129 130
136 137
147 136
136 135
132 134
150 139
139 138
167 166
25 24
38 25
25 26
25 27
19 20
41 21
21 22
21 23
169 160
29 28
36 29
162 161
287 289
1 0
29 4
290 281
7 8
282 283
162 163
282 285
282 284
290 287
287 286
116 119
270 271
259 258
116 120
116 121
123 122
141 123
123 124
123 125
127 126
129 127
127 128
141 129
270 269
267 268
219 220
116 118
64 59
59 58
59 55
55 54
55 57
55 56
50 51
78 50
52 53
64 52
262 259
295 294
294 292
294 293
292 290
292 291
165 164
204 201
198 199
180 179
201 200
204 195
195 194
198 197
183 178
192 191
201 203
192 193
282 192
114 115
116 114
87 88
87 89
116 111
109 110
114 113
111 112
84 82
82 83
78 80
78 81
87 86
93 87
98 84
84 85
252 251
204 198
267 256
222 206
227 226
256 257
4 3
176 177
252 254
64 7
267 247
277 273
256 255
222 225
244 245
247 244
109 108
111 109
242 241
244 240
242 243
252 242
106 102
104 103
102 100
100 101
111 106
106 107
106 104
104 105
45 39
41 38
29 33
29 32
29 31
29 30
38 37
39 36
36 35
29 34
247 246
178 162
287 282
267 252
206 205
222 223
201 176
61 60
76 61
61 62
64 63
71 64
64 65
67 66
98 67
67 68
67 69
176 175
169 174
169 173
169 172
169 171
169 170
227 222
287 288
180 181
252 253
249 248
183 182
185 183
185 180
1 2
169 167
185 187
185 184
7 6
185 186
185 188
190 189
201 202
195 196
230 221
190 185
282 190
100 99
106 98
167 168
178 169
230 229
227 228
93 91
91 90
95 93
91 92
106 95
95 94
95 97
95 96
10 11
29 10
39 13
13 12
16 15
13 14
16 17
52 16
50 19
19 18
116 117
249 250
150 116
273 274
282 204
273 275
152 151
180 150
152 153
169 152
152 155
152 154
169 157
157 156
160 159
157 158
279 277
236 234
236 238
240 239
281 279
206 207
236 235
240 236
236 237
234 230
232 231
234 232
234 233
222 224
281 280
45 48
50 49
45 46
45 47
45 44
64 45
41 42
41 43
41 40
67 41
36 1
4 5
10 9
273 272
147 146
165 147
169 144
144 145
141 142
144 143
139 140
148 141
208 209
221 208
160 148
148 149
78 77
77 76
76 75
73 74
82 73
73 72
77 71
71 70
279 278
78 79
102 78
264 263
252 249
294 262
232 227
262 261
279 270
259 260
277 276
293 267
267 266
