195
295
295
216 44
215 58
212 26
213 85
210 111
265 166
218 37
133 248
131 245
130 161
137 172
135 233
134 63
138 208
225 151
24 12
26 241
27 272
20 80
21 94
22 96
23 99
223 8
28 32
161 14
289 261
0 239
4 122
8 53
283 120
163 2
285 115
284 138
286 265
119 212
120 4
121 31
122 153
260 224
124 283
125 237
126 154
128 194
269 285
268 30
224 28
58 181
54 291
57 46
56 108
51 207
258 250
53 60
291 23
199 187
179 182
194 135
197 179
196 263
191 15
193 171
115 223
177 191
117 117
89 186
111 20
110 266
113 289
112 246
278 0
83 193
80 202
81 269
86 48
118 177
85 275
251 65
207 235
226 34
257 112
3 42
254 110
255 284
245 280
108 155
246 24
241 276
243 126
103 86
101 22
107 226
105 156
33 107
32 128
31 103
30 238
37 70
35 184
34 220
252 119
60 137
62 17
63 131
65 51
66 163
68 75
69 254
175 101
174 54
173 88
172 140
171 142
170 62
272 89
288 18
181 66
253 252
248 197
182 174
2 196
186 168
187 229
184 124
6 278
188 145
189 225
202 173
99 215
168 288
169 268
229 169
228 253
164 49
90 164
166 170
92 3
205 274
94 69
97 286
96 130
11 5
220 118
12 90
15 6
14 216
17 189
271 121
18 27
88 47
250 218
274 159
275 79
151 257
153 231
155 199
154 209
156 203
159 143
158 83
238 97
239 133
235 40
237 68
231 258
276 125
233 243
280 210
48 105
49 255
46 33
47 213
44 74
42 134
43 200
40 81
5 251
9 21
146 35
200 149
203 57
145 146
142 271
143 9
140 158
209 228
208 72
149 113
75 175
74 11
72 260
70 205
79 56
263 43
261 188
266 92
217 216
221 217
222 214
214 215
211 212
214 213
211 210
219 211
169 165
293 264
264 265
217 218
236 219
132 133
148 132
132 131
129 130
136 137
147 136
136 135
132 134
150 139
139 138
167 166
25 24
38 25
25 26
25 27
19 20
41 21
21 22
21 23
169 160
29 28
36 29
162 161
287 289
1 0
29 4
290 281
7 8
282 283
162 163
282 285
282 284
290 287
287 286
116 119
270 271
259 258
116 120
116 121
123 122
141 123
123 124
123 125
127 126
129 127
127 128
141 129
270 269
267 268
219 220
116 118
64 59
59 58
59 55
55 54
55 57
55 56
50 51
78 50
52 53
64 52
262 259
295 294
294 292
294 293
292 290
292 291
165 164
204 201
198 199
180 179
201 200
204 195
195 194
198 197
183 178
192 191
201 203
192 193
282 192
114 115
116 114
87 88
87 89
116 111
109 110
114 113
111 112
84 82
82 83
78 80
78 81
87 86
93 87
98 84
84 85
252 251
204 198
267 256
222 206
227 226
256 257
4 3
176 177
252 254
64 7
267 247
277 273
256 255
222 225
244 245
247 244
109 108
111 109
242 241
244 240
242 243
252 242
106 102
104 103
102 100
100 101
111 106
106 107
106 104
104 105
45 39
41 38
29 33
29 32
29 31
29 30
38 37
39 36
36 35
29 34
247 246
178 162
287 282
267 252
206 205
222 223
201 176
61 60
76 61
61 62
64 63
71 64
64 65
67 66
98 67
67 68
67 69
176 175
169 174
169 173
169 172
169 171
169 170
227 222
287 288
180 181
252 253
249 248
183 182
185 183
185 180
1 2
169 167
185 187
185 184
7 6
185 186
185 188
190 189
201 202
195 196
230 221
190 185
282 190
100 99
106 98
167 168
178 169
230 229
227 228
93 91
91 90
95 93
91 92
106 95
95 94
95 97
95 96
10 11
29 10
39 13
13 12
16 15
13 14
16 17
52 16
50 19
19 18
116 117
249 250
150 116
273 274
282 204
273 275
152 151
180 150
152 153
169 152
152 155
152 154
169 157
157 156
160 159
157 158
279 277
236 234
236 238
240 239
281 279
206 207
236 235
240 236
236 237
234 230
232 231
234 232
234 233
222 224
281 280
45 48
50 49
45 46
45 47
45 44
64 45
41 42
41 43
41 40
67 41
36 1
4 5
10 9
273 272
147 146
165 147
169 144
144 145
141 142
144 143
139 140
148 141
208 209
221 208
160 148
148 149
78 77
77 76
76 75
73 74
82 73
73 72
77 71
71 70
279 278
78 79
102 78
264 263
252 249
294 262
232 227
262 261
279 270
259 260
277 276
293 267
267 266
