484
967
0
677 2
675 4
667 9
651 13
652 14
644 16
643 18
612 21
606 23
608 24
635 26
619 27
671 28
669 30
656 33
658 34
670 35
664 39
661 41
659 42
666 44
648 46
650 47
662 48
654 52
639 55
626 57
624 58
655 59
647 60
629 63
591 68
589 69
593 70
596 72
598 73
638 79
627 80
637 82
640 83
632 84
631 85
605 88
603 89
622 90
617 95
614 96
620 97
490 100
488 101
599 102
615 105
588 108
579 110
575 112
577 113
581 115
557 118
555 121
551 125
546 127
548 128
554 129
525 137
476 140
477 141
475 142
502 144
504 145
506 148
505 149
507 150
497 156
495 157
467 159
465 160
532 162
510 166
508 168
543 169
522 170
529 171
521 174
545 176
539 179
541 182
514 184
513 185
544 186
537 187
449 193
435 195
436 196
451 197
540 198
494 202
493 203
472 206
474 207
485 210
491 211
486 214
483 215
487 216
516 219
517 221
518 222
515 223
524 226
533 230
511 232
512 233
534 234
535 236
531 237
528 239
530 240
480 245
481 246
482 247
478 248
519 251
468 253
447 254
471 257
470 258
461 262
448 263
501 264
500 265
536 267
462 268
542 269
550 271
552 272
558 273
574 275
566 279
564 280
560 285
563 286
562 287
567 288
571 290
569 291
573 292
176 298
174 299
149 305
150 306
142 308
140 310
143 311
124 313
122 314
118 319
120 321
121 322
155 329
152 330
154 331
166 333
167 334
177 335
179 336
182 339
172 343
187 344
185 346
186 347
193 348
169 351
171 353
173 354
160 356
135 359
133 360
161 363
164 364
162 366
165 367
184 369
183 370
158 371
102 377
97 379
98 380
84 383
82 384
96 386
103 387
111 391
117 393
114 396
109 397
113 398
112 401
108 403
106 404
116 405
115 406
81 410
80 412
76 414
78 415
104 418
100 419
94 420
46 424
58 425
5 432
7 434
6 435
11 436
44 437
2 443
0 444
57 445
47 446
21 447
14 448
37 451
55 452
9 457
8 459
10 460
31 463
30 464
28 465
36 467
34 469
35 471
12 473
32 474
20 479
4 481
3 482
18 483
27 485
15 486
53 490
56 491
23 492
17 493
59 500
69 501
49 502
63 503
40 506
39 507
38 509
25 510
73 513
74 514
70 515
75 517
61 520
60 522
72 523
52 528
50 529
67 530
66 532
43 534
41 535
64 536
85 540
88 541
91 543
89 544
87 545
138 547
130 551
128 553
129 554
131 556
125 558
127 559
137 560
228 567
268 570
197 573
195 574
211 575
227 578
232 579
229 582
231 583
230 585
225 586
304 587
198 591
200 592
190 594
188 595
207 597
210 599
209 600
322 602
324 603
361 609
363 610
319 611
383 614
377 616
375 617
382 618
321 621
320 622
283 625
280 626
337 627
357 630
282 631
339 633
381 634
328 635
340 638
274 641
271 643
273 644
393 647
370 650
350 651
372 654
368 656
365 657
366 662
369 663
367 664
371 666
349 669
342 670
352 671
378 672
373 674
355 677
353 678
360 680
358 681
259 687
261 688
299 692
300 694
310 696
313 698
312 699
270 700
243 703
242 704
254 708
257 709
256 710
258 711
336 712
201 718
202 719
221 723
220 725
218 726
279 728
253 730
239 731
224 735
217 736
214 739
215 740
206 743
203 744
205 745
144 751
146 753
147 754
151 755
156 756
222 757
191 759
192 760
329 763
335 764
235 769
233 770
264 771
266 772
309 773
241 774
244 777
262 779
246 780
250 784
249 786
247 787
277 788
251 789
332 795
331 796
334 798
333 799
316 802
315 804
238 806
236 807
297 809
295 811
296 812
348 813
346 818
343 819
325 821
326 823
301 825
302 826
305 829
307 830
291 833
293 834
288 838
289 839
285 842
290 843
284 844
286 846
287 847
345 848
406 850
443 852
585 861
460 864
457 865
459 866
586 868
583 869
444 873
446 874
453 875
414 877
413 878
432 881
434 882
463 883
601 885
609 886
399 891
400 892
390 894
392 897
387 899
391 900
389 901
438 904
422 906
420 907
398 909
401 910
441 913
439 914
456 915
454 920
455 921
584 922
410 924
412 925
424 931
428 932
427 934
423 935
429 936
425 937
426 938
409 943
397 945
395 946
407 947
430 949
419 952
415 954
418 955
417 956
384 959
386 960
402 963
404 964
582 966
405 967
0 1
1 2
1 3
3 4
3 5
5 6
6 7
7 8
8 9
8 10
10 11
11 12
12 13
12 14
11 15
15 16
15 17
17 18
17 19
19 20
20 21
20 22
22 23
22 24
19 25
25 26
25 27
10 28
7 29
29 30
29 31
31 32
32 33
32 34
31 35
6 36
36 37
37 38
38 39
38 40
40 41
40 42
37 43
43 44
43 45
45 46
45 47
36 48
5 49
49 50
50 51
51 52
51 53
53 54
54 55
54 56
56 57
56 58
53 59
50 60
49 61
61 62
62 63
62 64
64 65
65 66
66 67
67 68
67 69
66 70
65 71
71 72
71 73
64 74
74 75
75 76
76 77
77 78
78 79
78 80
77 81
81 82
81 83
76 84
75 85
74 86
86 87
87 88
87 89
86 90
61 91
91 92
92 93
93 94
94 95
94 96
93 97
92 98
98 99
99 100
99 101
98 102
91 103
103 104
104 105
104 106
106 107
107 108
107 109
109 110
109 111
111 112
111 113
106 114
114 115
114 116
116 117
117 118
117 119
119 120
120 121
120 122
122 123
123 124
124 125
124 126
126 127
126 128
123 129
122 130
130 131
131 132
132 133
133 134
134 135
135 136
136 137
136 138
138 139
139 140
139 141
138 142
135 143
143 144
143 145
134 146
146 147
147 148
147 149
146 150
133 151
151 152
152 153
153 154
154 155
155 156
155 157
154 158
158 159
158 160
153 161
161 162
161 163
163 164
164 165
165 166
165 167
167 168
167 169
164 170
163 171
152 172
172 173
173 174
173 175
175 176
175 177
177 178
178 179
178 180
180 181
181 182
181 183
183 184
183 185
180 186
177 187
172 188
188 189
189 190
190 191
191 192
192 193
192 194
194 195
194 196
191 197
190 198
189 199
199 200
200 201
201 202
201 203
200 204
204 205
205 206
205 207
204 208
208 209
209 210
209 211
208 212
212 213
213 214
213 215
212 216
199 217
217 218
218 219
218 220
220 221
220 222
217 223
188 224
224 225
225 226
225 227
227 228
228 229
229 230
229 231
231 232
231 233
228 234
227 235
235 236
235 237
224 238
238 239
238 240
151 241
241 242
242 243
243 244
244 245
244 246
243 247
242 248
241 249
249 250
250 251
250 252
252 253
252 254
249 255
255 256
256 257
256 258
255 259
259 260
260 261
261 262
261 263
260 264
259 265
132 266
266 267
266 268
131 269
130 270
270 271
270 272
119 273
116 274
274 275
274 276
276 277
277 278
278 279
278 280
277 281
281 282
282 283
283 284
284 285
284 286
283 287
282 288
281 289
289 290
289 291
276 292
103 293
293 294
294 295
295 296
296 297
297 298
297 299
296 300
300 301
301 302
302 303
303 304
304 305
304 306
303 307
307 308
307 309
309 310
309 311
302 312
312 313
312 314
301 315
315 316
316 317
317 318
318 319
318 320
320 321
320 322
317 323
323 324
324 325
325 326
326 327
327 328
328 329
328 330
327 331
326 332
332 333
332 334
325 335
324 336
323 337
337 338
338 339
338 340
340 341
341 342
342 343
342 344
341 345
345 346
345 347
340 348
337 349
349 350
350 351
350 352
352 353
352 354
349 355
355 356
355 357
357 358
358 359
358 360
357 361
361 362
362 363
362 364
361 365
365 366
365 367
316 368
368 369
368 370
315 371
300 372
372 373
373 374
374 375
375 376
376 377
376 378
378 379
378 380
375 381
381 382
382 383
382 384
381 385
385 386
385 387
374 388
388 389
389 390
390 391
390 392
392 393
392 394
394 395
395 396
395 397
394 398
389 399
399 400
400 401
400 402
402 403
402 404
399 405
388 406
373 407
407 408
408 409
409 410
409 411
411 412
411 413
413 414
413 415
408 416
416 417
417 418
417 419
416 420
407 421
421 422
422 423
423 424
423 425
422 426
426 427
427 428
428 429
429 430
430 431
431 432
431 433
433 434
433 435
430 436
429 437
428 438
438 439
439 440
440 441
441 442
442 443
442 444
441 445
440 446
439 447
438 448
427 449
449 450
450 451
450 452
449 453
453 454
454 455
455 456
456 457
456 458
458 459
458 460
455 461
461 462
462 463
462 464
461 465
454 466
466 467
466 468
468 469
468 470
470 471
470 472
472 473
472 474
453 475
475 476
476 477
477 478
478 479
478 480
480 481
480 482
477 483
476 484
484 485
484 486
475 487
487 488
488 489
489 490
489 491
488 492
487 493
426 494
494 495
495 496
496 497
497 498
498 499
499 500
499 501
498 502
497 503
496 504
504 505
505 506
505 507
504 508
508 509
508 510
495 511
511 512
512 513
512 514
511 515
494 516
516 517
516 518
518 519
519 520
519 521
521 522
521 523
518 524
524 525
525 526
526 527
527 528
527 529
526 530
525 531
531 532
531 533
533 534
533 535
524 536
421 537
537 538
538 539
539 540
539 541
538 542
542 543
542 544
537 545
372 546
546 547
546 548
548 549
549 550
550 551
550 552
552 553
552 554
549 555
555 556
555 557
557 558
557 559
548 560
295 561
561 562
562 563
563 564
564 565
565 566
566 567
566 568
568 569
569 570
569 571
571 572
572 573
572 574
571 575
568 576
576 577
577 578
577 579
576 580
580 581
581 582
581 583
580 584
584 585
584 586
565 587
564 588
588 589
589 590
590 591
590 592
589 593
593 594
593 595
588 596
596 597
596 598
598 599
598 600
563 601
601 602
601 603
562 604
604 605
605 606
606 607
607 608
608 609
608 610
607 611
606 612
612 613
613 614
613 615
615 616
615 617
612 618
605 619
619 620
620 621
620 622
619 623
623 624
624 625
624 626
623 627
604 628
628 629
629 630
629 631
628 632
632 633
632 634
561 635
294 636
636 637
637 638
637 639
639 640
640 641
640 642
642 643
642 644
639 645
645 646
646 647
646 648
648 649
649 650
649 651
648 652
652 653
653 654
653 655
655 656
655 657
652 658
658 659
659 660
660 661
661 662
661 663
660 664
659 665
665 666
665 667
667 668
668 669
668 670
667 671
658 672
645 673
673 674
673 675
675 676
676 677
676 678
675 679
679 680
679 681
636 682
682 683
683 684
684 685
685 686
686 687
686 688
685 689
689 690
690 691
691 692
691 693
693 694
693 695
695 696
695 697
697 698
697 699
690 700
689 701
701 702
702 703
702 704
701 705
705 706
706 707
707 708
707 709
706 710
705 711
684 712
683 713
713 714
714 715
715 716
716 717
717 718
717 719
716 720
720 721
721 722
722 723
722 724
724 725
724 726
721 727
727 728
727 729
729 730
729 731
720 732
732 733
733 734
734 735
734 736
733 737
737 738
738 739
738 740
737 741
741 742
742 743
742 744
741 745
732 746
746 747
747 748
748 749
749 750
750 751
750 752
752 753
752 754
749 755
748 756
747 757
746 758
758 759
758 760
715 761
761 762
762 763
762 764
761 765
765 766
766 767
767 768
768 769
768 770
767 771
766 772
765 773
714 774
713 775
775 776
776 777
776 778
778 779
778 780
775 781
781 782
782 783
783 784
783 785
785 786
785 787
782 788
781 789
682 790
790 791
791 792
792 793
793 794
794 795
794 796
793 797
797 798
797 799
792 800
800 801
801 802
801 803
803 804
803 805
805 806
805 807
800 808
808 809
808 810
810 811
810 812
791 813
790 814
814 815
815 816
816 817
817 818
817 819
816 820
820 821
820 822
822 823
822 824
824 825
824 826
815 827
827 828
828 829
828 830
827 831
831 832
832 833
832 834
831 835
835 836
836 837
837 838
837 839
836 840
840 841
841 842
841 843
840 844
835 845
845 846
845 847
814 848
293 849
849 850
849 851
851 852
851 853
853 854
854 855
855 856
856 857
857 858
858 859
859 860
860 861
860 862
862 863
863 864
863 865
862 866
859 867
867 868
867 869
858 870
870 871
871 872
872 873
872 874
871 875
870 876
876 877
876 878
857 879
879 880
880 881
880 882
879 883
856 884
884 885
884 886
855 887
887 888
888 889
889 890
890 891
890 892
889 893
893 894
893 895
895 896
896 897
896 898
898 899
898 900
895 901
888 902
902 903
903 904
903 905
905 906
905 907
902 908
908 909
908 910
887 911
911 912
912 913
912 914
911 915
854 916
916 917
917 918
918 919
919 920
919 921
918 922
917 923
923 924
923 925
916 926
926 927
927 928
928 929
929 930
930 931
930 932
929 933
933 934
933 935
928 936
927 937
926 938
853 939
939 940
940 941
941 942
942 943
942 944
944 945
944 946
941 947
940 948
948 949
948 950
950 951
951 952
951 953
953 954
953 955
950 956
939 957
957 958
958 959
958 960
957 961
961 962
962 963
962 964
961 965
965 966
965 967
