484
967
0
370 36
369 37
371 38
366 39
372 42
273 44
271 45
365 46
367 48
352 52
340 57
329 58
335 61
279 64
253 67
239 69
221 72
220 73
218 74
241 75
215 81
214 82
206 85
203 86
205 87
192 90
191 91
222 93
156 95
151 97
147 100
144 101
146 102
217 103
224 104
309 107
266 110
264 111
235 113
233 114
202 116
201 117
334 122
332 124
331 125
313 129
300 131
258 137
257 139
256 141
254 142
243 144
242 145
270 146
261 148
259 149
299 150
310 151
312 152
316 154
315 157
297 159
296 161
295 162
238 164
236 165
333 166
346 173
345 175
343 176
307 178
305 180
293 183
291 184
290 187
289 190
285 191
288 192
287 195
286 196
284 197
326 200
302 202
301 203
325 204
262 206
246 208
244 209
336 211
277 213
251 216
250 217
249 219
247 220
348 221
349 223
342 224
350 225
368 226
378 227
373 230
274 231
360 234
358 235
355 237
353 238
393 239
422 241
420 242
399 248
400 249
398 250
392 253
389 254
391 256
387 257
401 258
390 259
438 260
456 261
383 270
381 274
339 275
377 276
337 277
382 278
363 281
319 282
361 283
357 286
282 287
321 289
320 290
375 291
328 293
304 296
231 305
225 306
229 307
228 309
197 311
195 312
230 313
227 314
232 316
211 317
268 318
210 320
209 323
200 326
198 327
190 329
188 330
207 331
324 333
322 334
283 337
280 338
182 344
160 345
187 355
172 356
173 358
171 359
149 361
150 363
143 366
140 367
142 368
169 369
186 371
185 372
179 374
177 376
155 379
154 381
152 382
167 384
166 385
184 388
121 390
120 392
118 393
183 394
165 398
135 400
133 401
162 402
164 403
161 404
138 411
127 413
125 414
129 417
130 418
128 419
104 423
94 426
81 428
80 430
78 432
76 433
100 435
11 442
7 445
5 446
6 447
74 454
63 455
55 456
64 464
60 465
31 468
30 469
28 470
57 471
27 474
20 477
4 479
3 480
18 481
17 483
15 484
10 486
9 488
8 489
44 492
14 493
12 494
37 497
39 500
23 501
40 503
38 505
25 506
36 507
56 509
53 510
34 512
2 514
0 515
75 524
67 526
66 529
43 531
41 532
52 534
50 535
72 536
61 537
73 538
69 541
59 542
49 544
47 545
46 546
70 547
32 548
21 549
35 550
58 551
91 555
88 557
85 558
89 559
87 560
117 567
116 568
108 571
106 572
111 573
113 575
112 576
114 578
109 579
115 580
103 585
98 587
97 588
96 589
84 591
82 592
102 593
131 594
137 595
158 596
124 598
122 599
193 600
176 602
174 603
414 605
413 606
425 607
443 611
430 613
419 615
418 617
417 619
415 620
406 624
402 625
386 627
384 628
405 629
404 630
441 632
439 633
584 637
455 638
454 639
429 644
428 647
427 648
426 649
412 651
410 652
424 653
423 654
460 658
457 659
459 660
409 663
397 665
395 666
407 667
582 668
586 671
585 674
583 675
453 677
446 679
444 680
463 682
434 684
432 685
599 686
601 687
609 688
615 690
581 692
574 697
573 699
566 701
564 702
571 705
567 706
569 707
558 710
557 712
555 713
554 716
548 719
546 720
551 721
476 728
477 729
475 730
536 732
508 736
468 742
462 743
500 747
461 748
448 749
501 750
447 751
494 753
491 754
451 757
436 759
435 760
449 761
529 762
545 772
544 774
541 776
539 778
514 779
521 780
537 781
535 782
525 785
531 787
507 791
506 792
505 793
504 795
502 796
543 801
510 802
542 806
534 807
533 808
528 809
519 811
471 813
470 814
512 816
511 817
518 824
517 825
516 826
524 829
522 830
540 831
474 833
472 834
515 836
493 838
487 840
486 842
483 843
485 844
530 845
513 847
481 850
480 852
482 853
478 854
467 858
465 859
495 860
497 861
532 862
550 863
552 864
563 867
560 868
562 869
620 870
617 873
490 875
488 876
614 877
647 879
598 882
596 883
593 886
588 888
577 891
575 892
579 893
591 895
589 896
631 904
629 905
605 907
603 908
622 909
632 910
638 911
637 912
627 913
640 914
626 919
624 920
639 921
655 922
654 923
670 926
667 928
656 929
666 935
650 937
648 938
661 940
659 941
662 942
664 943
658 944
671 946
669 947
675 949
643 953
612 957
606 959
608 960
619 961
635 962
644 963
652 965
651 966
677 967
0 1
1 2
2 3
3 4
4 5
5 6
6 7
7 8
8 9
9 10
10 11
11 12
12 13
13 14
14 15
15 16
16 17
17 18
18 19
19 20
20 21
21 22
22 23
23 24
24 25
25 26
26 27
27 28
28 29
29 30
30 31
31 32
32 33
33 34
34 35
35 36
35 37
34 38
33 39
32 40
40 41
41 42
41 43
43 44
43 45
40 46
31 47
47 48
47 49
49 50
50 51
51 52
51 53
53 54
54 55
55 56
56 57
56 58
55 59
59 60
60 61
60 62
62 63
63 64
63 65
65 66
66 67
66 68
68 69
68 70
70 71
71 72
71 73
70 74
65 75
62 76
76 77
77 78
78 79
79 80
80 81
80 82
79 83
83 84
84 85
84 86
83 87
78 88
88 89
89 90
89 91
88 92
92 93
92 94
94 95
94 96
96 97
96 98
98 99
99 100
99 101
98 102
77 103
76 104
59 105
105 106
106 107
106 108
108 109
109 110
109 111
108 112
112 113
112 114
105 115
115 116
115 117
54 118
118 119
119 120
120 121
121 122
121 123
123 124
123 125
120 126
126 127
127 128
128 129
128 130
130 131
130 132
132 133
133 134
134 135
135 136
136 137
136 138
138 139
138 140
140 141
140 142
135 143
143 144
143 145
134 146
133 147
147 148
147 149
132 150
127 151
126 152
119 153
153 154
153 155
155 156
156 157
156 158
158 159
158 160
160 161
160 162
155 163
163 164
163 165
118 166
53 167
167 168
168 169
169 170
170 171
171 172
172 173
172 174
174 175
174 176
171 177
177 178
177 179
179 180
179 181
181 182
182 183
182 184
181 185
185 186
186 187
186 188
188 189
189 190
189 191
188 192
185 193
193 194
194 195
194 196
193 197
170 198
198 199
199 200
199 201
201 202
201 203
198 204
169 205
205 206
205 207
207 208
207 209
168 210
210 211
210 212
212 213
212 214
214 215
215 216
215 217
214 218
218 219
218 220
167 221
50 222
222 223
222 224
49 225
30 226
29 227
28 228
228 229
229 230
229 231
228 232
232 233
233 234
233 235
232 236
236 237
236 238
27 239
26 240
240 241
240 242
25 243
243 244
244 245
245 246
246 247
247 248
247 249
246 250
245 251
251 252
252 253
252 254
251 255
255 256
255 257
244 258
243 259
24 260
23 261
22 262
262 263
263 264
264 265
265 266
266 267
267 268
268 269
269 270
269 271
271 272
272 273
273 274
273 275
272 276
271 277
268 278
267 279
279 280
280 281
280 282
279 283
266 284
284 285
285 286
285 287
284 288
288 289
288 290
265 291
264 292
292 293
292 294
294 295
295 296
295 297
297 298
298 299
299 300
300 301
301 302
302 303
303 304
304 305
304 306
303 307
302 308
308 309
308 310
310 311
310 312
301 313
300 314
299 315
315 316
315 317
298 318
297 319
319 320
319 321
321 322
322 323
322 324
324 325
325 326
325 327
324 328
328 329
328 330
321 331
294 332
332 333
332 334
263 335
335 336
336 337
336 338
335 339
339 340
340 341
341 342
342 343
343 344
343 345
342 346
346 347
347 348
348 349
349 350
350 351
351 352
352 353
353 354
354 355
354 356
353 357
357 358
357 359
352 360
360 361
360 362
362 363
362 364
364 365
365 366
365 367
364 368
351 369
350 370
370 371
370 372
349 373
373 374
373 375
375 376
375 377
377 378
378 379
378 380
380 381
380 382
377 383
383 384
383 385
348 386
386 387
387 388
387 389
389 390
389 391
391 392
391 393
386 394
347 395
395 396
396 397
397 398
397 399
399 400
399 401
396 402
395 403
346 404
341 405
405 406
406 407
407 408
408 409
409 410
410 411
410 412
412 413
412 414
409 415
415 416
416 417
416 418
415 419
408 420
420 421
421 422
422 423
422 424
424 425
425 426
425 427
427 428
427 429
429 430
429 431
431 432
431 433
424 434
434 435
434 436
436 437
437 438
438 439
439 440
440 441
441 442
441 443
443 444
444 445
444 446
443 447
440 448
448 449
449 450
450 451
451 452
452 453
453 454
453 455
452 456
451 457
457 458
458 459
459 460
460 461
461 462
462 463
463 464
463 465
462 466
466 467
467 468
467 469
466 470
461 471
460 472
472 473
473 474
473 475
475 476
476 477
476 478
478 479
478 480
475 481
472 482
482 483
482 484
459 485
485 486
485 487
487 488
487 489
458 490
490 491
491 492
491 493
490 494
457 495
495 496
496 497
496 498
498 499
499 500
499 501
498 502
502 503
502 504
504 505
504 506
495 507
450 508
508 509
508 510
449 511
511 512
511 513
513 514
513 515
448 516
516 517
517 518
518 519
519 520
520 521
521 522
522 523
523 524
523 525
525 526
525 527
527 528
528 529
528 530
530 531
530 532
527 533
533 534
533 535
522 536
521 537
520 538
519 539
539 540
540 541
540 542
539 543
543 544
543 545
518 546
517 547
516 548
439 549
438 550
437 551
436 552
552 553
553 554
554 555
554 556
556 557
556 558
553 559
552 560
421 561
561 562
562 563
563 564
564 565
565 566
566 567
566 568
565 569
569 570
570 571
570 572
569 573
564 574
574 575
574 576
563 577
577 578
577 579
562 580
561 581
581 582
582 583
583 584
584 585
584 586
586 587
586 588
583 589
582 590
590 591
590 592
581 593
420 594
407 595
406 596
405 597
597 598
597 599
340 600
339 601
601 602
601 603
262 604
604 605
604 606
21 607
20 608
608 609
609 610
610 611
610 612
612 613
612 614
614 615
614 616
616 617
616 618
618 619
618 620
609 621
621 622
622 623
623 624
623 625
622 626
626 627
626 628
621 629
608 630
19 631
631 632
631 633
18 634
634 635
635 636
636 637
636 638
635 639
634 640
640 641
641 642
642 643
643 644
643 645
645 646
646 647
646 648
645 649
642 650
650 651
650 652
641 653
640 654
17 655
655 656
656 657
657 658
657 659
656 660
655 661
661 662
662 663
662 664
664 665
664 666
661 667
16 668
15 669
669 670
670 671
670 672
672 673
673 674
673 675
672 676
676 677
676 678
678 679
678 680
669 681
681 682
681 683
683 684
683 685
14 686
13 687
12 688
11 689
689 690
689 691
691 692
691 693
693 694
694 695
695 696
696 697
696 698
698 699
698 700
700 701
700 702
695 703
703 704
704 705
704 706
703 707
694 708
708 709
709 710
709 711
711 712
711 713
708 714
714 715
715 716
715 717
717 718
718 719
718 720
717 721
714 722
722 723
723 724
724 725
725 726
726 727
727 728
727 729
726 730
725 731
731 732
731 733
733 734
734 735
735 736
735 737
737 738
738 739
739 740
740 741
741 742
741 743
740 744
744 745
745 746
746 747
746 748
745 749
744 750
739 751
738 752
752 753
752 754
737 755
755 756
756 757
756 758
758 759
758 760
755 761
734 762
733 763
763 764
764 765
765 766
766 767
767 768
768 769
769 770
770 771
771 772
771 773
773 774
773 775
775 776
775 777
777 778
777 779
770 780
769 781
768 782
767 783
783 784
784 785
784 786
786 787
786 788
788 789
789 790
790 791
790 792
789 793
788 794
794 795
794 796
783 797
797 798
798 799
799 800
800 801
800 802
799 803
803 804
804 805
805 806
805 807
804 808
803 809
798 810
810 811
810 812
812 813
812 814
797 815
815 816
815 817
766 818
818 819
819 820
820 821
821 822
822 823
823 824
823 825
822 826
821 827
827 828
828 829
828 830
827 831
820 832
832 833
832 834
819 835
835 836
835 837
837 838
837 839
839 840
839 841
841 842
841 843
818 844
765 845
764 846
846 847
846 848
848 849
849 850
849 851
851 852
851 853
848 854
763 855
855 856
856 857
857 858
857 859
856 860
855 861
724 862
723 863
722 864
693 865
865 866
866 867
866 868
865 869
10 870
9 871
871 872
872 873
872 874
874 875
874 876
871 877
8 878
878 879
878 880
880 881
881 882
881 883
880 884
884 885
885 886
885 887
887 888
887 889
889 890
890 891
890 892
889 893
884 894
894 895
894 896
7 897
897 898
898 899
899 900
900 901
901 902
902 903
903 904
903 905
902 906
906 907
906 908
901 909
900 910
899 911
898 912
897 913
6 914
5 915
915 916
916 917
917 918
918 919
918 920
917 921
916 922
915 923
4 924
924 925
925 926
925 927
927 928
927 929
924 930
930 931
931 932
932 933
933 934
934 935
934 936
936 937
936 938
933 939
939 940
939 941
932 942
931 943
930 944
3 945
945 946
945 947
2 948
948 949
948 950
950 951
951 952
952 953
952 954
954 955
955 956
956 957
956 958
958 959
958 960
955 961
954 962
951 963
950 964
964 965
964 966
1 967
