484
484
484
0 0
2 1
3 2
4 3
5 4
6 5
7 6
8 7
9 8
10 9
11 10
12 11
14 12
15 13
17 14
18 15
20 16
21 17
23 18
25 19
27 20
28 21
30 22
31 23
32 24
34 25
35 26
36 27
38 28
39 29
40 30
37 31
41 32
43 33
44 34
46 35
47 36
49 37
50 38
52 39
53 40
55 41
56 42
57 43
58 44
59 45
60 46
61 47
63 48
64 49
66 50
67 51
69 52
70 53
72 54
73 55
74 56
75 57
76 58
78 59
80 60
81 61
82 62
84 63
85 64
87 65
88 66
89 67
91 68
94 69
96 70
97 71
98 72
100 73
102 74
103 75
104 76
106 77
108 78
109 79
111 80
112 81
114 82
115 83
116 84
113 85
117 86
118 87
120 88
121 89
122 90
124 91
125 92
127 93
128 94
130 95
129 96
131 97
133 98
135 99
137 100
138 101
140 102
142 103
143 104
144 105
146 106
147 107
149 108
150 109
151 110
152 111
154 112
155 113
156 114
158 115
160 116
161 117
162 118
164 119
165 120
166 121
167 122
169 123
171 124
172 125
173 126
174 127
176 128
177 129
179 130
182 131
183 132
184 133
185 134
186 135
187 136
188 137
190 138
191 139
192 140
193 141
195 142
197 143
198 144
200 145
201 146
202 147
203 148
205 149
206 150
207 151
209 152
210 153
211 154
214 155
215 156
217 157
218 158
220 159
221 160
222 161
224 162
225 163
227 164
228 165
229 166
230 167
231 168
232 169
233 170
235 171
236 172
238 173
239 174
241 175
242 176
243 177
244 178
246 179
247 180
249 181
250 182
251 183
253 184
254 185
256 186
257 187
258 188
259 189
261 190
262 191
264 192
266 193
268 194
270 195
271 196
273 197
274 198
277 199
279 200
280 201
282 202
283 203
284 204
286 205
287 206
285 207
288 208
289 209
290 210
291 211
293 212
295 213
296 214
297 215
299 216
300 217
301 218
302 219
304 220
305 221
307 222
309 223
310 224
312 225
313 226
315 227
316 228
319 229
320 230
321 231
322 232
324 233
325 234
326 235
328 236
329 237
331 238
332 239
333 240
334 241
335 242
336 243
337 244
339 245
340 246
342 247
343 248
345 249
346 250
348 251
349 252
350 253
352 254
353 255
355 256
357 257
358 258
360 259
361 260
363 261
365 262
366 263
367 264
368 265
369 266
370 267
371 268
372 269
373 270
375 271
377 272
378 273
381 274
382 275
383 276
384 277
386 278
387 279
389 280
390 281
391 282
392 283
393 284
395 285
397 286
398 287
400 288
401 289
399 290
402 291
404 292
405 293
406 294
407 295
409 296
410 297
412 298
413 299
414 300
415 301
417 302
418 303
419 304
420 305
422 306
423 307
425 308
426 309
427 310
428 311
424 312
429 313
430 314
432 315
434 316
435 317
436 318
438 319
439 320
441 321
443 322
444 323
446 324
447 325
448 326
449 327
451 328
453 329
454 330
455 331
456 332
457 333
459 334
460 335
461 336
462 337
463 338
465 339
467 340
468 341
470 342
471 343
472 344
474 345
475 346
477 347
476 348
478 349
480 350
481 351
482 352
483 353
485 354
486 355
487 356
488 357
490 358
491 359
493 360
494 361
495 362
497 363
500 364
501 365
502 366
504 367
505 368
506 369
507 370
508 371
510 372
511 373
512 374
513 375
514 376
516 377
515 378
517 379
518 380
519 381
521 382
522 383
524 384
525 385
528 386
529 387
530 388
531 389
532 390
533 391
534 392
535 393
536 394
537 395
539 396
540 397
541 398
542 399
543 400
544 401
545 402
546 403
548 404
550 405
551 406
552 407
554 408
555 409
557 410
558 411
560 412
562 413
563 414
564 415
566 416
567 417
569 418
571 419
573 420
574 421
575 422
577 423
579 424
581 425
582 426
584 427
583 428
585 429
586 430
588 431
589 432
591 433
593 434
596 435
598 436
599 437
601 438
603 439
605 440
606 441
608 442
609 443
612 444
614 445
615 446
617 447
619 448
620 449
622 450
624 451
626 452
627 453
629 454
631 455
632 456
635 457
637 458
638 459
639 460
640 461
643 462
644 463
647 464
648 465
650 466
651 467
652 468
654 469
655 470
656 471
658 472
659 473
661 474
662 475
664 476
666 477
667 478
669 479
670 480
671 481
675 482
677 483
484 483
484 458
458 459
458 453
458 456
458 461
458 449
458 455
449 443
443 438
438 428
428 331
331 312
312 307
312 311
312 313
331 330
428 338
428 429
428 430
312 310
331 293
331 427
428 329
428 426
293 291
312 297
312 309
329 300
428 334
293 292
312 298
312 308
331 290
290 288
290 283
290 305
283 279
279 282
283 281
290 287
290 306
290 319
334 333
338 315
315 316
283 280
290 289
305 247
247 252
252 263
263 266
263 267
263 268
252 254
263 262
263 265
263 269
263 273
263 253
263 264
252 241
241 214
214 213
214 215
214 227
241 239
241 240
214 228
227 242
239 225
239 238
240 235
235 219
235 234
235 207
207 210
207 208
207 209
207 212
207 204
207 205
207 206
210 250
212 211
214 172
172 173
219 218
225 195
195 176
176 185
185 186
195 217
195 226
225 224
239 200
200 184
241 251
242 159
159 160
242 174
242 237
250 248
263 196
263 270
263 284
329 323
323 324
331 321
426 314
314 301
301 302
301 303
301 304
159 158
185 187
196 198
207 221
207 222
215 223
223 193
193 192
241 182
182 183
182 199
182 180
182 181
263 256
292 278
278 277
300 299
333 335
334 286
286 285
428 320
456 450
458 460
460 451
460 469
460 470
451 452
173 162
162 157
157 139
139 140
139 110
110 105
105 107
105 106
139 149
149 150
150 148
139 156
110 114
150 155
185 188
195 216
196 197
227 179
179 191
179 178
237 246
256 259
259 258
285 296
291 294
292 322
331 332
458 439
439 440
139 161
176 177
193 170
170 171
312 271
271 231
231 230
271 272
230 203
203 201
203 260
271 275
203 202
203 229
229 261
203 233
233 164
164 166
166 163
166 167
166 168
166 142
142 154
166 169
166 194
142 143
163 144
144 151
151 153
144 145
144 137
137 138
144 152
230 257
261 245
245 274
203 276
458 432
432 434
432 433
432 435
435 436
460 472
142 165
195 189
203 127
127 128
203 244
241 243
256 255
285 295
443 447
472 471
472 481
164 220
203 117
117 118
117 134
134 135
118 98
118 120
98 99
118 119
118 124
118 125
125 136
118 126
134 141
117 96
96 94
96 85
85 78
85 82
82 79
85 81
78 77
85 84
85 97
85 83
96 95
85 68
68 26
26 10
10 5
5 6
5 4
10 17
10 31
31 30
30 55
55 52
31 7
7 9
31 20
20 2
2 3
2 16
16 42
31 27
31 41
31 43
31 46
42 35
35 37
37 36
46 54
52 45
2 15
20 13
26 0
0 1
26 11
26 25
30 19
31 18
41 48
54 38
38 39
68 67
26 24
30 32
31 12
31 21
32 33
35 44
38 47
38 50
42 14
42 40
55 53
55 56
68 61
7 8
21 22
30 29
38 51
52 65
55 28
61 59
59 60
68 66
85 70
70 71
71 72
70 63
63 62
85 80
85 86
117 115
125 108
125 130
134 129
129 122
122 121
134 131
35 57
46 49
59 58
68 73
70 75
85 76
96 92
92 93
96 101
108 109
117 116
122 111
111 112
21 23
42 64
70 74
108 102
111 113
125 133
134 89
89 87
89 88
41 34
61 69
96 100
102 103
102 104
134 132
118 123
223 146
146 147
443 445
481 479
159 175
189 190
248 249
472 480
434 431
458 454
118 91
91 90
233 236
458 464
472 474
474 473
474 477
474 465
465 466
481 468
468 463
463 457
457 448
448 444
463 462
468 467
448 442
448 441
481 478
233 232
474 475
474 476
428 437
443 357
357 358
481 482
443 446
431 423
423 422
422 424
434 425
425 418
418 419
418 421
418 416
416 415
418 412
412 414
412 413
413 417
418 420
418 406
406 403
406 376
376 401
376 402
376 373
373 374
373 378
378 377
377 379
373 381
381 343
343 336
336 326
343 341
373 388
373 389
377 380
378 360
343 342
360 355
360 359
373 372
373 386
373 391
373 392
373 393
376 398
377 384
389 348
348 347
389 369
389 385
336 364
341 349
343 350
348 346
360 354
369 370
372 400
376 375
376 396
377 344
344 345
381 363
363 362
381 382
384 383
389 366
341 356
350 352
355 353
376 395
377 397
326 325
336 365
360 361
360 387
362 340
369 368
388 390
401 405
406 411
340 339
350 351
354 328
328 317
317 318
328 327
372 371
373 394
373 399
406 404
366 367
406 409
406 407
406 408
406 410
336 337
