484
678
678
0 220
346 52
340 627
342 659
343 448
348 104
349 124
606 203
299 637
296 17
297 405
295 266
293 614
290 30
291 375
591 9
593 14
198 589
596 224
195 478
598 404
197 185
191 453
190 183
193 582
192 36
270 274
271 525
273 115
274 73
277 644
279 305
524 262
525 558
521 567
522 264
599 563
528 412
529 46
449 3
448 501
443 31
441 367
447 35
446 279
444 81
108 622
109 307
102 357
103 543
100 475
106 27
104 268
39 160
38 384
32 100
31 377
30 671
37 555
36 98
35 190
34 25
640 586
643 472
644 497
438 352
439 326
436 302
648 519
434 192
435 451
432 167
430 280
339 669
335 345
334 0
337 201
336 373
331 383
333 350
332 534
345 493
6 485
98 447
91 439
94 140
97 666
96 254
558 656
555 346
554 521
557 284
551 197
550 146
552 230
238 96
239 336
235 28
236 516
230 151
231 542
232 494
233 363
146 74
147 409
144 169
619 560
142 76
143 256
140 566
612 438
617 378
614 251
149 569
622 467
133 249
131 58
130 156
137 329
135 427
494 138
495 142
138 310
490 80
491 342
493 428
25 295
27 430
20 530
21 121
23 650
28 186
407 198
406 225
405 390
404 202
402 468
401 528
400 246
409 399
378 297
371 209
370 37
373 487
372 114
375 277
377 289
393 585
392 241
88 239
89 41
397 47
395 244
82 299
399 518
81 677
87 583
84 250
85 290
7 588
601 617
586 182
584 647
585 32
582 410
583 88
581 214
588 253
589 11
244 91
247 164
246 89
241 598
243 120
242 462
615 522
249 667
519 429
518 662
511 398
510 402
513 97
512 541
515 12
514 574
517 78
516 332
459 108
620 477
627 150
626 491
624 8
451 231
629 624
453 283
454 648
455 172
456 193
457 382
179 552
177 174
176 577
174 39
173 309
172 573
171 612
656 575
253 548
182 285
183 322
654 106
2 337
186 333
187 144
184 43
185 504
652 207
188 259
658 455
659 537
650 629
651 480
11 232
10 502
12 470
15 579
14 20
17 540
18 368
322 551
320 596
321 102
326 64
324 414
325 63
328 355
329 215
201 55
200 195
203 67
202 571
205 61
207 444
206 187
209 510
76 386
75 415
74 533
73 449
72 606
70 515
655 87
78 328
669 626
667 75
666 482
664 200
662 361
661 50
542 205
543 661
540 511
541 517
546 418
544 282
545 227
8 349
548 536
120 171
121 5
122 34
124 188
125 389
127 620
128 117
129 122
414 524
415 372
417 129
410 608
412 353
413 166
418 601
419 49
319 236
313 581
312 457
310 184
316 243
315 481
497 109
3 296
368 56
369 603
366 211
367 655
365 557
363 513
360 591
361 654
381 387
382 643
383 18
384 2
386 217
387 287
389 221
605 82
579 288
573 545
571 261
577 137
575 619
574 161
60 348
61 165
258 218
259 483
64 162
66 111
67 366
69 125
250 419
251 316
256 325
257 584
254 422
508 529
506 360
507 191
504 238
505 313
502 53
500 59
501 640
631 651
632 564
468 257
637 210
465 66
639 436
467 70
461 400
460 128
463 149
462 454
169 38
164 420
165 417
166 179
167 229
160 233
161 15
162 474
9 465
647 546
357 531
355 319
353 635
352 609
350 456
358 397
217 7
214 506
215 371
210 113
211 393
218 435
289 127
288 57
4 84
280 228
283 459
282 304
285 23
284 324
287 365
286 60
675 147
677 286
670 133
671 103
262 638
261 544
266 539
264 312
268 340
59 407
58 532
55 632
57 320
56 176
50 425
53 118
52 401
537 10
536 434
535 615
63 413
533 85
532 495
531 370
530 505
539 44
115 222
114 508
117 273
116 72
111 550
113 143
112 512
118 4
429 593
428 395
534 639
420 69
423 631
422 490
425 441
424 391
427 675
426 500
309 112
300 369
301 554
302 270
304 488
305 94
307 247
569 154
560 658
562 381
563 301
564 177
566 358
567 605
229 392
228 461
227 599
225 343
224 463
222 242
221 300
220 652
391 21
390 6
151 432
150 443
152 406
155 116
154 486
603 130
156 339
158 446
609 321
608 335
80 155
635 507
398 664
49 131
46 135
47 460
44 258
43 562
40 158
41 334
638 476
5 426
488 331
487 424
486 293
485 152
483 271
482 235
481 535
480 291
472 315
470 40
471 423
476 471
477 670
474 514
475 173
478 206
347 344
1 0
344 346
351 347
341 340
349 341
341 342
344 343
347 348
366 349
597 595
607 606
597 594
618 619
311 298
298 299
314 296
296 297
318 294
296 295
306 292
292 293
285 290
292 291
590 591
594 590
594 593
595 592
208 199
199 198
623 597
595 596
196 195
294 194
196 197
212 196
216 191
189 190
194 193
191 192
269 270
272 271
275 272
272 273
275 274
366 275
347 276
276 277
330 278
278 279
523 524
526 525
538 526
538 527
538 520
520 521
523 522
527 523
600 599
527 528
527 529
450 449
469 448
442 443
464 442
440 441
464 440
448 447
445 446
583 445
445 444
107 108
110 109
101 102
101 103
99 100
113 101
107 106
113 107
105 104
113 105
37 39
37 38
54 33
33 32
29 31
29 30
54 37
37 36
33 35
33 34
646 641
641 640
642 643
645 642
652 645
645 644
437 438
440 439
435 436
583 437
433 434
450 435
433 432
463 433
431 430
442 431
338 339
356 338
330 335
330 334
338 337
330 336
330 331
347 330
330 333
330 332
344 345
11 6
105 99
95 98
92 91
92 90
99 93
99 92
101 95
93 94
95 97
95 96
572 559
559 558
556 555
553 554
556 557
559 556
553 551
549 550
559 553
553 552
237 238
240 239
265 234
234 235
237 236
330 237
226 230
226 231
226 232
234 233
33 1
613 614
145 146
145 147
145 144
151 145
141 142
141 143
141 140
148 141
611 612
621 613
621 610
618 611
621 616
616 617
170 148
148 149
633 623
623 622
134 133
136 132
132 131
129 130
136 137
139 136
134 135
163 134
492 494
496 495
159 139
136 138
489 490
492 491
515 492
492 493
37 24
24 25
54 26
26 27
19 20
22 21
54 22
24 23
29 28
54 29
408 407
403 406
403 405
403 404
455 403
403 402
399 401
399 400
630 629
408 409
458 408
636 628
394 379
379 378
366 371
366 370
374 373
366 372
376 375
379 374
376 377
380 376
634 618
394 393
388 392
86 88
90 89
396 397
408 396
396 395
421 394
83 82
95 83
79 80
93 81
90 86
86 87
83 84
86 85
6 7
602 601
611 607
583 586
592 587
583 584
583 585
583 582
602 583
592 580
580 581
587 588
590 589
263 245
245 244
248 247
245 246
240 241
252 240
242 243
269 242
616 615
248 249
276 248
520 519
515 518
527 511
509 510
514 513
511 512
527 515
538 514
515 517
515 516
464 458
458 459
628 621
621 620
628 627
625 626
639 625
625 624
527 450
450 451
583 452
452 453
455 454
583 455
455 456
458 457
180 179
180 178
178 177
175 176
294 175
175 174
170 173
170 172
170 171
181 170
657 656
668 657
653 654
252 253
181 182
181 183
181 180
194 181
181 186
181 187
181 184
181 185
673 652
189 188
199 189
657 658
660 659
649 650
652 651
22 11
8 10
54 13
13 12
16 15
13 14
16 17
54 16
26 19
19 18
71 62
323 322
327 323
364 320
320 321
344 326
364 327
323 324
326 325
327 328
330 329
317 201
199 200
204 203
201 202
204 205
213 204
208 207
204 206
208 209
267 208
79 77
77 76
71 75
71 74
71 73
71 72
86 71
71 70
653 655
81 79
77 78
1 2
668 669
672 668
668 667
665 666
673 665
663 664
665 663
663 662
660 661
665 660
672 653
538 542
538 543
538 540
538 541
547 546
551 547
538 544
538 545
54 8
547 548
553 549
71 68
597 598
119 120
119 121
123 122
159 123
123 124
126 125
136 126
126 127
129 128
139 129
452 414
416 415
431 416
416 417
411 410
424 411
411 412
414 413
520 498
416 418
416 419
520 499
318 319
362 318
311 313
311 312
330 311
311 310
347 317
314 316
314 315
330 314
498 496
498 497
19 3
366 368
366 369
379 366
366 367
380 364
366 365
364 362
362 363
359 360
362 361
583 380
380 381
380 382
380 383
385 384
403 385
385 386
388 387
399 388
388 389
604 605
578 579
587 578
636 604
572 573
580 572
570 571
572 570
576 577
578 576
576 575
572 574
54 60
62 61
255 258
260 259
65 64
71 65
65 66
65 67
278 252
68 69
248 250
248 251
255 256
255 257
255 254
269 255
604 603
610 602
509 508
527 509
526 506
506 507
503 504
506 505
503 502
526 503
499 500
499 501
636 630
630 631
633 632
636 633
499 469
469 468
641 636
636 637
466 465
583 464
466 467
496 466
499 461
458 460
583 463
461 462
178 168
170 169
163 164
163 165
167 166
168 167
159 160
159 161
163 162
170 163
613 600
8 9
646 647
653 646
665 649
649 648
356 357
380 356
354 355
374 354
354 353
351 352
366 351
351 350
374 359
359 358
223 216
216 217
213 214
213 215
226 212
216 213
208 210
212 211
219 218
252 219
285 289
285 288
3 4
356 281
281 280
281 283
281 282
306 285
285 284
285 287
285 286
676 674
674 675
678 676
676 677
668 670
672 671
673 672
674 673
330 263
263 262
260 261
298 260
303 267
265 266
308 265
265 264
298 269
267 268
54 59
54 58
54 55
71 54
54 57
54 56
65 51
51 50
54 53
51 52
538 537
527 536
527 535
62 63
527 533
527 532
527 531
527 530
538 539
549 538
113 115
113 114
113 117
113 116
110 111
113 110
132 113
113 112
181 119
119 118
424 429
424 428
527 534
437 421
421 420
424 423
421 422
424 425
583 424
424 427
424 426
317 308
308 309
298 300
302 301
326 302
327 303
303 304
306 305
344 306
306 307
572 568
570 569
561 560
568 561
561 562
561 563
565 564
572 565
565 566
568 567
226 229
226 228
226 227
267 226
226 225
223 224
278 223
223 222
219 221
219 220
388 391
388 390
157 151
148 150
168 153
153 152
153 155
153 154
216 157
157 156
181 159
159 158
610 609
607 608
642 634
437 399
634 635
399 398
68 48
48 49
45 46
48 47
45 44
54 45
65 42
42 43
37 40
42 41
636 638
6 5
653 639
600 489
489 488
484 487
484 486
484 485
492 484
484 483
479 482
479 481
479 480
473 472
515 473
471 470
499 471
526 476
476 477
473 474
476 475
479 478
527 479
