484
678
678
0 242
346 316
340 297
342 461
343 349
348 648
349 507
606 50
299 532
296 177
297 541
295 144
293 149
290 511
291 626
591 197
593 582
198 138
596 258
195 426
598 203
197 115
191 381
190 530
193 151
192 91
270 647
271 588
273 639
274 599
277 6
279 637
524 143
525 533
521 497
522 390
599 367
528 37
529 12
449 455
448 535
443 322
441 74
447 449
446 300
444 428
108 368
109 113
102 152
103 304
100 241
106 63
104 536
39 643
38 555
32 214
31 656
30 185
37 20
36 474
35 108
34 57
640 514
643 522
644 209
438 454
439 395
436 508
648 201
434 116
435 142
432 18
430 468
339 609
335 239
334 601
337 171
336 564
331 104
333 504
332 644
345 154
6 310
98 569
91 287
94 661
97 567
96 183
558 365
555 462
554 401
557 135
551 295
550 546
552 324
238 650
239 475
235 117
236 229
230 35
231 405
232 307
233 261
146 147
147 627
144 172
619 459
142 53
143 360
140 69
612 273
617 80
614 494
149 471
622 369
133 664
131 277
130 560
137 190
135 361
494 39
495 521
138 162
490 430
491 2
493 652
25 291
27 43
20 477
21 129
23 215
28 313
407 288
406 612
405 435
404 88
402 447
401 336
400 326
409 667
378 577
371 279
370 332
373 156
372 58
375 487
377 357
393 81
392 227
88 225
89 70
397 346
395 334
82 250
399 15
81 659
87 444
84 429
85 329
7 238
601 402
586 439
584 124
585 666
582 453
583 217
581 516
588 82
589 480
244 137
247 192
246 566
241 382
243 64
242 206
615 301
249 415
519 586
518 246
511 262
510 419
513 476
512 418
515 230
514 423
517 669
516 286
459 231
620 164
627 463
626 505
624 422
451 670
629 55
453 222
454 584
455 397
456 270
457 593
179 534
177 614
176 284
174 73
173 96
172 205
171 150
656 488
253 399
182 400
183 617
654 56
2 629
186 23
187 501
184 186
185 493
652 677
188 27
658 293
659 524
650 264
651 3
11 200
10 481
12 575
15 417
14 331
17 550
18 540
322 244
320 285
321 207
326 188
324 106
325 384
328 518
329 583
201 165
200 434
203 478
202 160
205 66
207 9
206 502
209 8
76 296
75 398
74 407
73 109
72 671
70 7
655 218
78 552
669 371
667 658
666 389
664 97
662 348
661 432
542 176
543 485
540 500
541 254
546 41
544 103
545 10
8 94
548 457
120 98
121 158
122 340
124 191
125 603
127 387
128 562
129 100
414 28
415 622
417 460
410 184
412 5
413 596
418 120
419 343
319 131
313 325
312 383
310 280
316 554
315 443
497 513
3 392
368 59
369 333
366 61
367 232
365 632
363 312
360 420
361 363
381 377
382 211
383 606
384 76
386 438
387 130
389 282
605 146
579 118
573 328
571 542
577 638
575 545
574 102
60 510
61 133
258 525
259 391
64 490
66 427
67 11
69 202
250 573
251 557
256 4
257 193
254 465
508 544
506 220
507 506
504 470
505 256
502 414
500 352
501 515
631 353
632 412
468 236
637 654
465 425
639 448
467 243
461 517
460 413
463 608
462 320
169 579
164 173
165 451
166 378
167 174
160 167
161 166
162 247
9 274
647 121
357 25
355 179
353 187
352 519
350 635
358 486
217 309
214 52
215 251
210 495
211 472
218 491
289 483
288 21
4 49
280 386
283 127
282 111
285 372
284 619
287 182
286 662
675 46
677 257
670 233
671 289
262 574
261 406
266 589
264 585
268 558
59 78
58 198
55 615
57 404
56 72
50 60
53 305
52 0
537 375
536 373
535 169
63 624
533 355
532 125
531 40
530 75
539 441
115 195
114 47
117 235
116 89
111 531
113 228
112 315
118 482
429 140
428 551
534 84
420 337
423 161
422 319
425 14
424 259
427 512
426 67
309 631
300 271
301 581
302 410
304 675
305 253
307 335
569 221
560 210
562 85
563 655
564 302
566 543
567 32
229 224
228 651
227 31
225 350
224 467
222 563
221 249
220 620
391 366
390 528
151 44
150 38
152 548
155 640
154 17
603 30
156 321
158 591
609 128
608 605
80 36
635 122
398 283
49 409
46 345
47 537
44 266
43 342
40 424
41 290
638 370
5 112
488 436
487 529
486 598
485 114
483 393
482 155
481 358
480 299
472 456
470 446
471 571
476 268
477 539
474 87
475 339
478 34
347 344
1 0
344 346
351 347
341 340
349 341
341 342
344 343
347 348
366 349
597 595
607 606
597 594
618 619
311 298
298 299
314 296
296 297
318 294
296 295
306 292
292 293
285 290
292 291
590 591
594 590
594 593
595 592
208 199
199 198
623 597
595 596
196 195
294 194
196 197
212 196
216 191
189 190
194 193
191 192
269 270
272 271
275 272
272 273
275 274
366 275
347 276
276 277
330 278
278 279
523 524
526 525
538 526
538 527
538 520
520 521
523 522
527 523
600 599
527 528
527 529
450 449
469 448
442 443
464 442
440 441
464 440
448 447
445 446
583 445
445 444
107 108
110 109
101 102
101 103
99 100
113 101
107 106
113 107
105 104
113 105
37 39
37 38
54 33
33 32
29 31
29 30
54 37
37 36
33 35
33 34
646 641
641 640
642 643
645 642
652 645
645 644
437 438
440 439
435 436
583 437
433 434
450 435
433 432
463 433
431 430
442 431
338 339
356 338
330 335
330 334
338 337
330 336
330 331
347 330
330 333
330 332
344 345
11 6
105 99
95 98
92 91
92 90
99 93
99 92
101 95
93 94
95 97
95 96
572 559
559 558
556 555
553 554
556 557
559 556
553 551
549 550
559 553
553 552
237 238
240 239
265 234
234 235
237 236
330 237
226 230
226 231
226 232
234 233
33 1
613 614
145 146
145 147
145 144
151 145
141 142
141 143
141 140
148 141
611 612
621 613
621 610
618 611
621 616
616 617
170 148
148 149
633 623
623 622
134 133
136 132
132 131
129 130
136 137
139 136
134 135
163 134
492 494
496 495
159 139
136 138
489 490
492 491
515 492
492 493
37 24
24 25
54 26
26 27
19 20
22 21
54 22
24 23
29 28
54 29
408 407
403 406
403 405
403 404
455 403
403 402
399 401
399 400
630 629
408 409
458 408
636 628
394 379
379 378
366 371
366 370
374 373
366 372
376 375
379 374
376 377
380 376
634 618
394 393
388 392
86 88
90 89
396 397
408 396
396 395
421 394
83 82
95 83
79 80
93 81
90 86
86 87
83 84
86 85
6 7
602 601
611 607
583 586
592 587
583 584
583 585
583 582
602 583
592 580
580 581
587 588
590 589
263 245
245 244
248 247
245 246
240 241
252 240
242 243
269 242
616 615
248 249
276 248
520 519
515 518
527 511
509 510
514 513
511 512
527 515
538 514
515 517
515 516
464 458
458 459
628 621
621 620
628 627
625 626
639 625
625 624
527 450
450 451
583 452
452 453
455 454
583 455
455 456
458 457
180 179
180 178
178 177
175 176
294 175
175 174
170 173
170 172
170 171
181 170
657 656
668 657
653 654
252 253
181 182
181 183
181 180
194 181
181 186
181 187
181 184
181 185
673 652
189 188
199 189
657 658
660 659
649 650
652 651
22 11
8 10
54 13
13 12
16 15
13 14
16 17
54 16
26 19
19 18
71 62
323 322
327 323
364 320
320 321
344 326
364 327
323 324
326 325
327 328
330 329
317 201
199 200
204 203
201 202
204 205
213 204
208 207
204 206
208 209
267 208
79 77
77 76
71 75
71 74
71 73
71 72
86 71
71 70
653 655
81 79
77 78
1 2
668 669
672 668
668 667
665 666
673 665
663 664
665 663
663 662
660 661
665 660
672 653
538 542
538 543
538 540
538 541
547 546
551 547
538 544
538 545
54 8
547 548
553 549
71 68
597 598
119 120
119 121
123 122
159 123
123 124
126 125
136 126
126 127
129 128
139 129
452 414
416 415
431 416
416 417
411 410
424 411
411 412
414 413
520 498
416 418
416 419
520 499
318 319
362 318
311 313
311 312
330 311
311 310
347 317
314 316
314 315
330 314
498 496
498 497
19 3
366 368
366 369
379 366
366 367
380 364
366 365
364 362
362 363
359 360
362 361
583 380
380 381
380 382
380 383
385 384
403 385
385 386
388 387
399 388
388 389
604 605
578 579
587 578
636 604
572 573
580 572
570 571
572 570
576 577
578 576
576 575
572 574
54 60
62 61
255 258
260 259
65 64
71 65
65 66
65 67
278 252
68 69
248 250
248 251
255 256
255 257
255 254
269 255
604 603
610 602
509 508
527 509
526 506
506 507
503 504
506 505
503 502
526 503
499 500
499 501
636 630
630 631
633 632
636 633
499 469
469 468
641 636
636 637
466 465
583 464
466 467
496 466
499 461
458 460
583 463
461 462
178 168
170 169
163 164
163 165
167 166
168 167
159 160
159 161
163 162
170 163
613 600
8 9
646 647
653 646
665 649
649 648
356 357
380 356
354 355
374 354
354 353
351 352
366 351
351 350
374 359
359 358
223 216
216 217
213 214
213 215
226 212
216 213
208 210
212 211
219 218
252 219
285 289
285 288
3 4
356 281
281 280
281 283
281 282
306 285
285 284
285 287
285 286
676 674
674 675
678 676
676 677
668 670
672 671
673 672
674 673
330 263
263 262
260 261
298 260
303 267
265 266
308 265
265 264
298 269
267 268
54 59
54 58
54 55
71 54
54 57
54 56
65 51
51 50
54 53
51 52
538 537
527 536
527 535
62 63
527 533
527 532
527 531
527 530
538 539
549 538
113 115
113 114
113 117
113 116
110 111
113 110
132 113
113 112
181 119
119 118
424 429
424 428
527 534
437 421
421 420
424 423
421 422
424 425
583 424
424 427
424 426
317 308
308 309
298 300
302 301
326 302
327 303
303 304
306 305
344 306
306 307
572 568
570 569
561 560
568 561
561 562
561 563
565 564
572 565
565 566
568 567
226 229
226 228
226 227
267 226
226 225
223 224
278 223
223 222
219 221
219 220
388 391
388 390
157 151
148 150
168 153
153 152
153 155
153 154
216 157
157 156
181 159
159 158
610 609
607 608
642 634
437 399
634 635
399 398
68 48
48 49
45 46
48 47
45 44
54 45
65 42
42 43
37 40
42 41
636 638
6 5
653 639
600 489
489 488
484 487
484 486
484 485
492 484
484 483
479 482
479 481
479 480
473 472
515 473
471 470
499 471
526 476
476 477
473 474
476 475
479 478
527 479
