486
486
486
0 0
2 1
3 2
4 3
5 4
7 5
9 6
10 7
12 8
13 9
15 10
16 11
17 12
19 13
21 14
22 15
23 16
25 17
26 18
28 19
30 20
32 21
33 22
34 23
36 24
37 25
38 26
40 27
41 28
43 29
44 30
45 31
47 32
48 33
50 34
49 35
52 36
53 37
55 38
57 39
58 40
60 41
62 42
63 43
64 44
66 45
67 46
69 47
70 48
72 49
74 50
75 51
76 52
77 53
78 54
79 55
81 56
83 57
85 58
87 59
88 60
90 61
91 62
92 63
93 64
95 65
96 66
99 67
100 68
102 69
103 70
105 71
106 72
107 73
104 74
108 75
109 76
110 77
111 78
113 79
115 80
116 81
118 82
119 83
120 84
121 85
123 86
124 87
126 88
127 89
129 90
130 91
131 92
132 93
133 94
134 95
136 96
137 97
138 98
140 99
141 100
143 101
144 102
145 103
146 104
147 105
148 106
149 107
150 108
152 109
153 110
154 111
156 112
157 113
159 114
160 115
162 116
163 117
164 118
166 119
167 120
165 121
168 122
170 123
171 124
173 125
174 126
176 127
178 128
179 129
181 130
182 131
187 132
188 133
189 134
186 135
190 136
192 137
193 138
194 139
196 140
197 141
198 142
199 143
200 144
202 145
204 146
205 147
206 148
207 149
210 150
211 151
213 152
215 153
216 154
217 155
218 156
220 157
221 158
222 159
225 160
226 161
228 162
229 163
227 164
230 165
231 166
232 167
233 168
235 169
237 170
238 171
240 172
241 173
242 174
243 175
245 176
246 177
248 178
249 179
250 180
251 181
253 182
255 183
256 184
257 185
259 186
260 187
261 188
262 189
264 190
263 191
265 192
266 193
268 194
270 195
272 196
273 197
274 198
276 199
277 200
279 201
280 202
282 203
283 204
284 205
285 206
288 207
289 208
291 209
290 210
292 211
293 212
294 213
295 214
296 215
297 216
298 217
299 218
300 219
301 220
302 221
303 222
304 223
305 224
306 225
307 226
308 227
309 228
310 229
311 230
312 231
313 232
314 233
316 234
318 235
319 236
320 237
321 238
322 239
324 240
325 241
327 242
328 243
329 244
330 245
331 246
333 247
334 248
336 249
337 250
338 251
339 252
340 253
341 254
342 255
344 256
345 257
346 258
347 259
349 260
350 261
352 262
355 263
357 264
358 265
359 266
360 267
361 268
363 269
365 270
366 271
367 272
369 273
372 274
373 275
375 276
376 277
378 278
379 279
380 280
381 281
382 282
383 283
385 284
386 285
388 286
389 287
391 288
392 289
393 290
394 291
396 292
398 293
399 294
400 295
401 296
403 297
404 298
405 299
407 300
408 301
409 302
411 303
412 304
414 305
415 306
417 307
418 308
420 309
421 310
423 311
424 312
425 313
426 314
428 315
427 316
429 317
431 318
432 319
434 320
436 321
437 322
440 323
442 324
444 325
445 326
447 327
451 328
453 329
455 330
456 331
458 332
460 333
461 334
462 335
463 336
464 337
465 338
466 339
467 340
468 341
470 342
471 343
472 344
473 345
474 346
475 347
477 348
478 349
480 350
481 351
482 352
484 353
486 354
488 355
490 356
492 357
494 358
496 359
497 360
499 361
501 362
503 363
505 364
507 365
510 366
511 367
513 368
514 369
516 370
517 371
518 372
515 373
519 374
520 375
521 376
522 377
523 378
524 379
526 380
528 381
529 382
531 383
532 384
534 385
535 386
536 387
538 388
539 389
541 390
542 391
543 392
544 393
545 394
546 395
548 396
549 397
550 398
551 399
553 400
554 401
555 402
557 403
558 404
560 405
562 406
561 407
563 408
565 409
566 410
568 411
569 412
570 413
571 414
573 415
575 416
578 417
579 418
580 419
581 420
584 421
585 422
587 423
588 424
590 425
591 426
593 427
595 428
596 429
597 430
598 431
599 432
600 433
602 434
603 435
604 436
605 437
606 438
601 439
607 440
608 441
610 442
611 443
612 444
614 445
615 446
618 447
619 448
621 449
622 450
625 451
626 452
627 453
628 454
630 455
631 456
633 457
635 458
637 459
638 460
639 461
640 462
641 463
642 464
644 465
645 466
647 467
649 468
651 469
652 470
655 471
657 472
658 473
660 474
661 475
662 476
664 477
665 478
667 479
668 480
670 481
674 482
675 483
677 484
679 485
486 483
483 337
337 338
337 332
337 333
338 335
486 453
453 454
453 452
453 331
337 334
337 336
486 457
453 451
486 482
486 484
486 456
486 474
474 475
474 476
476 477
486 485
482 480
480 478
480 481
331 330
331 328
331 329
486 450
450 441
441 442
441 443
441 446
446 444
441 432
432 428
428 431
428 297
297 298
297 296
431 287
287 295
287 267
267 273
267 266
287 274
287 277
277 278
277 279
277 280
277 282
287 285
285 286
287 293
287 270
270 272
270 261
261 262
270 271
271 217
217 210
210 191
210 205
210 222
210 223
191 187
187 188
191 190
205 206
210 193
210 194
210 207
210 214
210 216
210 219
210 220
210 226
226 228
191 182
191 189
207 201
210 195
210 197
210 221
182 185
187 178
178 179
194 235
210 139
139 138
210 159
159 158
210 198
210 208
226 227
139 202
191 192
201 200
205 176
205 204
207 157
157 156
210 237
210 238
139 150
157 144
144 143
178 169
178 177
191 183
208 211
210 196
210 209
210 215
210 218
210 236
210 254
254 255
254 258
254 246
246 247
254 264
254 265
258 225
225 224
225 256
258 263
246 245
258 257
254 239
239 240
254 259
254 260
287 275
275 276
287 294
205 175
210 213
210 233
233 234
287 244
244 241
244 242
287 288
428 430
139 160
182 184
287 281
428 429
431 268
441 439
439 434
439 438
439 421
439 433
439 435
439 437
439 440
439 425
421 424
421 407
407 405
407 406
406 396
407 398
407 404
407 403
403 386
386 373
373 290
290 289
373 371
373 372
373 378
373 300
373 369
373 375
300 301
301 283
369 303
373 370
373 377
300 299
369 390
373 305
373 376
373 392
373 402
301 374
373 304
386 381
386 389
403 393
393 394
373 382
382 383
386 387
386 388
386 391
407 397
407 399
421 417
417 413
413 412
413 410
412 411
412 418
413 416
417 419
418 414
439 436
381 367
367 368
399 400
407 395
416 415
421 420
301 302
386 385
442 422
422 409
409 408
422 426
422 427
139 230
230 231
230 232
230 248
230 251
230 250
230 229
230 249
230 253
230 252
179 186
210 212
230 203
203 174
174 173
174 168
168 135
135 111
111 112
135 121
121 120
135 133
121 118
121 119
135 132
135 134
111 128
174 199
121 95
121 105
105 107
107 102
107 103
105 122
107 106
107 104
121 123
174 164
164 165
164 166
164 161
164 167
164 162
164 163
164 152
164 153
153 154
153 148
148 147
153 155
164 124
164 145
145 131
131 117
164 151
174 181
107 81
107 100
117 116
121 87
87 88
121 96
124 129
129 146
129 114
114 113
114 127
135 90
90 92
92 93
92 89
92 99
90 98
81 83
81 84
117 108
108 109
124 125
129 130
199 172
203 141
141 142
141 149
81 78
78 79
81 82
92 91
102 74
74 73
74 75
74 76
74 69
69 68
74 72
74 77
74 62
77 71
74 59
74 64
74 70
59 58
58 57
74 30
30 12
30 26
26 5
26 27
26 28
30 29
30 50
50 35
35 34
50 43
30 7
7 8
35 20
20 22
35 33
35 42
43 18
18 19
18 36
5 6
26 45
45 53
43 44
50 38
50 52
50 54
12 17
17 16
20 21
38 41
50 51
50 55
26 48
48 49
48 56
30 40
69 61
74 66
74 67
62 60
69 63
108 110
117 115
153 140
140 136
136 137
18 31
31 39
31 32
74 80
96 97
114 126
121 85
385 384
400 401
439 448
441 447
29 3
3 2
3 13
3 14
3 9
3 15
13 10
3 11
3 46
46 47
30 37
66 65
105 101
169 170
178 180
244 243
301 284
422 423
93 94
300 380
441 445
85 86
164 171
35 23
23 25
23 1
23 24
1 0
23 4
385 379
441 449
478 479
254 269
476 473
473 469
469 470
469 465
465 464
469 462
462 461
461 463
461 460
461 458
458 459
462 468
462 471
470 467
467 466
328 455
468 472
384 365
365 360
360 361
360 362
362 291
291 292
291 357
362 364
362 358
358 359
359 352
352 345
345 346
352 349
349 350
352 342
342 341
342 347
342 348
342 355
355 343
343 344
343 339
339 340
343 353
352 356
343 354
349 351
360 366
366 363
330 313
313 312
313 316
316 314
316 317
316 319
313 311
311 310
313 321
313 307
307 306
313 318
313 326
316 315
316 323
307 327
321 325
325 324
324 322
322 309
309 308
311 320
