486
680
680
344 511
0 292
346 186
347 316
340 538
341 486
342 32
349 339
595 115
606 74
298 345
299 394
296 431
297 350
294 587
295 477
292 391
293 463
290 519
291 484
591 464
590 595
593 13
199 92
198 26
597 647
596 119
599 468
194 167
197 542
196 294
190 325
193 249
192 554
270 126
272 460
273 277
274 60
276 232
277 590
279 230
524 386
526 250
520 93
521 233
522 153
523 173
528 290
529 270
442 664
440 392
447 7
445 217
444 621
108 640
109 513
102 87
103 99
100 311
106 644
107 322
104 159
105 588
38 432
33 642
32 627
30 637
37 166
36 566
34 670
641 389
640 67
642 565
645 524
644 30
647 600
436 488
437 404
434 276
432 501
431 253
339 147
338 300
334 352
337 655
336 284
331 599
330 532
333 304
345 123
99 434
91 638
90 425
93 196
92 108
95 668
96 181
558 111
555 515
554 346
557 478
551 190
550 76
553 228
238 221
235 49
237 132
230 558
231 602
232 333
233 215
614 409
146 313
147 179
144 55
145 414
143 162
140 367
141 145
612 365
610 329
611 535
148 85
149 72
133 645
132 120
131 639
130 373
137 544
136 610
134 303
494 211
496 107
138 651
490 164
492 297
25 408
26 429
21 188
22 320
23 619
28 109
407 407
405 243
404 274
403 611
401 17
400 319
409 227
408 347
628 363
379 518
378 401
373 34
372 472
375 578
376 102
618 652
393 614
392 622
88 237
619 375
396 521
394 358
83 283
399 160
81 78
87 633
85 205
7 453
587 417
584 563
585 33
580 383
581 522
588 662
245 309
246 248
241 674
240 551
243 285
242 531
615 601
249 516
248 324
519 470
518 465
511 607
510 64
513 462
515 44
514 103
517 104
516 591
458 675
622 361
621 124
627 436
626 661
625 259
451 241
453 127
455 473
456 83
179 238
178 573
600 314
176 571
174 280
173 598
171 113
170 10
182 553
657 427
181 200
186 366
187 178
598 349
652 336
188 16
189 376
658 41
651 194
10 605
13 496
12 288
15 2
17 141
16 100
19 411
322 138
320 192
321 176
327 129
324 499
325 612
328 272
329 455
200 665
202 625
205 57
204 447
207 150
206 581
77 0
76 245
75 585
74 492
72 307
70 110
655 77
79 105
78 658
2 131
668 331
667 424
665 649
664 50
662 308
661 344
660 505
542 378
543 597
541 405
546 134
544 69
545 12
548 603
549 265
120 630
121 560
123 43
124 154
126 168
127 202
129 555
414 528
415 543
417 118
411 62
412 444
418 606
499 96
319 359
318 341
313 261
312 456
311 171
310 240
316 130
314 268
497 420
3 534
369 426
366 91
367 137
365 220
363 494
360 557
361 372
380 380
381 106
382 207
383 310
385 37
386 206
388 514
389 204
579 400
578 170
604 213
573 541
571 257
570 282
607 510
575 306
60 596
62 289
259 608
64 628
66 38
67 421
69 279
250 593
251 568
256 226
257 399
255 260
603 251
602 140
507 133
505 626
503 302
501 21
630 88
631 256
633 440
468 360
637 604
465 3
464 579
467 58
466 561
461 225
460 255
463 631
462 475
168 144
164 95
165 330
166 428
167 235
160 19
162 218
163 9
9 53
649 246
357 146
355 136
352 163
350 550
359 121
358 526
216 615
217 667
215 471
213 66
210 677
211 165
218 523
289 193
288 291
4 143
280 25
283 90
282 264
285 318
284 481
679 229
674 75
675 222
677 529
670 22
263 149
262 231
261 451
260 382
266 199
265 398
264 660
268 187
58 340
55 442
57 116
50 81
53 40
52 216
536 474
535 403
63 618
532 305
531 312
539 52
538 148
115 517
116 569
111 357
110 507
113 45
253 210
119 393
118 497
429 641
428 545
534 79
421 298
420 293
423 520
425 262
424 584
427 503
426 396
308 156
309 355
300 157
301 4
302 415
303 539
304 337
305 562
306 385
307 266
568 189
569 328
560 301
561 295
562 381
563 580
565 70
566 388
229 296
228 327
227 482
226 458
225 299
222 570
221 263
220 334
391 5
605 197
150 338
153 423
152 466
601 575
154 28
157 342
156 48
159 369
608 15
635 536
398 47
48 63
49 198
47 418
44 549
45 412
43 379
40 242
41 321
638 445
5 679
639 548
488 174
486 273
484 490
482 36
481 467
480 437
472 657
473 23
470 480
471 182
477 152
474 635
475 461
478 546
343 344
1 0
354 346
348 347
335 340
356 341
341 342
346 343
356 348
348 349
594 595
601 606
616 594
620 619
290 298
290 299
290 296
290 297
290 294
290 295
290 292
290 293
317 290
290 291
592 591
589 590
592 593
617 592
200 199
197 198
594 597
594 596
214 195
209 194
208 197
195 196
195 191
191 190
194 193
191 192
271 270
290 271
271 272
271 273
271 274
286 275
275 276
278 277
287 278
278 279
525 524
533 525
527 526
535 527
515 520
515 521
515 522
515 523
594 599
527 528
530 529
450 449
450 448
449 443
443 442
446 441
439 440
448 447
448 446
446 445
443 444
104 108
104 109
101 102
104 103
101 100
104 101
104 106
104 107
114 104
104 105
42 39
39 38
31 33
31 32
73 31
31 30
35 37
35 36
97 35
35 34
648 641
639 640
650 643
643 642
646 645
643 644
449 438
446 439
435 436
438 437
435 434
441 435
433 432
439 433
448 430
430 431
335 339
335 338
353 335
335 334
335 337
335 336
332 331
331 330
332 333
356 332
346 345
35 6
98 99
104 98
89 91
89 90
94 93
89 92
94 95
104 94
98 97
94 96
576 559
559 558
556 555
552 554
556 557
559 556
552 551
547 550
552 553
561 552
239 238
269 239
242 234
236 235
247 236
236 237
227 230
227 231
227 232
234 233
6 1
613 614
142 146
142 147
142 144
142 145
169 142
142 143
139 140
142 141
613 612
617 613
609 610
609 611
617 616
620 617
142 148
142 149
629 623
675 459
128 133
128 132
128 131
128 130
135 137
135 136
184 135
135 134
495 494
504 495
177 139
139 138
491 490
495 491
493 492
500 493
73 24
24 25
27 26
51 27
29 20
20 21
20 22
24 23
27 28
82 29
406 407
515 406
406 405
402 404
402 403
594 402
402 401
397 400
634 629
410 409
406 408
624 628
377 379
377 378
377 371
390 370
374 373
371 372
374 375
397 374
397 377
377 376
617 618
515 393
393 392
89 88
98 89
594 397
395 396
493 395
395 394
104 82
84 83
104 80
80 81
104 86
86 87
86 84
84 85
8 7
620 601
601 607
592 586
586 587
583 584
586 585
583 582
601 583
577 580
582 581
589 588
601 589
244 245
284 244
258 247
247 246
242 241
239 240
244 243
252 242
616 615
247 249
247 248
515 519
515 518
512 511
509 510
512 513
527 512
535 515
515 514
515 517
515 516
459 458
623 622
620 621
623 620
624 627
624 626
624 625
634 624
454 450
452 451
454 452
452 453
457 454
454 455
457 456
624 457
180 179
177 178
186 177
175 176
180 175
175 174
172 173
180 172
172 171
169 170
659 656
656 657
656 654
254 253
183 182
185 183
203 180
180 181
234 186
186 187
186 184
201 185
650 652
186 188
186 189
659 658
654 653
653 650
650 651
18 11
11 10
14 13
11 12
14 15
29 14
18 17
14 16
20 19
42 18
672 659
61 62
323 322
356 323
317 320
317 321
329 326
326 327
323 324
326 325
326 328
397 329
227 201
223 200
227 203
201 202
206 205
203 204
208 207
214 206
224 209
281 208
73 77
73 76
73 75
73 74
97 73
71 72
80 71
71 70
656 655
73 79
73 78
1 2
671 669
669 668
666 667
669 666
666 665
663 664
672 663
663 662
660 661
678 660
540 542
540 543
556 540
540 541
547 546
559 547
556 544
544 545
39 8
547 548
547 549
82 68
594 598
117 120
122 121
135 122
122 123
125 124
184 125
125 126
128 127
139 128
128 129
413 414
416 415
430 416
416 417
515 410
410 411
413 412
515 413
500 498
419 418
438 419
498 499
317 319
317 318
311 313
311 312
335 311
311 310
364 317
315 316
364 315
315 314
495 496
498 497
4 3
371 368
368 369
364 366
364 367
370 364
364 365
594 362
362 363
368 360
362 361
377 380
377 381
377 382
384 383
406 384
384 385
387 386
397 387
387 388
390 389
601 605
577 579
577 578
601 604
572 573
574 572
572 571
567 570
583 577
582 576
574 575
577 574
59 60
73 61
263 258
258 259
65 64
73 65
65 66
68 67
275 252
68 69
247 250
252 251
254 256
254 257
263 254
254 255
601 603
601 602
509 508
525 509
508 506
508 507
506 504
506 505
504 502
502 503
502 500
500 501
629 630
632 631
676 632
632 633
476 469
469 468
639 636
636 637
459 465
459 464
466 467
487 466
459 461
459 460
459 463
459 462
169 168
184 169
165 164
184 165
165 166
165 167
161 160
183 161
161 162
161 163
601 600
8 9
646 647
653 646
648 649
654 648
356 357
370 356
354 355
356 354
364 353
351 352
353 351
351 350
360 359
356 358
214 216
214 217
269 214
214 215
227 212
212 213
209 210
212 211
219 218
223 219
290 289
287 288
20 4
286 281
278 280
284 283
281 282
284 285
290 284
290 287
311 286
680 678
678 679
673 674
678 675
678 676
676 677
671 670
673 671
678 672
678 673
290 263
263 262
258 261
258 260
290 267
267 266
263 265
263 264
275 269
267 268
65 59
59 58
54 55
65 54
56 57
73 56
61 51
49 50
54 53
51 52
540 537
537 536
540 535
61 63
540 533
533 532
530 531
540 530
537 539
537 538
114 115
142 114
142 117
117 116
112 111
104 110
112 113
117 112
117 119
117 118
427 429
427 428
533 534
422 421
419 420
422 423
441 422
446 425
425 424
433 427
427 426
307 308
307 309
290 300
290 301
290 302
290 303
290 304
306 305
343 306
317 307
567 568
567 569
561 560
576 561
561 562
564 563
592 564
564 565
567 566
577 567
227 229
227 228
269 227
227 226
224 225
290 224
290 223
290 222
222 221
219 220
390 391
397 390
185 151
151 150
151 153
151 152
186 155
155 154
158 157
155 156
158 159
175 158
617 609
609 608
676 634
397 399
636 635
397 398
49 48
73 49
56 46
46 47
42 44
46 45
73 42
42 43
39 40
39 41
639 638
6 5
641 639
491 489
489 488
491 487
485 486
487 485
485 484
491 483
483 482
479 481
479 480
471 472
483 473
469 470
485 471
489 476
476 477
473 474
476 475
479 478
483 479
