486
680
680
344 337
0 74
346 57
347 528
340 105
341 399
342 204
349 196
595 599
606 289
298 588
299 639
296 664
297 408
294 44
295 199
292 316
293 375
290 359
291 4
591 428
590 32
593 66
199 298
198 431
597 628
596 109
599 436
194 164
197 10
196 558
190 148
193 369
192 569
270 157
272 456
273 28
274 606
276 526
277 108
279 96
524 284
526 292
520 85
521 497
522 507
523 13
528 81
529 644
442 248
440 612
447 346
445 309
444 320
108 541
109 514
102 167
103 111
100 313
106 270
107 310
104 536
105 365
38 294
33 455
32 549
30 398
37 104
36 12
34 115
641 340
640 593
642 571
645 106
644 202
647 103
436 133
437 488
434 486
432 458
431 232
339 49
338 235
334 655
337 376
336 333
331 535
330 481
333 330
345 242
99 181
91 463
90 79
93 418
92 496
95 324
96 277
558 555
555 585
554 379
557 43
551 464
550 349
553 361
238 90
235 257
237 173
230 250
231 426
232 342
233 660
614 640
146 311
147 667
144 382
145 299
143 465
140 647
141 41
612 213
610 367
611 543
148 665
149 297
133 26
132 249
131 658
130 602
137 266
136 308
134 604
494 393
496 307
138 411
490 87
492 548
25 453
26 230
21 345
22 165
23 205
28 60
407 259
405 118
404 166
403 241
401 407
400 38
409 291
408 360
628 570
379 516
378 276
373 432
372 524
375 296
376 131
618 72
393 641
392 466
88 478
619 2
396 662
394 652
83 53
399 36
81 546
87 76
85 130
7 414
587 93
584 146
585 580
580 99
581 290
588 331
245 415
246 78
241 573
240 225
243 162
242 34
615 587
249 429
248 137
519 221
518 69
511 522
510 614
513 633
515 596
514 471
517 170
516 306
458 295
622 143
621 33
627 216
626 25
625 575
451 568
453 499
455 253
456 0
179 385
178 280
600 482
176 264
174 256
173 598
171 437
170 529
182 102
657 474
181 88
186 557
187 560
598 561
652 417
188 293
189 355
658 206
651 396
10 19
13 261
12 584
15 218
17 347
16 445
19 3
322 123
320 116
321 301
327 174
324 657
325 171
328 222
329 611
200 329
202 211
205 238
204 442
207 207
206 519
77 339
76 357
75 674
74 124
72 401
70 391
655 268
79 490
78 134
2 126
668 283
667 412
665 542
664 363
662 553
661 550
660 539
542 631
543 501
541 605
546 237
544 521
545 272
548 144
549 160
120 77
121 274
123 193
124 83
126 566
127 645
129 23
414 220
415 394
417 227
411 421
412 186
418 113
499 565
319 100
318 240
313 534
312 176
311 279
310 515
316 503
314 159
497 22
3 260
369 312
366 127
367 156
365 305
363 591
360 95
361 129
380 58
381 563
382 16
383 52
385 610
386 303
388 607
389 358
579 121
578 523
604 494
573 231
571 372
570 460
607 444
575 615
60 334
62 461
259 302
64 48
66 319
67 300
69 392
250 91
251 265
256 314
257 246
255 132
603 245
602 627
507 288
505 200
503 338
501 217
630 192
631 179
633 40
468 630
637 92
465 145
464 37
467 322
466 434
461 470
460 182
463 119
462 226
168 608
164 595
165 152
166 341
167 472
160 47
162 405
163 189
9 625
649 386
357 262
355 190
352 64
350 350
359 619
358 670
216 467
217 21
215 383
213 518
210 637
211 420
218 601
289 381
288 67
4 388
280 600
283 554
282 243
285 424
284 484
679 149
674 562
675 140
677 282
670 480
263 17
262 492
261 163
260 462
266 473
265 325
264 9
268 389
58 136
55 404
57 425
50 679
53 517
52 62
536 597
535 197
63 378
532 581
531 45
539 603
538 30
115 622
116 150
111 304
110 215
113 590
253 233
119 336
118 352
429 55
428 544
534 626
421 638
420 321
423 468
425 380
424 194
427 579
426 400
308 423
309 451
300 251
301 327
302 513
303 551
304 75
305 642
306 5
307 409
568 635
569 70
560 168
561 475
562 545
563 228
565 661
566 15
229 427
228 538
227 677
226 318
225 63
222 229
221 510
220 511
391 373
605 50
150 618
153 107
152 7
601 188
154 505
157 263
156 366
159 285
608 255
635 344
398 578
48 477
49 154
47 198
44 520
45 621
43 141
40 328
41 403
638 138
5 273
639 110
488 440
486 675
484 447
482 210
481 532
480 531
472 668
473 178
470 153
471 120
477 187
474 147
475 649
478 651
343 344
1 0
354 346
348 347
335 340
356 341
341 342
346 343
356 348
348 349
594 595
601 606
616 594
620 619
290 298
290 299
290 296
290 297
290 294
290 295
290 292
290 293
317 290
290 291
592 591
589 590
592 593
617 592
200 199
197 198
594 597
594 596
214 195
209 194
208 197
195 196
195 191
191 190
194 193
191 192
271 270
290 271
271 272
271 273
271 274
286 275
275 276
278 277
287 278
278 279
525 524
533 525
527 526
535 527
515 520
515 521
515 522
515 523
594 599
527 528
530 529
450 449
450 448
449 443
443 442
446 441
439 440
448 447
448 446
446 445
443 444
104 108
104 109
101 102
104 103
101 100
104 101
104 106
104 107
114 104
104 105
42 39
39 38
31 33
31 32
73 31
31 30
35 37
35 36
97 35
35 34
648 641
639 640
650 643
643 642
646 645
643 644
449 438
446 439
435 436
438 437
435 434
441 435
433 432
439 433
448 430
430 431
335 339
335 338
353 335
335 334
335 337
335 336
332 331
331 330
332 333
356 332
346 345
35 6
98 99
104 98
89 91
89 90
94 93
89 92
94 95
104 94
98 97
94 96
576 559
559 558
556 555
552 554
556 557
559 556
552 551
547 550
552 553
561 552
239 238
269 239
242 234
236 235
247 236
236 237
227 230
227 231
227 232
234 233
6 1
613 614
142 146
142 147
142 144
142 145
169 142
142 143
139 140
142 141
613 612
617 613
609 610
609 611
617 616
620 617
142 148
142 149
629 623
675 459
128 133
128 132
128 131
128 130
135 137
135 136
184 135
135 134
495 494
504 495
177 139
139 138
491 490
495 491
493 492
500 493
73 24
24 25
27 26
51 27
29 20
20 21
20 22
24 23
27 28
82 29
406 407
515 406
406 405
402 404
402 403
594 402
402 401
397 400
634 629
410 409
406 408
624 628
377 379
377 378
377 371
390 370
374 373
371 372
374 375
397 374
397 377
377 376
617 618
515 393
393 392
89 88
98 89
594 397
395 396
493 395
395 394
104 82
84 83
104 80
80 81
104 86
86 87
86 84
84 85
8 7
620 601
601 607
592 586
586 587
583 584
586 585
583 582
601 583
577 580
582 581
589 588
601 589
244 245
284 244
258 247
247 246
242 241
239 240
244 243
252 242
616 615
247 249
247 248
515 519
515 518
512 511
509 510
512 513
527 512
535 515
515 514
515 517
515 516
459 458
623 622
620 621
623 620
624 627
624 626
624 625
634 624
454 450
452 451
454 452
452 453
457 454
454 455
457 456
624 457
180 179
177 178
186 177
175 176
180 175
175 174
172 173
180 172
172 171
169 170
659 656
656 657
656 654
254 253
183 182
185 183
203 180
180 181
234 186
186 187
186 184
201 185
650 652
186 188
186 189
659 658
654 653
653 650
650 651
18 11
11 10
14 13
11 12
14 15
29 14
18 17
14 16
20 19
42 18
672 659
61 62
323 322
356 323
317 320
317 321
329 326
326 327
323 324
326 325
326 328
397 329
227 201
223 200
227 203
201 202
206 205
203 204
208 207
214 206
224 209
281 208
73 77
73 76
73 75
73 74
97 73
71 72
80 71
71 70
656 655
73 79
73 78
1 2
671 669
669 668
666 667
669 666
666 665
663 664
672 663
663 662
660 661
678 660
540 542
540 543
556 540
540 541
547 546
559 547
556 544
544 545
39 8
547 548
547 549
82 68
594 598
117 120
122 121
135 122
122 123
125 124
184 125
125 126
128 127
139 128
128 129
413 414
416 415
430 416
416 417
515 410
410 411
413 412
515 413
500 498
419 418
438 419
498 499
317 319
317 318
311 313
311 312
335 311
311 310
364 317
315 316
364 315
315 314
495 496
498 497
4 3
371 368
368 369
364 366
364 367
370 364
364 365
594 362
362 363
368 360
362 361
377 380
377 381
377 382
384 383
406 384
384 385
387 386
397 387
387 388
390 389
601 605
577 579
577 578
601 604
572 573
574 572
572 571
567 570
583 577
582 576
574 575
577 574
59 60
73 61
263 258
258 259
65 64
73 65
65 66
68 67
275 252
68 69
247 250
252 251
254 256
254 257
263 254
254 255
601 603
601 602
509 508
525 509
508 506
508 507
506 504
506 505
504 502
502 503
502 500
500 501
629 630
632 631
676 632
632 633
476 469
469 468
639 636
636 637
459 465
459 464
466 467
487 466
459 461
459 460
459 463
459 462
169 168
184 169
165 164
184 165
165 166
165 167
161 160
183 161
161 162
161 163
601 600
8 9
646 647
653 646
648 649
654 648
356 357
370 356
354 355
356 354
364 353
351 352
353 351
351 350
360 359
356 358
214 216
214 217
269 214
214 215
227 212
212 213
209 210
212 211
219 218
223 219
290 289
287 288
20 4
286 281
278 280
284 283
281 282
284 285
290 284
290 287
311 286
680 678
678 679
673 674
678 675
678 676
676 677
671 670
673 671
678 672
678 673
290 263
263 262
258 261
258 260
290 267
267 266
263 265
263 264
275 269
267 268
65 59
59 58
54 55
65 54
56 57
73 56
61 51
49 50
54 53
51 52
540 537
537 536
540 535
61 63
540 533
533 532
530 531
540 530
537 539
537 538
114 115
142 114
142 117
117 116
112 111
104 110
112 113
117 112
117 119
117 118
427 429
427 428
533 534
422 421
419 420
422 423
441 422
446 425
425 424
433 427
427 426
307 308
307 309
290 300
290 301
290 302
290 303
290 304
306 305
343 306
317 307
567 568
567 569
561 560
576 561
561 562
564 563
592 564
564 565
567 566
577 567
227 229
227 228
269 227
227 226
224 225
290 224
290 223
290 222
222 221
219 220
390 391
397 390
185 151
151 150
151 153
151 152
186 155
155 154
158 157
155 156
158 159
175 158
617 609
609 608
676 634
397 399
636 635
397 398
49 48
73 49
56 46
46 47
42 44
46 45
73 42
42 43
39 40
39 41
639 638
6 5
641 639
491 489
489 488
491 487
485 486
487 485
485 484
491 483
483 482
479 481
479 480
471 472
483 473
469 470
485 471
489 476
476 477
473 474
476 475
479 478
483 479
