486
971
0
458 6
460 7
464 10
463 11
462 14
465 15
461 16
675 17
679 20
674 22
670 24
667 26
668 28
665 29
660 32
661 33
658 36
655 38
657 40
644 45
642 46
651 48
652 49
645 51
647 52
649 54
640 56
641 58
637 62
635 63
638 64
639 65
662 67
664 68
677 70
631 73
633 74
627 77
628 78
626 80
625 82
456 85
431 92
417 94
415 95
425 96
447 99
440 101
428 104
429 106
426 108
427 109
432 110
424 112
434 114
423 116
421 117
445 120
418 123
420 124
444 126
437 128
442 129
436 130
453 131
451 133
455 134
630 136
622 138
610 142
608 144
611 145
612 148
615 149
621 153
618 154
614 155
619 157
602 160
603 165
590 166
600 168
607 169
601 170
606 172
584 174
588 176
546 185
553 188
554 189
551 190
549 191
558 192
548 194
550 195
561 197
560 199
562 200
557 202
544 205
545 206
539 210
536 211
538 212
543 215
555 219
526 220
515 223
517 227
514 229
411 230
516 232
523 233
521 238
520 239
412 240
393 242
392 243
405 246
407 248
522 252
409 255
519 256
414 257
385 259
408 260
383 261
518 262
535 263
541 265
531 267
529 268
542 271
528 273
511 275
513 276
534 278
532 280
524 282
507 284
492 289
396 291
394 292
497 295
499 296
501 297
494 299
496 301
490 303
475 306
477 308
470 310
468 311
486 315
484 317
488 319
471 321
472 322
466 324
467 325
474 328
473 329
480 332
478 334
481 335
482 336
505 338
510 340
503 341
581 342
578 345
580 348
579 349
571 353
573 354
575 355
568 359
569 360
566 361
570 362
604 363
605 364
593 367
563 371
565 372
591 373
587 375
585 376
596 378
599 380
595 383
597 384
598 386
361 389
363 390
401 393
403 395
404 396
379 401
380 404
376 406
382 408
378 409
381 411
372 413
359 415
369 417
360 418
375 421
373 422
398 423
388 425
386 426
391 428
400 430
399 433
389 434
367 437
365 439
350 440
366 442
301 450
302 451
300 455
297 456
270 461
272 462
274 463
273 464
304 465
290 467
268 472
318 473
303 474
292 478
289 479
291 481
200 486
199 487
220 489
218 490
193 493
194 494
210 496
225 497
222 499
221 500
288 502
279 505
280 506
277 507
298 511
299 512
293 515
296 517
295 518
294 519
245 525
243 526
283 527
284 528
285 529
263 532
262 535
260 537
259 540
250 544
248 545
249 547
246 548
237 550
235 551
261 552
264 554
265 555
256 557
255 559
253 561
257 562
266 563
319 566
321 568
320 569
309 571
307 573
308 574
352 575
357 577
355 581
345 584
344 586
306 588
305 589
346 590
341 592
333 597
331 599
330 600
358 601
342 602
324 605
322 606
347 608
349 609
328 611
327 613
329 615
325 616
314 618
316 620
339 628
340 631
337 632
334 633
338 634
310 635
311 636
313 637
312 638
336 640
282 643
207 645
197 647
198 648
238 653
240 654
217 659
215 660
196 663
192 665
190 666
205 668
206 669
216 670
232 676
202 678
182 680
153 683
150 685
152 686
162 689
160 690
163 691
173 694
171 695
174 699
157 701
159 702
176 703
179 705
181 707
204 708
231 709
227 711
226 714
229 715
228 717
213 719
211 720
230 721
276 722
251 724
242 726
241 728
233 730
189 735
154 737
178 739
156 740
186 741
188 742
187 745
138 747
129 749
140 751
127 753
132 756
133 757
130 759
131 760
134 763
123 765
121 766
137 769
136 770
164 773
165 775
166 777
167 778
126 782
124 783
170 784
168 786
147 789
143 790
148 792
149 794
145 797
146 798
144 800
111 804
113 805
118 807
120 810
119 811
116 812
141 814
115 816
93 819
95 821
96 822
103 827
87 830
83 832
85 833
108 835
106 838
102 840
100 841
110 843
105 844
104 845
107 847
109 848
99 851
69 854
67 855
15 859
16 860
13 861
21 863
19 866
22 867
4 869
3 870
91 872
92 875
90 876
88 878
25 888
23 889
30 891
33 893
32 894
48 896
50 898
49 899
17 904
44 905
53 906
9 912
7 913
41 914
38 915
40 916
12 918
10 919
43 920
64 926
63 927
52 929
47 932
57 934
45 935
28 937
26 938
62 939
79 940
74 941
75 943
66 947
77 948
55 950
72 954
81 955
70 956
60 957
58 958
78 959
76 960
37 963
36 965
34 966
5 968
2 970
0 971
0 1
1 2
2 3
3 4
4 5
5 6
5 7
4 8
8 9
9 10
9 11
8 12
12 13
13 14
13 15
12 16
3 17
2 18
18 19
19 20
19 21
21 22
21 23
23 24
23 25
25 26
25 27
27 28
27 29
18 30
30 31
31 32
31 33
30 34
34 35
35 36
35 37
37 38
37 39
39 40
39 41
41 42
42 43
43 44
44 45
44 46
43 47
47 48
47 49
42 50
50 51
50 52
41 53
53 54
53 55
55 56
55 57
57 58
57 59
59 60
60 61
61 62
61 63
60 64
59 65
34 66
66 67
66 68
1 69
69 70
69 71
71 72
72 73
72 74
71 75
75 76
76 77
76 78
75 79
79 80
79 81
81 82
81 83
83 84
84 85
84 86
86 87
87 88
88 89
89 90
90 91
91 92
91 93
93 94
93 95
90 96
89 97
97 98
98 99
98 100
100 101
100 102
102 103
103 104
103 105
105 106
105 107
107 108
107 109
102 110
97 111
111 112
111 113
113 114
113 115
115 116
115 117
88 118
118 119
119 120
119 121
121 122
122 123
122 124
121 125
125 126
125 127
127 128
127 129
118 130
87 131
86 132
132 133
132 134
83 135
135 136
135 137
137 138
137 139
139 140
140 141
141 142
141 143
143 144
143 145
140 146
146 147
147 148
147 149
146 150
150 151
151 152
152 153
152 154
151 155
150 156
156 157
156 158
158 159
159 160
159 161
161 162
162 163
163 164
164 165
164 166
163 167
167 168
167 169
162 170
161 171
171 172
171 173
173 174
173 175
175 176
175 177
177 178
178 179
179 180
180 181
181 182
182 183
183 184
184 185
184 186
186 187
187 188
187 189
186 190
183 191
182 192
181 193
193 194
193 195
180 196
196 197
196 198
198 199
198 200
179 201
201 202
201 203
203 204
204 205
204 206
203 207
207 208
208 209
209 210
209 211
208 212
207 213
213 214
214 215
214 216
216 217
217 218
218 219
218 220
217 221
221 222
222 223
222 224
224 225
225 226
226 227
226 228
228 229
228 230
225 231
231 232
231 233
224 234
234 235
235 236
236 237
237 238
237 239
236 240
235 241
241 242
241 243
234 244
244 245
245 246
245 247
247 248
247 249
249 250
250 251
251 252
251 253
253 254
254 255
254 256
253 257
250 258
258 259
258 260
249 261
244 262
221 263
216 264
264 265
264 266
266 267
266 268
213 269
269 270
270 271
270 272
272 273
272 274
274 275
274 276
269 277
277 278
277 279
279 280
279 281
281 282
281 283
283 284
283 285
285 286
286 287
287 288
288 289
288 290
290 291
290 292
287 293
293 294
294 295
294 296
293 297
286 298
298 299
298 300
300 301
300 302
302 303
302 304
304 305
305 306
305 307
307 308
307 309
309 310
309 311
304 312
312 313
313 314
314 315
314 316
316 317
316 318
318 319
318 320
320 321
320 322
313 323
323 324
323 325
312 326
326 327
327 328
327 329
326 330
330 331
331 332
331 333
333 334
333 335
330 336
285 337
337 338
337 339
339 340
339 341
178 342
177 343
343 344
344 345
344 346
346 347
347 348
347 349
346 350
350 351
351 352
352 353
352 354
351 355
350 356
356 357
357 358
358 359
358 360
357 361
356 362
343 363
158 364
139 365
365 366
366 367
366 368
368 369
369 370
370 371
370 372
369 373
368 374
374 375
374 376
365 377
377 378
377 379
379 380
379 381
381 382
382 383
382 384
381 385
385 386
385 387
387 388
388 389
388 390
387 391
391 392
392 393
392 394
394 395
394 396
391 397
397 398
398 399
399 400
400 401
400 402
402 403
403 404
403 405
405 406
405 407
407 408
407 409
402 410
410 411
410 412
412 413
412 414
414 415
414 416
416 417
416 418
399 419
419 420
420 421
420 422
419 423
398 424
424 425
424 426
397 427
427 428
427 429
429 430
429 431
431 432
432 433
432 434
431 435
435 436
436 437
436 438
438 439
438 440
435 441
441 442
441 443
443 444
444 445
445 446
446 447
447 448
448 449
449 450
449 451
448 452
452 453
453 454
454 455
454 456
453 457
457 458
458 459
459 460
460 461
460 462
459 463
458 464
457 465
452 466
466 467
466 468
468 469
469 470
470 471
471 472
471 473
470 474
469 475
475 476
476 477
477 478
477 479
476 480
480 481
480 482
482 483
483 484
484 485
485 486
485 487
484 488
488 489
488 490
483 491
491 492
492 493
492 494
491 495
495 496
495 497
482 498
498 499
498 500
475 501
501 502
501 503
503 504
504 505
504 506
503 507
468 508
508 509
509 510
510 511
510 512
509 513
513 514
514 515
514 516
516 517
516 518
513 519
508 520
520 521
521 522
522 523
523 524
524 525
524 526
523 527
522 528
521 529
520 530
530 531
531 532
531 533
533 534
534 535
534 536
536 537
536 538
538 539
539 540
539 541
541 542
542 543
543 544
543 545
542 546
546 547
546 548
541 549
549 550
549 551
538 552
533 553
553 554
553 555
530 556
556 557
556 558
558 559
558 560
560 561
560 562
447 563
446 564
564 565
565 566
565 567
567 568
567 569
564 570
570 571
570 572
572 573
572 574
445 575
444 576
576 577
576 578
578 579
579 580
580 581
580 582
582 583
583 584
583 585
585 586
585 587
587 588
587 589
582 590
579 591
591 592
591 593
593 594
594 595
595 596
596 597
596 598
598 599
598 600
595 601
594 602
593 603
603 604
604 605
604 606
603 607
607 608
607 609
578 610
610 611
610 612
612 613
612 614
614 615
614 616
443 617
617 618
617 619
619 620
619 621
621 622
622 623
623 624
624 625
625 626
626 627
627 628
627 629
629 630
630 631
630 632
629 633
626 634
625 635
624 636
623 637
622 638
621 639
639 640
639 641
641 642
642 643
642 644
644 645
644 646
646 647
646 648
641 649
649 650
650 651
651 652
652 653
652 654
651 655
655 656
656 657
657 658
658 659
658 660
657 661
661 662
662 663
662 664
664 665
664 666
661 667
667 668
667 669
656 670
655 671
671 672
672 673
673 674
674 675
675 676
675 677
677 678
677 679
679 680
679 681
681 682
682 683
682 684
684 685
684 686
681 687
687 688
688 689
688 690
687 691
674 692
692 693
693 694
693 695
692 696
696 697
697 698
698 699
698 700
700 701
700 702
697 703
696 704
704 705
704 706
706 707
706 708
673 709
672 710
710 711
710 712
712 713
713 714
713 715
712 716
716 717
716 718
718 719
718 720
671 721
650 722
649 723
723 724
723 725
725 726
725 727
727 728
727 729
729 730
729 731
731 732
732 733
733 734
734 735
734 736
736 737
736 738
738 739
738 740
733 741
732 742
731 743
743 744
744 745
744 746
746 747
746 748
748 749
748 750
750 751
750 752
752 753
752 754
754 755
755 756
755 757
754 758
758 759
758 760
743 761
761 762
762 763
762 764
764 765
764 766
761 767
767 768
768 769
768 770
767 771
771 772
772 773
772 774
774 775
774 776
776 777
776 778
771 779
779 780
780 781
781 782
781 783
780 784
779 785
785 786
785 787
787 788
788 789
788 790
787 791
791 792
791 793
793 794
793 795
795 796
796 797
796 798
795 799
799 800
799 801
801 802
802 803
803 804
803 805
802 806
806 807
806 808
808 809
809 810
809 811
808 812
801 813
813 814
813 815
815 816
815 817
817 818
818 819
818 820
820 821
820 822
817 823
823 824
824 825
825 826
826 827
826 828
828 829
829 830
829 831
831 832
831 833
828 834
834 835
834 836
836 837
837 838
837 839
839 840
839 841
836 842
842 843
842 844
825 845
824 846
846 847
846 848
823 849
849 850
850 851
850 852
852 853
853 854
853 855
852 856
856 857
857 858
858 859
858 860
857 861
856 862
862 863
862 864
864 865
865 866
865 867
864 868
868 869
868 870
849 871
871 872
871 873
873 874
874 875
874 876
873 877
877 878
877 879
879 880
880 881
881 882
882 883
883 884
884 885
885 886
886 887
887 888
887 889
886 890
890 891
890 892
892 893
892 894
885 895
895 896
895 897
897 898
897 899
884 900
900 901
901 902
902 903
903 904
903 905
902 906
901 907
907 908
908 909
909 910
910 911
911 912
911 913
910 914
909 915
908 916
907 917
917 918
917 919
900 920
883 921
921 922
922 923
923 924
924 925
925 926
925 927
924 928
928 929
928 930
930 931
931 932
931 933
933 934
933 935
930 936
936 937
936 938
923 939
922 940
921 941
882 942
942 943
942 944
944 945
945 946
946 947
946 948
945 949
949 950
949 951
951 952
952 953
953 954
953 955
952 956
951 957
944 958
881 959
880 960
879 961
961 962
962 963
962 964
964 965
964 966
961 967
967 968
967 969
969 970
969 971
