49
97
0
41 13
38 14
37 15
39 16
26 17
27 23
16 25
14 27
11 30
9 31
0 34
5 35
8 38
4 41
2 42
3 43
7 44
30 45
29 46
32 47
24 48
35 51
33 52
20 55
19 57
17 58
23 59
56 60
54 61
53 62
57 65
55 66
44 68
42 69
71 73
62 74
60 78
58 79
63 80
65 81
45 83
48 86
47 87
50 89
49 90
74 92
69 95
66 96
68 97
0 1
1 2
2 3
3 4
4 5
5 6
6 7
7 8
8 9
9 10
10 11
11 12
12 13
12 14
11 15
10 16
9 17
8 18
18 19
19 20
20 21
21 22
22 23
22 24
24 25
24 26
26 27
26 28
28 29
29 30
29 31
28 32
32 33
33 34
33 35
32 36
36 37
37 38
37 39
39 40
40 41
40 42
39 43
36 44
21 45
20 46
19 47
18 48
7 49
49 50
50 51
50 52
49 53
53 54
54 55
54 56
56 57
56 58
53 59
6 60
5 61
4 62
3 63
63 64
64 65
64 66
63 67
67 68
67 69
2 70
70 71
71 72
72 73
72 74
71 75
75 76
76 77
77 78
77 79
76 80
75 81
70 82
82 83
82 84
84 85
85 86
85 87
84 88
88 89
88 90
1 91
91 92
91 93
93 94
94 95
94 96
93 97
