49
49
49
0 0
2 1
3 2
4 3
5 4
7 5
8 6
9 7
11 8
14 9
16 10
17 11
19 12
20 13
23 14
24 15
26 16
27 17
29 18
30 19
32 20
33 21
35 22
37 23
38 24
39 25
41 26
42 27
44 28
45 29
47 30
48 31
49 32
50 33
53 34
54 35
55 36
56 37
57 38
58 39
60 40
62 41
63 42
65 43
66 44
68 45
69 46
71 47
74 48
49 48
49 44
44 46
44 45
49 47
47 41
47 42
42 43
47 36
36 38
36 34
36 27
27 28
36 23
23 15
23 25
15 18
18 20
23 24
23 26
15 16
18 19
15 37
15 17
34 35
37 21
21 22
21 14
14 11
11 12
11 13
19 10
10 9
9 8
8 7
7 5
5 4
5 1
5 6
1 2
1 3
4 0
41 33
33 32
32 30
32 31
32 29
42 39
39 40
