49
76
76
56 29
60 24
62 60
63 4
49 41
66 27
68 7
69 48
53 33
24 53
26 0
27 57
20 16
48 35
23 68
47 58
44 62
45 45
42 47
29 74
41 63
0 71
3 37
2 54
5 38
4 26
7 49
9 8
8 14
74 56
71 3
58 65
11 32
39 42
38 69
14 20
17 5
16 19
19 44
32 39
57 11
30 17
37 9
50 2
35 30
33 50
55 23
54 66
65 55
52 56
52 54
43 42
46 48
51 50
59 60
70 61
61 62
64 63
72 64
46 49
67 66
75 67
67 68
67 69
73 52
52 53
25 24
36 25
25 26
28 27
21 20
22 21
34 22
22 23
51 46
46 47
43 44
46 45
31 28
28 29
52 40
40 41
6 1
1 0
1 3
1 2
6 5
1 4
6 7
12 6
10 9
6 8
61 51
52 43
36 39
76 75
36 38
75 73
73 72
70 71
72 70
64 59
59 58
10 11
12 10
15 13
13 12
28 15
13 14
18 17
15 16
18 19
21 18
36 31
28 30
36 37
40 36
34 35
52 34
34 33
52 55
75 74
31 32
52 57
64 65
