49
76
76
56 56
60 60
62 62
63 63
49 49
66 66
68 68
69 69
53 53
24 24
26 26
27 27
20 20
48 48
23 23
47 47
44 44
45 45
42 42
29 29
41 41
0 0
3 3
2 2
5 5
4 4
7 7
9 9
8 8
74 74
71 71
58 58
11 11
39 39
38 38
14 14
17 17
16 16
19 19
32 32
57 57
30 30
37 37
50 50
35 35
33 33
55 55
54 54
65 65
52 56
52 54
43 42
46 48
51 50
59 60
70 61
61 62
64 63
72 64
46 49
67 66
75 67
67 68
67 69
73 52
52 53
25 24
36 25
25 26
28 27
21 20
22 21
34 22
22 23
51 46
46 47
43 44
46 45
31 28
28 29
52 40
40 41
6 1
1 0
1 3
1 2
6 5
1 4
6 7
12 6
10 9
6 8
61 51
52 43
36 39
76 75
36 38
75 73
73 72
70 71
72 70
64 59
59 58
10 11
12 10
15 13
13 12
28 15
13 14
18 17
15 16
18 19
21 18
36 31
28 30
36 37
40 36
34 35
52 34
34 33
52 55
75 74
31 32
52 57
64 65
