50
88
0
69 2
62 6
64 7
65 9
67 10
55 13
53 14
60 20
58 22
56 23
59 24
51 25
36 28
34 29
47 32
48 35
46 37
50 38
42 40
49 41
43 43
45 44
26 50
28 52
24 53
27 54
30 57
31 58
33 59
14 63
23 64
2 68
3 69
1 71
0 73
4 74
5 75
21 78
12 81
10 82
9 84
7 85
17 87
15 91
18 92
16 93
19 94
40 96
38 98
37 99
0 1
1 2
1 3
3 5
5 6
5 7
3 8
8 9
8 10
3 11
11 12
12 13
12 14
11 15
15 16
16 17
17 18
18 19
19 20
19 22
19 23
18 24
17 25
16 26
26 27
27 28
27 29
26 30
30 32
30 34
34 35
34 37
34 38
30 39
39 40
39 41
30 42
42 43
42 44
15 45
45 46
46 47
47 48
48 50
48 52
48 53
48 54
47 55
55 56
56 57
56 58
55 59
46 60
60 61
61 62
62 63
62 64
61 65
65 67
67 68
67 69
65 70
70 71
70 73
70 74
65 75
60 77
77 78
77 79
79 80
80 81
80 82
79 83
83 84
83 85
60 86
86 87
86 88
88 90
90 91
90 92
88 93
88 94
45 95
95 96
95 97
97 98
97 99
