50
79
0
18 20
15 18
16 23
17 24
19 25
5 29
1 30
3 35
0 36
2 37
4 38
14 27
23 40
12 43
10 44
9 46
7 47
21 48
24 49
31 50
30 51
33 53
28 56
27 57
26 58
38 59
37 61
40 62
51 63
50 70
46 71
48 72
47 74
42 75
49 76
45 78
43 79
36 81
34 82
60 86
59 87
56 88
58 89
55 91
53 92
67 93
65 95
64 97
62 98
69 99
0 1
1 2
2 3
3 4
4 5
5 6
6 7
7 8
8 10
10 11
11 12
12 14
14 17
17 18
18 20
18 22
22 23
22 24
17 25
14 26
26 27
27 28
28 29
28 30
30 35
30 36
30 37
30 38
26 40
14 41
41 42
42 43
42 44
41 45
45 46
45 47
14 48
12 49
12 50
11 51
10 53
10 54
54 56
54 57
54 58
8 59
59 61
8 62
7 63
6 64
64 65
65 68
68 70
68 71
68 72
65 74
65 75
65 76
65 77
77 78
77 79
64 80
80 81
80 82
5 83
83 86
83 87
83 88
83 89
4 90
90 91
90 92
3 93
2 94
94 95
94 96
96 97
96 98
1 99
