50
86
1
38 11
56 18
19 28
15 29
5 33
1 34
31 35
0 45
2 46
3 47
4 48
7 49
9 50
10 51
12 52
14 53
16 54
17 55
18 56
21 57
23 58
24 59
26 60
27 61
28 62
30 63
33 64
34 65
36 66
37 67
40 68
42 69
43 70
45 71
46 72
47 73
48 74
49 75
50 76
51 77
53 78
55 79
58 80
59 81
60 82
62 83
64 84
65 85
67 86
69 87
1 2
2 3
2 4
4 5
2 6
6 7
7 8
6 9
2 10
10 11
11 12
10 13
13 14
14 15
14 16
13 17
17 18
17 19
19 20
20 21
20 22
22 23
17 24
17 25
13 26
2 27
27 28
27 29
29 30
27 31
31 32
32 33
32 34
27 35
27 36
36 37
36 38
36 39
2 40
40 41
40 42
40 43
40 44
34 45
34 46
34 47
34 48
37 49
38 50
39 51
39 52
31 53
3 54
30 55
29 56
27 57
31 58
42 59
41 60
4 61
43 62
44 63
40 64
23 65
22 66
12 67
10 68
20 69
21 70
5 71
19 72
20 73
19 74
20 75
19 76
24 77
16 78
16 79
17 80
25 81
17 82
7 83
8 84
15 85
26 86
9 87
