50
71
71
56 60
42 58
50 62
60 21
62 7
64 59
49 50
67 38
69 18
24 55
26 15
27 45
21 4
48 64
23 30
46 2
47 48
45 0
28 56
43 17
40 31
1 65
0 12
3 10
2 43
5 49
4 36
7 27
9 16
51 5
38 19
59 9
58 69
10 23
12 33
15 14
14 34
17 24
16 26
19 37
18 3
31 53
30 51
37 42
36 67
53 46
34 28
33 1
55 40
65 47
57 56
61 54
41 42
44 48
44 43
57 60
66 61
63 62
68 63
63 64
44 49
68 66
66 67
70 68
70 69
57 52
54 53
25 24
32 25
25 26
25 27
22 20
22 21
29 22
22 23
44 46
44 47
57 44
44 45
25 28
32 29
39 40
44 41
6 1
1 0
1 3
1 2
6 5
1 4
8 7
14 6
8 9
13 8
52 51
52 39
66 65
39 38
71 70
57 59
57 58
13 11
11 10
22 13
11 12
20 15
22 14
15 17
15 16
20 19
15 18
29 31
29 30
38 37
35 36
41 35
35 34
32 33
54 55
39 32
61 57
44 50
