50
71
71
56 10
42 43
50 60
60 46
62 48
64 67
49 37
67 50
69 5
24 19
26 1
27 24
21 23
48 0
23 17
46 28
47 64
45 26
28 31
43 2
40 18
1 49
0 38
3 15
2 40
5 42
4 62
7 27
9 34
51 36
38 53
59 47
58 45
10 69
12 51
15 65
14 12
17 55
16 59
19 30
18 4
31 7
30 56
37 14
36 33
53 9
34 3
33 58
55 21
65 16
57 56
61 54
41 42
44 48
44 43
57 60
66 61
63 62
68 63
63 64
44 49
68 66
66 67
70 68
70 69
57 52
54 53
25 24
32 25
25 26
25 27
22 20
22 21
29 22
22 23
44 46
44 47
57 44
44 45
25 28
32 29
39 40
44 41
6 1
1 0
1 3
1 2
6 5
1 4
8 7
14 6
8 9
13 8
52 51
52 39
66 65
39 38
71 70
57 59
57 58
13 11
11 10
22 13
11 12
20 15
22 14
15 17
15 16
20 19
15 18
29 31
29 30
38 37
35 36
41 35
35 34
32 33
54 55
39 32
61 57
44 50
