100
199
0
150 2
143 5
144 7
149 9
146 10
147 12
142 16
141 17
117 23
118 24
115 26
106 28
104 29
113 31
103 35
95 37
96 38
101 39
99 40
130 42
129 43
138 44
119 49
120 51
132 53
133 54
108 57
109 58
98 60
94 63
92 65
90 67
88 69
91 70
87 72
85 73
112 76
110 77
121 78
137 81
127 82
84 86
76 88
78 89
125 90
126 94
66 96
64 97
75 101
80 102
62 106
50 108
52 109
58 110
68 112
69 113
60 116
57 118
48 121
42 123
44 124
38 127
40 129
41 130
29 135
27 137
26 139
24 140
17 146
16 147
15 148
5 151
3 152
6 153
11 156
13 159
12 160
10 161
2 165
0 166
9 167
8 168
23 171
18 172
22 174
20 175
37 178
32 179
31 180
36 183
35 184
34 185
70 186
123 188
81 190
45 194
47 195
54 197
56 198
72 199
0 1
1 2
1 3
3 4
4 5
4 6
6 7
6 8
8 9
8 10
3 11
11 12
11 13
13 14
14 15
15 16
15 17
14 18
18 19
19 20
20 21
21 22
22 23
22 24
21 25
25 26
25 27
27 28
27 29
20 30
30 31
30 32
32 33
33 34
34 35
34 36
36 37
36 38
33 39
32 40
19 41
41 42
41 43
18 44
13 45
45 46
46 47
47 48
48 49
48 50
50 51
50 52
52 53
52 54
47 55
55 56
56 57
56 58
55 59
59 60
59 61
61 62
62 63
62 64
64 65
64 66
66 67
66 68
68 69
68 70
61 71
71 72
71 73
46 74
74 75
75 76
75 77
74 78
45 79
79 80
80 81
80 82
79 83
83 84
84 85
85 86
85 87
87 88
87 89
84 90
83 91
91 92
92 93
93 94
93 95
95 96
95 97
92 98
98 99
99 100
100 101
100 102
99 103
103 104
104 105
105 106
105 107
107 108
107 109
104 110
103 111
111 112
111 113
98 114
114 115
115 116
115 117
117 118
117 119
119 120
120 121
120 122
122 123
122 124
119 125
125 126
126 127
126 128
128 129
128 130
125 131
131 132
132 133
133 134
134 135
134 136
136 137
136 138
138 139
138 140
133 141
141 142
142 143
143 144
144 145
145 146
145 147
144 148
143 149
149 150
150 151
150 152
149 153
142 154
154 155
155 156
155 157
157 158
158 159
158 160
157 161
154 162
162 163
163 164
164 165
164 166
163 167
162 168
141 169
169 170
170 171
170 172
169 173
173 174
173 175
132 176
176 177
177 178
177 179
176 180
131 181
181 182
182 183
182 184
181 185
114 186
91 187
187 188
187 189
189 190
189 191
191 192
192 193
193 194
193 195
192 196
196 197
196 198
191 199
