100
199
0
52 17
50 18
58 19
68 20
69 22
62 23
80 25
75 26
70 28
12 47
10 48
13 49
11 50
9 52
8 54
2 56
0 57
17 60
15 61
16 63
6 66
5 67
3 68
18 69
23 70
22 72
20 73
26 76
27 78
24 79
29 80
31 81
37 83
32 84
34 85
35 87
36 88
41 91
40 92
38 93
48 94
44 96
42 97
57 98
60 99
66 102
64 103
126 104
123 106
81 108
72 110
56 113
54 114
47 116
45 117
125 119
84 120
78 122
76 123
127 124
137 125
112 129
110 130
119 134
120 136
133 138
132 139
109 142
98 144
94 146
92 151
88 152
90 153
91 154
87 156
85 157
108 158
121 159
118 167
117 168
115 169
104 170
106 171
113 173
103 175
101 178
96 180
95 181
99 182
130 184
129 185
138 186
147 187
143 191
144 192
149 194
146 195
142 197
141 198
150 199
0 1
1 2
2 3
3 4
4 5
5 6
6 7
7 8
8 9
9 10
10 11
11 12
12 13
13 14
14 15
15 16
16 17
16 18
15 19
14 20
13 21
21 22
21 23
12 24
24 25
24 26
11 27
27 28
27 29
29 30
30 31
31 32
32 33
33 34
34 35
35 36
36 37
37 38
38 39
39 40
40 41
41 42
42 43
43 44
44 45
45 46
46 47
46 48
45 49
44 50
43 51
51 52
51 53
53 54
53 55
55 56
55 57
42 58
58 59
59 60
59 61
58 62
62 63
62 64
64 65
65 66
65 67
64 68
41 69
40 70
39 71
71 72
71 73
38 74
74 75
75 76
75 77
77 78
77 79
74 80
37 81
36 82
82 83
82 84
35 85
34 86
86 87
86 88
33 89
89 90
90 91
90 92
89 93
32 94
31 95
95 96
95 97
30 98
29 99
10 100
100 101
101 102
101 103
100 104
9 105
105 106
105 107
107 108
107 109
109 110
109 111
111 112
112 113
112 114
111 115
115 116
115 117
8 118
118 119
118 120
7 121
121 122
121 123
6 124
5 125
4 126
126 127
127 128
128 129
128 130
127 131
131 132
132 133
133 134
133 135
135 136
135 137
137 138
137 139
132 140
140 141
141 142
141 143
143 144
143 145
145 146
145 147
147 148
148 149
149 150
150 151
150 152
149 153
148 154
147 155
155 156
155 157
140 158
131 159
126 160
160 161
161 162
162 163
163 164
164 165
165 166
166 167
166 168
165 169
164 170
163 171
162 172
172 173
172 174
174 175
174 176
176 177
177 178
177 179
179 180
179 181
176 182
161 183
183 184
183 185
160 186
3 187
2 188
188 189
189 190
190 191
190 192
189 193
193 194
193 195
188 196
196 197
196 198
1 199
