100
159
1
52 6
57 11
35 16
10 22
110 35
76 40
101 45
96 46
87 51
119 55
0 71
2 72
3 73
5 74
6 75
8 76
9 77
11 78
12 79
13 80
15 81
16 82
17 83
18 84
20 85
22 86
23 87
24 88
26 89
27 90
29 91
31 92
32 93
34 94
36 95
37 96
38 97
40 98
41 99
42 100
44 101
45 102
47 103
48 104
50 105
54 106
56 107
58 108
60 109
62 110
64 111
66 112
68 113
69 114
70 115
72 116
75 117
78 118
80 119
81 120
84 121
85 122
88 123
90 124
91 125
92 126
94 127
95 128
98 129
99 130
103 131
104 132
106 133
108 134
109 135
112 136
113 137
115 138
117 139
118 140
120 141
121 142
123 143
125 144
126 145
127 146
129 147
130 148
132 149
133 150
137 151
138 152
141 153
142 154
143 155
144 156
146 157
147 158
149 159
150 160
1 2
2 3
3 4
4 5
5 6
4 7
7 8
3 9
9 10
10 11
11 12
10 13
10 14
9 15
15 16
16 17
16 18
18 19
19 20
19 21
18 22
22 23
23 24
22 25
25 26
26 27
16 28
9 29
29 30
9 31
3 32
32 33
32 34
2 35
2 36
36 37
36 38
2 39
39 40
2 41
41 42
42 43
43 44
43 45
43 46
43 47
41 48
48 49
49 50
50 51
48 52
41 53
53 54
54 55
41 56
41 57
41 58
58 59
59 60
58 61
58 62
62 63
62 64
64 65
64 66
66 67
67 68
64 69
69 70
24 71
24 72
26 73
27 74
26 75
23 76
23 77
22 78
22 79
22 80
25 81
25 82
25 83
18 84
18 85
18 86
18 87
19 88
19 89
20 90
21 91
28 92
15 93
17 94
16 95
33 96
15 97
15 98
15 99
13 100
13 101
30 102
30 103
14 104
5 105
29 106
29 107
4 108
12 109
31 110
34 111
34 112
4 113
4 114
8 115
37 116
7 117
39 118
7 119
37 120
36 121
49 122
50 123
50 124
50 125
50 126
49 127
46 128
48 129
68 130
47 131
70 132
70 133
48 134
52 135
56 136
44 137
69 138
65 139
66 140
54 141
41 142
38 143
36 144
32 145
41 146
63 147
63 148
53 149
53 150
42 151
67 152
61 153
57 154
58 155
59 156
59 157
58 158
59 159
60 160
