100
100
100
0 0
2 1
3 2
5 3
6 4
8 5
9 6
10 7
11 8
12 9
13 10
15 11
16 12
17 13
18 14
20 15
22 16
23 17
24 18
26 19
27 20
29 21
31 22
32 23
34 24
36 25
35 26
37 27
38 28
40 29
41 30
42 31
44 32
45 33
47 34
48 35
50 36
52 37
54 38
56 39
57 40
58 41
60 42
62 43
64 44
66 45
68 46
69 47
70 48
72 49
75 50
76 51
78 52
80 53
81 54
84 55
85 56
87 57
88 58
90 59
91 60
92 61
94 62
95 63
96 64
98 65
99 66
101 67
103 68
104 69
106 70
108 71
109 72
110 73
112 74
113 75
115 76
117 77
118 78
119 79
120 80
121 81
123 82
125 83
126 84
127 85
129 86
130 87
132 88
133 89
137 90
138 91
141 92
142 93
143 94
144 95
146 96
147 97
149 98
150 99
100 99
100 95
95 94
95 98
95 96
95 97
95 81
95 88
88 80
80 89
80 79
94 85
85 83
83 55
83 54
54 49
83 53
53 46
46 41
46 40
40 42
53 50
40 32
32 31
49 38
38 39
40 28
28 26
26 25
28 29
28 30
26 22
26 23
26 24
26 27
26 15
15 14
14 7
7 6
7 8
7 9
7 10
7 12
6 1
6 5
7 13
7 2
14 17
15 16
1 0
7 3
7 11
7 4
14 18
18 19
18 21
95 93
40 35
40 48
46 47
55 52
52 51
80 65
65 72
65 58
58 59
58 61
58 60
58 56
58 62
58 57
65 71
95 90
95 92
18 20
38 33
33 34
40 84
41 37
37 36
95 91
91 78
78 76
76 69
78 77
69 70
41 43
69 68
68 64
64 63
64 67
64 66
64 75
76 86
86 87
53 82
81 73
73 74
41 45
45 44
