100
152
152
133 44
132 91
130 94
137 12
138 125
24 118
26 48
27 13
20 127
22 84
23 22
29 3
0 123
8 95
120 101
121 104
123 6
125 34
126 87
127 88
129 137
118 16
58 90
54 138
57 144
56 17
50 121
52 92
115 57
117 113
110 80
113 41
112 68
80 142
81 9
119 141
87 112
84 103
85 35
3 69
108 31
109 8
103 2
101 133
106 75
104 24
38 54
32 56
31 76
37 110
36 150
35 64
34 108
60 58
62 143
64 15
66 119
68 85
69 37
2 66
6 81
99 45
98 36
91 106
90 109
92 99
95 147
94 60
96 10
11 42
10 52
13 149
12 5
15 70
17 0
16 27
18 117
88 115
150 29
48 23
47 38
44 50
45 11
42 130
40 18
41 129
5 72
9 78
146 62
147 98
144 32
142 26
143 40
141 120
149 96
76 47
75 126
72 132
70 20
78 146
131 133
131 132
148 131
129 130
136 137
148 136
139 135
135 134
140 139
139 138
25 24
28 25
25 26
25 27
21 20
28 21
21 22
21 23
30 28
28 29
1 0
14 4
7 8
120 119
131 120
122 121
128 122
124 123
136 124
124 125
124 126
128 127
136 128
135 129
116 118
73 59
63 58
59 55
55 54
61 57
55 56
58 51
51 50
57 53
51 52
116 115
134 114
89 88
93 89
122 111
111 110
114 113
111 112
124 82
124 83
79 80
82 81
93 86
86 87
83 84
86 85
4 3
10 7
107 108
107 109
114 102
102 103
102 100
102 101
105 106
131 107
105 104
116 105
49 39
39 38
35 33
33 32
30 31
33 30
35 37
35 36
39 35
35 34
61 60
71 61
63 62
67 63
65 64
124 65
65 66
74 67
67 68
67 69
1 2
4 6
100 99
97 98
89 91
89 90
97 93
89 92
96 95
93 94
107 97
100 96
10 11
14 10
14 13
10 12
14 15
19 14
14 17
14 16
21 19
19 18
116 117
134 116
152 151
151 150
49 48
53 49
59 46
46 47
43 44
46 45
43 42
53 43
39 40
39 41
7 1
4 5
7 9
145 146
145 147
145 144
148 145
140 142
144 143
145 140
140 141
151 148
148 149
83 77
77 76
74 75
79 74
82 73
73 72
74 71
71 70
124 79
77 78
