100
152
152
133 133
132 132
130 130
137 137
138 138
24 24
26 26
27 27
20 20
22 22
23 23
29 29
0 0
8 8
120 120
121 121
123 123
125 125
126 126
127 127
129 129
118 118
58 58
54 54
57 57
56 56
50 50
52 52
115 115
117 117
110 110
113 113
112 112
80 80
81 81
119 119
87 87
84 84
85 85
3 3
108 108
109 109
103 103
101 101
106 106
104 104
38 38
32 32
31 31
37 37
36 36
35 35
34 34
60 60
62 62
64 64
66 66
68 68
69 69
2 2
6 6
99 99
98 98
91 91
90 90
92 92
95 95
94 94
96 96
11 11
10 10
13 13
12 12
15 15
17 17
16 16
18 18
88 88
150 150
48 48
47 47
44 44
45 45
42 42
40 40
41 41
5 5
9 9
146 146
147 147
144 144
142 142
143 143
141 141
149 149
76 76
75 75
72 72
70 70
78 78
131 133
131 132
148 131
129 130
136 137
148 136
139 135
135 134
140 139
139 138
25 24
28 25
25 26
25 27
21 20
28 21
21 22
21 23
30 28
28 29
1 0
14 4
7 8
120 119
131 120
122 121
128 122
124 123
136 124
124 125
124 126
128 127
136 128
135 129
116 118
73 59
63 58
59 55
55 54
61 57
55 56
58 51
51 50
57 53
51 52
116 115
134 114
89 88
93 89
122 111
111 110
114 113
111 112
124 82
124 83
79 80
82 81
93 86
86 87
83 84
86 85
4 3
10 7
107 108
107 109
114 102
102 103
102 100
102 101
105 106
131 107
105 104
116 105
49 39
39 38
35 33
33 32
30 31
33 30
35 37
35 36
39 35
35 34
61 60
71 61
63 62
67 63
65 64
124 65
65 66
74 67
67 68
67 69
1 2
4 6
100 99
97 98
89 91
89 90
97 93
89 92
96 95
93 94
107 97
100 96
10 11
14 10
14 13
10 12
14 15
19 14
14 17
14 16
21 19
19 18
116 117
134 116
152 151
151 150
49 48
53 49
59 46
46 47
43 44
46 45
43 42
53 43
39 40
39 41
7 1
4 5
7 9
145 146
145 147
145 144
148 145
140 142
144 143
145 140
140 141
151 148
148 149
83 77
77 76
74 75
79 74
82 73
73 72
74 71
71 70
124 79
77 78
