49
86
0
75 3
74 4
38 6
28 8
24 11
33 13
30 15
37 17
7 19
5 20
32 22
21 24
19 25
15 27
8 30
4 32
2 33
0 34
18 36
16 37
22 39
12 41
10 42
26 44
13 45
77 48
68 51
50 53
65 55
56 56
62 58
49 60
47 62
45 63
43 64
63 66
60 67
55 69
66 71
57 72
59 74
58 75
53 77
52 78
71 80
69 81
78 83
42 85
40 86
0 1
1 2
2 3
2 4
2 5
5 6
5 7
7 8
7 9
9 10
10 11
10 12
12 13
12 14
14 15
14 16
16 17
16 18
18 19
18 20
12 21
21 22
21 23
23 24
23 25
10 26
26 27
26 28
28 29
29 30
29 31
31 32
31 33
31 34
28 35
35 36
35 37
9 38
38 39
38 40
40 41
40 42
9 43
43 44
43 45
1 46
46 47
47 48
47 49
49 50
50 51
50 52
52 53
52 54
54 55
54 56
54 57
57 58
57 59
59 60
59 61
61 62
61 63
61 64
57 65
65 66
65 67
54 68
68 69
68 70
70 71
70 72
54 73
73 74
73 75
52 76
76 77
76 78
49 79
79 80
79 81
46 82
82 83
82 84
84 85
84 86
