49
82
82
56 57
42 55
60 50
62 30
63 52
65 71
66 63
68 40
69 32
24 37
26 77
21 43
22 12
49 69
47 4
45 62
28 2
43 13
40 28
0 0
2 78
5 56
4 19
7 5
8 10
77 45
75 68
38 58
71 15
59 75
78 38
10 21
13 26
12 49
15 66
58 18
16 53
19 7
18 22
57 8
30 24
37 47
50 65
53 16
52 33
33 60
55 74
74 42
32 59
64 56
76 77
56 54
41 42
56 48
44 43
61 60
64 61
61 62
61 63
67 64
48 49
64 66
70 67
67 68
70 69
81 80
51 52
54 53
25 24
34 25
25 26
34 27
31 20
20 21
23 22
27 23
48 46
46 47
46 44
44 45
29 28
35 29
41 40
79 41
3 1
1 0
9 3
1 2
6 5
3 4
6 7
31 6
35 9
9 8
79 78
64 51
73 39
64 65
80 76
73 75
39 38
81 73
76 72
72 71
72 70
56 59
80 79
56 58
23 11
11 10
14 13
11 12
14 15
27 14
29 17
17 16
20 19
17 18
34 31
31 30
36 37
39 36
36 35
36 34
31 33
54 55
73 74
31 32
82 81
56 57
51 50
