49
82
82
56 52
42 69
60 19
62 74
63 78
65 66
66 68
68 4
69 13
24 5
26 24
21 18
22 8
49 42
47 28
45 37
28 43
43 50
40 40
0 57
2 59
5 58
4 38
7 49
8 16
77 0
75 26
38 32
71 33
59 55
78 63
10 53
13 45
12 2
15 10
58 60
16 56
19 65
18 15
57 7
30 12
37 71
50 22
53 47
52 21
33 62
55 30
74 75
32 77
64 56
76 77
56 54
41 42
56 48
44 43
61 60
64 61
61 62
61 63
67 64
48 49
64 66
70 67
67 68
70 69
81 80
51 52
54 53
25 24
34 25
25 26
34 27
31 20
20 21
23 22
27 23
48 46
46 47
46 44
44 45
29 28
35 29
41 40
79 41
3 1
1 0
9 3
1 2
6 5
3 4
6 7
31 6
35 9
9 8
79 78
64 51
73 39
64 65
80 76
73 75
39 38
81 73
76 72
72 71
72 70
56 59
80 79
56 58
23 11
11 10
14 13
11 12
14 15
27 14
29 17
17 16
20 19
17 18
34 31
31 30
36 37
39 36
36 35
36 34
31 33
54 55
73 74
31 32
82 81
56 57
51 50
