49
97
0
78 4
40 6
42 7
77 9
68 12
50 16
53 18
52 19
65 22
58 24
59 25
56 27
47 33
45 34
43 35
49 36
62 38
60 40
63 41
55 43
57 44
66 45
71 47
69 48
74 51
75 52
38 54
22 57
12 59
10 60
26 63
13 64
32 68
19 70
21 71
33 73
30 75
7 78
5 79
37 80
24 82
15 84
28 87
18 89
16 90
8 92
4 94
2 96
0 97
0 1
1 2
2 3
3 4
3 5
5 6
5 7
2 8
8 9
8 10
10 11
11 12
11 13
13 14
14 15
15 16
15 17
17 18
17 19
14 20
20 21
21 22
21 23
23 24
23 25
20 26
26 27
26 28
28 29
29 30
30 31
31 32
32 33
32 34
31 35
30 36
29 37
37 38
37 39
39 40
39 41
28 42
42 43
42 44
13 45
10 46
46 47
46 48
1 49
49 50
50 51
50 52
49 53
53 54
53 55
55 56
56 57
56 58
58 59
58 60
55 61
61 62
62 63
62 64
61 65
65 66
66 67
67 68
67 69
69 70
69 71
66 72
72 73
72 74
74 75
74 76
76 77
77 78
77 79
76 80
65 81
81 82
81 83
83 84
83 85
85 86
86 87
86 88
88 89
88 90
85 91
91 92
91 93
93 94
93 95
95 96
95 97
