49
82
82
56 56
42 42
60 60
62 62
63 63
65 65
66 66
68 68
69 69
24 24
26 26
21 21
22 22
49 49
47 47
45 45
28 28
43 43
40 40
0 0
2 2
5 5
4 4
7 7
8 8
77 77
75 75
38 38
71 71
59 59
78 78
10 10
13 13
12 12
15 15
58 58
16 16
19 19
18 18
57 57
30 30
37 37
50 50
53 53
52 52
33 33
55 55
74 74
32 32
64 56
76 77
56 54
41 42
56 48
44 43
61 60
64 61
61 62
61 63
67 64
48 49
64 66
70 67
67 68
70 69
81 80
51 52
54 53
25 24
34 25
25 26
34 27
31 20
20 21
23 22
27 23
48 46
46 47
46 44
44 45
29 28
35 29
41 40
79 41
3 1
1 0
9 3
1 2
6 5
3 4
6 7
31 6
35 9
9 8
79 78
64 51
73 39
64 65
80 76
73 75
39 38
81 73
76 72
72 71
72 70
56 59
80 79
56 58
23 11
11 10
14 13
11 12
14 15
27 14
29 17
17 16
20 19
17 18
34 31
31 30
36 37
39 36
36 35
36 34
31 33
54 55
73 74
31 32
82 81
56 57
51 50
