50
77
77
42 42
60 60
62 62
64 64
49 49
66 66
68 68
52 52
24 24
25 25
20 20
22 22
23 23
46 46
45 45
28 28
43 43
40 40
0 0
3 3
2 2
4 4
7 7
6 6
9 9
51 51
39 39
75 75
73 73
71 71
70 70
58 58
10 10
13 13
12 12
59 59
14 14
17 17
55 55
19 19
54 54
31 31
30 30
37 37
36 36
53 53
34 34
33 33
48 48
57 57
61 56
50 54
41 42
50 29
61 60
63 61
61 62
65 63
65 64
50 49
67 66
72 67
69 68
74 69
50 52
50 53
21 24
21 25
27 26
76 27
18 20
27 21
21 22
21 23
47 46
63 47
56 44
44 45
29 28
44 43
41 40
50 41
16 1
1 0
1 3
1 2
15 5
5 4
8 7
5 6
8 9
18 8
50 51
38 39
67 65
77 76
74 75
41 38
74 73
76 72
72 71
69 70
56 59
50 32
56 58
18 11
11 10
11 13
11 12
21 15
15 14
16 17
26 16
18 19
26 18
32 31
29 30
38 37
35 36
44 35
35 34
32 33
56 55
76 74
47 48
56 57
63 50
