50
90
0
78 3
75 5
69 9
65 10
64 11
67 15
27 17
22 19
19 21
20 22
17 24
15 26
14 30
2 32
1 33
4 35
0 36
11 38
13 40
9 41
7 43
5 44
31 46
30 47
26 49
24 50
68 52
66 53
34 55
32 56
37 58
35 59
61 61
63 63
60 65
57 67
55 68
54 70
52 71
72 73
70 74
50 76
49 78
47 80
45 82
40 84
39 86
38 87
44 89
42 90
0 1
1 2
2 3
2 4
4 5
4 6
6 7
7 8
8 9
8 10
8 11
8 12
12 13
13 14
14 15
14 16
16 17
16 18
18 19
18 20
20 21
20 22
20 23
23 24
23 25
25 26
25 27
27 28
28 29
29 30
29 31
31 32
31 33
31 34
34 35
34 36
28 37
37 38
37 39
39 40
39 41
27 42
42 43
42 44
13 45
45 46
45 47
45 48
48 49
48 50
12 51
51 52
51 53
8 54
54 55
54 56
8 57
57 58
57 59
7 60
60 61
60 62
62 63
62 64
64 65
64 66
66 67
66 68
66 69
69 70
69 71
6 72
72 73
72 74
1 75
75 76
75 77
77 78
77 79
79 80
79 81
81 82
81 83
83 84
83 85
85 86
85 87
81 88
88 89
88 90
