50
89
0
37 9
35 11
34 13
32 14
69 16
65 5
64 18
67 23
27 25
20 29
17 31
14 36
4 40
0 41
1 42
2 43
11 45
13 47
9 48
7 50
5 51
15 52
19 53
22 54
31 56
30 58
26 60
24 61
66 62
68 63
63 66
60 68
57 71
54 73
52 74
55 75
61 76
72 78
70 79
75 80
50 83
49 85
40 89
39 91
38 90
42 95
44 96
45 97
47 98
78 99
0 1
1 2
2 3
3 4
4 5
5 9
5 10
10 11
10 12
12 13
12 14
5 16
5 18
5 19
19 20
20 21
21 22
22 23
22 24
24 25
24 26
26 27
27 28
28 29
28 30
30 31
30 32
32 33
33 34
34 35
35 36
35 37
37 39
39 40
39 41
37 42
37 43
34 44
44 45
44 46
46 47
46 48
33 49
49 50
49 51
32 52
27 53
26 54
21 55
55 56
55 58
55 59
59 60
59 61
20 62
19 63
4 64
64 65
65 66
65 67
67 68
67 69
69 71
69 72
72 73
72 74
69 75
64 76
3 77
77 78
77 79
2 80
1 81
81 82
82 83
82 84
84 85
84 86
86 87
87 88
88 89
88 90
90 91
87 94
94 95
94 96
87 97
86 98
81 99
