50
86
1
38 7
65 8
34 10
0 41
1 42
2 43
4 44
5 45
7 46
9 47
11 48
13 49
14 50
15 51
17 52
19 53
20 54
22 55
24 56
26 57
27 58
30 59
31 60
32 61
35 62
37 63
39 64
40 65
42 66
44 67
45 68
47 69
49 70
50 71
52 72
54 73
55 74
57 75
60 76
61 77
63 78
64 79
66 80
67 81
68 82
69 83
70 84
72 85
75 86
78 87
1 2
2 3
3 4
3 5
5 6
5 7
2 8
8 9
9 10
8 11
11 12
12 13
12 14
12 15
12 16
16 17
17 18
17 19
17 20
16 21
11 22
22 23
22 24
24 25
11 26
11 27
27 28
8 29
8 30
2 31
2 32
32 33
33 34
33 35
33 36
2 37
2 38
38 39
2 40
20 41
17 42
17 43
20 44
18 45
18 46
19 47
19 48
19 49
16 50
25 51
24 52
21 53
22 54
23 55
13 56
27 57
15 58
27 59
28 60
9 61
29 62
30 63
7 64
5 65
6 66
5 67
5 68
5 69
6 70
3 71
34 72
34 73
33 74
36 75
35 76
32 77
31 78
8 79
40 80
14 81
26 82
8 83
38 84
39 85
37 86
4 87
