50
80
80
60 4
61 78
63 65
64 57
65 13
66 64
67 0
68 61
69 32
52 15
24 37
26 7
27 24
20 72
22 68
49 67
47 20
44 44
45 50
42 55
40 27
1 69
0 52
2 11
5 63
4 66
7 39
9 35
39 9
75 5
72 60
70 19
78 42
11 31
13 17
38 75
15 38
14 70
17 47
19 34
32 54
31 49
30 40
37 22
50 26
35 30
34 2
55 45
54 1
57 14
58 56
65 36
53 54
65 28
51 48
65 29
59 60
62 61
73 62
62 63
65 64
48 49
65 66
65 67
65 68
65 69
53 52
58 53
25 24
29 25
25 26
28 27
21 20
23 21
23 22
28 23
48 46
46 47
43 44
46 45
43 42
46 43
41 40
46 41
3 1
1 0
8 3
3 2
6 5
3 4
6 7
8 6
10 9
12 8
77 78
77 51
65 33
38 39
79 77
79 76
74 75
41 38
74 73
71 72
76 71
71 70
62 59
80 79
59 58
10 11
12 10
12 13
16 12
16 15
12 14
16 17
18 16
18 19
21 18
29 31
29 30
36 37
51 50
36 35
33 34
56 55
76 74
33 32
56 57
73 65
