50
87
0
78 3
50 5
42 8
49 9
47 11
45 13
40 16
38 17
39 19
44 20
75 22
70 25
72 26
63 30
60 32
55 34
57 36
54 38
52 39
61 40
69 42
65 41
35 48
32 50
34 51
37 52
64 54
68 56
66 58
30 62
31 63
26 65
24 66
67 68
27 70
22 72
19 74
20 76
15 78
17 80
13 83
9 85
11 86
14 88
2 91
1 92
5 95
7 96
4 98
0 99
0 1
1 2
2 3
2 4
4 5
4 6
6 7
7 8
7 9
6 11
6 12
12 13
12 15
15 16
15 17
17 19
12 20
1 21
21 22
21 23
23 24
24 25
24 26
23 27
27 28
28 29
29 30
29 31
31 32
31 33
33 34
33 36
33 37
37 38
37 39
28 40
27 41
41 42
41 47
47 48
47 49
49 50
49 51
41 52
41 54
41 55
55 56
55 57
57 58
57 59
59 60
60 62
60 63
60 64
64 65
64 66
59 67
67 68
67 69
69 70
69 71
71 72
71 73
73 74
73 75
75 76
75 77
77 78
77 80
77 81
81 82
82 83
82 84
84 85
84 86
81 87
87 88
87 89
89 91
89 92
89 93
93 94
94 95
94 96
93 97
97 98
97 99
