50
77
77
42 42
61 61
63 63
53 53
66 66
68 68
25 25
27 27
21 21
22 22
46 46
47 47
45 45
28 28
43 43
40 40
0 0
3 3
2 2
5 5
4 4
7 7
6 6
9 9
8 8
51 51
76 76
74 74
72 72
70 70
59 59
58 58
10 10
39 39
12 12
15 15
14 14
17 17
16 16
19 19
32 32
57 57
30 30
37 37
50 50
35 35
34 34
33 33
55 55
65 65
60 56
56 54
41 42
49 48
44 43
71 60
62 61
71 62
62 63
67 64
52 49
67 66
71 67
69 68
73 69
75 52
54 53
26 24
24 25
31 26
26 27
23 20
20 21
23 22
24 23
44 46
48 47
48 44
44 45
29 28
31 29
41 40
62 41
11 1
1 0
1 3
1 2
1 5
1 4
1 7
1 6
1 9
1 8
52 51
38 39
64 65
75 76
77 75
64 38
77 73
71 72
73 71
69 70
58 59
60 58
18 11
11 10
18 13
13 12
18 15
13 14
18 17
15 16
18 19
20 18
32 31
29 30
36 37
38 36
32 35
32 34
32 33
54 55
75 74
36 32
56 57
49 50
