50
87
0
47 10
46 12
45 14
43 15
54 18
51 20
49 21
52 22
57 24
55 25
67 28
65 29
61 31
59 32
72 35
71 36
64 38
62 39
80 41
79 42
75 45
73 46
76 47
42 49
40 50
87 52
86 54
37 58
23 59
26 64
24 65
21 66
13 70
15 73
2 75
0 76
19 78
17 79
3 82
7 84
5 85
12 89
11 90
8 91
10 92
28 93
33 96
32 97
30 98
38 55
0 1
1 2
2 3
3 4
4 5
5 6
6 7
7 8
8 9
9 10
9 11
11 12
11 14
11 15
8 17
17 18
17 19
19 20
19 21
8 22
7 23
23 24
23 25
6 26
26 27
27 28
27 29
26 30
30 31
30 32
5 33
33 35
33 36
33 37
37 38
37 39
4 41
4 42
3 43
43 44
44 45
44 46
43 47
2 48
48 49
48 50
1 51
51 52
51 53
53 54
53 55
55 56
56 57
57 58
57 59
59 61
61 62
62 63
63 64
63 65
62 66
61 67
67 68
68 70
68 71
71 72
72 73
72 74
74 75
74 76
71 78
71 79
68 80
80 81
81 82
81 83
83 84
83 85
80 89
80 90
80 91
80 92
67 93
56 94
94 96
94 97
94 98
