50
84
1
79 16
2 37
0 38
3 39
5 40
7 41
8 42
10 43
11 44
12 45
13 46
15 47
17 48
19 49
21 50
23 51
24 52
26 53
28 54
30 55
32 56
33 57
37 58
38 59
40 60
42 61
43 62
45 63
46 64
47 65
49 66
51 67
52 68
54 69
55 70
57 71
59 72
61 73
62 74
64 75
65 76
67 77
71 78
72 79
73 80
75 81
76 82
80 83
86 84
87 85
1 2
2 3
3 4
4 5
5 6
6 7
7 8
7 9
9 10
6 11
11 12
5 13
13 14
5 15
4 16
4 17
4 18
18 19
3 20
2 21
21 22
22 23
22 24
24 25
25 26
26 27
27 28
25 29
24 30
30 31
31 32
31 33
31 34
30 35
30 36
36 37
36 38
33 39
33 40
34 41
31 42
32 43
31 44
31 45
30 46
35 47
35 48
35 49
26 50
26 51
27 52
28 53
26 54
29 55
29 56
29 57
25 58
25 59
19 60
19 61
10 62
10 63
10 64
10 65
9 66
9 67
9 68
9 69
7 70
8 71
15 72
12 73
13 74
13 75
11 76
11 77
14 78
13 79
17 80
17 81
20 82
18 83
23 84
21 85
