50
50
50
0 0
2 1
3 2
5 3
7 4
8 5
10 6
11 7
12 8
13 9
15 10
17 11
19 12
21 13
23 14
24 15
26 16
28 17
30 18
32 19
33 20
37 21
38 22
40 23
42 24
43 25
45 26
46 27
47 28
49 29
51 30
52 31
54 32
55 33
57 34
59 35
61 36
62 37
64 38
65 39
67 40
71 41
72 42
73 43
75 44
76 45
79 46
80 47
86 48
87 49
50 45
45 44
44 43
44 46
45 47
45 24
24 23
44 39
39 40
39 35
35 36
39 33
33 34
33 31
31 28
28 25
25 26
25 27
31 32
31 30
30 29
45 37
37 38
37 42
38 41
50 49
49 48
48 22
22 20
20 18
20 19
22 14
14 13
14 16
14 15
22 21
14 17
17 9
9 10
9 7
7 5
7 3
7 6
3 2
7 8
3 4
9 11
9 12
9 0
0 1
