50
99
0
42 4
40 5
80 7
76 11
73 13
75 14
71 17
62 20
64 21
72 22
57 26
55 27
52 29
45 33
46 35
43 36
47 37
49 40
51 41
54 42
67 45
65 46
61 48
59 49
79 50
87 52
86 54
38 56
30 59
32 61
33 62
37 64
23 66
21 69
26 71
24 72
28 74
19 76
17 78
11 83
7 86
5 87
3 88
10 90
8 91
12 92
13 94
15 96
2 98
0 99
0 1
1 2
2 3
3 4
3 5
2 6
6 7
6 8
8 9
9 10
10 11
10 12
12 13
12 14
9 15
15 16
16 17
16 18
18 19
19 20
19 21
18 22
15 23
23 24
24 25
25 26
25 27
24 28
28 29
28 30
30 31
31 32
32 33
32 34
34 35
34 36
31 37
30 38
38 39
39 40
39 41
38 42
23 43
43 44
44 45
44 46
43 47
47 48
47 49
8 50
1 51
51 52
51 53
53 54
53 55
55 56
55 57
57 58
58 59
58 60
60 61
60 62
57 63
63 64
63 65
65 66
65 67
67 68
68 69
68 70
70 71
70 72
67 73
73 74
73 75
75 76
75 77
77 78
77 79
79 80
80 81
81 82
82 83
82 84
84 85
85 86
85 87
84 88
81 89
89 90
89 91
80 92
79 93
93 94
93 95
95 96
95 97
97 98
97 99
