50
99
0
87 2
83 5
85 6
82 10
77 11
79 12
73 14
75 16
71 19
70 21
69 22
67 24
65 28
63 29
62 30
57 35
49 37
46 38
47 41
44 45
43 46
34 50
36 51
38 52
39 53
41 54
30 58
27 61
25 62
31 63
21 66
12 69
18 70
11 74
7 76
5 78
8 80
2 83
4 84
0 85
15 86
14 87
22 89
24 90
32 91
59 92
52 96
50 97
53 98
55 99
0 1
1 2
1 3
3 4
4 5
4 6
3 7
7 8
8 9
9 10
9 11
8 12
7 13
13 14
13 15
15 16
15 17
17 18
18 19
18 20
20 21
20 22
17 23
23 24
23 25
25 26
26 27
27 28
27 29
26 30
25 31
31 32
32 33
33 34
34 35
34 36
36 37
36 38
33 39
39 40
40 41
40 42
42 43
43 44
44 45
44 46
43 47
47 48
48 49
49 50
49 51
48 52
47 53
42 54
39 55
55 56
56 57
57 58
57 59
59 60
60 61
60 62
59 63
56 64
64 65
65 66
65 67
67 68
68 69
68 70
67 71
71 72
72 73
73 74
73 75
75 76
75 77
77 78
77 79
79 80
79 81
81 82
82 83
82 84
81 85
72 86
71 87
64 88
88 89
88 90
55 91
32 92
31 93
93 94
94 95
95 96
95 97
94 98
93 99
