50
93
0
87 2
79 5
73 8
75 10
69 12
70 14
71 16
67 18
65 20
63 21
62 23
55 25
53 26
59 28
57 30
47 32
32 34
30 36
31 38
21 42
18 44
12 45
14 47
15 49
11 51
7 53
5 55
8 57
0 59
4 61
2 62
24 64
22 65
27 67
25 68
41 70
39 73
38 75
36 77
34 78
44 80
43 81
49 83
46 84
52 86
50 87
82 89
77 90
83 92
85 93
0 1
1 2
1 3
3 4
4 5
4 6
6 7
7 8
7 9
9 10
9 11
11 12
11 13
13 14
13 15
15 16
15 17
17 18
17 19
19 20
19 21
19 22
22 23
22 24
24 25
24 26
24 27
27 28
27 29
29 30
29 31
31 32
31 33
33 34
33 35
35 36
35 37
37 38
37 39
39 40
40 41
41 42
41 43
43 44
43 45
43 46
46 47
46 48
48 49
48 50
50 51
50 52
52 53
52 54
54 55
54 56
56 57
56 58
58 59
58 60
60 61
60 62
40 63
63 64
63 65
39 66
66 67
66 68
31 69
69 70
69 71
71 72
72 73
72 74
74 75
74 76
76 77
76 78
71 79
79 80
79 81
29 82
82 83
82 84
24 85
85 86
85 87
6 88
88 89
88 90
3 91
91 92
91 93
