50
89
0
87 2
83 4
85 5
79 7
73 10
75 12
69 14
70 16
71 18
67 20
65 22
63 23
62 25
55 27
53 28
59 30
57 32
47 34
32 36
30 38
31 40
21 44
14 46
18 47
12 48
15 49
11 50
7 52
5 54
8 56
0 58
4 60
2 61
24 63
22 64
27 66
25 67
41 69
39 72
38 74
36 76
34 77
44 79
43 80
49 82
46 83
52 85
50 86
82 88
77 89
0 1
1 2
1 3
3 4
3 5
3 6
6 7
6 8
8 9
9 10
9 11
11 12
11 13
13 14
13 15
15 16
15 17
17 18
17 19
19 20
19 21
21 22
21 23
21 24
24 25
24 26
26 27
26 28
26 29
29 30
29 31
31 32
31 33
33 34
33 35
35 36
35 37
37 38
37 39
39 40
39 41
41 42
42 43
43 44
43 45
45 46
45 47
45 48
45 49
45 50
45 51
51 52
51 53
53 54
53 55
55 56
55 57
57 58
57 59
59 60
59 61
42 62
62 63
62 64
41 65
65 66
65 67
33 68
68 69
68 70
70 71
71 72
71 73
73 74
73 75
75 76
75 77
70 78
78 79
78 80
31 81
81 82
81 83
26 84
84 85
84 86
8 87
87 88
87 89
