50
89
0
52 15
50 16
55 18
53 19
59 21
57 23
49 26
46 27
47 29
41 32
44 35
43 36
39 40
36 41
38 42
34 43
32 45
24 51
22 52
21 54
14 56
18 59
12 60
8 66
0 67
2 70
4 71
5 72
7 73
11 74
15 75
27 77
25 78
31 79
30 80
62 81
65 83
63 84
67 85
71 86
70 87
69 6
75 89
73 90
82 93
77 94
79 95
85 97
83 98
87 99
0 1
1 2
2 3
3 4
4 5
5 6
6 7
7 8
8 9
9 10
10 11
11 12
12 14
14 15
14 16
12 18
12 19
12 20
20 21
20 22
22 23
22 25
25 26
25 27
22 28
28 29
28 31
31 32
31 33
33 34
34 35
34 36
33 37
37 38
38 40
38 41
38 42
37 43
28 44
44 45
44 46
46 47
47 48
48 49
49 50
50 51
50 52
49 53
53 54
53 55
55 56
55 57
57 59
57 60
57 61
61 62
62 63
63 64
64 65
65 66
65 67
67 69
69 70
69 71
64 72
63 73
62 74
61 75
48 76
76 77
76 78
47 79
46 80
11 81
10 83
10 84
9 85
8 86
7 87
5 89
4 90
3 92
92 93
92 94
3 95
2 96
96 97
96 98
1 99
