194
287
0
276 2
279 4
278 6
275 8
269 10
255 14
252 17
250 19
248 20
251 22
253 23
266 25
247 27
244 29
241 32
242 34
239 35
237 38
236 41
212 43
214 44
232 47
229 49
231 50
222 52
224 54
200 56
198 57
218 61
217 63
215 64
219 67
221 68
225 70
206 72
205 74
203 76
201 77
228 79
210 82
208 83
211 84
264 91
263 93
153 94
154 96
265 98
188 100
190 102
183 104
181 105
262 86
193 108
169 110
166 112
168 113
178 116
180 118
186 119
184 121
175 123
177 124
271 126
149 133
156 136
155 135
151 139
138 142
136 143
152 145
142 147
144 148
258 150
145 152
260 153
148 155
147 156
191 159
192 158
197 128
196 162
160 166
162 167
256 168
261 170
259 172
172 175
173 177
174 178
163 181
165 182
159 184
140 187
139 186
135 190
134 189
133 194
124 197
122 198
131 201
130 202
127 204
125 206
128 208
132 210
120 212
116 214
118 216
113 218
111 221
112 222
115 225
101 227
108 229
100 226
105 233
107 234
87 235
89 240
85 243
80 245
76 247
74 248
84 250
82 251
86 253
88 254
99 258
98 259
94 264
93 265
79 268
95 269
77 272
92 274
96 275
90 276
65 279
63 280
66 281
50 286
68 287
52 288
33 291
32 290
57 296
62 297
59 299
38 301
36 303
34 305
37 306
60 307
61 309
24 311
22 312
70 316
72 319
56 321
53 323
55 324
73 325
102 326
104 328
6 331
18 332
8 334
48 336
42 338
43 342
31 344
41 345
5 347
3 348
44 352
29 355
49 356
15 359
14 361
12 362
16 363
45 365
40 366
46 369
25 372
27 373
28 374
47 376
20 379
21 380
11 382
10 384
2 386
0 387
0 1
1 2
1 3
3 4
3 5
5 6
5 7
7 8
7 9
9 10
10 12
12 14
12 15
15 16
16 17
16 19
16 20
15 22
15 23
12 24
24 25
24 26
26 27
26 28
28 29
28 30
30 31
31 32
31 34
31 35
30 36
36 37
37 38
37 39
39 40
40 41
40 42
42 43
42 44
39 45
45 46
46 47
46 49
46 50
45 51
51 52
51 53
53 54
53 55
55 56
55 57
36 58
58 60
60 61
60 62
62 63
62 64
58 66
66 67
66 68
58 69
69 70
69 71
71 72
71 73
73 74
73 75
75 76
75 77
58 78
78 79
78 80
80 82
80 83
80 84
9 85
85 86
86 91
86 92
92 93
92 94
94 96
86 98
86 99
99 100
100 102
99 104
99 105
86 108
86 109
109 110
109 111
111 112
111 113
86 114
114 116
116 118
114 119
114 121
114 122
122 123
122 124
85 125
125 126
125 127
127 128
128 130
130 132
132 133
132 135
135 136
132 138
138 139
138 141
141 142
141 143
138 145
138 146
146 147
146 148
130 149
149 150
149 152
149 153
130 155
130 156
128 158
158 159
128 162
127 165
165 166
165 167
127 168
127 170
127 172
127 173
173 175
173 177
173 178
173 179
179 181
179 182
179 183
183 184
183 185
185 186
186 187
185 189
189 190
189 194
189 195
195 196
196 197
196 198
195 201
195 202
195 203
203 204
203 206
203 208
203 209
209 210
209 211
211 212
211 213
213 214
213 216
213 217
217 218
217 219
219 220
220 221
220 222
219 224
224 225
224 226
226 227
226 229
219 232
232 233
232 234
219 235
235 240
235 241
241 242
242 243
242 245
242 246
246 247
246 248
241 250
241 251
235 253
235 254
235 255
255 256
256 257
257 258
257 259
256 261
261 264
261 265
261 268
261 269
261 271
271 272
271 274
271 275
261 276
261 277
277 278
278 279
278 280
277 281
256 282
282 285
285 286
285 287
282 288
282 290
290 291
282 293
293 296
293 297
293 299
293 300
300 301
300 303
300 305
300 306
293 307
307 309
282 310
310 311
310 312
255 315
315 316
315 319
315 320
320 321
320 323
320 324
315 325
255 326
255 328
255 329
329 331
329 332
329 334
329 335
335 336
335 338
335 341
341 342
341 344
341 345
335 346
346 347
346 348
335 351
351 352
351 355
351 356
351 358
358 359
358 360
360 361
360 362
351 363
335 364
364 365
364 366
335 369
335 370
370 372
370 373
370 374
335 376
335 377
377 379
377 380
377 381
381 382
381 384
381 385
385 386
385 387
