472
852
0
626 2
620 5
622 6
624 8
594 10
588 13
590 18
593 19
591 20
548 26
549 27
550 29
546 30
538 32
540 33
536 35
534 36
543 37
558 40
552 43
542 44
556 46
545 47
554 49
557 50
551 53
537 54
289 65
288 66
291 70
290 71
376 74
280 75
278 76
353 78
351 81
355 82
354 84
350 86
352 87
330 90
327 92
329 93
372 95
370 96
356 100
358 101
390 108
389 109
388 110
364 111
363 114
349 115
362 116
394 117
297 120
298 121
284 124
287 125
274 128
277 130
276 131
286 132
412 137
403 140
405 141
406 142
410 145
409 146
434 148
408 151
432 154
435 155
431 156
433 157
393 164
391 165
469 167
471 169
398 171
396 172
569 174
428 177
570 178
568 179
429 180
430 181
417 184
419 185
380 187
382 190
383 191
384 192
379 196
378 197
374 199
375 202
373 203
377 204
335 205
367 208
348 210
346 211
365 212
310 217
316 221
307 222
265 224
263 225
309 228
267 232
266 233
315 235
312 236
313 238
314 239
311 240
245 242
243 243
295 250
292 251
294 252
411 254
325 255
323 257
324 258
326 259
282 262
283 263
306 265
304 266
197 272
199 273
174 278
157 280
119 287
79 290
77 291
73 293
76 295
75 296
82 299
80 300
117 301
18 304
120 305
121 307
103 309
104 310
20 314
110 315
109 317
112 318
111 319
141 323
139 326
146 329
138 330
137 331
142 332
136 337
148 338
118 340
101 342
99 343
48 347
50 348
149 349
125 352
126 354
28 357
30 358
102 359
124 361
122 362
97 365
98 366
95 367
140 369
130 372
107 374
105 375
128 379
127 380
129 381
131 382
132 385
134 387
133 389
135 390
4 397
3 398
2 401
0 402
17 404
15 405
39 408
34 412
56 413
84 415
22 417
21 417
86 420
58 421
27 424
23 425
25 426
89 429
54 433
36 436
33 437
8 440
9 441
35 443
37 446
31 448
32 449
38 450
91 455
88 457
85 458
26 460
92 461
90 463
87 464
47 466
45 468
46 471
44 472
42 474
43 475
41 476
62 481
69 483
68 484
71 486
72 488
67 489
70 490
13 493
7 495
5 496
10 499
66 500
12 502
64 504
65 505
93 507
53 509
51 510
115 513
113 515
114 516
59 518
61 519
173 521
167 522
156 525
154 526
151 529
153 530
144 532
143 534
145 535
171 539
180 542
168 543
185 546
182 547
176 551
188 553
187 554
175 555
178 557
179 558
161 561
159 562
181 565
183 566
165 567
186 571
184 572
164 573
170 575
162 576
191 579
193 580
213 586
212 587
215 589
214 590
235 593
234 598
236 599
232 601
237 603
233 604
225 606
226 608
227 609
238 610
239 612
231 613
211 615
194 616
204 619
196 620
209 622
201 624
203 625
208 631
206 632
218 633
216 634
189 637
190 638
219 639
262 641
248 642
260 647
254 648
258 653
257 655
255 656
242 658
240 659
256 662
259 663
252 665
253 668
250 669
251 670
246 671
228 672
223 676
224 677
221 678
230 679
581 680
580 682
578 684
573 686
575 688
576 689
448 695
473 697
450 699
474 700
572 701
361 705
359 706
339 708
301 710
299 711
447 715
460 716
445 717
423 721
426 723
425 724
444 725
427 727
443 728
586 730
584 732
585 733
560 739
439 741
566 742
562 745
415 748
413 749
416 750
561 754
559 755
451 757
453 758
565 760
563 761
564 762
458 765
456 767
454 769
457 770
387 773
385 774
441 775
302 781
271 784
273 785
270 788
268 789
269 790
332 791
337 793
368 794
333 795
420 799
463 800
464 802
466 805
467 807
399 808
468 811
437 812
465 814
422 815
401 818
438 819
319 825
317 826
320 827
321 829
322 830
344 832
345 834
343 836
341 837
402 838
525 845
485 849
487 850
500 852
480 854
482 855
488 856
505 858
507 859
527 862
477 865
479 866
515 868
513 869
529 870
509 873
499 875
491 877
492 879
489 880
502 885
504 886
475 891
476 892
483 893
494 894
521 897
523 898
517 900
522 901
518 903
512 904
519 907
498 910
497 912
495 913
520 914
510 915
532 916
619 918
616 920
615 922
613 924
607 927
609 929
599 933
601 934
602 936
604 937
606 939
598 941
596 942
611 943
0 1
1 2
1 3
3 4
4 5
4 6
3 7
7 8
7 9
9 10
9 11
11 12
12 13
12 14
14 15
15 16
16 17
17 18
17 19
16 20
15 21
21 22
22 23
23 24
24 25
25 26
25 27
24 29
24 30
23 31
31 32
31 33
22 34
34 35
34 36
21 37
14 38
38 39
39 40
39 41
41 42
42 43
42 44
41 45
45 46
45 47
38 48
48 49
48 50
11 51
51 52
52 53
52 54
51 55
55 56
56 57
57 59
59 60
60 61
61 62
62 63
63 64
64 65
64 66
63 67
67 68
68 69
69 70
69 71
68 72
72 73
73 74
73 75
72 76
67 77
77 78
77 80
80 81
80 82
77 84
77 85
85 86
85 87
62 88
88 89
89 90
89 91
91 92
91 93
88 94
94 95
94 96
61 97
97 98
98 99
99 100
99 101
98 103
103 104
104 105
105 106
106 107
107 108
107 109
106 110
105 111
104 112
112 113
113 114
113 115
112 116
103 117
98 118
118 119
119 120
119 121
118 122
122 123
123 124
123 125
122 126
126 127
127 128
127 130
127 131
126 132
97 133
133 134
134 135
135 137
135 138
138 139
139 140
139 141
138 142
135 145
135 146
135 147
147 148
147 150
150 151
150 152
152 153
153 154
153 155
152 156
147 157
134 158
158 160
160 161
161 163
163 164
163 165
161 166
166 167
166 168
168 169
168 170
170 171
170 172
161 173
173 174
173 175
175 176
176 177
176 178
175 179
160 180
158 181
158 183
183 184
183 185
158 186
186 187
186 188
188 189
189 190
189 191
188 192
133 193
193 194
194 195
195 196
195 197
194 198
198 199
198 201
201 202
201 203
198 204
193 205
60 206
206 207
207 208
207 209
209 210
209 211
206 212
59 213
213 214
214 215
215 216
216 217
216 218
218 219
219 220
220 221
220 222
219 223
223 224
223 225
218 227
227 228
227 229
229 232
229 233
229 234
234 235
234 236
229 237
237 238
237 239
218 240
215 241
241 242
241 243
214 244
244 245
245 246
246 248
248 249
249 250
249 251
248 252
246 253
253 254
253 255
246 256
256 257
256 258
245 259
244 260
260 261
261 262
261 263
260 264
264 265
264 266
213 267
267 269
269 270
270 271
271 272
271 273
270 274
274 277
277 278
277 279
279 280
279 281
281 282
282 283
283 284
284 285
285 286
286 287
286 289
289 290
289 291
286 292
292 293
292 295
292 296
285 298
298 299
298 300
285 301
284 302
302 303
303 304
303 305
302 306
306 307
306 308
308 309
308 310
283 311
311 313
313 314
313 315
311 316
316 317
316 318
311 319
282 322
322 323
322 324
324 325
325 326
325 327
327 328
328 329
328 330
327 331
324 332
282 333
333 334
334 335
335 336
336 337
336 338
335 339
339 340
339 341
341 342
341 343
334 345
345 346
346 347
346 348
345 349
334 350
350 351
351 352
351 354
351 355
355 356
356 357
356 358
355 359
350 360
360 361
360 362
333 363
363 365
363 366
363 367
282 368
368 369
368 370
370 371
371 372
371 373
373 374
373 375
370 377
377 378
378 379
378 380
377 381
370 382
281 384
384 385
384 386
386 387
386 388
388 389
388 390
281 391
391 393
393 394
394 395
395 396
396 397
396 398
395 400
400 401
400 402
395 403
403 404
403 405
394 406
406 407
407 408
407 409
409 410
410 412
410 413
410 415
410 417
410 420
409 421
406 422
422 424
422 425
422 426
393 429
393 430
430 431
431 432
432 433
432 434
434 435
435 436
435 437
434 439
439 440
439 441
434 443
434 444
444 446
444 447
447 448
447 449
444 450
431 453
453 454
454 455
454 457
454 458
453 460
453 461
431 462
462 463
462 464
431 465
465 466
465 467
467 468
467 471
467 472
467 473
473 474
473 475
430 476
393 477
477 478
478 479
479 480
480 481
480 483
480 484
479 485
485 486
485 488
485 489
478 490
477 492
492 493
492 494
494 495
494 496
477 498
498 499
498 500
477 501
501 502
501 504
501 505
391 506
506 507
506 508
508 509
508 510
391 511
511 513
511 514
514 515
514 516
511 517
517 518
517 519
274 520
520 521
520 522
274 523
523 524
524 525
524 526
523 527
527 528
528 529
528 530
527 531
531 532
531 533
533 534
533 535
274 536
536 537
537 538
538 539
538 542
538 543
538 545
545 546
545 547
538 549
549 550
550 551
550 552
552 553
552 554
549 555
538 556
556 557
556 558
537 559
559 560
560 561
560 562
559 563
563 564
564 565
564 566
563 567
536 568
568 570
570 571
570 572
568 573
568 574
574 575
574 576
269 578
578 579
578 580
269 581
581 582
582 583
583 584
584 585
585 586
585 587
584 588
588 589
588 590
583 591
591 593
591 596
596 597
597 598
597 599
596 600
600 601
600 602
602 603
602 604
591 605
605 606
605 607
607 608
607 609
591 610
591 611
611 612
611 613
582 614
614 615
614 616
581 618
618 619
618 620
581 622
581 623
623 624
623 625
267 626
626 627
627 628
628 629
629 630
630 631
630 632
629 633
628 634
627 635
635 636
636 637
636 638
635 639
626 640
640 641
640 642
267 643
643 644
644 645
645 646
646 647
646 648
645 650
650 651
651 652
652 653
652 654
654 655
654 656
651 657
657 658
657 659
650 660
660 661
661 662
661 663
660 664
664 665
664 666
666 667
667 668
667 669
666 670
645 671
644 672
643 673
673 674
674 675
675 676
675 677
674 678
673 679
57 680
57 681
681 682
681 683
683 684
683 685
685 686
685 687
687 688
687 689
56 690
690 691
691 692
692 693
693 694
694 695
694 696
696 697
696 698
698 699
698 700
693 701
692 702
702 703
703 704
704 705
704 706
703 707
707 708
707 709
709 710
709 711
702 712
712 714
714 715
714 716
712 717
712 718
718 720
720 721
720 722
722 723
722 724
718 725
718 726
726 727
726 728
691 729
729 730
729 731
731 732
731 733
690 734
734 736
736 738
738 739
738 740
740 741
740 742
736 743
743 745
743 746
746 748
746 749
746 750
743 751
751 753
753 754
753 755
751 756
756 757
756 758
751 759
759 760
759 761
736 762
734 763
763 764
764 765
764 766
766 767
766 769
766 770
763 771
771 772
772 773
772 774
771 775
734 776
776 777
777 779
779 780
780 781
780 782
782 784
782 785
782 787
787 788
787 789
782 790
779 791
777 792
792 793
792 794
777 795
776 796
796 797
797 798
798 799
798 800
797 802
797 803
803 804
804 805
804 807
804 808
803 809
809 810
810 811
810 812
809 813
813 814
813 815
796 816
816 818
816 819
816 820
820 821
821 822
822 823
823 825
823 826
823 827
822 828
828 829
828 830
821 832
821 833
833 834
833 835
835 836
835 837
820 838
55 839
839 840
840 841
841 843
843 844
844 845
844 846
846 848
848 849
848 850
846 851
851 852
851 853
853 854
853 855
846 856
843 857
857 858
857 859
841 860
860 861
861 862
861 863
863 864
864 865
864 866
863 867
867 868
867 869
860 870
841 871
871 872
872 873
872 874
874 875
874 876
876 877
876 878
878 879
878 880
871 881
881 883
883 884
884 885
884 886
883 887
887 888
888 889
889 890
890 891
890 892
889 893
888 894
887 895
895 897
895 898
895 900
895 901
881 902
902 903
902 904
881 905
905 906
906 907
906 908
908 909
909 910
909 911
911 912
911 913
908 914
905 915
840 916
839 917
917 918
917 919
919 920
919 921
921 922
921 923
923 924
923 925
925 926
926 927
926 928
928 929
928 930
930 931
931 932
932 933
932 934
931 935
935 936
935 937
930 939
930 940
940 941
940 942
925 943
