472
627
627
344 299
0 167
346 624
341 522
343 344
348 143
349 294
619 188
298 111
299 576
297 17
294 18
295 471
292 546
290 179
291 256
591 67
590 370
593 307
199 457
594 133
596 251
599 385
194 103
197 302
196 474
191 184
190 245
193 575
270 180
271 38
273 301
274 325
276 456
277 269
278 317
525 364
527 223
520 213
521 401
522 234
523 149
529 356
448 4
443 102
441 313
447 104
445 8
444 552
109 558
102 560
103 492
101 448
107 68
104 212
105 76
39 345
38 3
33 499
32 626
31 15
30 554
37 312
36 355
35 175
34 378
438 566
439 258
437 438
434 235
435 218
432 233
433 561
430 384
431 5
339 117
335 482
337 491
330 84
333 613
332 292
345 130
99 399
98 259
91 231
90 95
93 382
92 277
95 77
97 136
559 228
558 390
554 316
557 7
556 26
551 443
550 174
552 236
238 607
239 352
234 429
235 283
236 619
237 487
230 282
231 268
232 480
233 156
146 420
144 125
145 323
142 497
143 433
140 208
141 72
613 467
611 532
616 521
148 453
149 411
133 99
132 276
131 488
130 349
137 373
136 122
135 253
134 505
494 129
495 161
139 273
138 477
491 389
492 569
25 562
26 351
27 225
20 591
21 542
22 204
23 464
28 447
406 221
405 159
403 142
402 128
401 498
409 314
408 441
379 165
378 254
370 311
373 61
372 121
375 588
374 56
377 219
376 2
393 537
88 89
89 520
396 398
394 519
82 563
399 572
398 568
86 211
87 536
84 79
85 479
7 615
607 42
586 529
584 280
585 515
580 358
581 289
588 616
245 176
246 21
240 359
243 144
242 66
615 417
248 92
519 226
518 593
510 115
513 193
512 426
515 90
517 71
458 98
622 517
620 201
626 435
624 475
450 507
451 413
453 41
454 30
456 9
457 315
179 120
178 107
176 306
175 45
174 97
173 70
171 224
170 451
253 240
182 239
183 551
180 214
181 388
186 416
187 548
184 489
185 255
188 565
189 377
10 145
13 525
12 262
15 410
17 171
18 271
62 187
322 33
323 391
320 310
321 113
326 380
327 190
324 319
325 28
329 570
201 127
203 295
204 375
206 527
209 408
208 54
77 363
76 540
75 346
73 368
72 23
71 372
70 168
79 476
2 611
542 181
543 185
540 105
546 383
545 332
8 44
548 590
549 465
68 423
598 620
120 444
121 494
122 324
124 320
125 62
126 454
127 599
128 362
129 250
415 543
416 394
417 376
410 329
411 34
412 437
413 157
498 139
419 50
499 549
319 12
313 287
312 354
311 509
310 343
317 189
316 402
315 458
314 466
497 135
3 353
368 419
367 227
364 538
365 573
362 196
363 162
361 578
380 309
382 64
383 545
384 182
385 75
387 585
388 10
389 341
578 132
573 215
572 87
570 238
576 252
575 523
61 203
258 598
259 286
64 85
65 367
66 365
67 327
252 246
69 291
250 557
251 374
256 298
257 216
254 58
255 405
602 138
509 183
507 73
504 469
505 288
502 495
500 237
469 13
468 25
465 37
464 109
467 267
466 290
460 428
463 178
168 263
164 609
165 468
167 564
161 186
162 403
9 32
356 463
355 91
354 35
353 445
352 584
351 333
350 199
359 550
358 86
216 101
214 504
215 337
212 534
213 257
211 248
218 43
219 266
289 500
288 197
4 53
280 140
283 209
282 153
284 119
287 512
286 439
263 191
262 146
260 110
267 134
266 602
265 194
269 361
268 124
59 206
58 141
54 114
56 164
51 581
50 230
53 65
537 450
536 427
534 322
532 502
538 126
115 131
114 556
117 622
111 265
110 232
113 434
112 415
119 93
118 422
429 601
428 604
420 0
423 47
422 154
425 270
427 513
426 518
309 321
301 260
302 430
304 46
306 379
307 586
568 304
569 170
560 137
561 118
562 112
563 59
564 284
565 20
566 173
228 396
227 412
226 350
225 22
224 393
223 406
221 606
391 48
390 242
151 431
604 330
153 80
606 387
601 594
154 36
157 432
156 483
159 473
609 425
80 596
48 485
46 82
47 335
44 148
45 580
42 243
43 27
41 274
5 297
489 278
488 510
487 31
485 348
483 559
482 51
480 339
473 39
471 409
476 88
477 326
474 460
475 69
479 151
342 344
1 0
347 346
366 347
342 340
342 341
400 342
342 343
347 348
363 349
623 595
605 606
595 594
618 619
296 298
300 299
349 296
296 297
293 294
293 295
293 292
323 293
351 290
290 291
589 591
589 590
592 593
595 592
198 199
200 198
605 597
597 596
205 195
195 194
198 197
195 196
192 191
189 190
192 193
210 192
268 270
272 271
303 272
272 273
275 274
285 275
275 276
275 277
279 278
351 279
530 524
524 525
530 526
528 527
516 520
516 521
516 522
516 523
600 599
530 528
528 529
472 449
449 448
442 443
461 442
440 441
559 440
446 447
461 446
446 445
442 444
116 108
108 109
123 102
116 103
137 100
100 101
128 106
106 107
103 104
106 105
40 39
31 38
31 33
31 32
55 31
29 30
31 37
31 36
31 35
31 34
436 438
440 439
462 436
436 437
432 434
432 435
567 432
432 433
428 430
432 431
338 339
446 338
334 335
374 334
336 337
369 336
336 331
371 330
331 333
331 332
342 345
14 6
100 99
96 98
83 91
83 90
94 93
83 92
96 95
113 94
96 97
137 96
583 559
555 558
589 555
555 554
555 557
555 556
547 551
547 550
589 553
553 552
232 238
232 239
232 234
232 235
232 236
232 237
229 230
232 231
264 232
232 233
16 1
617 614
147 146
150 147
152 144
144 145
137 142
144 143
137 140
137 141
614 612
612 613
612 610
610 611
617 616
618 617
147 148
147 149
625 623
621 622
150 133
133 132
128 131
128 130
147 137
137 136
133 135
133 134
493 494
496 495
137 139
137 138
499 490
490 491
490 492
516 493
83 24
24 25
24 26
24 27
19 20
42 21
21 22
24 23
29 28
102 29
432 407
404 406
404 405
407 404
404 403
400 402
400 401
436 400
407 409
407 408
374 379
374 378
407 371
371 370
374 373
371 372
374 375
407 374
374 377
374 376
625 618
392 393
567 392
83 88
83 89
470 397
397 396
432 395
395 394
81 82
113 83
81 80
116 81
83 86
83 87
83 84
83 85
6 7
600 601
608 607
583 586
592 587
583 584
583 585
583 582
587 583
579 580
579 581
587 588
592 589
244 245
308 244
250 247
247 246
250 241
241 240
244 243
241 242
614 615
261 249
249 248
516 519
516 518
516 511
511 510
514 513
511 512
514 515
526 514
516 517
531 516
459 458
559 459
625 621
621 620
625 626
627 625
623 624
449 450
452 451
559 452
452 453
455 454
459 455
455 456
455 457
177 179
177 178
200 177
177 176
172 175
172 174
172 173
177 172
169 171
169 170
250 253
177 182
177 183
177 180
177 181
177 186
177 187
177 184
177 185
177 188
220 189
63 11
11 10
14 13
11 12
16 15
63 14
16 17
83 16
108 19
19 18
63 62
340 322
334 323
318 320
322 321
323 326
328 327
323 324
323 325
330 328
328 329
202 201
232 200
202 203
210 202
210 205
205 204
217 207
207 206
210 209
207 208
78 77
74 76
74 75
116 74
74 73
63 72
63 71
63 70
78 79
116 78
1 2
541 542
544 543
539 540
553 541
547 546
589 547
589 544
544 545
31 8
547 548
547 549
63 68
597 598
116 120
116 121
123 122
137 123
123 124
123 125
123 126
128 127
137 128
128 129
559 414
414 415
414 416
418 417
407 410
407 411
407 412
414 413
496 498
428 418
418 419
508 499
318 319
340 318
308 313
308 312
308 311
308 310
318 317
308 316
308 315
308 314
516 496
496 497
4 3
369 368
462 369
407 366
366 367
363 364
366 365
363 362
395 363
442 360
360 361
381 380
428 381
381 382
381 383
381 384
386 385
559 386
386 387
389 388
395 389
608 605
582 579
579 578
603 604
574 573
571 572
583 571
567 570
582 577
577 576
574 575
577 574
113 60
60 61
250 258
250 259
63 64
63 65
63 66
63 67
250 252
63 69
281 250
250 251
250 256
250 257
250 254
250 255
605 603
603 602
516 508
508 509
524 506
506 507
503 504
506 505
503 502
516 503
501 500
524 501
470 469
462 468
462 465
462 464
462 467
462 466
571 461
461 460
462 463
559 462
169 168
177 169
163 164
166 165
177 166
166 167
172 160
160 161
163 162
177 163
605 600
8 9
363 357
357 356
351 355
351 354
351 353
351 352
374 351
351 350
360 359
357 358
217 216
220 217
210 214
210 215
210 212
210 213
232 210
210 211
217 218
220 219
288 289
351 288
16 4
323 281
279 280
281 283
281 282
296 285
285 284
285 287
285 286
264 263
261 262
308 261
250 260
308 267
267 266
264 265
308 264
268 269
272 268
60 59
57 58
83 55
55 54
83 57
57 56
52 51
49 50
52 53
94 52
535 537
535 536
589 535
83 63
541 533
533 532
533 531
531 530
547 539
539 538
113 115
113 114
116 117
137 116
108 111
108 110
147 113
108 112
116 119
116 118
428 429
567 428
535 534
462 421
421 420
424 423
421 422
424 425
442 424
424 427
424 426
323 308
308 309
338 300
300 301
303 302
331 303
305 304
407 305
305 306
308 307
567 568
567 569
559 560
559 561
559 562
559 563
559 564
559 565
559 566
579 567
247 229
229 228
225 227
225 226
232 225
222 224
222 223
229 222
222 221
249 220
392 391
389 390
152 151
158 150
152 153
155 152
172 155
155 154
158 157
155 156
160 159
163 158
610 609
610 608
400 399
397 398
49 48
137 49
42 46
42 47
42 44
42 45
83 42
42 43
83 40
40 41
6 5
490 489
486 488
486 487
501 486
486 485
493 484
484 483
481 482
501 481
481 480
571 472
472 473
567 470
470 471
475 476
478 477
472 474
484 475
526 478
478 479
