472
627
627
344 119
0 545
346 522
341 27
343 194
348 291
349 188
619 315
298 572
299 584
297 387
294 137
295 349
292 103
290 310
291 250
591 519
590 327
593 596
199 616
594 518
596 111
599 445
194 313
197 21
196 497
191 267
190 257
193 536
270 50
271 329
273 262
274 107
276 580
277 359
278 431
525 469
527 588
520 352
521 142
522 219
523 239
529 53
448 287
443 280
441 557
447 273
445 0
444 368
109 314
102 297
103 316
101 321
107 573
104 332
105 126
39 432
38 77
33 265
32 61
31 593
30 22
37 197
36 238
35 473
34 562
438 558
439 132
437 101
434 82
435 208
432 231
433 232
430 401
431 136
339 560
335 391
337 416
330 602
333 441
332 456
345 268
99 36
98 463
91 351
90 609
93 451
92 133
95 378
97 430
559 109
558 622
554 28
557 325
556 390
551 235
550 554
552 253
238 214
239 474
234 85
235 422
236 181
237 394
230 256
231 471
232 170
233 563
146 173
144 294
145 140
142 51
143 444
140 415
141 9
613 178
611 33
616 144
148 510
149 234
133 269
132 420
131 242
130 99
137 124
136 500
135 523
134 171
494 199
495 538
139 227
138 324
491 117
492 460
25 243
26 578
27 289
20 346
21 185
22 362
23 245
28 102
406 134
405 72
403 419
402 89
401 115
409 376
408 489
379 224
378 383
370 552
373 613
372 507
375 113
374 187
377 410
376 255
393 47
88 70
89 56
396 626
394 413
82 254
399 344
398 76
86 317
87 480
84 433
85 161
7 534
607 183
586 184
584 479
585 350
580 54
581 286
588 604
245 427
246 525
240 288
243 370
242 372
615 127
248 30
519 213
518 396
510 345
513 423
512 39
515 417
517 5
458 399
622 576
620 491
626 333
624 79
450 295
451 599
453 20
454 453
456 355
457 129
179 148
178 120
176 128
175 145
174 17
173 259
171 374
170 568
253 358
182 485
183 248
180 67
181 143
186 141
187 186
184 601
185 439
188 482
189 196
10 509
13 411
12 105
15 458
17 504
18 312
62 151
322 398
323 58
320 175
321 87
326 125
327 112
324 353
325 90
329 575
201 403
203 307
204 121
206 570
209 174
208 211
77 450
76 216
75 104
73 274
72 335
71 498
70 212
79 299
2 379
542 44
543 276
540 153
546 435
545 8
8 3
548 203
549 260
68 377
598 447
120 319
121 564
122 167
124 598
125 311
126 476
127 537
128 7
129 565
415 382
416 569
417 201
410 159
411 230
412 240
413 606
498 114
419 130
499 388
319 46
313 62
312 408
311 223
310 364
317 180
316 43
315 512
314 71
497 302
3 191
368 68
367 380
364 373
365 206
362 193
363 97
361 64
380 615
382 594
383 73
384 131
385 465
387 164
388 323
389 393
578 209
573 586
572 162
570 363
576 37
575 271
61 59
258 42
259 266
64 502
65 483
66 292
67 409
252 527
69 236
250 322
251 341
256 343
257 84
254 548
255 320
602 361
509 556
507 384
504 540
505 301
502 529
500 154
469 270
468 190
465 31
464 176
467 298
466 543
460 513
463 348
168 443
164 226
165 283
167 406
161 520
162 487
9 69
356 488
355 2
354 304
353 98
352 402
351 86
350 251
359 494
358 12
216 499
214 624
215 551
212 263
213 365
211 466
218 505
219 546
289 492
288 477
4 412
280 611
283 309
282 93
284 35
287 607
286 532
263 467
262 278
260 429
267 549
266 149
265 426
269 189
268 34
59 26
58 542
54 581
56 448
51 620
50 590
53 619
537 337
536 146
534 165
532 405
538 339
115 454
114 23
117 330
111 468
110 375
113 80
112 66
119 221
118 521
429 517
428 118
420 204
423 425
422 475
425 32
427 434
426 252
309 179
301 168
302 95
304 464
306 138
307 135
568 92
569 10
560 233
561 385
562 215
563 218
564 282
565 258
566 495
228 550
227 585
226 515
225 237
224 438
223 139
221 326
391 25
390 561
151 122
604 4
153 157
606 591
601 437
154 91
157 284
156 389
159 356
609 290
80 45
48 277
46 367
47 156
44 13
45 38
42 182
43 75
41 559
5 428
489 457
488 246
487 41
485 306
483 15
482 225
480 88
473 566
471 228
476 48
477 18
474 354
475 65
479 110
342 344
1 0
347 346
366 347
342 340
342 341
400 342
342 343
347 348
363 349
623 595
605 606
595 594
618 619
296 298
300 299
349 296
296 297
293 294
293 295
293 292
323 293
351 290
290 291
589 591
589 590
592 593
595 592
198 199
200 198
605 597
597 596
205 195
195 194
198 197
195 196
192 191
189 190
192 193
210 192
268 270
272 271
303 272
272 273
275 274
285 275
275 276
275 277
279 278
351 279
530 524
524 525
530 526
528 527
516 520
516 521
516 522
516 523
600 599
530 528
528 529
472 449
449 448
442 443
461 442
440 441
559 440
446 447
461 446
446 445
442 444
116 108
108 109
123 102
116 103
137 100
100 101
128 106
106 107
103 104
106 105
40 39
31 38
31 33
31 32
55 31
29 30
31 37
31 36
31 35
31 34
436 438
440 439
462 436
436 437
432 434
432 435
567 432
432 433
428 430
432 431
338 339
446 338
334 335
374 334
336 337
369 336
336 331
371 330
331 333
331 332
342 345
14 6
100 99
96 98
83 91
83 90
94 93
83 92
96 95
113 94
96 97
137 96
583 559
555 558
589 555
555 554
555 557
555 556
547 551
547 550
589 553
553 552
232 238
232 239
232 234
232 235
232 236
232 237
229 230
232 231
264 232
232 233
16 1
617 614
147 146
150 147
152 144
144 145
137 142
144 143
137 140
137 141
614 612
612 613
612 610
610 611
617 616
618 617
147 148
147 149
625 623
621 622
150 133
133 132
128 131
128 130
147 137
137 136
133 135
133 134
493 494
496 495
137 139
137 138
499 490
490 491
490 492
516 493
83 24
24 25
24 26
24 27
19 20
42 21
21 22
24 23
29 28
102 29
432 407
404 406
404 405
407 404
404 403
400 402
400 401
436 400
407 409
407 408
374 379
374 378
407 371
371 370
374 373
371 372
374 375
407 374
374 377
374 376
625 618
392 393
567 392
83 88
83 89
470 397
397 396
432 395
395 394
81 82
113 83
81 80
116 81
83 86
83 87
83 84
83 85
6 7
600 601
608 607
583 586
592 587
583 584
583 585
583 582
587 583
579 580
579 581
587 588
592 589
244 245
308 244
250 247
247 246
250 241
241 240
244 243
241 242
614 615
261 249
249 248
516 519
516 518
516 511
511 510
514 513
511 512
514 515
526 514
516 517
531 516
459 458
559 459
625 621
621 620
625 626
627 625
623 624
449 450
452 451
559 452
452 453
455 454
459 455
455 456
455 457
177 179
177 178
200 177
177 176
172 175
172 174
172 173
177 172
169 171
169 170
250 253
177 182
177 183
177 180
177 181
177 186
177 187
177 184
177 185
177 188
220 189
63 11
11 10
14 13
11 12
16 15
63 14
16 17
83 16
108 19
19 18
63 62
340 322
334 323
318 320
322 321
323 326
328 327
323 324
323 325
330 328
328 329
202 201
232 200
202 203
210 202
210 205
205 204
217 207
207 206
210 209
207 208
78 77
74 76
74 75
116 74
74 73
63 72
63 71
63 70
78 79
116 78
1 2
541 542
544 543
539 540
553 541
547 546
589 547
589 544
544 545
31 8
547 548
547 549
63 68
597 598
116 120
116 121
123 122
137 123
123 124
123 125
123 126
128 127
137 128
128 129
559 414
414 415
414 416
418 417
407 410
407 411
407 412
414 413
496 498
428 418
418 419
508 499
318 319
340 318
308 313
308 312
308 311
308 310
318 317
308 316
308 315
308 314
516 496
496 497
4 3
369 368
462 369
407 366
366 367
363 364
366 365
363 362
395 363
442 360
360 361
381 380
428 381
381 382
381 383
381 384
386 385
559 386
386 387
389 388
395 389
608 605
582 579
579 578
603 604
574 573
571 572
583 571
567 570
582 577
577 576
574 575
577 574
113 60
60 61
250 258
250 259
63 64
63 65
63 66
63 67
250 252
63 69
281 250
250 251
250 256
250 257
250 254
250 255
605 603
603 602
516 508
508 509
524 506
506 507
503 504
506 505
503 502
516 503
501 500
524 501
470 469
462 468
462 465
462 464
462 467
462 466
571 461
461 460
462 463
559 462
169 168
177 169
163 164
166 165
177 166
166 167
172 160
160 161
163 162
177 163
605 600
8 9
363 357
357 356
351 355
351 354
351 353
351 352
374 351
351 350
360 359
357 358
217 216
220 217
210 214
210 215
210 212
210 213
232 210
210 211
217 218
220 219
288 289
351 288
16 4
323 281
279 280
281 283
281 282
296 285
285 284
285 287
285 286
264 263
261 262
308 261
250 260
308 267
267 266
264 265
308 264
268 269
272 268
60 59
57 58
83 55
55 54
83 57
57 56
52 51
49 50
52 53
94 52
535 537
535 536
589 535
83 63
541 533
533 532
533 531
531 530
547 539
539 538
113 115
113 114
116 117
137 116
108 111
108 110
147 113
108 112
116 119
116 118
428 429
567 428
535 534
462 421
421 420
424 423
421 422
424 425
442 424
424 427
424 426
323 308
308 309
338 300
300 301
303 302
331 303
305 304
407 305
305 306
308 307
567 568
567 569
559 560
559 561
559 562
559 563
559 564
559 565
559 566
579 567
247 229
229 228
225 227
225 226
232 225
222 224
222 223
229 222
222 221
249 220
392 391
389 390
152 151
158 150
152 153
155 152
172 155
155 154
158 157
155 156
160 159
163 158
610 609
610 608
400 399
397 398
49 48
137 49
42 46
42 47
42 44
42 45
83 42
42 43
83 40
40 41
6 5
490 489
486 488
486 487
501 486
486 485
493 484
484 483
481 482
501 481
481 480
571 472
472 473
567 470
470 471
475 476
478 477
472 474
484 475
526 478
478 479
