472
943
0
594 4
624 5
626 7
622 9
620 10
619 13
616 15
615 17
613 19
607 21
611 23
609 25
599 28
601 29
602 32
604 33
596 36
598 37
606 38
557 41
545 46
552 48
542 50
532 52
487 58
500 60
480 62
482 63
507 66
505 67
525 68
485 69
488 70
510 75
521 76
518 80
504 82
502 83
519 85
520 88
498 89
495 91
497 92
523 95
509 97
491 100
489 102
492 103
499 104
512 107
517 108
522 109
483 112
476 114
475 115
494 116
513 121
515 122
479 124
477 125
527 126
529 127
550 130
548 133
540 135
538 136
549 138
551 140
546 141
534 145
537 147
536 148
543 149
588 152
591 153
590 155
593 156
556 158
558 159
554 160
586 163
584 165
585 166
572 170
448 172
473 174
450 176
474 177
427 182
443 183
444 185
425 187
426 189
423 190
361 192
359 193
460 195
447 198
445 199
339 201
301 203
299 204
564 208
565 211
562 212
559 214
561 216
563 218
438 222
401 223
463 225
464 226
456 232
454 233
457 234
458 235
441 237
387 239
385 240
453 243
451 244
413 246
416 248
415 249
560 252
566 254
439 255
465 259
437 261
468 262
368 265
332 269
273 271
302 274
270 276
268 278
269 279
271 280
333 281
337 282
466 284
467 286
399 288
341 290
343 292
345 294
344 296
317 300
319 302
320 303
322 305
321 306
402 307
420 309
422 310
578 313
576 316
573 317
575 318
581 320
580 322
569 324
393 328
391 329
568 330
570 332
396 336
398 337
471 339
469 340
429 342
430 345
419 347
417 348
428 350
384 354
383 356
380 357
382 358
434 361
403 364
405 365
406 366
412 370
431 372
435 374
432 375
408 377
410 378
433 380
379 383
378 384
373 388
356 391
358 392
286 397
287 400
284 401
274 404
276 405
277 406
298 408
297 409
349 410
362 413
364 415
394 417
390 420
389 421
388 422
363 423
375 424
374 426
411 432
325 433
306 435
304 436
377 437
365 439
346 442
348 443
367 444
288 448
289 449
352 452
278 455
376 457
280 458
290 460
291 461
354 465
355 466
350 469
330 472
327 474
329 475
370 477
372 478
353 479
351 480
335 482
409 484
295 490
292 492
294 493
242 500
240 501
228 504
259 505
256 506
253 507
250 510
257 512
251 513
255 516
246 518
223 521
221 523
224 524
230 525
258 527
252 528
254 530
260 531
283 533
282 534
324 536
326 537
323 538
313 540
307 543
309 545
316 546
311 549
266 551
267 552
310 555
314 556
243 560
245 561
315 563
312 564
262 567
248 569
219 572
189 574
190 575
216 577
218 579
208 581
206 582
263 584
265 586
239 589
231 590
238 593
235 594
232 596
237 599
233 600
226 604
227 605
225 606
234 608
236 610
191 616
193 617
211 618
203 621
201 622
204 625
194 627
196 628
212 631
213 633
214 634
215 635
209 636
199 639
197 640
180 642
162 644
171 647
183 648
185 652
182 653
184 655
186 656
170 660
168 661
188 663
176 665
187 666
165 669
181 670
178 673
153 677
144 680
143 682
145 683
151 684
154 686
156 687
179 688
175 690
167 693
173 694
161 697
159 698
164 700
174 702
157 704
134 707
133 709
135 711
132 712
149 715
148 716
139 719
124 725
30 728
28 729
102 730
122 732
126 733
125 734
136 736
18 742
76 746
75 747
73 748
79 751
77 752
119 753
80 757
82 758
117 759
20 764
109 765
111 767
112 768
110 769
127 771
130 773
131 775
128 777
129 779
107 781
105 782
120 783
104 786
103 787
121 788
141 789
137 791
50 795
48 796
138 797
140 800
97 802
98 804
95 805
118 807
142 809
99 811
101 812
146 814
27 818
26 819
23 821
25 822
58 826
22 828
43 833
45 835
46 836
42 837
47 838
21 839
39 842
56 843
86 845
84 846
92 848
54 853
33 856
36 857
32 859
35 863
9 865
8 866
37 868
38 869
31 870
44 872
34 874
85 875
114 879
113 881
93 884
53 886
51 887
61 889
59 890
115 891
90 893
87 894
88 897
91 898
89 901
41 902
62 909
69 910
13 914
7 916
5 917
70 918
64 920
65 922
12 923
71 925
10 927
66 928
72 930
67 931
68 932
15 936
17 937
4 939
3 940
2 942
0 943
0 1
1 2
2 3
3 4
3 5
2 6
6 7
6 8
8 9
8 10
1 11
11 12
12 13
12 14
14 15
14 16
16 17
16 18
18 19
18 20
20 21
20 22
22 23
22 24
24 25
24 26
26 27
27 28
27 29
26 30
30 31
31 32
31 33
30 34
34 35
35 36
35 37
34 38
11 39
39 40
40 41
40 42
42 43
43 44
44 45
45 46
45 47
47 48
47 49
49 50
49 51
51 52
51 53
53 54
54 55
55 56
56 57
57 58
57 59
59 60
59 61
61 62
61 63
56 64
64 65
65 66
65 67
64 68
55 69
54 70
53 71
71 72
72 73
73 74
74 75
74 76
73 77
77 78
78 79
79 80
79 81
81 82
81 83
78 84
84 85
84 86
86 87
87 88
87 89
86 90
90 91
90 92
77 93
93 94
94 95
94 96
96 97
96 98
98 99
99 100
99 101
101 102
101 103
98 104
93 105
105 106
106 107
106 108
105 109
72 110
110 111
111 112
111 113
113 114
113 115
110 116
71 117
117 118
118 119
119 120
120 121
120 122
119 123
123 124
123 125
118 126
117 127
44 128
128 129
129 130
129 131
131 132
132 133
132 134
134 135
134 136
131 137
137 138
137 139
139 140
139 141
128 142
142 143
143 144
144 145
144 146
146 147
146 148
143 149
142 150
150 151
151 152
151 153
150 154
154 155
154 156
43 157
157 158
157 159
42 160
39 161
161 162
162 163
162 164
164 165
164 166
161 167
167 168
168 169
169 170
169 171
171 172
171 173
173 174
173 175
175 176
175 177
168 178
178 179
179 180
180 181
181 182
181 183
180 184
184 185
184 186
186 187
186 188
188 189
188 190
179 191
191 192
191 193
178 194
194 195
194 196
196 197
197 198
197 199
196 200
200 201
200 202
202 203
202 204
167 205
205 206
206 207
207 208
207 209
209 210
210 211
210 212
209 213
213 214
213 215
215 216
215 217
217 218
217 219
219 220
220 221
221 222
221 223
220 224
224 225
224 226
219 227
227 228
228 229
229 230
230 231
231 232
231 233
230 234
229 235
228 236
236 237
236 238
238 239
238 240
227 241
241 242
242 243
242 244
241 245
245 246
245 247
247 248
247 249
206 250
250 251
251 252
251 253
253 254
253 255
250 256
256 257
257 258
258 259
258 260
260 261
260 262
257 263
263 264
264 265
264 266
266 267
267 268
268 269
268 270
270 271
270 272
272 273
273 274
273 275
275 276
275 277
277 278
277 279
272 280
267 281
266 282
263 283
283 284
283 285
285 286
285 287
287 288
287 289
289 290
289 291
291 292
291 293
293 294
293 295
295 296
295 297
297 298
298 299
299 300
299 301
301 302
301 303
298 304
304 305
304 306
297 307
256 308
308 309
308 310
205 311
311 312
312 313
312 314
314 315
315 316
315 317
314 318
311 319
319 320
319 321
321 322
321 323
323 324
323 325
325 326
326 327
327 328
327 329
326 330
325 331
331 332
331 333
333 334
334 335
335 336
335 337
334 338
338 339
338 340
333 341
341 342
341 343
343 344
344 345
344 346
346 347
346 348
343 349
349 350
349 351
351 352
352 353
353 354
353 355
355 356
355 357
352 358
351 359
359 360
360 361
360 362
362 363
363 364
363 365
362 366
359 367
367 368
368 369
369 370
369 371
371 372
371 373
373 374
373 375
368 376
376 377
376 378
367 379
379 380
379 381
381 382
382 383
382 384
381 385
385 386
386 387
387 388
387 389
389 390
390 391
390 392
389 393
393 394
394 395
395 396
396 397
396 398
398 399
399 400
399 401
398 402
402 403
403 404
403 405
402 406
395 407
407 408
407 409
394 410
393 411
411 412
412 413
412 414
414 415
414 416
416 417
416 418
418 419
419 420
419 421
418 422
411 423
386 424
385 425
425 426
425 427
427 428
428 429
429 430
430 431
431 432
431 433
430 434
434 435
434 436
429 437
428 438
438 439
438 440
440 441
441 442
441 443
440 444
427 445
445 446
446 447
447 448
447 449
446 450
450 451
451 452
451 453
453 454
454 455
454 456
456 457
456 458
453 459
459 460
459 461
450 462
462 463
463 464
464 465
464 466
463 467
467 468
468 469
468 470
470 471
471 472
471 473
473 474
473 475
470 476
476 477
476 478
467 479
462 480
445 481
481 482
481 483
483 484
483 485
485 486
486 487
487 488
488 489
489 490
489 491
491 492
491 493
488 494
494 495
495 496
496 497
497 498
498 499
499 500
499 501
498 502
502 503
503 504
503 505
502 506
497 507
496 508
508 509
509 510
509 511
511 512
511 513
508 514
514 515
515 516
515 517
517 518
517 519
519 520
520 521
520 522
522 523
522 524
519 525
514 526
526 527
526 528
495 529
529 530
529 531
494 532
532 533
532 534
487 535
535 536
535 537
486 538
485 539
539 540
539 541
541 542
542 543
542 544
544 545
544 546
541 547
547 548
548 549
548 550
550 551
550 552
547 553
553 554
554 555
554 556
553 557
557 558
558 559
559 560
559 561
558 562
562 563
562 564
557 565
565 566
566 567
566 568
568 569
568 570
570 571
571 572
571 573
573 574
573 575
570 576
576 577
576 578
578 579
578 580
580 581
580 582
565 583
583 584
583 585
585 586
585 587
587 588
588 589
588 590
587 591
591 592
592 593
592 594
591 595
595 596
595 597
597 598
598 599
598 600
597 601
601 602
602 603
603 604
603 605
602 606
601 607
607 608
607 609
609 610
609 611
611 612
612 613
613 614
614 615
615 616
615 617
614 618
613 619
619 620
620 621
620 622
619 623
623 624
624 625
624 626
626 627
626 628
623 629
629 630
630 631
630 632
632 633
632 634
629 635
612 636
611 637
637 638
638 639
638 640
637 641
641 642
641 643
643 644
643 645
645 646
646 647
646 648
645 649
649 650
650 651
651 652
651 653
650 654
654 655
654 656
649 657
657 658
658 659
659 660
659 661
658 662
662 663
662 664
664 665
664 666
657 667
667 668
668 669
668 670
667 671
671 672
672 673
672 674
674 675
675 676
676 677
676 678
678 679
679 680
679 681
681 682
681 683
678 684
675 685
685 686
685 687
674 688
671 689
689 690
689 691
691 692
692 693
692 694
691 695
695 696
696 697
696 698
695 699
699 700
699 701
701 702
701 703
703 704
703 705
705 706
706 707
706 708
708 709
708 710
710 711
710 712
705 713
713 714
714 715
714 716
713 717
717 718
718 719
718 720
720 721
721 722
722 723
723 724
724 725
724 726
726 727
727 728
727 729
726 730
723 731
731 732
731 733
722 734
721 735
735 736
735 737
737 738
738 739
739 740
740 741
741 742
741 743
743 744
744 745
745 746
745 747
744 748
743 749
749 750
750 751
750 752
749 753
740 754
754 755
755 756
756 757
756 758
755 759
754 760
760 761
761 762
762 763
763 764
763 765
762 766
766 767
766 768
761 769
760 770
770 771
770 772
772 773
772 774
774 775
774 776
776 777
776 778
778 779
778 780
780 781
780 782
739 783
738 784
784 785
785 786
785 787
784 788
737 789
720 790
790 791
790 792
792 793
793 794
794 795
794 796
793 797
792 798
798 799
799 800
799 801
801 802
801 803
803 804
803 805
798 806
806 807
806 808
808 809
808 810
810 811
810 812
717 813
813 814
813 815
815 816
816 817
817 818
817 819
816 820
820 821
820 822
815 823
823 824
824 825
825 826
825 827
827 828
827 829
829 830
830 831
831 832
832 833
832 834
834 835
834 836
831 837
830 838
829 839
824 840
840 841
841 842
841 843
840 844
844 845
844 846
823 847
847 848
847 849
849 850
850 851
851 852
852 853
852 854
854 855
855 856
855 857
854 858
858 859
858 860
860 861
861 862
862 863
862 864
864 865
864 866
861 867
867 868
867 869
860 870
851 871
871 872
871 873
873 874
873 875
850 876
876 877
877 878
878 879
878 880
880 881
880 882
882 883
883 884
883 885
885 886
885 887
882 888
888 889
888 890
877 891
876 892
892 893
892 894
849 895
895 896
896 897
896 898
895 899
899 900
900 901
900 902
899 903
903 904
904 905
905 906
906 907
907 908
908 909
908 910
907 911
911 912
912 913
913 914
913 915
915 916
915 917
912 918
911 919
919 920
919 921
921 922
921 923
906 924
924 925
924 926
926 927
926 928
905 929
929 930
929 931
904 932
903 933
933 934
934 935
935 936
935 937
934 938
938 939
938 940
933 941
941 942
941 943
