472
676
0
594 4
624 5
626 7
622 9
620 10
619 13
616 15
615 17
613 19
607 21
611 23
609 25
599 28
601 29
602 32
604 33
596 36
598 37
606 38
557 41
545 46
552 48
542 49
532 52
487 58
500 60
480 62
482 63
507 66
505 67
525 68
485 69
488 70
510 75
521 76
518 80
504 82
502 83
519 85
520 88
498 89
495 91
497 92
523 95
509 97
491 100
489 102
492 103
499 98
512 107
517 108
522 109
483 112
476 114
475 113
494 116
513 121
515 122
479 124
477 125
527 126
529 127
550 130
548 133
540 135
538 136
549 138
551 140
546 141
534 145
537 147
536 148
543 149
588 152
591 153
590 155
593 156
556 158
558 159
554 160
586 163
584 165
585 166
572 170
448 172
473 174
450 176
474 177
427 182
443 183
444 185
425 187
426 189
423 190
361 192
359 193
460 195
447 198
445 199
339 201
301 203
299 204
564 208
565 211
562 212
559 207
561 216
563 218
438 222
401 223
463 225
464 226
456 232
454 233
457 234
458 235
441 237
387 239
385 240
453 243
451 242
413 246
416 248
415 249
560 252
566 254
439 255
465 259
437 261
468 262
368 264
332 269
273 271
302 274
270 276
268 275
269 279
271 270
333 281
337 282
466 284
467 286
399 288
341 290
343 289
345 294
344 296
317 300
319 302
320 303
322 304
321 306
402 307
420 309
422 310
578 313
576 316
573 317
575 318
581 320
580 322
569 324
393 328
391 329
568 330
570 332
396 336
398 337
471 339
469 340
429 342
430 345
419 347
417 348
428 341
384 354
383 356
380 357
382 358
434 361
403 364
405 365
406 366
412 370
431 372
435 374
432 371
408 377
410 378
433 380
379 382
378 384
373 388
356 391
358 392
286 397
287 400
284 401
274 404
276 405
277 406
298 408
297 409
349 394
362 413
364 415
394 417
390 420
389 416
388 422
363 389
375 424
374 381
411 432
325 433
306 435
304 436
377 429
365 439
346 442
348 443
367 444
288 447
289 449
352 452
278 455
376 457
280 458
290 459
291 461
354 465
355 466
350 469
330 471
327 474
329 475
370 477
372 478
353 479
351 446
335 482
409 484
295 490
292 492
294 493
242 500
240 501
228 504
259 505
256 506
253 507
250 495
257 512
251 513
255 516
246 518
223 521
221 523
224 524
230 525
258 527
252 528
254 530
260 531
283 533
282 534
324 536
326 537
323 485
313 540
307 543
309 545
316 546
311 549
266 551
267 550
310 555
314 556
243 560
245 561
315 563
312 564
262 567
248 569
219 572
189 573
190 575
216 577
218 578
208 581
206 582
263 584
265 586
239 589
231 590
238 593
235 594
232 591
237 599
233 600
226 604
227 605
225 602
234 608
236 610
191 616
193 617
211 618
203 620
201 622
204 625
194 627
196 628
212 631
213 633
214 634
215 635
209 636
199 639
197 640
180 642
162 644
171 647
183 648
185 652
182 653
184 655
186 656
170 660
168 661
188 663
176 665
187 666
165 669
181 670
178 673
153 677
144 679
143 682
145 683
151 684
154 686
156 687
179 688
175 690
167 693
173 694
161 697
159 698
164 700
174 702
157 704
134 707
133 708
135 711
132 712
149 715
148 716
139 719
124 725
30 728
28 729
102 726
122 732
126 733
125 734
136 736
18 742
76 746
75 747
73 748
79 751
77 752
119 753
80 757
82 758
117 759
20 764
109 765
111 767
112 768
110 769
127 771
130 773
131 775
128 774
129 779
107 781
105 782
120 783
104 786
103 785
121 788
141 737
137 718
50 795
48 796
138 797
140 800
97 802
98 804
95 805
118 807
142 809
99 811
101 812
146 814
27 818
26 819
23 821
25 822
58 826
22 828
43 833
45 835
46 836
42 830
47 838
21 827
39 842
56 843
86 845
84 846
92 848
54 853
33 856
36 857
32 859
35 863
9 865
8 864
37 868
38 869
31 854
44 872
34 874
85 871
114 879
113 877
93 884
53 886
51 887
61 889
59 890
115 891
90 893
87 894
88 897
91 898
89 901
41 902
62 909
69 910
13 914
7 916
5 917
70 918
64 920
65 922
12 923
71 925
10 927
66 928
72 930
67 931
68 932
15 936
17 937
4 938
3 940
2 942
0 943
0 2
2 3
3 4
3 5
2 7
2 8
8 9
8 10
0 11
11 12
12 13
12 14
14 15
14 16
16 17
16 18
18 19
18 20
20 21
20 22
22 23
22 24
24 25
24 26
26 27
27 28
27 29
26 30
30 31
31 32
31 33
30 34
34 35
35 36
35 37
34 38
11 39
39 40
40 41
40 42
42 46
42 47
47 48
47 49
49 51
51 52
51 53
53 54
54 58
54 59
59 60
59 61
61 62
61 63
54 65
65 66
65 67
54 68
54 69
54 70
53 71
71 72
72 73
73 75
73 76
73 80
73 81
81 82
81 83
73 85
73 86
86 88
86 89
86 91
86 92
73 94
94 95
94 96
96 97
96 98
98 99
99 100
99 101
101 102
101 103
73 105
105 107
105 108
105 109
72 110
110 111
111 112
111 113
113 114
110 116
71 117
117 118
118 119
119 120
120 121
120 122
119 123
123 124
123 125
118 126
117 127
42 128
128 129
129 130
129 133
129 134
134 135
134 136
129 138
129 139
139 140
139 141
128 144
144 145
144 147
144 148
128 149
128 151
151 152
151 153
128 154
154 155
154 156
42 158
42 159
42 160
39 161
161 163
161 164
164 165
164 166
161 167
167 168
168 169
169 170
169 171
171 172
171 173
173 174
173 175
175 176
175 177
168 178
178 179
179 181
181 182
181 183
179 185
179 186
186 187
186 189
186 190
179 191
191 192
191 193
178 194
194 195
194 198
194 199
194 200
200 201
200 202
202 203
202 204
167 206
206 207
207 208
207 211
207 212
207 216
207 218
207 219
219 220
220 222
220 223
220 225
220 226
219 228
228 229
229 230
230 232
230 233
230 234
229 235
228 237
228 238
238 239
238 240
219 242
242 243
219 245
245 246
245 248
245 249
206 252
206 253
253 254
253 255
206 256
256 259
256 260
260 261
260 262
256 264
264 266
266 267
267 268
268 269
268 270
270 271
270 273
273 274
273 275
275 276
275 279
267 281
266 282
256 283
283 284
283 286
283 287
287 288
287 289
289 290
289 294
289 295
295 296
295 298
298 299
299 300
299 302
299 303
298 304
304 306
295 307
256 308
308 309
308 310
167 311
311 312
312 313
312 314
314 315
315 316
315 317
314 318
311 320
311 321
321 322
321 323
323 324
323 327
327 328
327 329
323 330
323 332
323 334
334 335
335 336
335 337
334 339
334 340
323 341
341 342
341 345
341 346
346 347
346 348
341 352
352 354
352 356
352 357
352 358
341 359
359 361
359 362
362 363
363 364
363 365
362 366
359 370
359 371
371 372
371 374
359 377
359 378
359 380
359 381
381 382
382 384
381 388
381 389
389 390
390 391
390 392
389 394
394 395
395 396
396 397
396 400
396 401
396 402
402 403
403 404
403 405
402 406
395 408
395 409
389 413
389 414
414 415
414 416
416 417
416 420
416 422
381 424
381 429
429 430
430 431
431 432
431 433
430 434
434 435
434 436
381 438
438 439
438 441
441 442
441 443
438 444
381 446
446 447
447 449
446 452
446 453
453 454
454 455
454 456
456 457
456 458
453 459
459 461
446 465
446 466
446 469
446 470
470 471
471 473
473 474
473 475
470 476
476 477
476 478
446 479
381 481
481 482
481 484
481 485
485 489
489 490
489 492
489 493
485 494
494 495
495 499
499 500
499 501
495 503
503 504
503 505
495 506
495 507
495 512
495 513
495 516
495 517
517 518
517 519
519 520
520 521
520 523
520 524
519 525
495 527
495 528
495 529
529 530
529 531
494 533
494 534
485 536
485 537
485 539
539 540
539 543
539 545
539 546
539 549
539 550
550 551
539 555
539 556
539 559
559 560
559 561
539 562
562 563
562 564
539 565
565 566
566 567
566 568
568 569
568 570
570 571
571 572
571 573
573 575
570 576
576 577
576 578
578 580
580 581
580 582
565 583
583 584
583 586
583 587
587 588
588 589
588 590
587 591
591 593
591 594
591 599
591 600
591 602
602 603
603 604
603 605
591 607
607 608
607 610
607 611
611 615
615 616
615 617
611 618
611 620
620 622
611 624
624 625
624 626
626 627
626 628
611 629
629 631
629 633
629 634
629 635
611 636
611 637
637 638
638 639
638 640
637 641
641 642
641 644
641 645
645 646
646 647
646 648
645 651
651 652
651 653
645 654
654 655
654 656
645 659
659 660
659 661
645 662
662 663
662 665
662 666
645 669
645 670
645 672
672 673
672 674
674 675
675 676
676 677
676 679
679 681
681 682
681 683
676 684
675 685
685 686
685 687
674 688
645 689
689 690
689 692
692 693
692 694
689 696
696 697
696 698
689 699
699 700
699 702
699 703
703 704
703 705
705 706
706 707
706 708
708 711
708 712
705 713
713 714
714 715
714 716
713 718
718 719
718 722
722 725
722 726
726 727
727 728
727 729
722 732
722 733
722 734
718 736
718 737
737 738
738 739
739 742
739 743
743 744
744 746
744 747
744 748
743 750
750 751
750 752
743 753
739 756
756 757
756 758
739 759
739 761
761 764
761 765
761 767
761 768
761 769
739 770
770 771
770 773
770 774
774 775
774 779
774 780
780 781
780 782
739 783
738 785
785 786
738 788
718 794
794 795
794 796
718 797
718 799
799 800
799 801
801 802
801 804
801 805
718 806
806 807
806 809
806 810
810 811
810 812
713 814
713 815
815 818
815 819
815 821
815 822
815 823
823 826
823 827
827 828
827 830
830 833
830 835
830 836
830 838
823 842
823 843
823 845
823 846
823 847
847 848
847 852
852 853
852 854
854 855
855 856
855 857
854 859
854 863
854 864
864 865
854 868
854 869
847 871
871 872
871 874
847 877
877 879
877 883
883 884
883 885
885 886
885 887
877 888
888 889
888 890
877 891
847 892
892 893
892 894
847 897
847 898
847 901
847 902
847 904
904 909
904 910
904 913
913 914
913 915
915 916
915 917
904 918
904 919
919 920
919 922
919 923
904 925
904 926
926 927
926 928
904 930
904 931
904 932
847 933
933 936
933 937
933 938
938 940
933 941
941 942
941 943
