472
627
627
344 344
0 0
346 346
341 341
343 343
348 348
349 349
619 619
298 298
299 299
297 297
294 294
295 295
292 292
290 290
291 291
591 591
590 590
593 593
199 199
594 594
596 596
599 599
194 194
197 197
196 196
191 191
190 190
193 193
270 270
271 271
273 273
274 274
276 276
277 277
278 278
525 525
527 527
520 520
521 521
522 522
523 523
529 529
448 448
443 443
441 441
447 447
445 445
444 444
109 109
102 102
103 103
101 101
107 107
104 104
105 105
39 39
38 38
33 33
32 32
31 31
30 30
37 37
36 36
35 35
34 34
438 438
439 439
437 437
434 434
435 435
432 432
433 433
430 430
431 431
339 339
335 335
337 337
330 330
333 333
332 332
345 345
99 99
98 98
91 91
90 90
93 93
92 92
95 95
97 97
559 559
558 558
554 554
557 557
556 556
551 551
550 550
552 552
238 238
239 239
234 234
235 235
236 236
237 237
230 230
231 231
232 232
233 233
146 146
144 144
145 145
142 142
143 143
140 140
141 141
613 613
611 611
616 616
148 148
149 149
133 133
132 132
131 131
130 130
137 137
136 136
135 135
134 134
494 494
495 495
139 139
138 138
491 491
492 492
25 25
26 26
27 27
20 20
21 21
22 22
23 23
28 28
406 406
405 405
403 403
402 402
401 401
409 409
408 408
379 379
378 378
370 370
373 373
372 372
375 375
374 374
377 377
376 376
393 393
88 88
89 89
396 396
394 394
82 82
399 399
398 398
86 86
87 87
84 84
85 85
7 7
607 607
586 586
584 584
585 585
580 580
581 581
588 588
245 245
246 246
240 240
243 243
242 242
615 615
248 248
519 519
518 518
510 510
513 513
512 512
515 515
517 517
458 458
622 622
620 620
626 626
624 624
450 450
451 451
453 453
454 454
456 456
457 457
179 179
178 178
176 176
175 175
174 174
173 173
171 171
170 170
253 253
182 182
183 183
180 180
181 181
186 186
187 187
184 184
185 185
188 188
189 189
10 10
13 13
12 12
15 15
17 17
18 18
62 62
322 322
323 323
320 320
321 321
326 326
327 327
324 324
325 325
329 329
201 201
203 203
204 204
206 206
209 209
208 208
77 77
76 76
75 75
73 73
72 72
71 71
70 70
79 79
2 2
542 542
543 543
540 540
546 546
545 545
8 8
548 548
549 549
68 68
598 598
120 120
121 121
122 122
124 124
125 125
126 126
127 127
128 128
129 129
415 415
416 416
417 417
410 410
411 411
412 412
413 413
498 498
419 419
499 499
319 319
313 313
312 312
311 311
310 310
317 317
316 316
315 315
314 314
497 497
3 3
368 368
367 367
364 364
365 365
362 362
363 363
361 361
380 380
382 382
383 383
384 384
385 385
387 387
388 388
389 389
578 578
573 573
572 572
570 570
576 576
575 575
61 61
258 258
259 259
64 64
65 65
66 66
67 67
252 252
69 69
250 250
251 251
256 256
257 257
254 254
255 255
602 602
509 509
507 507
504 504
505 505
502 502
500 500
469 469
468 468
465 465
464 464
467 467
466 466
460 460
463 463
168 168
164 164
165 165
167 167
161 161
162 162
9 9
356 356
355 355
354 354
353 353
352 352
351 351
350 350
359 359
358 358
216 216
214 214
215 215
212 212
213 213
211 211
218 218
219 219
289 289
288 288
4 4
280 280
283 283
282 282
284 284
287 287
286 286
263 263
262 262
260 260
267 267
266 266
265 265
269 269
268 268
59 59
58 58
54 54
56 56
51 51
50 50
53 53
537 537
536 536
534 534
532 532
538 538
115 115
114 114
117 117
111 111
110 110
113 113
112 112
119 119
118 118
429 429
428 428
420 420
423 423
422 422
425 425
427 427
426 426
309 309
301 301
302 302
304 304
306 306
307 307
568 568
569 569
560 560
561 561
562 562
563 563
564 564
565 565
566 566
228 228
227 227
226 226
225 225
224 224
223 223
221 221
391 391
390 390
151 151
604 604
153 153
606 606
601 601
154 154
157 157
156 156
159 159
609 609
80 80
48 48
46 46
47 47
44 44
45 45
42 42
43 43
41 41
5 5
489 489
488 488
487 487
485 485
483 483
482 482
480 480
473 473
471 471
476 476
477 477
474 474
475 475
479 479
342 344
1 0
347 346
366 347
342 340
342 341
400 342
342 343
347 348
363 349
623 595
605 606
595 594
618 619
296 298
300 299
349 296
296 297
293 294
293 295
293 292
323 293
351 290
290 291
589 591
589 590
592 593
595 592
198 199
200 198
605 597
597 596
205 195
195 194
198 197
195 196
192 191
189 190
192 193
210 192
268 270
272 271
303 272
272 273
275 274
285 275
275 276
275 277
279 278
351 279
530 524
524 525
530 526
528 527
516 520
516 521
516 522
516 523
600 599
530 528
528 529
472 449
449 448
442 443
461 442
440 441
559 440
446 447
461 446
446 445
442 444
116 108
108 109
123 102
116 103
137 100
100 101
128 106
106 107
103 104
106 105
40 39
31 38
31 33
31 32
55 31
29 30
31 37
31 36
31 35
31 34
436 438
440 439
462 436
436 437
432 434
432 435
567 432
432 433
428 430
432 431
338 339
446 338
334 335
374 334
336 337
369 336
336 331
371 330
331 333
331 332
342 345
14 6
100 99
96 98
83 91
83 90
94 93
83 92
96 95
113 94
96 97
137 96
583 559
555 558
589 555
555 554
555 557
555 556
547 551
547 550
589 553
553 552
232 238
232 239
232 234
232 235
232 236
232 237
229 230
232 231
264 232
232 233
16 1
617 614
147 146
150 147
152 144
144 145
137 142
144 143
137 140
137 141
614 612
612 613
612 610
610 611
617 616
618 617
147 148
147 149
625 623
621 622
150 133
133 132
128 131
128 130
147 137
137 136
133 135
133 134
493 494
496 495
137 139
137 138
499 490
490 491
490 492
516 493
83 24
24 25
24 26
24 27
19 20
42 21
21 22
24 23
29 28
102 29
432 407
404 406
404 405
407 404
404 403
400 402
400 401
436 400
407 409
407 408
374 379
374 378
407 371
371 370
374 373
371 372
374 375
407 374
374 377
374 376
625 618
392 393
567 392
83 88
83 89
470 397
397 396
432 395
395 394
81 82
113 83
81 80
116 81
83 86
83 87
83 84
83 85
6 7
600 601
608 607
583 586
592 587
583 584
583 585
583 582
587 583
579 580
579 581
587 588
592 589
244 245
308 244
250 247
247 246
250 241
241 240
244 243
241 242
614 615
261 249
249 248
516 519
516 518
516 511
511 510
514 513
511 512
514 515
526 514
516 517
531 516
459 458
559 459
625 621
621 620
625 626
627 625
623 624
449 450
452 451
559 452
452 453
455 454
459 455
455 456
455 457
177 179
177 178
200 177
177 176
172 175
172 174
172 173
177 172
169 171
169 170
250 253
177 182
177 183
177 180
177 181
177 186
177 187
177 184
177 185
177 188
220 189
63 11
11 10
14 13
11 12
16 15
63 14
16 17
83 16
108 19
19 18
63 62
340 322
334 323
318 320
322 321
323 326
328 327
323 324
323 325
330 328
328 329
202 201
232 200
202 203
210 202
210 205
205 204
217 207
207 206
210 209
207 208
78 77
74 76
74 75
116 74
74 73
63 72
63 71
63 70
78 79
116 78
1 2
541 542
544 543
539 540
553 541
547 546
589 547
589 544
544 545
31 8
547 548
547 549
63 68
597 598
116 120
116 121
123 122
137 123
123 124
123 125
123 126
128 127
137 128
128 129
559 414
414 415
414 416
418 417
407 410
407 411
407 412
414 413
496 498
428 418
418 419
508 499
318 319
340 318
308 313
308 312
308 311
308 310
318 317
308 316
308 315
308 314
516 496
496 497
4 3
369 368
462 369
407 366
366 367
363 364
366 365
363 362
395 363
442 360
360 361
381 380
428 381
381 382
381 383
381 384
386 385
559 386
386 387
389 388
395 389
608 605
582 579
579 578
603 604
574 573
571 572
583 571
567 570
582 577
577 576
574 575
577 574
113 60
60 61
250 258
250 259
63 64
63 65
63 66
63 67
250 252
63 69
281 250
250 251
250 256
250 257
250 254
250 255
605 603
603 602
516 508
508 509
524 506
506 507
503 504
506 505
503 502
516 503
501 500
524 501
470 469
462 468
462 465
462 464
462 467
462 466
571 461
461 460
462 463
559 462
169 168
177 169
163 164
166 165
177 166
166 167
172 160
160 161
163 162
177 163
605 600
8 9
363 357
357 356
351 355
351 354
351 353
351 352
374 351
351 350
360 359
357 358
217 216
220 217
210 214
210 215
210 212
210 213
232 210
210 211
217 218
220 219
288 289
351 288
16 4
323 281
279 280
281 283
281 282
296 285
285 284
285 287
285 286
264 263
261 262
308 261
250 260
308 267
267 266
264 265
308 264
268 269
272 268
60 59
57 58
83 55
55 54
83 57
57 56
52 51
49 50
52 53
94 52
535 537
535 536
589 535
83 63
541 533
533 532
533 531
531 530
547 539
539 538
113 115
113 114
116 117
137 116
108 111
108 110
147 113
108 112
116 119
116 118
428 429
567 428
535 534
462 421
421 420
424 423
421 422
424 425
442 424
424 427
424 426
323 308
308 309
338 300
300 301
303 302
331 303
305 304
407 305
305 306
308 307
567 568
567 569
559 560
559 561
559 562
559 563
559 564
559 565
559 566
579 567
247 229
229 228
225 227
225 226
232 225
222 224
222 223
229 222
222 221
249 220
392 391
389 390
152 151
158 150
152 153
155 152
172 155
155 154
158 157
155 156
160 159
163 158
610 609
610 608
400 399
397 398
49 48
137 49
42 46
42 47
42 44
42 45
83 42
42 43
83 40
40 41
6 5
490 489
486 488
486 487
501 486
486 485
493 484
484 483
481 482
501 481
481 480
571 472
472 473
567 470
470 471
475 476
478 477
472 474
484 475
526 478
478 479
