50
95
0
80 2
79 4
76 6
72 8
74 10
70 12
65 15
59 17
61 19
56 22
41 25
43 27
35 30
34 32
30 34
31 36
29 38
28 39
21 41
19 42
18 45
16 46
15 48
13 50
14 52
11 54
10 56
8 59
6 61
5 62
3 64
2 66
0 67
24 69
22 70
26 72
25 73
39 75
37 76
55 78
54 79
49 82
47 84
46 86
44 87
52 89
50 90
68 92
63 94
62 95
0 1
1 2
1 3
3 4
3 5
5 6
5 7
7 8
7 9
9 10
9 11
11 12
11 13
13 14
14 15
14 16
16 17
16 18
18 19
18 20
20 21
21 22
21 23
23 24
24 25
24 26
26 27
26 28
28 29
29 30
29 31
31 32
31 33
33 34
33 35
35 36
35 37
37 38
37 39
37 40
40 41
40 42
40 43
43 44
44 45
44 46
44 47
47 48
47 49
49 50
49 51
51 52
51 53
53 54
53 55
55 56
55 57
57 58
58 59
58 60
60 61
60 62
57 63
63 64
63 65
65 66
65 67
43 68
68 69
68 70
37 71
71 72
71 73
28 74
74 75
74 76
23 77
77 78
77 79
20 80
80 81
81 82
81 83
83 84
83 85
85 86
85 87
80 88
88 89
88 90
13 91
91 92
91 93
93 94
93 95
