50
99
0
30 24
24 28
22 29
18 32
16 33
15 35
14 37
13 39
11 41
8 44
10 46
3 48
2 50
0 51
5 53
6 54
21 56
19 57
28 58
29 59
26 61
25 62
31 63
34 64
35 65
39 67
37 68
43 69
41 70
55 72
54 73
56 74
52 77
50 78
47 81
44 83
46 84
49 85
61 86
59 87
65 88
63 91
62 92
68 93
70 94
74 95
72 96
76 97
79 98
80 99
0 1
1 2
2 3
3 4
4 5
5 6
6 7
7 8
8 9
9 10
10 11
11 12
12 13
13 14
14 15
15 16
16 17
17 18
18 19
19 20
20 21
21 22
22 23
23 24
23 25
25 26
26 27
27 28
27 29
26 30
30 31
31 32
31 33
30 34
34 35
34 36
36 37
36 38
38 39
38 40
40 41
40 42
42 43
43 44
43 45
45 46
45 47
47 48
47 49
49 50
49 51
42 52
52 53
52 54
25 55
55 56
55 57
22 58
21 59
20 60
60 61
60 62
19 63
18 64
17 65
16 66
66 67
66 68
15 69
14 70
13 71
71 72
71 73
12 74
11 75
75 76
76 77
76 78
75 79
79 80
80 81
80 82
82 83
82 84
79 85
10 86
9 87
8 88
7 89
89 90
90 91
90 92
89 93
6 94
5 95
4 96
3 97
2 98
1 99
