50
82
82
56 31
43 46
61 72
62 63
63 76
65 22
68 44
80 61
52 15
24 52
25 62
26 49
21 37
22 10
49 13
46 34
47 54
44 59
28 74
29 47
41 26
0 21
3 65
2 55
5 30
6 8
8 19
39 39
76 18
74 41
72 29
70 14
59 24
79 6
11 43
10 28
13 70
15 2
14 11
16 0
19 68
18 80
31 25
30 16
37 79
50 56
35 5
34 50
55 35
54 3
57 56
78 77
53 54
53 42
51 48
42 43
64 60
60 61
67 62
62 63
66 64
48 49
69 66
69 67
67 68
71 69
81 80
51 52
57 53
23 24
29 25
25 26
29 27
27 20
20 21
23 22
27 23
45 46
48 47
45 44
48 45
27 28
32 29
42 40
40 41
7 1
1 0
4 3
1 2
4 5
7 4
9 7
7 6
12 9
7 8
81 78
58 51
38 39
66 65
77 76
77 75
40 38
75 73
73 72
75 71
71 70
60 59
78 79
64 58
12 11
9 10
12 13
17 12
12 15
12 14
27 17
17 16
20 19
17 18
32 31
29 30
38 37
42 36
36 35
33 34
36 33
53 55
73 74
33 32
82 81
58 57
51 50
