50
82
82
56 56
43 43
61 61
62 62
63 63
65 65
68 68
80 80
52 52
24 24
25 25
26 26
21 21
22 22
49 49
46 46
47 47
44 44
28 28
29 29
41 41
0 0
3 3
2 2
5 5
6 6
8 8
39 39
76 76
74 74
72 72
70 70
59 59
79 79
11 11
10 10
13 13
15 15
14 14
16 16
19 19
18 18
31 31
30 30
37 37
50 50
35 35
34 34
55 55
54 54
57 56
78 77
53 54
53 42
51 48
42 43
64 60
60 61
67 62
62 63
66 64
48 49
69 66
69 67
67 68
71 69
81 80
51 52
57 53
23 24
29 25
25 26
29 27
27 20
20 21
23 22
27 23
45 46
48 47
45 44
48 45
27 28
32 29
42 40
40 41
7 1
1 0
4 3
1 2
4 5
7 4
9 7
7 6
12 9
7 8
81 78
58 51
38 39
66 65
77 76
77 75
40 38
75 73
73 72
75 71
71 70
60 59
78 79
64 58
12 11
9 10
12 13
17 12
12 15
12 14
27 17
17 16
20 19
17 18
32 31
29 30
38 37
42 36
36 35
33 34
36 33
53 55
73 74
33 32
82 81
58 57
51 50
