481
961
0
225 43
220 45
205 46
217 47
199 52
156 54
154 55
206 57
219 58
216 59
183 60
227 63
221 64
223 65
226 67
222 70
207 71
218 73
194 75
193 76
197 79
195 80
198 83
169 86
168 88
141 90
139 91
177 92
224 93
208 95
174 97
172 98
188 103
186 104
184 105
162 107
163 109
166 111
164 112
187 116
148 120
145 121
147 122
124 124
122 125
153 127
151 128
185 129
189 133
233 136
182 138
113 143
71 145
69 146
112 147
19 149
17 150
111 152
109 153
180 155
178 156
232 158
230 160
228 161
231 166
211 167
210 168
203 169
212 170
191 173
171 175
170 176
150 180
149 181
143 182
144 186
89 190
27 194
26 195
24 196
25 197
84 199
55 201
53 202
138 204
131 211
125 212
80 214
78 215
128 216
92 219
114 223
82 225
77 227
75 228
94 229
129 230
116 232
91 234
90 235
130 237
47 239
45 240
133 243
74 244
127 245
108 248
107 250
106 252
104 253
72 254
132 258
99 268
61 271
60 272
58 273
95 274
97 275
65 277
48 279
23 282
20 283
22 284
52 287
50 288
51 289
98 292
29 295
9 299
8 300
1 302
0 303
7 305
5 306
16 309
15 310
13 311
68 314
38 324
36 325
30 326
31 327
2 328
34 330
4 331
37 332
35 333
32 334
33 335
67 337
57 339
56 340
44 342
43 344
41 345
96 346
40 348
12 350
11 351
120 354
121 355
64 357
63 359
62 360
103 363
100 364
102 366
101 367
238 371
213 372
215 374
214 375
201 377
160 381
119 383
117 384
136 386
134 387
158 389
87 391
85 392
250 397
248 398
249 399
245 400
247 402
236 403
235 405
234 406
256 409
255 410
244 412
242 413
287 414
311 419
309 420
285 424
260 425
261 426
257 427
283 428
302 435
301 436
253 438
251 439
288 442
259 443
286 445
284 446
282 447
281 448
289 449
306 454
293 457
292 459
264 461
262 462
277 464
275 465
356 468
334 469
336 475
335 476
332 477
333 478
295 480
294 481
317 483
312 485
305 487
303 488
330 494
329 497
327 498
323 499
280 501
278 502
328 503
325 504
308 505
331 508
300 515
299 516
296 518
271 520
270 521
269 524
268 525
267 527
265 528
241 530
239 531
298 532
274 534
272 535
326 536
369 537
357 543
338 545
337 546
358 547
354 548
380 550
379 559
377 561
373 562
363 564
361 565
374 570
367 571
365 572
322 575
321 576
319 577
366 578
371 581
368 582
351 583
370 584
364 588
355 589
352 590
353 591
378 593
348 594
345 597
342 598
344 599
372 604
349 605
350 606
346 607
341 609
339 610
375 611
316 613
314 614
397 615
395 618
393 619
431 627
430 628
429 629
428 630
424 632
423 634
421 636
413 638
411 639
407 641
406 642
414 645
404 646
405 647
402 648
400 652
399 653
389 655
388 656
392 658
390 659
396 663
383 665
381 666
385 667
384 668
387 671
386 672
360 674
359 675
443 680
420 682
419 686
416 687
418 688
408 689
436 693
433 695
434 697
432 698
435 699
445 700
444 701
410 702
452 703
441 707
439 709
437 710
451 712
450 713
480 717
469 719
468 720
460 722
461 723
459 726
458 729
457 730
456 731
453 733
449 735
447 736
455 737
499 740
487 742
479 746
476 747
478 748
467 750
465 751
500 753
498 754
622 758
620 759
618 761
617 763
615 765
612 767
611 769
609 770
493 771
525 775
520 776
518 777
506 778
531 783
514 785
484 787
485 789
483 790
490 792
488 793
509 795
503 797
501 798
524 805
521 806
523 809
495 810
494 811
475 814
474 818
473 821
426 823
425 824
470 825
471 826
472 827
464 829
462 830
491 831
496 832
515 833
507 835
508 837
505 839
504 840
533 841
537 844
534 845
536 846
625 848
530 849
513 851
511 852
628 859
626 860
624 861
532 863
517 864
623 865
627 866
527 867
629 868
602 872
600 874
599 875
605 877
595 879
587 881
585 882
607 884
594 890
593 891
592 893
590 894
580 897
578 899
566 902
549 904
548 906
547 907
568 908
550 913
552 914
569 915
545 917
541 919
539 920
574 925
563 930
561 931
560 932
555 934
553 935
562 936
565 937
576 941
572 942
573 943
558 945
556 946
544 948
542 949
589 951
582 954
584 956
583 957
581 958
597 960
603 961
0 1
1 2
2 3
3 4
4 5
5 6
6 7
7 8
8 9
9 10
10 11
11 12
12 13
13 14
14 15
15 16
16 17
17 18
18 19
19 20
20 21
21 22
22 23
23 24
24 25
25 26
26 27
27 28
28 29
29 30
30 31
31 32
32 33
33 34
34 35
35 36
36 37
37 38
38 39
39 40
40 41
41 42
42 43
42 44
44 45
44 46
41 47
40 48
48 49
49 50
50 51
51 52
51 53
53 54
53 55
50 56
56 57
56 58
49 59
48 60
39 61
61 62
62 63
62 64
61 65
38 66
66 67
66 68
68 69
69 70
69 71
68 72
72 73
72 74
74 75
74 76
37 77
77 78
78 79
78 80
77 81
81 82
82 83
82 84
84 85
85 86
85 87
87 88
87 89
89 90
89 91
84 92
81 93
36 94
94 95
94 96
96 97
96 98
35 99
99 100
100 101
101 102
102 103
102 104
101 105
100 106
106 107
106 108
108 109
108 110
110 111
110 112
99 113
113 114
114 115
115 116
115 117
117 118
118 119
119 120
119 121
118 122
117 123
123 124
123 125
114 126
126 127
126 128
113 129
34 130
130 131
131 132
132 133
132 134
134 135
135 136
135 137
137 138
137 139
139 140
140 141
141 142
142 143
142 144
144 145
144 146
141 147
140 148
148 149
148 150
139 151
151 152
151 153
134 154
154 155
154 156
131 157
157 158
157 159
159 160
159 161
130 162
162 163
163 164
164 165
165 166
165 167
164 168
163 169
162 170
33 171
171 172
172 173
172 174
174 175
174 176
171 177
177 178
178 179
179 180
179 181
178 182
177 183
183 184
184 185
185 186
185 187
187 188
188 189
189 190
189 191
191 192
192 193
193 194
193 195
192 196
191 197
188 198
198 199
198 200
200 201
200 202
187 203
203 204
203 205
205 206
206 207
207 208
208 209
209 210
210 211
210 212
209 213
213 214
213 215
208 216
207 217
217 218
218 219
218 220
220 221
221 222
222 223
222 224
224 225
224 226
226 227
226 228
221 229
220 230
217 231
231 232
231 233
233 234
233 235
206 236
236 237
236 238
238 239
238 240
205 241
241 242
242 243
242 244
241 245
184 246
246 247
247 248
247 249
249 250
249 251
251 252
251 253
246 254
183 255
255 256
256 257
257 258
257 259
259 260
260 261
261 262
262 263
263 264
264 265
265 266
266 267
267 268
267 269
269 270
270 271
270 272
269 273
266 274
265 275
264 276
276 277
276 278
278 279
278 280
280 281
281 282
281 283
280 284
263 285
285 286
286 287
286 288
285 289
262 290
290 291
291 292
291 293
293 294
294 295
294 296
296 297
297 298
298 299
298 300
297 301
301 302
301 303
296 304
304 305
304 306
293 307
307 308
308 309
308 310
307 311
290 312
312 313
313 314
313 315
315 316
316 317
317 318
318 319
319 320
320 321
321 322
322 323
323 324
323 325
322 326
321 327
320 328
319 329
329 330
329 331
318 332
317 333
316 334
315 335
312 336
336 337
336 338
338 339
338 340
261 341
341 342
341 343
343 344
343 345
260 346
259 347
347 348
347 349
349 350
349 351
256 352
352 353
353 354
353 355
352 356
356 357
356 358
358 359
358 360
255 361
361 362
362 363
362 364
361 365
365 366
365 367
32 368
368 369
369 370
370 371
370 372
369 373
373 374
373 375
368 376
376 377
376 378
378 379
379 380
380 381
380 382
382 383
382 384
379 385
385 386
385 387
378 388
388 389
388 390
390 391
390 392
31 393
393 394
394 395
395 396
396 397
396 398
395 399
394 400
393 401
401 402
401 403
30 404
404 405
404 406
29 407
407 408
408 409
408 410
407 411
411 412
411 413
28 414
27 415
415 416
416 417
417 418
418 419
418 420
417 421
421 422
422 423
423 424
423 425
422 426
421 427
416 428
415 429
429 430
430 431
431 432
432 433
433 434
434 435
434 436
433 437
437 438
437 439
432 440
440 441
441 442
441 443
440 444
444 445
444 446
431 447
430 448
429 449
26 450
450 451
451 452
452 453
453 454
453 455
455 456
456 457
456 458
458 459
458 460
460 461
460 462
455 463
463 464
463 465
452 466
466 467
467 468
467 469
466 470
470 471
471 472
472 473
473 474
474 475
474 476
473 477
472 478
471 479
479 480
479 481
470 482
482 483
482 484
484 485
484 486
486 487
486 488
451 489
489 490
490 491
491 492
492 493
493 494
493 495
495 496
496 497
496 498
495 499
492 500
500 501
500 502
491 503
490 504
489 505
450 506
506 507
507 508
507 509
509 510
510 511
511 512
512 513
513 514
514 515
514 516
513 517
517 518
517 519
519 520
519 521
512 522
522 523
523 524
523 525
522 526
526 527
526 528
511 529
529 530
529 531
510 532
509 533
533 534
533 535
506 536
25 537
24 538
538 539
539 540
540 541
541 542
542 543
542 544
544 545
544 546
541 547
540 548
539 549
549 550
549 551
551 552
552 553
553 554
554 555
555 556
556 557
557 558
558 559
558 560
560 561
560 562
557 563
563 564
563 565
556 566
566 567
567 568
568 569
569 570
569 571
568 572
567 573
573 574
574 575
574 576
573 577
566 578
555 579
579 580
580 581
580 582
579 583
554 584
553 585
585 586
586 587
587 588
587 589
586 590
585 591
552 592
592 593
592 594
551 595
595 596
596 597
596 598
595 599
538 600
600 601
601 602
602 603
603 604
603 605
602 606
601 607
600 608
608 609
608 610
23 611
22 612
612 613
612 614
21 615
20 616
616 617
617 618
617 619
616 620
620 621
621 622
622 623
623 624
624 625
625 626
626 627
626 628
625 629
624 630
623 631
631 632
631 633
633 634
633 635
635 636
635 637
637 638
637 639
622 640
640 641
640 642
621 643
643 644
644 645
644 646
643 647
620 648
19 649
649 650
650 651
651 652
651 653
650 654
654 655
654 656
649 657
657 658
657 659
18 660
660 661
661 662
662 663
662 664
664 665
664 666
661 667
660 668
17 669
669 670
670 671
670 672
669 673
673 674
673 675
16 676
676 677
677 678
678 679
679 680
679 681
681 682
681 683
683 684
684 685
685 686
685 687
684 688
683 689
678 690
690 691
691 692
692 693
692 694
694 695
694 696
696 697
696 698
691 699
690 700
677 701
676 702
15 703
14 704
704 705
705 706
706 707
706 708
708 709
708 710
705 711
711 712
711 713
704 714
714 715
715 716
716 717
716 718
718 719
718 720
715 721
721 722
721 723
714 724
724 725
725 726
725 727
727 728
728 729
728 730
727 731
724 732
732 733
732 734
734 735
734 736
13 737
12 738
738 739
739 740
739 741
741 742
741 743
743 744
744 745
745 746
745 747
744 748
743 749
749 750
749 751
738 752
752 753
752 754
11 755
755 756
756 757
757 758
757 759
756 760
760 761
760 762
762 763
762 764
764 765
764 766
766 767
766 768
768 769
768 770
755 771
10 772
772 773
773 774
774 775
774 776
773 777
772 778
9 779
779 780
780 781
781 782
782 783
782 784
784 785
784 786
786 787
786 788
788 789
788 790
781 791
791 792
791 793
780 794
794 795
794 796
796 797
796 798
779 799
799 800
800 801
801 802
802 803
803 804
804 805
804 806
803 807
807 808
808 809
808 810
807 811
802 812
812 813
813 814
813 815
815 816
816 817
817 818
817 819
819 820
820 821
820 822
822 823
822 824
819 825
816 826
815 827
812 828
828 829
828 830
801 831
800 832
799 833
8 834
834 835
834 836
836 837
836 838
838 839
838 840
7 841
6 842
842 843
843 844
843 845
842 846
5 847
847 848
847 849
4 850
850 851
850 852
3 853
853 854
854 855
855 856
856 857
857 858
858 859
858 860
857 861
856 862
862 863
862 864
855 865
854 866
853 867
2 868
1 869
869 870
870 871
871 872
871 873
873 874
873 875
870 876
876 877
876 878
878 879
878 880
880 881
880 882
869 883
883 884
883 885
885 886
886 887
887 888
888 889
889 890
889 891
888 892
892 893
892 894
887 895
895 896
896 897
896 898
898 899
898 900
900 901
901 902
901 903
903 904
903 905
905 906
905 907
900 908
895 909
909 910
910 911
911 912
912 913
912 914
911 915
910 916
916 917
916 918
918 919
918 920
909 921
921 922
922 923
923 924
924 925
924 926
926 927
927 928
928 929
929 930
929 931
928 932
927 933
933 934
933 935
926 936
923 937
922 938
938 939
939 940
940 941
940 942
939 943
938 944
944 945
944 946
921 947
947 948
947 949
886 950
950 951
950 952
952 953
953 954
953 955
955 956
955 957
952 958
885 959
959 960
959 961
