481
669
1
386 3
359 5
387 6
185 7
145 9
147 10
109 15
217 20
218 21
198 30
193 31
172 32
171 37
211 42
287 44
210 45
90 52
45 54
120 59
101 61
100 63
95 64
52 66
11 67
44 69
65 71
31 74
1 77
57 82
63 85
150 86
53 90
25 91
439 96
261 101
234 106
213 107
215 108
282 117
255 118
244 119
288 120
284 122
301 124
311 127
392 135
388 137
406 139
433 147
395 150
270 154
299 155
269 158
332 162
331 167
317 176
335 177
357 180
487 191
460 192
451 194
441 195
480 197
469 198
582 208
548 222
623 228
505 231
483 242
484 243
337 244
365 245
368 246
350 250
346 252
372 253
351 256
353 257
471 265
425 266
0 270
2 271
4 272
5 273
7 274
8 275
9 276
12 277
13 278
15 279
16 280
17 281
19 282
20 283
22 284
23 285
24 286
26 287
27 288
29 289
30 290
32 291
33 292
34 293
35 294
36 295
37 296
38 297
40 298
41 299
43 300
47 301
48 302
50 303
51 304
55 305
56 306
58 307
60 308
61 309
62 310
64 311
67 312
68 313
69 314
71 315
72 316
74 317
75 318
77 319
78 320
80 321
82 322
84 323
85 324
87 325
89 326
91 327
92 328
94 329
96 330
97 331
98 332
99 333
102 334
103 335
104 336
106 337
107 338
108 339
111 340
112 341
113 342
114 343
116 344
117 345
119 346
121 347
122 348
124 349
125 350
127 351
128 352
129 353
130 354
131 355
132 356
133 357
134 358
136 359
138 360
139 361
141 362
143 363
144 364
148 365
149 366
151 367
153 368
154 369
156 370
158 371
160 372
162 373
163 374
164 375
166 376
168 377
169 378
170 379
174 380
177 381
178 382
180 383
182 384
183 385
184 386
186 387
187 388
188 389
189 390
191 391
194 392
195 393
197 394
199 395
201 396
203 397
205 398
206 399
207 400
208 401
212 402
214 403
216 404
219 405
220 406
221 407
222 408
223 409
224 410
225 411
226 412
227 413
228 414
230 415
231 416
232 417
233 418
235 419
236 420
238 421
239 422
241 423
242 424
245 425
247 426
248 427
249 428
250 429
251 430
253 431
256 432
257 433
259 434
260 435
262 436
264 437
265 438
267 439
268 440
271 441
272 442
274 443
275 444
277 445
278 446
280 447
281 448
283 449
285 450
286 451
289 452
292 453
293 454
294 455
295 456
296 457
298 458
300 459
302 460
303 461
305 462
306 463
308 464
309 465
312 466
314 467
316 468
319 469
321 470
322 471
323 472
325 473
326 474
327 475
328 476
329 477
330 478
333 479
334 480
336 481
338 482
339 483
341 484
342 485
344 486
345 487
348 488
349 489
352 490
354 491
355 492
356 493
358 494
360 495
361 496
363 497
364 498
366 499
367 500
369 501
370 502
371 503
373 504
374 505
375 506
377 507
378 508
379 509
380 510
381 511
383 512
384 513
385 514
389 515
390 516
393 517
396 518
397 519
399 520
400 521
402 522
404 523
405 524
407 525
408 526
410 527
411 528
413 529
414 530
416 531
418 532
419 533
420 534
421 535
423 536
424 537
426 538
428 539
429 540
430 541
431 542
432 543
434 544
435 545
436 546
437 547
443 548
444 549
445 550
447 551
449 552
450 553
452 554
453 555
455 556
456 557
457 558
458 559
459 560
461 561
462 562
464 563
465 564
467 565
468 566
470 567
472 568
473 569
474 570
475 571
476 572
478 573
479 574
485 575
488 576
490 577
491 578
493 579
494 580
495 581
496 582
498 583
499 584
500 585
501 586
503 587
504 588
506 589
507 590
508 591
509 592
511 593
513 594
514 595
515 596
517 597
518 598
520 599
521 600
523 601
524 602
525 603
527 604
530 605
531 606
532 607
533 608
534 609
536 610
537 611
539 612
541 613
542 614
544 615
545 616
547 617
549 618
550 619
552 620
553 621
555 622
556 623
558 624
560 625
561 626
562 627
563 628
565 629
566 630
568 631
569 632
572 633
573 634
574 635
576 636
578 637
580 638
581 639
583 640
584 641
585 642
587 643
589 644
590 645
592 646
593 647
594 648
595 649
597 650
599 651
600 652
602 653
603 654
605 655
607 656
609 657
611 658
612 659
615 660
617 661
618 662
620 663
622 664
624 665
625 666
626 667
627 668
628 669
629 670
1 2
2 3
3 4
3 5
3 6
2 7
7 8
8 9
9 10
7 11
11 12
12 13
12 14
11 15
7 16
16 17
7 18
7 19
7 20
20 21
20 22
22 23
22 24
24 25
20 26
20 27
27 28
28 29
27 30
20 31
20 32
20 33
33 34
33 35
35 36
35 37
37 38
33 39
39 40
39 41
33 42
20 43
43 44
43 45
43 46
20 47
7 48
48 49
49 50
49 51
49 52
52 53
49 54
49 55
49 56
49 57
57 58
48 59
59 60
59 61
61 62
61 63
59 64
64 65
65 66
64 67
64 68
68 69
68 70
64 71
64 72
72 73
72 74
74 75
72 76
76 77
76 78
76 79
64 80
64 81
64 82
64 83
83 84
59 85
48 86
86 87
48 88
48 89
89 90
89 91
89 92
92 93
2 94
2 95
95 96
95 97
97 98
97 99
99 100
2 101
101 102
101 103
103 104
103 105
103 106
103 107
107 108
107 109
107 110
110 111
107 112
107 113
107 114
107 115
101 116
101 117
117 118
118 119
117 120
117 121
117 122
122 123
117 124
101 125
101 126
126 127
2 128
2 129
2 130
130 131
130 132
130 133
130 134
134 135
134 136
136 137
134 138
138 139
138 140
140 141
141 142
141 143
140 144
144 145
144 146
144 147
138 148
148 149
149 150
138 151
2 152
152 153
153 154
153 155
153 156
156 157
156 158
153 159
159 160
152 161
152 162
162 163
163 164
163 165
165 166
162 167
162 168
168 169
168 170
162 171
171 172
171 173
162 174
162 175
162 176
162 177
2 178
178 179
2 180
180 181
181 182
182 183
183 184
182 185
185 186
186 187
186 188
188 189
188 190
186 191
185 192
192 193
193 194
194 195
193 196
196 197
185 198
185 199
199 200
200 201
201 202
201 203
200 204
204 205
205 206
205 207
205 208
204 209
209 210
210 211
211 212
212 213
210 214
209 215
215 216
215 217
215 218
218 219
209 220
209 221
209 222
222 223
204 224
204 225
200 226
200 227
200 228
228 229
229 230
229 231
231 232
229 233
233 234
228 235
228 236
236 237
237 238
236 239
239 240
199 241
185 242
242 243
180 244
180 245
245 246
245 247
247 248
247 249
245 250
245 251
245 252
245 253
245 254
245 255
245 256
245 257
257 258
257 259
259 260
180 261
2 262
262 263
263 264
264 265
265 266
262 267
267 268
2 269
77 270
74 271
112 272
76 273
76 274
76 275
76 276
67 277
79 278
73 279
79 280
14 281
14 282
83 283
83 284
83 285
91 286
91 287
91 288
78 289
74 290
74 291
75 292
74 293
74 294
74 295
74 296
74 297
64 298
70 299
68 300
50 301
84 302
65 303
65 304
93 305
82 306
64 307
81 308
81 309
85 310
85 311
64 312
17 313
13 314
13 315
60 316
114 317
58 318
58 319
49 320
56 321
57 322
92 323
102 324
109 325
89 326
52 327
49 328
57 329
64 330
64 331
72 332
64 333
62 334
61 335
123 336
88 337
88 338
88 339
11 340
12 341
12 342
57 343
53 344
111 345
111 346
59 347
8 348
8 349
49 350
51 351
49 352
49 353
50 354
49 355
49 356
49 357
115 358
115 359
80 360
29 361
29 362
86 363
48 364
9 365
86 366
19 367
19 368
25 369
24 370
109 371
87 372
7 373
16 374
40 375
18 376
28 377
28 378
38 379
20 380
29 381
39 382
39 383
36 384
20 385
125 386
7 387
7 388
7 389
41 390
35 391
20 392
27 393
27 394
22 395
110 396
22 397
23 398
22 399
22 400
33 401
33 402
113 403
20 404
20 405
47 406
26 407
20 408
20 409
20 410
20 411
20 412
46 413
33 414
33 415
34 416
33 417
40 418
106 419
104 420
131 421
160 422
159 423
118 424
103 425
104 426
103 427
103 428
103 429
121 430
117 431
118 432
101 433
117 434
101 435
175 436
170 437
156 438
157 439
158 440
154 441
152 442
152 443
169 444
168 445
163 446
163 447
117 448
101 449
116 450
173 451
117 452
168 453
168 454
174 455
162 456
153 457
161 458
155 459
124 460
171 461
171 462
168 463
162 464
126 465
172 466
129 467
129 468
248 469
247 470
249 471
164 472
163 473
163 474
165 475
163 476
166 477
163 478
162 479
162 480
162 481
244 482
179 483
178 484
258 485
258 486
258 487
259 488
254 489
181 490
181 491
257 492
132 493
180 494
5 495
251 496
251 497
257 498
245 499
245 500
180 501
255 502
246 503
245 504
245 505
128 506
251 507
260 508
251 509
133 510
202 511
202 512
202 513
202 514
137 515
135 516
148 517
202 518
94 519
136 520
136 521
148 522
149 523
148 524
139 525
146 526
146 527
142 528
142 529
138 530
146 531
146 532
146 533
146 534
141 535
141 536
141 537
266 538
138 539
151 540
138 541
138 542
147 543
147 544
147 545
147 546
195 547
144 548
145 549
144 550
196 551
196 552
194 553
194 554
193 555
193 556
193 557
193 558
193 559
193 560
192 561
263 562
263 563
184 564
184 565
198 566
265 567
265 568
265 569
265 570
265 571
183 572
183 573
183 574
243 575
235 576
241 577
264 578
4 579
264 580
264 581
264 582
186 583
186 584
187 585
143 586
143 587
231 588
232 589
231 590
199 591
143 592
199 593
200 594
243 595
199 596
226 597
227 598
227 599
264 600
264 601
264 602
227 603
228 604
229 605
226 606
226 607
230 608
234 609
233 610
233 611
206 612
206 613
213 614
213 615
206 616
222 617
222 618
207 619
207 620
211 621
211 622
212 623
212 624
211 625
211 626
211 627
211 628
212 629
268 630
223 631
267 632
212 633
212 634
212 635
212 636
238 637
240 638
208 639
208 640
208 641
224 642
224 643
208 644
100 645
100 646
99 647
99 648
224 649
261 650
225 651
218 652
239 653
217 654
214 655
221 656
189 657
219 658
203 659
220 660
190 661
98 662
216 663
237 664
228 665
229 666
228 667
228 668
228 669
236 670
