481
631
631
344 500
0 26
346 102
341 287
342 71
348 515
349 55
594 282
298 224
299 269
296 64
294 498
295 185
292 1
293 23
590 495
593 562
592 241
199 278
198 99
597 344
195 321
194 322
197 456
191 542
193 525
270 597
271 503
272 166
274 7
275 178
277 611
278 434
524 245
525 429
527 239
520 274
521 388
523 457
599 530
449 91
443 490
441 312
447 85
445 205
444 432
108 381
109 219
102 15
103 368
100 53
101 143
106 377
107 32
104 206
38 568
33 424
32 136
31 187
30 130
37 563
36 171
35 487
34 323
439 139
436 222
437 428
434 40
435 573
432 60
433 30
430 45
431 267
339 63
338 301
335 423
334 592
337 220
336 186
331 450
330 289
333 595
332 336
345 375
99 386
98 479
91 496
90 19
92 248
95 501
94 13
97 534
96 326
600 514
558 97
555 465
556 80
550 238
553 58
552 566
238 356
239 329
234 251
235 532
236 620
230 426
231 98
232 260
233 617
1 582
147 558
144 184
145 151
143 117
141 41
612 257
611 509
617 459
148 408
149 350
623 472
622 360
133 578
132 441
131 150
130 341
498 430
136 38
134 609
494 154
495 499
139 283
138 230
490 164
491 284
493 488
24 587
25 334
26 615
27 249
20 419
22 397
23 255
29 56
407 24
406 122
405 285
404 215
402 470
400 16
629 104
408 359
628 593
379 576
378 402
371 445
370 264
373 211
372 197
375 521
374 233
377 116
618 277
393 280
392 244
89 471
397 74
396 199
395 425
82 183
399 295
87 247
84 365
85 207
7 565
607 29
587 583
584 259
585 539
582 20
583 253
580 384
581 612
589 11
245 473
244 172
247 328
241 44
242 12
615 354
249 108
248 31
518 399
511 508
513 9
515 309
514 416
517 120
458 113
459 121
620 346
627 342
626 129
625 299
624 177
450 218
451 333
452 138
453 33
455 406
456 327
457 436
178 265
177 149
595 52
174 455
172 133
171 418
170 395
253 156
182 355
183 421
180 131
2 385
186 404
187 188
184 338
185 345
188 605
189 214
11 358
13 476
12 153
15 351
17 460
16 213
19 17
322 119
323 420
321 400
326 94
327 5
325 134
328 533
329 556
201 335
203 319
205 232
207 217
206 67
208 369
77 462
75 439
74 145
72 504
71 189
78 349
542 413
541 364
547 524
544 300
545 480
8 294
548 148
549 494
120 132
121 201
122 396
124 302
125 332
127 541
128 109
129 443
414 268
416 298
410 147
411 589
413 474
418 552
419 467
499 84
319 8
312 623
311 325
317 236
316 590
314 390
496 357
368 594
369 77
366 57
367 348
364 444
365 231
363 82
360 622
361 491
380 124
381 168
383 0
384 373
385 484
386 112
387 180
388 547
389 96
605 95
578 599
573 194
572 407
576 458
574 317
60 352
61 607
62 475
259 505
64 544
65 89
67 163
68 100
69 127
250 485
251 51
256 627
257 371
255 22
602 293
508 437
509 226
506 581
507 311
504 331
505 353
503 2
500 111
501 464
469 527
468 125
465 256
464 103
467 27
461 162
460 561
462 314
168 223
169 78
164 90
166 549
160 387
162 478
163 449
9 602
357 191
356 212
355 272
354 69
353 61
352 517
351 275
350 242
359 553
358 87
216 626
217 580
214 270
215 600
212 555
213 281
210 50
211 370
218 288
219 114
289 536
288 35
4 43
281 550
280 523
283 228
282 65
285 447
284 216
287 101
286 208
262 411
261 584
260 493
267 628
265 250
264 537
269 410
268 603
58 92
55 585
57 389
56 363
51 305
50 182
53 271
52 372
537 36
536 48
63 339
533 392
532 221
531 261
530 47
539 286
114 361
117 174
116 4
111 468
113 574
112 62
119 128
429 198
428 195
534 572
421 193
420 451
423 380
425 234
424 367
426 316
308 520
309 483
300 560
301 431
302 68
303 366
305 169
306 106
568 405
569 262
560 531
561 107
562 511
563 469
565 160
566 75
228 170
227 625
226 144
225 618
224 72
223 507
222 308
221 210
220 548
390 624
151 330
150 453
153 34
154 545
603 337
156 303
158 379
609 569
80 37
48 435
47 393
44 383
45 235
43 629
40 203
41 141
5 433
488 461
487 378
485 414
484 227
483 25
480 452
472 506
473 158
470 292
471 374
476 518
474 306
475 513
478 225
479 296
343 344
1 0
347 346
365 347
365 340
340 341
343 342
365 343
347 348
347 349
596 595
608 606
591 594
630 619
297 298
297 299
297 296
313 297
295 294
332 295
291 292
291 293
297 290
332 291
608 591
591 590
591 593
591 592
200 199
196 198
598 597
606 596
196 195
217 194
196 197
217 196
192 191
229 190
194 193
209 192
297 270
270 271
273 272
318 273
273 274
276 275
291 276
276 277
279 278
324 279
522 524
526 525
535 526
528 527
519 520
522 521
532 522
522 523
598 599
623 528
623 529
448 449
454 448
442 443
446 442
451 441
446 440
448 447
451 446
442 445
442 444
105 108
110 109
101 102
101 103
101 100
137 101
105 106
105 107
105 104
142 105
95 39
31 38
31 33
31 32
66 31
31 30
31 37
31 36
31 35
31 34
441 438
438 439
433 436
438 437
433 434
433 435
433 432
442 433
427 430
427 431
340 339
337 338
332 335
332 334
357 337
332 336
332 331
324 330
332 333
365 332
343 345
28 6
95 99
95 98
90 91
126 90
126 93
93 92
120 95
93 94
95 97
95 96
571 559
557 558
554 555
559 554
571 557
557 556
570 551
551 550
554 553
551 552
237 238
240 239
254 234
234 235
237 236
246 237
229 230
229 231
229 232
229 233
10 1
616 614
200 146
146 147
142 144
146 145
150 142
142 143
167 140
140 141
613 612
614 613
613 610
610 611
619 616
616 617
146 148
150 149
630 623
621 622
126 133
126 132
126 131
126 130
142 137
135 136
213 135
135 134
492 494
492 495
140 139
137 138
489 490
492 491
522 492
492 493
25 24
88 25
25 26
25 27
21 20
49 21
21 22
21 23
95 28
28 29
406 407
427 406
403 405
403 404
427 403
403 402
415 401
398 400
630 629
433 409
409 408
623 628
376 379
376 378
365 371
365 370
365 373
365 372
376 375
365 374
376 377
401 376
619 618
394 393
391 392
126 88
88 89
396 397
427 396
394 395
403 394
81 82
88 83
79 80
126 81
157 86
86 87
83 84
86 85
6 7
608 601
606 607
596 586
586 587
582 584
586 585
588 582
582 583
579 580
582 581
591 588
588 589
246 245
243 244
246 247
254 246
240 241
297 240
255 243
243 242
614 615
246 249
246 248
526 519
519 518
512 511
532 510
512 513
623 512
516 515
532 514
516 517
532 516
454 458
454 459
630 621
621 620
623 627
623 626
623 625
623 624
451 450
454 451
451 452
454 453
460 454
454 455
454 456
454 457
229 179
179 178
176 177
196 176
202 175
173 174
217 173
173 172
192 171
171 170
252 253
181 182
217 183
179 180
229 181
185 186
185 187
183 184
217 185
185 188
190 189
39 11
28 10
14 13
11 12
14 15
28 14
18 17
14 16
18 19
110 18
63 62
320 322
324 323
365 320
320 321
324 326
324 327
332 324
324 325
324 328
324 329
202 201
204 200
204 203
213 202
204 205
217 204
204 207
204 206
229 209
209 208
76 77
81 76
76 75
73 74
126 73
73 72
70 71
110 70
126 79
79 78
3 2
543 542
564 543
546 540
540 541
575 546
548 547
543 544
546 545
9 8
567 548
548 549
66 68
604 598
137 120
120 121
123 122
185 123
123 124
126 125
142 126
126 127
126 128
126 129
415 414
427 415
417 416
442 417
409 410
412 411
422 412
412 413
497 498
417 418
417 419
497 499
320 319
332 318
332 313
313 312
310 311
357 310
318 317
315 316
376 315
315 314
492 496
528 497
31 3
365 368
365 369
365 366
365 367
365 364
376 365
376 362
362 363
359 360
362 361
376 380
382 381
396 382
382 383
382 384
382 385
422 386
386 387
398 388
388 389
606 605
591 579
577 578
608 604
571 573
571 572
575 571
575 570
579 577
575 576
579 575
571 574
59 60
59 61
282 258
258 259
63 64
95 65
95 66
66 67
282 252
70 69
246 250
252 251
255 256
258 257
255 254
282 255
604 603
601 602
505 508
510 509
505 506
505 507
505 504
529 505
510 502
502 503
497 500
502 501
631 630
481 469
469 468
466 465
463 464
466 467
477 466
460 461
481 460
482 463
463 462
167 168
167 169
165 164
190 165
165 166
176 167
159 160
185 161
161 162
161 163
601 600
10 9
365 357
357 356
353 355
353 354
365 353
353 352
347 351
347 350
386 359
357 358
217 216
229 217
213 214
213 215
209 212
237 213
209 210
209 211
217 218
217 219
282 289
282 288
3 4
282 281
279 280
282 283
310 282
282 285
282 284
282 287
282 286
291 263
263 262
282 261
261 260
266 267
290 266
266 265
263 264
290 269
269 268
95 59
59 58
54 55
83 54
66 57
57 56
95 51
51 50
54 53
51 52
538 537
535 536
538 535
120 63
532 533
623 532
532 531
529 530
540 539
623 538
126 115
115 114
118 117
115 116
110 111
181 110
110 113
110 112
118 119
159 118
427 429
427 428
535 534
422 421
417 420
422 423
440 422
471 425
422 424
440 427
425 426
307 308
310 309
297 300
310 301
301 302
304 303
332 304
304 305
307 306
332 307
567 568
570 569
559 560
559 561
559 562
559 563
571 564
564 565
567 566
577 567
255 229
229 228
217 227
217 226
217 225
217 224
217 223
217 222
217 221
217 220
401 391
391 390
152 151
161 150
152 153
185 152
204 155
155 154
175 157
155 156
175 159
157 158
610 609
630 608
398 399
401 398
49 48
65 49
126 46
46 47
42 44
46 45
95 42
42 43
39 40
42 41
6 5
623 489
489 488
486 487
497 486
484 485
514 484
484 483
492 482
497 481
481 480
471 472
471 473
471 470
482 471
477 476
486 477
471 474
471 475
477 478
477 479
