481
631
631
344 174
0 552
346 469
341 605
342 474
348 11
349 141
594 491
298 248
299 119
296 61
294 599
295 298
292 581
293 498
590 220
593 344
592 198
199 305
198 139
597 98
195 425
194 328
197 199
191 188
193 421
270 573
271 457
272 330
274 260
275 169
277 402
278 351
524 25
525 461
527 393
520 207
521 89
523 154
599 19
449 625
443 592
441 283
447 368
445 31
444 378
108 451
109 97
102 547
103 34
100 99
101 487
106 576
107 75
104 594
38 80
33 242
32 406
31 585
30 15
37 147
36 212
35 178
34 420
439 449
436 296
437 13
434 35
435 109
432 216
433 160
430 292
431 549
339 183
338 495
335 507
334 470
337 375
336 364
331 72
330 521
333 515
332 431
345 265
99 107
98 363
91 124
90 308
92 464
95 171
94 271
97 151
96 301
600 345
558 349
555 331
556 514
550 132
553 17
552 312
238 245
239 452
234 332
235 607
236 544
230 578
231 129
232 1
233 542
1 163
147 294
144 221
145 455
143 537
141 407
612 215
611 251
617 205
148 40
149 201
623 473
622 371
133 612
132 52
131 468
130 424
498 472
136 389
134 33
494 465
495 0
139 384
138 302
490 27
491 57
493 316
24 379
25 113
26 150
27 7
20 411
22 286
23 518
29 397
407 352
406 130
405 306
404 239
402 617
400 9
629 63
408 281
628 563
379 568
378 456
371 249
370 400
373 503
372 517
375 370
374 460
377 618
618 505
393 369
392 284
89 499
397 30
396 267
395 530
82 228
399 408
87 166
84 108
85 29
7 289
607 189
587 218
584 22
585 490
582 513
583 426
580 436
581 225
589 395
245 300
244 138
247 423
241 67
242 334
615 539
249 476
248 386
518 143
511 595
513 238
515 41
514 629
517 235
458 278
459 247
620 565
627 26
626 336
625 358
624 187
450 219
451 64
452 56
453 593
455 410
456 191
457 71
178 288
177 60
595 87
174 256
172 244
171 261
170 553
253 533
182 106
183 428
180 441
2 134
186 144
187 622
184 314
185 626
188 262
189 493
11 259
13 164
12 342
15 47
17 590
16 536
19 484
322 274
323 170
321 413
326 458
327 435
325 55
328 333
329 372
201 224
203 380
205 241
207 257
206 253
208 8
77 114
75 447
74 74
72 467
71 230
78 84
542 272
541 131
547 337
544 38
545 234
8 475
548 561
549 485
120 127
121 122
122 628
124 366
125 329
127 360
128 506
129 295
414 556
416 569
410 385
411 68
413 558
418 268
419 193
499 208
319 327
312 338
311 23
317 282
316 250
314 32
496 214
368 387
369 439
366 91
367 103
364 90
365 232
363 404
360 624
361 609
380 185
381 77
383 525
384 177
385 508
386 373
387 445
388 367
389 121
605 562
578 359
573 45
572 148
576 416
574 111
60 172
61 353
62 299
259 236
64 112
65 414
67 94
68 277
69 433
250 548
251 531
256 479
257 194
255 116
602 600
508 162
509 444
506 541
507 182
504 348
505 580
503 184
500 602
501 511
469 43
468 319
465 16
464 335
467 95
461 434
460 44
462 524
168 550
169 168
164 396
166 419
160 149
162 560
163 217
9 339
357 572
356 226
355 483
354 227
353 104
352 101
351 78
350 37
359 255
358 195
216 584
217 501
214 374
215 156
212 24
213 500
210 496
211 223
218 480
219 356
289 462
288 627
4 264
281 36
280 51
283 589
282 494
285 186
284 293
287 211
286 92
262 341
261 611
260 430
267 504
265 213
264 418
269 450
268 357
58 269
55 527
57 317
56 48
51 326
50 520
53 392
52 350
537 355
536 311
63 523
533 623
532 405
531 222
530 231
539 322
114 117
117 125
116 583
111 233
113 390
112 574
119 346
429 4
428 478
534 354
421 383
420 58
423 128
425 5
424 133
426 82
308 399
309 532
300 280
301 62
302 459
303 53
305 437
306 50
568 145
569 287
560 321
561 275
562 100
563 69
565 615
566 153
228 2
227 270
226 377
225 453
224 136
223 545
222 603
221 566
220 285
390 12
151 120
150 587
153 20
154 96
603 206
156 443
158 65
609 509
80 555
48 303
47 488
44 597
45 158
43 323
40 471
41 381
5 429
488 620
487 197
485 365
484 582
483 102
480 180
472 85
473 432
470 203
471 325
476 210
474 388
475 534
478 309
479 361
343 344
1 0
347 346
365 347
365 340
340 341
343 342
365 343
347 348
347 349
596 595
608 606
591 594
630 619
297 298
297 299
297 296
313 297
295 294
332 295
291 292
291 293
297 290
332 291
608 591
591 590
591 593
591 592
200 199
196 198
598 597
606 596
196 195
217 194
196 197
217 196
192 191
229 190
194 193
209 192
297 270
270 271
273 272
318 273
273 274
276 275
291 276
276 277
279 278
324 279
522 524
526 525
535 526
528 527
519 520
522 521
532 522
522 523
598 599
623 528
623 529
448 449
454 448
442 443
446 442
451 441
446 440
448 447
451 446
442 445
442 444
105 108
110 109
101 102
101 103
101 100
137 101
105 106
105 107
105 104
142 105
95 39
31 38
31 33
31 32
66 31
31 30
31 37
31 36
31 35
31 34
441 438
438 439
433 436
438 437
433 434
433 435
433 432
442 433
427 430
427 431
340 339
337 338
332 335
332 334
357 337
332 336
332 331
324 330
332 333
365 332
343 345
28 6
95 99
95 98
90 91
126 90
126 93
93 92
120 95
93 94
95 97
95 96
571 559
557 558
554 555
559 554
571 557
557 556
570 551
551 550
554 553
551 552
237 238
240 239
254 234
234 235
237 236
246 237
229 230
229 231
229 232
229 233
10 1
616 614
200 146
146 147
142 144
146 145
150 142
142 143
167 140
140 141
613 612
614 613
613 610
610 611
619 616
616 617
146 148
150 149
630 623
621 622
126 133
126 132
126 131
126 130
142 137
135 136
213 135
135 134
492 494
492 495
140 139
137 138
489 490
492 491
522 492
492 493
25 24
88 25
25 26
25 27
21 20
49 21
21 22
21 23
95 28
28 29
406 407
427 406
403 405
403 404
427 403
403 402
415 401
398 400
630 629
433 409
409 408
623 628
376 379
376 378
365 371
365 370
365 373
365 372
376 375
365 374
376 377
401 376
619 618
394 393
391 392
126 88
88 89
396 397
427 396
394 395
403 394
81 82
88 83
79 80
126 81
157 86
86 87
83 84
86 85
6 7
608 601
606 607
596 586
586 587
582 584
586 585
588 582
582 583
579 580
582 581
591 588
588 589
246 245
243 244
246 247
254 246
240 241
297 240
255 243
243 242
614 615
246 249
246 248
526 519
519 518
512 511
532 510
512 513
623 512
516 515
532 514
516 517
532 516
454 458
454 459
630 621
621 620
623 627
623 626
623 625
623 624
451 450
454 451
451 452
454 453
460 454
454 455
454 456
454 457
229 179
179 178
176 177
196 176
202 175
173 174
217 173
173 172
192 171
171 170
252 253
181 182
217 183
179 180
229 181
185 186
185 187
183 184
217 185
185 188
190 189
39 11
28 10
14 13
11 12
14 15
28 14
18 17
14 16
18 19
110 18
63 62
320 322
324 323
365 320
320 321
324 326
324 327
332 324
324 325
324 328
324 329
202 201
204 200
204 203
213 202
204 205
217 204
204 207
204 206
229 209
209 208
76 77
81 76
76 75
73 74
126 73
73 72
70 71
110 70
126 79
79 78
3 2
543 542
564 543
546 540
540 541
575 546
548 547
543 544
546 545
9 8
567 548
548 549
66 68
604 598
137 120
120 121
123 122
185 123
123 124
126 125
142 126
126 127
126 128
126 129
415 414
427 415
417 416
442 417
409 410
412 411
422 412
412 413
497 498
417 418
417 419
497 499
320 319
332 318
332 313
313 312
310 311
357 310
318 317
315 316
376 315
315 314
492 496
528 497
31 3
365 368
365 369
365 366
365 367
365 364
376 365
376 362
362 363
359 360
362 361
376 380
382 381
396 382
382 383
382 384
382 385
422 386
386 387
398 388
388 389
606 605
591 579
577 578
608 604
571 573
571 572
575 571
575 570
579 577
575 576
579 575
571 574
59 60
59 61
282 258
258 259
63 64
95 65
95 66
66 67
282 252
70 69
246 250
252 251
255 256
258 257
255 254
282 255
604 603
601 602
505 508
510 509
505 506
505 507
505 504
529 505
510 502
502 503
497 500
502 501
631 630
481 469
469 468
466 465
463 464
466 467
477 466
460 461
481 460
482 463
463 462
167 168
167 169
165 164
190 165
165 166
176 167
159 160
185 161
161 162
161 163
601 600
10 9
365 357
357 356
353 355
353 354
365 353
353 352
347 351
347 350
386 359
357 358
217 216
229 217
213 214
213 215
209 212
237 213
209 210
209 211
217 218
217 219
282 289
282 288
3 4
282 281
279 280
282 283
310 282
282 285
282 284
282 287
282 286
291 263
263 262
282 261
261 260
266 267
290 266
266 265
263 264
290 269
269 268
95 59
59 58
54 55
83 54
66 57
57 56
95 51
51 50
54 53
51 52
538 537
535 536
538 535
120 63
532 533
623 532
532 531
529 530
540 539
623 538
126 115
115 114
118 117
115 116
110 111
181 110
110 113
110 112
118 119
159 118
427 429
427 428
535 534
422 421
417 420
422 423
440 422
471 425
422 424
440 427
425 426
307 308
310 309
297 300
310 301
301 302
304 303
332 304
304 305
307 306
332 307
567 568
570 569
559 560
559 561
559 562
559 563
571 564
564 565
567 566
577 567
255 229
229 228
217 227
217 226
217 225
217 224
217 223
217 222
217 221
217 220
401 391
391 390
152 151
161 150
152 153
185 152
204 155
155 154
175 157
155 156
175 159
157 158
610 609
630 608
398 399
401 398
49 48
65 49
126 46
46 47
42 44
46 45
95 42
42 43
39 40
42 41
6 5
623 489
489 488
486 487
497 486
484 485
514 484
484 483
492 482
497 481
481 480
471 472
471 473
471 470
482 471
477 476
486 477
471 474
471 475
477 478
477 479
