481
631
631
344 344
0 0
346 346
341 341
342 342
348 348
349 349
594 594
298 298
299 299
296 296
294 294
295 295
292 292
293 293
590 590
593 593
592 592
199 199
198 198
597 597
195 195
194 194
197 197
191 191
193 193
270 270
271 271
272 272
274 274
275 275
277 277
278 278
524 524
525 525
527 527
520 520
521 521
523 523
599 599
449 449
443 443
441 441
447 447
445 445
444 444
108 108
109 109
102 102
103 103
100 100
101 101
106 106
107 107
104 104
38 38
33 33
32 32
31 31
30 30
37 37
36 36
35 35
34 34
439 439
436 436
437 437
434 434
435 435
432 432
433 433
430 430
431 431
339 339
338 338
335 335
334 334
337 337
336 336
331 331
330 330
333 333
332 332
345 345
99 99
98 98
91 91
90 90
92 92
95 95
94 94
97 97
96 96
600 600
558 558
555 555
556 556
550 550
553 553
552 552
238 238
239 239
234 234
235 235
236 236
230 230
231 231
232 232
233 233
1 1
147 147
144 144
145 145
143 143
141 141
612 612
611 611
617 617
148 148
149 149
623 623
622 622
133 133
132 132
131 131
130 130
498 498
136 136
134 134
494 494
495 495
139 139
138 138
490 490
491 491
493 493
24 24
25 25
26 26
27 27
20 20
22 22
23 23
29 29
407 407
406 406
405 405
404 404
402 402
400 400
629 629
408 408
628 628
379 379
378 378
371 371
370 370
373 373
372 372
375 375
374 374
377 377
618 618
393 393
392 392
89 89
397 397
396 396
395 395
82 82
399 399
87 87
84 84
85 85
7 7
607 607
587 587
584 584
585 585
582 582
583 583
580 580
581 581
589 589
245 245
244 244
247 247
241 241
242 242
615 615
249 249
248 248
518 518
511 511
513 513
515 515
514 514
517 517
458 458
459 459
620 620
627 627
626 626
625 625
624 624
450 450
451 451
452 452
453 453
455 455
456 456
457 457
178 178
177 177
595 595
174 174
172 172
171 171
170 170
253 253
182 182
183 183
180 180
2 2
186 186
187 187
184 184
185 185
188 188
189 189
11 11
13 13
12 12
15 15
17 17
16 16
19 19
322 322
323 323
321 321
326 326
327 327
325 325
328 328
329 329
201 201
203 203
205 205
207 207
206 206
208 208
77 77
75 75
74 74
72 72
71 71
78 78
542 542
541 541
547 547
544 544
545 545
8 8
548 548
549 549
120 120
121 121
122 122
124 124
125 125
127 127
128 128
129 129
414 414
416 416
410 410
411 411
413 413
418 418
419 419
499 499
319 319
312 312
311 311
317 317
316 316
314 314
496 496
368 368
369 369
366 366
367 367
364 364
365 365
363 363
360 360
361 361
380 380
381 381
383 383
384 384
385 385
386 386
387 387
388 388
389 389
605 605
578 578
573 573
572 572
576 576
574 574
60 60
61 61
62 62
259 259
64 64
65 65
67 67
68 68
69 69
250 250
251 251
256 256
257 257
255 255
602 602
508 508
509 509
506 506
507 507
504 504
505 505
503 503
500 500
501 501
469 469
468 468
465 465
464 464
467 467
461 461
460 460
462 462
168 168
169 169
164 164
166 166
160 160
162 162
163 163
9 9
357 357
356 356
355 355
354 354
353 353
352 352
351 351
350 350
359 359
358 358
216 216
217 217
214 214
215 215
212 212
213 213
210 210
211 211
218 218
219 219
289 289
288 288
4 4
281 281
280 280
283 283
282 282
285 285
284 284
287 287
286 286
262 262
261 261
260 260
267 267
265 265
264 264
269 269
268 268
58 58
55 55
57 57
56 56
51 51
50 50
53 53
52 52
537 537
536 536
63 63
533 533
532 532
531 531
530 530
539 539
114 114
117 117
116 116
111 111
113 113
112 112
119 119
429 429
428 428
534 534
421 421
420 420
423 423
425 425
424 424
426 426
308 308
309 309
300 300
301 301
302 302
303 303
305 305
306 306
568 568
569 569
560 560
561 561
562 562
563 563
565 565
566 566
228 228
227 227
226 226
225 225
224 224
223 223
222 222
221 221
220 220
390 390
151 151
150 150
153 153
154 154
603 603
156 156
158 158
609 609
80 80
48 48
47 47
44 44
45 45
43 43
40 40
41 41
5 5
488 488
487 487
485 485
484 484
483 483
480 480
472 472
473 473
470 470
471 471
476 476
474 474
475 475
478 478
479 479
343 344
1 0
347 346
365 347
365 340
340 341
343 342
365 343
347 348
347 349
596 595
608 606
591 594
630 619
297 298
297 299
297 296
313 297
295 294
332 295
291 292
291 293
297 290
332 291
608 591
591 590
591 593
591 592
200 199
196 198
598 597
606 596
196 195
217 194
196 197
217 196
192 191
229 190
194 193
209 192
297 270
270 271
273 272
318 273
273 274
276 275
291 276
276 277
279 278
324 279
522 524
526 525
535 526
528 527
519 520
522 521
532 522
522 523
598 599
623 528
623 529
448 449
454 448
442 443
446 442
451 441
446 440
448 447
451 446
442 445
442 444
105 108
110 109
101 102
101 103
101 100
137 101
105 106
105 107
105 104
142 105
95 39
31 38
31 33
31 32
66 31
31 30
31 37
31 36
31 35
31 34
441 438
438 439
433 436
438 437
433 434
433 435
433 432
442 433
427 430
427 431
340 339
337 338
332 335
332 334
357 337
332 336
332 331
324 330
332 333
365 332
343 345
28 6
95 99
95 98
90 91
126 90
126 93
93 92
120 95
93 94
95 97
95 96
571 559
557 558
554 555
559 554
571 557
557 556
570 551
551 550
554 553
551 552
237 238
240 239
254 234
234 235
237 236
246 237
229 230
229 231
229 232
229 233
10 1
616 614
200 146
146 147
142 144
146 145
150 142
142 143
167 140
140 141
613 612
614 613
613 610
610 611
619 616
616 617
146 148
150 149
630 623
621 622
126 133
126 132
126 131
126 130
142 137
135 136
213 135
135 134
492 494
492 495
140 139
137 138
489 490
492 491
522 492
492 493
25 24
88 25
25 26
25 27
21 20
49 21
21 22
21 23
95 28
28 29
406 407
427 406
403 405
403 404
427 403
403 402
415 401
398 400
630 629
433 409
409 408
623 628
376 379
376 378
365 371
365 370
365 373
365 372
376 375
365 374
376 377
401 376
619 618
394 393
391 392
126 88
88 89
396 397
427 396
394 395
403 394
81 82
88 83
79 80
126 81
157 86
86 87
83 84
86 85
6 7
608 601
606 607
596 586
586 587
582 584
586 585
588 582
582 583
579 580
582 581
591 588
588 589
246 245
243 244
246 247
254 246
240 241
297 240
255 243
243 242
614 615
246 249
246 248
526 519
519 518
512 511
532 510
512 513
623 512
516 515
532 514
516 517
532 516
454 458
454 459
630 621
621 620
623 627
623 626
623 625
623 624
451 450
454 451
451 452
454 453
460 454
454 455
454 456
454 457
229 179
179 178
176 177
196 176
202 175
173 174
217 173
173 172
192 171
171 170
252 253
181 182
217 183
179 180
229 181
185 186
185 187
183 184
217 185
185 188
190 189
39 11
28 10
14 13
11 12
14 15
28 14
18 17
14 16
18 19
110 18
63 62
320 322
324 323
365 320
320 321
324 326
324 327
332 324
324 325
324 328
324 329
202 201
204 200
204 203
213 202
204 205
217 204
204 207
204 206
229 209
209 208
76 77
81 76
76 75
73 74
126 73
73 72
70 71
110 70
126 79
79 78
3 2
543 542
564 543
546 540
540 541
575 546
548 547
543 544
546 545
9 8
567 548
548 549
66 68
604 598
137 120
120 121
123 122
185 123
123 124
126 125
142 126
126 127
126 128
126 129
415 414
427 415
417 416
442 417
409 410
412 411
422 412
412 413
497 498
417 418
417 419
497 499
320 319
332 318
332 313
313 312
310 311
357 310
318 317
315 316
376 315
315 314
492 496
528 497
31 3
365 368
365 369
365 366
365 367
365 364
376 365
376 362
362 363
359 360
362 361
376 380
382 381
396 382
382 383
382 384
382 385
422 386
386 387
398 388
388 389
606 605
591 579
577 578
608 604
571 573
571 572
575 571
575 570
579 577
575 576
579 575
571 574
59 60
59 61
282 258
258 259
63 64
95 65
95 66
66 67
282 252
70 69
246 250
252 251
255 256
258 257
255 254
282 255
604 603
601 602
505 508
510 509
505 506
505 507
505 504
529 505
510 502
502 503
497 500
502 501
631 630
481 469
469 468
466 465
463 464
466 467
477 466
460 461
481 460
482 463
463 462
167 168
167 169
165 164
190 165
165 166
176 167
159 160
185 161
161 162
161 163
601 600
10 9
365 357
357 356
353 355
353 354
365 353
353 352
347 351
347 350
386 359
357 358
217 216
229 217
213 214
213 215
209 212
237 213
209 210
209 211
217 218
217 219
282 289
282 288
3 4
282 281
279 280
282 283
310 282
282 285
282 284
282 287
282 286
291 263
263 262
282 261
261 260
266 267
290 266
266 265
263 264
290 269
269 268
95 59
59 58
54 55
83 54
66 57
57 56
95 51
51 50
54 53
51 52
538 537
535 536
538 535
120 63
532 533
623 532
532 531
529 530
540 539
623 538
126 115
115 114
118 117
115 116
110 111
181 110
110 113
110 112
118 119
159 118
427 429
427 428
535 534
422 421
417 420
422 423
440 422
471 425
422 424
440 427
425 426
307 308
310 309
297 300
310 301
301 302
304 303
332 304
304 305
307 306
332 307
567 568
570 569
559 560
559 561
559 562
559 563
571 564
564 565
567 566
577 567
255 229
229 228
217 227
217 226
217 225
217 224
217 223
217 222
217 221
217 220
401 391
391 390
152 151
161 150
152 153
185 152
204 155
155 154
175 157
155 156
175 159
157 158
610 609
630 608
398 399
401 398
49 48
65 49
126 46
46 47
42 44
46 45
95 42
42 43
39 40
42 41
6 5
623 489
489 488
486 487
497 486
484 485
514 484
484 483
492 482
497 481
481 480
471 472
471 473
471 470
482 471
477 476
486 477
471 474
471 475
477 478
477 479
