100
166
0
131 10
75 21
72 24
66 28
62 29
64 30
65 31
67 32
73 33
81 37
79 38
82 39
84 40
85 42
50 44
53 48
36 52
34 53
32 54
30 57
28 56
27 61
29 62
0 68
2 69
21 71
20 74
19 75
14 77
12 78
24 79
8 83
6 84
17 86
15 87
23 89
11 91
9 92
5 94
3 95
52 96
49 98
47 99
88 100
87 102
96 103
98 106
97 107
93 108
125 109
127 110
130 111
133 112
135 113
137 114
150 117
140 120
141 122
138 123
147 125
145 126
144 128
142 129
153 130
117 133
116 135
114 136
119 139
45 151
44 153
43 155
41 156
40 158
38 159
57 161
59 165
58 166
56 148
55 168
61 169
70 170
76 171
78 172
99 173
104 175
102 177
101 178
92 180
90 181
111 183
107 185
105 186
124 190
123 192
121 193
113 195
110 196
122 197
155 198
157 199
0 1
1 2
2 3
3 4
4 5
5 6
6 7
7 8
8 9
9 10
9 11
11 12
12 13
13 14
14 16
16 18
18 19
19 20
20 21
20 22
22 24
22 25
25 28
25 29
25 30
25 31
22 32
19 33
18 35
35 37
35 38
35 39
18 40
16 41
41 42
41 43
43 44
43 45
45 46
46 47
47 48
47 49
49 50
50 51
51 52
51 53
50 54
54 56
56 57
56 61
56 62
49 63
63 64
64 65
65 67
67 68
67 69
65 71
65 73
73 74
73 75
65 76
76 77
76 78
65 79
64 80
80 81
81 82
82 83
82 84
81 85
85 86
85 87
80 89
80 90
90 91
90 92
63 93
93 94
93 95
46 96
45 97
97 98
97 99
16 100
100 102
14 103
14 105
105 106
105 107
14 108
13 109
12 110
11 111
8 112
7 113
6 114
5 115
115 116
116 117
116 118
118 119
119 120
119 121
121 122
121 123
118 124
124 125
124 126
115 127
127 128
127 129
4 130
3 131
131 132
132 133
132 134
134 135
134 136
131 137
137 139
137 140
140 141
141 142
142 143
143 144
144 145
145 146
146 147
147 148
148 149
149 151
149 153
149 155
149 156
149 157
157 158
157 159
148 161
148 165
148 166
148 168
147 169
146 170
145 171
144 172
143 173
142 175
142 177
142 178
141 179
179 180
179 181
140 183
140 184
184 185
184 186
137 190
137 192
137 193
137 194
194 195
194 196
137 197
2 198
1 199
