100
100
100
0 0
2 1
3 2
5 3
6 4
8 5
9 6
11 7
12 8
14 9
15 10
17 11
19 12
20 13
21 14
23 15
24 16
27 17
29 18
28 19
30 20
32 21
34 22
36 23
38 24
40 25
41 26
43 27
44 28
45 29
47 30
49 31
50 32
52 33
53 34
55 35
57 36
58 37
56 38
59 39
61 40
62 41
64 42
65 43
66 44
67 45
70 46
72 47
73 48
75 49
76 50
78 51
79 52
81 53
82 54
84 55
85 56
87 57
88 58
90 59
92 60
93 61
96 62
97 63
98 64
99 65
101 66
102 67
104 68
105 69
107 70
110 71
111 72
113 73
114 74
116 75
117 76
119 77
121 78
122 79
123 80
124 81
125 82
127 83
130 84
131 85
133 86
135 87
137 88
138 89
140 90
141 91
142 92
144 93
145 94
147 95
150 96
153 97
155 98
157 99
100 99
99 78
78 80
78 81
78 73
73 71
71 72
73 69
78 79
69 70
71 97
78 77
69 60
60 59
71 66
66 67
66 65
66 68
65 51
51 35
35 38
38 39
38 36
38 37
38 40
38 46
38 26
26 27
26 28
26 25
26 29
25 24
38 50
78 98
97 92
92 93
92 95
95 94
95 90
90 89
89 91
95 96
92 88
88 86
86 84
84 85
84 82
84 83
86 87
82 61
61 57
57 58
61 64
58 55
55 54
54 52
54 53
61 62
61 63
53 45
45 41
41 44
41 42
41 43
55 48
44 47
58 56
55 49
61 31
31 30
30 32
30 34
30 23
23 21
23 22
21 19
19 17
19 18
19 20
30 33
19 1
1 14
1 0
1 12
1 13
14 7
1 8
1 9
1 15
7 6
1 16
14 5
1 11
11 4
15 10
1 2
2 3
78 75
75 74
75 76
