100
199
0
157 2
155 4
123 9
113 11
104 16
102 18
76 23
55 30
44 34
41 35
43 37
45 38
38 40
40 41
57 43
58 44
56 45
59 46
61 47
70 48
78 49
99 50
101 51
111 52
92 55
90 56
107 58
105 59
110 60
124 62
121 63
122 65
119 66
153 68
117 71
114 73
116 74
147 78
145 79
140 81
141 83
138 84
150 86
144 89
142 90
137 92
135 94
133 96
131 98
130 100
127 102
125 104
97 107
98 108
73 113
67 116
65 119
64 121
62 123
66 124
72 125
75 126
81 129
82 131
79 132
84 133
85 135
88 137
87 138
96 140
93 142
50 145
53 146
47 149
49 150
52 152
36 155
34 156
27 160
30 163
29 164
28 165
32 166
3 169
5 170
15 175
23 176
11 178
9 179
17 181
8 183
6 184
21 186
20 190
19 191
14 193
12 194
24 196
2 198
0 199
0 1
1 2
1 3
3 4
3 5
5 6
6 7
7 8
8 9
8 10
10 11
10 12
12 13
13 14
14 15
15 16
15 17
17 18
17 19
19 20
20 21
21 22
22 23
22 24
24 25
25 26
26 27
27 28
28 29
29 30
29 31
31 32
32 33
33 34
33 35
32 36
36 37
36 38
31 39
39 40
39 41
28 42
42 43
42 44
27 45
26 46
25 47
24 48
21 49
20 50
19 51
14 52
13 53
53 54
54 55
54 56
53 57
57 58
57 59
12 60
7 61
61 62
61 63
6 64
64 65
64 66
5 67
67 68
67 69
69 70
70 71
70 72
72 73
72 74
69 75
75 76
76 77
77 78
77 79
76 80
80 81
80 82
82 83
82 84
75 85
85 86
85 87
87 88
88 89
88 90
87 91
91 92
91 93
93 94
93 95
95 96
95 97
97 98
97 99
99 100
99 101
101 102
101 103
103 104
103 105
105 106
106 107
106 108
105 109
109 110
110 111
111 112
112 113
112 114
114 115
115 116
115 117
117 118
118 119
118 120
120 121
120 122
122 123
122 124
117 125
114 126
111 127
127 128
128 129
128 130
130 131
130 132
127 133
110 134
134 135
134 136
136 137
136 138
109 139
139 140
139 141
141 142
141 143
143 144
144 145
144 146
143 147
147 148
148 149
148 150
147 151
151 152
151 153
153 154
154 155
154 156
153 157
157 158
158 159
159 160
159 161
161 162
162 163
162 164
161 165
158 166
157 167
167 168
168 169
168 170
167 171
171 172
172 173
173 174
174 175
174 176
173 177
177 178
177 179
172 180
180 181
180 182
182 183
182 184
171 185
185 186
185 187
187 188
188 189
189 190
189 191
188 192
192 193
192 194
187 195
195 196
195 197
197 198
197 199
