50
88
0
19 12
20 14
21 16
16 19
9 21
7 22
6 27
5 30
3 31
2 32
0 33
15 34
14 37
10 38
13 40
12 41
23 43
31 44
25 46
24 45
29 49
26 50
34 53
32 54
28 55
30 56
62 57
67 59
44 63
40 64
42 65
43 66
66 69
38 72
37 73
35 74
65 75
61 78
71 80
73 81
58 84
47 88
45 89
51 91
53 93
49 94
48 95
56 97
54 98
76 99
0 1
1 2
2 3
3 5
5 6
6 7
7 9
9 10
10 11
11 12
11 13
13 14
13 15
15 16
15 17
17 18
18 19
18 20
20 21
20 22
17 23
23 25
25 27
25 30
25 31
25 32
25 33
23 34
23 35
35 37
35 38
35 39
39 40
39 41
10 42
42 43
42 44
9 45
45 46
7 48
48 49
48 50
7 51
51 52
52 53
52 54
51 55
6 56
5 57
3 58
58 59
58 60
60 63
60 64
60 65
60 66
3 67
67 68
68 69
68 70
70 71
71 72
71 73
70 74
67 75
2 76
76 77
77 78
77 79
79 80
79 81
76 82
82 83
83 84
83 85
85 87
87 88
87 89
85 90
90 91
90 92
92 93
92 94
85 95
82 96
96 97
96 98
1 99
