50
77
77
56 73
42 45
43 25
61 38
62 15
49 30
66 44
67 24
53 42
24 0
25 10
26 12
20 76
21 34
48 56
23 47
47 58
44 51
45 19
28 13
29 40
40 7
0 62
3 6
2 66
5 37
7 23
6 49
9 54
51 28
76 31
38 21
73 43
71 32
58 29
10 71
13 48
12 5
15 9
14 20
16 14
19 67
32 35
31 61
30 26
37 2
35 16
34 65
54 3
65 53
55 56
55 54
41 42
46 48
41 43
72 60
60 61
63 62
69 63
70 64
50 49
64 66
68 67
69 68
70 69
57 52
52 53
27 24
24 25
27 26
63 27
18 20
18 21
27 22
22 23
52 46
46 47
41 44
46 45
27 28
27 29
41 40
68 41
4 1
1 0
4 3
1 2
4 5
11 4
8 7
4 6
8 9
17 8
50 51
63 33
64 39
64 65
75 76
77 75
39 38
74 73
74 72
72 71
75 70
60 59
57 58
17 11
11 10
11 13
11 12
11 15
11 14
18 17
17 16
18 19
22 18
27 31
27 30
36 37
39 36
36 35
33 34
59 55
75 74
33 32
59 57
52 50
