50
77
77
56 15
42 14
43 24
61 26
62 71
49 67
66 65
67 32
53 58
24 35
25 76
26 19
20 38
21 6
48 9
23 20
47 56
44 73
45 12
28 16
29 54
40 49
0 10
3 21
2 25
5 23
7 0
6 34
9 44
51 37
76 28
38 47
73 62
71 31
58 3
10 61
13 42
12 5
15 53
14 29
16 2
19 45
32 51
31 13
30 48
37 30
35 7
34 43
54 40
65 66
55 56
55 54
41 42
46 48
41 43
72 60
60 61
63 62
69 63
70 64
50 49
64 66
68 67
69 68
70 69
57 52
52 53
27 24
24 25
27 26
63 27
18 20
18 21
27 22
22 23
52 46
46 47
41 44
46 45
27 28
27 29
41 40
68 41
4 1
1 0
4 3
1 2
4 5
11 4
8 7
4 6
8 9
17 8
50 51
63 33
64 39
64 65
75 76
77 75
39 38
74 73
74 72
72 71
75 70
60 59
57 58
17 11
11 10
11 13
11 12
11 15
11 14
18 17
17 16
18 19
22 18
27 31
27 30
36 37
39 36
36 35
33 34
59 55
75 74
33 32
59 57
52 50
