50
99
0
76 2
73 5
71 7
61 9
58 12
53 14
49 16
48 18
51 20
47 22
45 23
56 25
54 26
67 30
40 32
42 34
43 36
44 37
65 39
35 43
37 44
38 45
66 46
32 49
34 50
62 52
30 54
26 57
29 58
28 60
25 63
24 64
23 67
31 68
19 71
20 72
21 74
16 77
7 79
9 80
10 83
12 86
13 87
14 88
2 92
5 93
6 95
3 96
15 98
0 99
0 1
1 2
1 3
3 4
4 5
4 6
6 7
6 8
8 9
8 10
10 11
11 12
11 13
13 14
13 15
15 16
15 17
17 18
17 19
19 20
19 21
21 22
21 23
10 24
24 25
24 26
3 27
27 28
28 29
29 30
29 31
31 32
31 33
33 34
33 35
35 36
35 37
28 38
38 39
38 40
40 41
41 42
42 43
42 44
41 45
40 46
27 47
47 48
48 49
48 50
47 51
51 52
51 53
53 54
53 55
55 56
56 57
56 58
55 59
59 60
59 61
61 62
62 63
62 64
61 65
65 66
66 67
66 68
65 69
69 70
70 71
70 72
69 73
73 74
73 75
75 76
76 77
76 78
78 79
78 80
75 81
81 82
82 83
82 84
84 85
85 86
85 87
84 88
81 89
89 90
90 91
91 92
91 93
90 94
94 95
94 96
89 97
97 98
97 99
