50
77
77
56 56
42 42
43 43
61 61
62 62
49 49
66 66
67 67
53 53
24 24
25 25
26 26
20 20
21 21
48 48
23 23
47 47
44 44
45 45
28 28
29 29
40 40
0 0
3 3
2 2
5 5
7 7
6 6
9 9
51 51
76 76
38 38
73 73
71 71
58 58
10 10
13 13
12 12
15 15
14 14
16 16
19 19
32 32
31 31
30 30
37 37
35 35
34 34
54 54
65 65
55 56
55 54
41 42
46 48
41 43
72 60
60 61
63 62
69 63
70 64
50 49
64 66
68 67
69 68
70 69
57 52
52 53
27 24
24 25
27 26
63 27
18 20
18 21
27 22
22 23
52 46
46 47
41 44
46 45
27 28
27 29
41 40
68 41
4 1
1 0
4 3
1 2
4 5
11 4
8 7
4 6
8 9
17 8
50 51
63 33
64 39
64 65
75 76
77 75
39 38
74 73
74 72
72 71
75 70
60 59
57 58
17 11
11 10
11 13
11 12
11 15
11 14
18 17
17 16
18 19
22 18
27 31
27 30
36 37
39 36
36 35
33 34
59 55
75 74
33 32
59 57
52 50
