50
85
85
51 51
43 43
61 61
62 62
64 64
65 65
67 67
68 68
81 81
84 84
24 24
25 25
27 27
20 20
22 22
46 46
47 47
44 44
28 28
29 29
40 40
41 41
0 0
3 3
2 2
5 5
7 7
9 9
82 82
39 39
75 75
73 73
70 70
59 59
79 79
78 78
10 10
13 13
12 12
15 15
48 48
55 55
18 18
57 57
37 37
36 36
53 53
34 34
32 32
50 50
56 45
80 81
74 54
52 51
42 43
63 60
60 61
60 62
76 63
63 64
52 53
71 66
66 67
69 68
71 69
83 80
54 52
85 77
60 42
23 24
26 25
30 26
26 27
21 20
31 21
23 22
30 23
58 46
46 47
45 44
49 48
26 28
30 29
38 40
42 41
8 1
1 0
4 3
1 2
4 5
6 4
6 7
17 6
8 9
14 8
77 78
54 49
83 82
58 56
85 83
60 33
83 84
38 39
66 65
77 76
74 75
45 38
72 73
80 72
72 71
69 70
60 59
80 79
63 58
14 11
11 10
11 13
11 12
16 15
16 14
19 17
19 16
21 19
17 18
33 31
31 30
38 37
35 36
38 35
35 34
56 55
76 74
33 32
56 57
49 50
