50
94
0
78 3
64 6
54 8
46 11
43 14
21 17
17 19
18 21
14 25
1 28
0 29
4 31
2 32
12 34
8 36
7 37
5 38
9 40
11 41
45 44
42 46
40 47
36 49
34 50
33 52
28 54
31 57
30 58
24 60
22 61
27 63
25 64
50 66
39 68
37 69
49 71
48 72
73 74
71 76
70 77
68 78
66 79
61 82
57 84
62 87
59 88
56 90
55 91
76 93
74 94
0 1
1 2
2 3
2 4
4 5
5 6
5 7
7 8
7 9
9 10
10 11
10 12
12 13
13 14
13 15
15 16
16 17
16 18
18 19
18 20
20 21
20 22
22 23
23 24
24 25
24 26
26 27
27 28
27 29
26 30
30 31
30 32
23 33
33 34
33 35
35 36
35 37
35 38
22 39
39 40
39 41
15 42
42 43
43 44
43 45
45 46
45 47
42 48
48 49
48 50
12 51
51 52
51 53
53 54
53 55
55 56
56 57
56 58
56 59
59 60
59 61
55 62
62 63
62 64
10 65
65 66
65 67
67 68
67 69
9 70
70 71
70 72
4 73
73 74
73 75
75 76
75 77
75 78
75 79
1 80
80 81
81 82
81 83
83 84
83 85
85 86
86 87
86 88
85 89
89 90
89 91
80 92
92 93
92 94
