50
86
1
56 9
66 16
34 32
1 37
18 41
0 43
2 44
4 45
5 46
7 47
8 48
9 49
11 50
12 51
14 52
17 53
21 54
22 55
24 56
25 57
27 58
28 59
30 60
31 61
33 62
36 63
37 64
39 65
40 66
42 67
43 68
45 69
46 70
48 71
49 72
50 73
54 74
55 75
57 76
59 77
61 78
62 79
64 80
68 81
70 82
71 83
73 84
74 85
76 86
78 87
1 2
2 3
3 4
3 5
5 6
6 7
7 8
8 9
9 10
8 11
5 12
12 13
12 14
14 15
14 16
14 17
2 18
18 19
19 20
20 21
19 22
18 23
23 24
24 25
23 26
26 27
18 28
28 29
29 30
30 31
28 32
28 33
33 34
34 35
35 36
36 37
37 38
35 39
35 40
34 41
18 42
37 43
38 44
38 45
40 46
40 47
40 48
35 49
35 50
39 51
36 52
34 53
33 54
22 55
19 56
19 57
21 58
20 59
19 60
19 61
20 62
29 63
25 64
24 65
31 66
31 67
28 68
30 69
23 70
26 71
27 72
26 73
18 74
9 75
10 76
9 77
11 78
4 79
18 80
14 81
15 82
17 83
13 84
7 85
7 86
6 87
