50
79
79
56 56
54 54
42 42
50 50
61 61
62 62
64 64
66 66
68 68
24 24
25 25
27 27
21 21
22 22
49 49
46 46
45 45
28 28
43 43
40 40
1 1
0 0
2 2
5 5
4 4
7 7
9 9
8 8
76 76
74 74
73 73
71 71
70 70
78 78
11 11
39 39
12 12
59 59
14 14
17 17
33 33
18 18
31 31
30 30
37 37
36 36
34 34
55 55
48 48
57 57
58 56
79 77
53 54
41 42
44 43
75 60
60 61
60 62
65 63
65 64
48 49
67 66
69 67
69 68
72 69
52 32
63 53
23 24
26 25
29 26
26 27
44 20
20 21
23 22
29 23
47 46
51 47
52 44
44 45
29 28
32 29
41 40
44 41
3 1
1 0
15 3
3 2
6 5
3 4
6 7
13 6
10 9
6 8
63 52
53 51
77 78
38 39
67 65
75 76
77 75
47 38
72 73
77 72
69 71
69 70
58 59
60 58
10 11
13 10
15 13
13 12
16 15
13 14
16 17
19 16
20 19
19 18
29 31
29 30
38 37
35 36
44 35
35 34
32 33
56 55
75 74
51 48
56 57
51 50
