472
674
0
387 28
385 30
382 32
381 33
391 35
377 36
388 39
376 17
386 41
392 42
393 43
395 45
380 48
372 49
378 50
390 53
364 56
334 57
389 58
358 60
353 61
369 64
371 65
375 67
355 69
350 71
348 73
341 74
374 83
347 84
346 86
345 88
342 89
344 90
357 95
356 94
257 98
256 97
352 102
315 105
312 106
314 107
338 108
299 112
300 115
249 116
250 118
248 120
305 121
327 124
325 127
316 130
260 132
258 133
318 134
324 136
322 138
306 140
303 145
286 144
289 150
280 151
284 152
288 155
287 156
283 158
282 159
285 160
302 162
262 164
252 165
251 167
326 168
297 176
266 179
264 180
247 183
245 184
243 185
293 191
290 193
246 194
270 195
295 196
294 197
271 200
269 201
267 202
292 203
255 207
237 209
235 210
253 211
233 215
232 216
229 217
231 218
328 220
311 222
308 224
310 225
343 227
242 233
239 234
238 228
240 236
241 237
227 239
225 240
332 243
279 246
278 249
275 250
277 251
221 254
218 261
213 262
214 263
215 265
209 269
198 271
196 272
208 275
55 289
54 288
89 292
42 293
86 294
87 296
83 297
115 302
98 311
95 312
92 313
96 317
38 319
37 316
52 323
51 326
17 327
16 329
94 330
93 335
91 336
90 306
36 339
34 340
9 342
7 343
53 344
41 346
39 347
97 348
33 351
63 353
32 354
30 355
23 357
21 358
20 361
18 362
29 363
50 364
49 366
72 371
70 372
68 375
67 377
66 367
56 379
27 385
24 386
12 390
11 387
0 393
10 394
2 395
26 396
6 399
3 400
5 401
65 402
69 403
118 406
105 408
74 410
59 412
57 413
107 416
100 418
99 420
79 425
77 426
82 427
81 428
80 429
61 433
64 432
76 435
15 438
13 437
113 440
85 441
44 442
88 443
152 450
138 452
136 453
150 455
148 456
141 460
111 461
109 280
112 463
144 467
128 471
126 472
125 475
123 477
122 480
121 482
120 483
48 485
46 484
124 487
129 488
139 490
104 493
102 494
134 496
133 498
132 499
142 500
110 501
108 502
160 503
181 505
179 506
194 511
189 512
169 513
183 514
171 515
195 518
192 519
164 521
146 523
145 522
206 525
203 527
205 534
202 535
201 536
200 528
187 541
168 543
166 544
178 546
176 547
204 548
199 549
175 553
155 555
153 556
173 558
163 561
161 562
158 564
156 565
186 567
184 568
217 570
216 571
219 572
211 573
224 575
222 576
330 577
339 578
394 580
321 582
319 583
368 586
362 588
367 589
365 592
363 595
274 597
272 598
361 599
337 601
335 602
384 604
379 605
383 606
402 607
406 612
404 614
398 616
396 617
405 618
403 619
436 620
418 623
414 624
413 626
408 627
407 629
426 630
479 631
484 632
482 635
438 636
476 638
472 639
480 647
430 648
432 651
431 652
428 653
425 655
423 656
487 661
411 663
409 664
445 666
443 657
442 669
474 672
444 673
448 675
435 676
433 678
446 679
441 681
439 682
470 9
478 687
473 686
475 691
471 692
469 693
486 696
481 697
485 698
483 701
466 703
465 705
464 702
477 707
496 708
495 712
492 718
489 715
490 722
491 723
488 724
455 727
452 728
454 729
468 732
467 730
451 735
449 736
463 737
457 740
456 739
459 743
458 742
493 745
462 747
460 748
604 750
602 751
601 753
600 756
599 757
597 758
611 759
609 761
544 764
542 765
605 767
541 776
531 778
530 780
528 781
539 785
525 790
519 791
523 792
522 794
521 795
503 797
502 799
500 800
512 801
536 806
513 807
518 809
517 811
499 813
497 814
532 816
506 818
504 819
508 821
509 824
510 825
507 820
537 827
515 828
538 829
534 830
524 831
527 832
640 835
636 837
638 839
632 844
630 846
628 847
623 852
620 854
622 855
618 848
416 859
399 861
401 862
619 864
621 865
422 868
421 869
419 870
593 873
589 876
588 878
586 879
591 880
624 882
571 889
569 891
567 896
565 897
564 901
555 902
552 904
551 903
558 907
553 909
547 911
545 912
568 914
562 917
560 918
556 919
550 921
548 922
576 887
575 925
573 926
583 930
582 931
580 932
581 933
584 934
595 935
626 937
617 940
616 941
614 942
643 943
0 1
1 2
2 3
3 4
4 5
5 6
6 7
7 9
9 15
15 16
16 17
17 28
17 30
17 32
17 33
17 35
17 36
17 39
17 41
17 42
17 43
17 45
17 47
47 48
47 49
17 50
17 53
53 55
55 56
55 57
17 58
17 59
59 60
59 61
17 63
63 64
63 65
17 66
66 67
67 69
66 71
66 73
66 74
17 78
78 83
78 84
78 86
78 87
87 88
87 89
78 90
78 94
94 95
78 97
97 98
78 100
100 102
100 103
103 105
103 106
103 107
100 108
108 111
111 112
111 113
113 114
114 115
114 116
116 118
118 120
113 121
108 122
122 124
122 127
122 128
128 130
128 131
131 132
131 133
128 134
122 136
122 138
122 139
139 140
139 141
141 142
142 144
144 145
142 150
142 151
142 152
142 155
142 156
142 158
142 159
142 160
141 162
141 163
163 164
163 165
165 167
122 168
78 171
171 173
173 176
173 178
178 179
178 180
173 181
181 183
181 184
181 185
173 186
186 189
189 191
189 192
192 193
192 194
189 195
186 196
186 197
186 198
198 200
198 201
198 202
173 203
171 204
204 205
205 206
206 207
206 208
208 209
208 210
205 211
204 212
212 215
212 216
212 217
212 218
171 219
219 220
219 221
221 222
222 224
221 225
78 226
226 227
226 228
228 233
228 234
228 236
228 237
228 238
238 239
238 240
78 241
241 242
242 243
242 244
244 246
244 249
244 250
244 251
244 252
252 254
252 255
255 257
257 260
260 261
260 262
257 263
257 265
257 266
266 269
266 270
270 271
270 272
266 273
273 275
273 276
276 277
277 278
278 279
279 280
280 281
281 282
282 288
288 289
282 291
291 292
291 293
282 294
282 295
295 296
295 297
282 298
298 302
298 303
303 306
306 309
309 311
309 312
309 313
306 316
316 317
316 319
306 323
323 326
323 327
327 329
306 330
306 335
306 336
306 338
338 339
338 340
306 341
341 342
341 343
306 344
306 345
345 346
345 347
306 348
303 350
350 351
350 352
352 353
352 354
303 355
303 356
356 357
356 358
303 359
359 360
360 361
360 362
359 363
298 364
364 366
298 367
367 370
370 371
370 372
367 375
367 377
367 379
379 382
382 383
383 385
383 386
383 387
387 390
387 393
387 394
387 395
382 396
379 397
397 399
397 400
397 401
367 402
367 403
298 404
404 406
404 407
407 408
407 409
409 410
409 411
411 412
411 413
404 415
415 416
415 418
418 420
415 421
421 424
424 425
424 426
421 427
421 428
421 429
404 430
430 432
432 433
430 435
430 436
436 437
437 438
436 440
282 441
282 442
281 443
280 448
448 450
448 451
451 452
451 453
448 454
454 455
454 456
280 460
280 461
280 463
280 464
464 467
464 468
468 469
469 471
469 472
469 473
473 475
473 477
473 478
478 480
478 482
478 483
478 484
484 485
473 487
468 488
488 490
464 491
491 492
492 493
492 494
491 496
491 498
491 499
464 500
280 501
280 502
279 503
278 504
504 505
504 506
277 507
507 510
510 511
510 512
507 513
507 514
507 515
276 517
517 518
517 519
276 520
520 521
520 522
522 523
273 525
266 526
526 527
526 528
528 534
528 535
528 536
528 539
539 541
539 542
542 543
542 544
539 545
545 546
545 547
528 548
528 549
528 550
550 551
551 552
552 553
552 554
554 555
554 556
551 557
557 558
557 560
560 561
560 562
557 563
563 564
563 565
550 566
566 567
566 568
257 569
569 570
569 571
255 572
255 573
252 574
574 575
574 576
241 577
78 578
17 579
579 580
579 581
581 582
581 583
17 584
584 586
586 588
584 589
584 590
590 592
590 595
590 596
596 597
596 598
590 599
590 600
600 601
600 602
17 603
603 604
603 605
17 606
17 607
607 612
607 614
607 615
615 616
615 617
607 618
607 619
16 620
15 621
621 623
621 624
621 626
621 627
627 629
9 630
9 631
9 632
9 634
634 635
634 636
9 637
637 638
637 639
9 644
644 645
645 646
646 647
646 648
645 651
645 652
645 653
644 654
654 655
654 656
9 657
657 661
657 662
662 663
662 664
657 666
657 669
657 670
670 672
670 673
670 674
674 675
674 676
676 678
657 679
9 680
680 681
680 682
9 686
686 687
9 691
9 692
9 693
9 696
9 697
9 698
9 700
700 701
700 702
702 703
702 705
9 707
7 708
7 712
7 715
715 718
715 722
715 723
715 724
715 725
725 727
725 728
725 729
7 730
730 732
730 734
734 735
734 736
7 737
737 739
739 740
7 742
742 743
7 745
6 746
746 747
746 748
5 750
5 751
4 752
752 753
752 754
754 755
755 756
755 757
754 758
3 759
2 760
760 761
760 762
762 763
763 764
763 765
762 766
766 767
766 768
768 769
769 771
771 775
775 776
775 778
775 779
779 780
779 781
771 782
782 783
783 784
784 785
784 786
786 787
787 788
788 790
788 791
788 792
787 793
793 794
793 795
786 796
796 797
796 798
798 799
798 800
783 801
782 805
805 806
805 807
782 809
782 811
782 812
812 813
812 814
782 815
815 816
815 817
817 818
817 819
782 820
820 821
821 824
821 825
771 827
771 828
771 829
769 830
769 831
768 832
1 833
833 834
834 835
834 836
836 837
836 838
838 839
838 840
840 841
841 842
842 843
843 844
843 845
845 846
845 847
842 848
848 852
852 854
848 855
848 857
857 859
857 860
860 861
860 862
857 863
863 864
863 865
848 866
866 868
866 869
866 870
841 871
871 872
872 873
872 874
874 875
875 876
875 878
875 879
874 880
871 881
881 882
881 883
883 884
884 885
885 886
886 887
887 888
888 889
888 890
890 891
890 892
892 894
894 895
895 896
895 897
894 899
899 900
900 901
900 902
899 903
903 904
894 906
906 907
906 908
908 909
908 910
910 911
910 912
892 914
892 916
916 917
916 918
892 919
892 920
920 921
920 922
886 924
924 925
924 926
885 927
927 930
927 931
927 932
927 933
884 934
883 935
840 936
936 937
936 938
938 940
938 941
938 942
833 943
