472
644
644
344 51
0 129
346 497
347 496
341 286
342 350
343 297
348 133
595 81
619 267
299 365
297 361
294 593
295 222
292 402
293 293
290 9
591 310
593 125
199 260
198 347
597 597
195 569
194 30
196 392
192 246
270 120
271 332
272 271
274 294
275 2
277 221
278 163
279 458
524 394
525 620
527 146
521 346
522 311
523 456
599 524
528 638
449 401
448 506
443 372
442 509
441 314
446 219
445 404
444 251
108 369
109 442
102 517
100 636
107 614
104 257
105 59
39 76
38 235
33 492
32 126
30 186
37 452
36 616
601 118
34 485
640 70
643 583
438 11
439 643
436 232
435 122
432 468
433 218
430 491
431 231
339 640
338 7
335 305
334 300
337 321
330 178
332 356
345 155
6 277
99 348
98 395
91 253
90 274
93 600
92 16
95 5
94 42
97 166
96 515
558 249
555 490
556 414
551 352
550 32
553 181
552 285
238 46
239 443
235 375
237 521
231 325
232 98
233 27
614 92
146 611
144 432
145 601
142 245
141 50
611 123
616 335
617 548
148 248
623 266
622 272
133 486
132 376
136 269
134 55
495 547
139 525
138 522
490 383
491 121
492 128
493 459
24 617
26 413
27 289
20 132
21 445
23 105
29 229
407 12
406 470
405 144
404 100
403 206
402 77
401 192
409 256
408 153
379 199
378 537
371 278
372 605
375 408
374 460
377 495
376 581
618 93
393 111
392 53
88 279
89 152
396 242
395 589
394 499
82 345
83 319
399 466
81 423
86 39
87 29
85 425
7 158
586 550
584 362
582 519
583 204
580 308
581 306
588 552
589 381
245 65
247 483
246 21
241 489
240 91
243 49
242 621
249 419
248 200
519 23
518 371
510 507
513 94
512 565
515 568
517 34
458 13
459 139
621 213
620 488
626 292
624 576
451 145
452 382
628 341
454 342
455 334
456 115
457 438
179 208
178 344
176 83
175 214
173 290
171 17
253 238
183 480
181 247
186 89
187 88
184 358
189 464
11 250
10 169
13 283
12 602
15 367
17 315
16 518
18 567
322 203
321 237
326 479
327 380
324 523
325 262
328 198
201 355
200 467
203 436
202 448
205 215
204 20
206 544
209 216
208 56
77 10
76 389
74 531
72 337
70 79
79 142
2 339
542 102
541 284
547 493
544 217
545 624
548 302
120 530
121 609
122 555
123 482
124 428
125 74
126 386
128 455
129 580
414 327
416 508
411 586
413 173
418 184
419 69
499 462
319 545
318 38
312 324
311 196
310 405
316 171
315 202
314 26
496 622
497 239
3 422
368 384
369 179
367 449
364 113
365 85
362 435
363 446
361 288
380 124
381 3
382 15
383 82
384 282
385 473
386 623
387 90
388 299
389 41
604 357
573 374
571 421
576 575
575 252
61 595
258 318
63 241
64 558
65 52
66 472
67 618
252 330
69 36
250 433
251 539
256 110
257 97
255 416
602 451
508 500
509 430
506 475
507 474
504 477
502 457
503 328
500 571
630 175
632 377
469 588
468 604
636 303
465 183
464 107
467 64
466 364
460 481
463 195
462 619
168 194
169 287
164 280
166 255
160 391
161 134
163 463
9 87
357 573
356 385
355 0
353 270
352 465
350 512
358 95
216 556
217 553
214 390
215 582
213 68
211 72
218 258
219 396
289 503
288 527
280 541
283 399
282 513
285 141
284 138
287 626
286 538
262 233
260 338
267 484
266 176
264 44
269 201
59 393
55 409
54 439
57 108
56 211
51 418
50 205
53 407
52 18
537 368
536 67
534 264
532 104
531 86
530 148
539 243
538 37
115 411
68 312
111 431
110 63
113 6
112 599
118 632
428 99
421 628
423 112
422 54
425 96
426 227
308 403
300 426
302 57
303 444
305 504
306 469
568 387
569 406
560 109
562 630
564 24
565 532
567 275
229 168
227 487
225 66
224 150
222 160
221 542
391 378
390 353
605 560
150 471
153 240
152 562
155 534
600 61
156 187
158 454
609 224
80 564
398 80
48 363
49 591
46 136
44 343
42 322
41 528
638 316
5 48
489 33
488 156
487 536
486 398
485 388
484 189
483 326
482 510
481 502
480 209
472 584
473 551
470 161
471 476
476 295
477 441
474 478
475 164
478 379
479 225
340 344
1 0
340 346
340 347
376 340
340 341
340 342
340 343
349 348
376 349
596 595
608 606
603 594
618 619
304 298
298 299
340 296
296 297
291 294
291 295
291 292
291 293
291 290
296 291
590 591
592 590
592 593
625 592
200 199
197 198
598 597
625 596
193 195
193 194
210 197
197 196
193 191
193 190
207 193
193 192
268 270
268 271
273 272
360 273
273 274
276 275
331 276
276 277
276 278
276 279
520 524
520 525
535 526
526 527
533 520
520 521
520 522
520 523
598 599
529 528
540 529
450 449
447 448
470 443
443 442
440 441
470 440
470 447
443 446
443 445
443 444
109 108
151 109
103 102
131 103
101 100
117 101
117 106
106 107
103 104
106 105
40 39
37 38
31 33
31 32
90 31
31 30
90 37
35 36
90 35
35 34
642 641
641 640
642 643
644 642
437 438
440 439
437 436
470 437
447 434
434 435
429 432
434 433
429 430
429 431
340 339
351 338
336 335
333 334
336 337
360 336
376 331
331 330
376 333
331 332
340 345
4 6
100 99
90 98
90 91
116 90
90 93
90 92
90 95
90 94
90 97
90 96
566 559
557 558
554 555
563 554
561 557
557 556
563 551
549 550
554 553
551 552
296 238
238 239
276 234
236 235
254 236
236 237
261 230
230 231
230 232
230 233
11 1
615 614
145 146
151 147
143 144
165 145
143 142
149 143
151 140
140 141
613 612
642 613
613 610
612 611
615 616
615 617
149 148
151 149
618 623
618 622
131 133
131 132
143 131
143 130
147 137
137 136
147 135
131 134
594 494
494 495
140 139
137 138
489 490
489 491
489 492
494 493
25 24
45 25
25 26
25 27
19 20
22 21
62 22
22 23
40 28
28 29
408 407
402 406
402 405
402 404
402 403
427 402
400 401
415 400
631 629
410 409
412 408
629 628
376 379
376 378
370 371
376 370
376 373
373 372
376 375
373 374
376 377
402 376
631 618
376 393
376 392
84 88
84 89
402 397
397 396
376 395
376 394
78 82
84 83
78 80
78 81
84 86
84 87
116 84
84 85
8 7
598 601
612 607
587 586
590 587
585 584
596 585
579 582
579 583
579 580
579 581
587 588
590 589
244 245
296 244
244 247
244 246
238 241
238 240
244 243
238 242
627 615
298 249
249 248
520 519
516 518
535 511
508 510
514 513
511 512
514 515
535 514
516 517
526 516
494 458
458 459
618 621
618 620
635 627
627 626
634 625
625 624
467 450
450 451
453 452
489 453
453 454
453 455
463 456
456 457
180 179
177 178
188 177
177 176
174 175
200 174
172 173
200 172
170 171
182 170
254 253
191 182
182 183
191 180
180 181
185 186
188 187
185 184
200 185
200 188
190 189
45 11
11 10
14 13
11 12
14 15
60 14
52 17
17 16
28 19
19 18
116 62
323 322
338 323
376 320
320 321
323 326
323 327
323 324
323 325
329 328
333 329
200 201
210 200
200 203
200 202
200 205
200 204
212 207
207 206
210 209
207 208
78 77
75 76
114 75
73 74
106 73
71 72
116 71
71 70
78 79
101 78
1 2
543 542
608 543
606 540
540 541
554 546
546 547
543 544
546 545
90 8
549 548
559 549
66 68
607 598
119 120
119 121
119 122
119 123
119 124
119 125
127 126
130 127
127 128
130 129
412 414
618 415
415 416
470 417
443 410
410 411
417 412
412 413
516 498
417 418
420 419
498 499
320 319
317 318
351 313
313 312
309 311
309 310
323 317
317 316
313 315
313 314
494 496
498 497
4 3
366 368
370 369
376 366
366 367
360 364
360 365
360 362
360 363
366 360
360 361
376 380
376 381
376 382
376 383
376 384
376 385
376 386
376 387
376 388
376 389
606 605
585 579
579 578
603 604
574 573
577 572
572 571
572 570
578 577
577 576
574 575
578 574
64 60
60 61
259 258
323 259
75 64
66 65
116 66
66 67
263 252
66 69
249 250
252 251
340 256
256 257
261 254
254 255
607 603
603 602
526 508
508 509
505 506
508 507
505 504
511 505
501 502
501 503
501 500
533 501
629 630
633 631
633 632
634 633
470 469
467 468
637 636
639 637
464 465
494 464
494 467
464 466
494 461
461 460
494 463
461 462
167 168
170 169
165 164
190 165
167 166
188 167
159 160
162 161
172 162
162 163
598 600
8 9
356 357
376 356
354 355
359 354
354 353
351 352
376 351
349 350
376 359
359 358
212 216
212 217
212 214
212 215
234 212
212 213
212 210
210 211
212 218
220 219
281 289
281 288
56 4
301 281
281 280
281 283
281 282
281 285
281 284
281 287
281 286
301 263
263 262
376 261
259 260
268 267
265 266
296 265
265 264
268 269
291 268
58 59
73 58
54 55
84 54
58 57
116 56
52 51
62 50
52 53
90 52
535 537
535 536
540 535
62 63
540 533
533 532
529 531
529 530
540 539
535 538
116 115
117 114
135 117
135 116
109 111
109 110
114 113
109 112
127 119
117 118
470 429
429 428
535 534
420 421
618 420
424 423
420 422
424 425
443 424
470 427
427 426
309 308
329 309
298 300
307 301
301 302
301 303
338 304
304 305
307 306
323 307
566 568
570 569
559 560
566 561
561 562
566 563
563 564
563 565
570 566
566 567
230 229
234 228
226 227
238 226
226 225
223 224
228 223
223 222
220 221
228 220
376 391
376 390
159 151
149 150
154 153
151 152
154 155
174 154
172 157
157 156
191 159
157 158
610 609
610 608
635 634
400 399
639 635
397 398
47 48
50 49
47 46
119 47
43 44
56 45
43 42
84 43
90 40
40 41
637 638
4 5
641 639
594 489
489 488
470 487
470 486
470 485
470 484
470 483
470 482
470 481
470 480
470 472
470 473
494 470
470 471
470 476
470 477
470 474
470 475
470 478
470 479
