472
644
644
344 160
0 500
346 339
347 401
341 41
342 76
343 515
348 275
595 381
619 525
299 441
297 55
294 250
295 466
292 206
293 231
290 335
591 302
593 61
199 517
198 54
597 49
195 315
194 242
196 451
192 640
270 479
271 33
272 465
274 343
275 459
277 460
278 169
279 396
524 13
525 264
527 105
521 32
522 518
523 493
599 42
528 15
449 256
448 89
443 153
442 91
441 487
446 299
445 287
444 118
108 609
109 37
102 305
100 489
107 379
104 485
105 16
39 7
38 280
33 469
32 391
30 44
37 202
36 419
601 30
34 300
640 121
643 209
438 183
439 328
436 480
435 2
432 551
433 375
430 247
431 357
339 179
338 576
335 104
334 512
337 337
330 542
332 508
345 474
6 156
99 622
98 484
91 164
90 439
93 120
92 342
95 389
94 99
97 257
96 369
558 306
555 464
556 161
551 398
550 457
553 643
552 620
238 189
239 81
235 83
237 422
231 267
232 597
233 588
614 586
146 604
144 458
145 27
142 277
141 319
611 522
616 38
617 446
148 239
623 196
622 204
133 72
132 367
136 530
134 407
495 513
139 519
138 363
490 26
491 175
492 271
493 418
24 178
26 582
27 495
20 350
21 155
23 510
29 136
407 348
406 258
405 248
404 426
403 421
402 402
401 638
409 6
408 327
379 126
378 102
371 39
372 252
375 483
374 571
377 208
376 433
618 219
393 56
392 436
88 308
89 490
396 473
395 249
394 378
82 565
83 57
399 536
81 486
86 564
87 97
85 46
7 567
586 575
584 472
582 476
583 233
580 371
581 284
588 139
589 274
245 108
247 325
246 599
241 388
240 395
243 282
242 405
249 399
248 462
519 85
518 94
510 0
513 544
512 347
515 372
517 67
458 584
459 278
621 213
620 386
626 3
624 454
451 292
452 255
628 9
454 69
455 431
456 20
457 616
179 444
178 240
176 553
175 5
173 602
171 504
253 109
183 442
181 100
186 293
187 562
184 432
189 289
11 128
10 163
13 322
12 251
15 86
17 509
16 192
18 87
322 332
321 497
326 619
327 353
324 198
325 51
328 92
201 383
200 222
203 232
202 146
205 531
204 330
206 176
209 133
208 449
77 438
76 385
74 12
72 365
70 626
79 376
2 470
542 413
541 611
547 311
544 583
545 216
548 387
120 318
121 492
122 595
123 628
124 17
125 215
126 65
128 253
129 435
414 623
416 527
411 537
413 145
418 138
419 477
499 229
319 614
318 605
312 194
311 545
310 314
316 621
315 96
314 152
496 548
497 408
3 550
368 10
369 150
367 392
364 630
365 338
362 115
363 423
361 463
380 124
381 346
382 66
383 68
384 205
385 321
386 29
387 203
388 406
389 181
604 502
573 246
571 430
576 214
575 11
61 507
258 390
63 224
64 285
65 125
66 24
67 403
252 377
69 445
250 482
251 312
256 297
257 269
255 394
602 77
508 316
509 245
506 272
507 573
504 171
502 168
503 34
500 467
630 393
632 481
469 158
468 270
636 260
465 110
464 218
467 211
466 262
460 326
463 382
462 345
168 414
169 506
164 237
166 636
160 266
161 294
163 368
9 624
357 286
356 499
355 521
353 352
352 478
350 290
358 491
216 129
217 589
214 36
215 80
213 93
211 364
218 90
219 496
289 48
288 560
280 79
283 538
282 556
285 547
284 411
287 617
286 227
262 384
260 295
267 425
266 552
264 74
269 134
59 593
55 468
54 601
57 303
56 187
51 361
50 144
53 355
52 569
537 122
536 600
534 488
532 111
531 524
530 455
539 374
538 591
115 201
68 186
111 238
110 113
113 380
112 362
118 82
428 443
421 503
423 141
422 416
425 107
426 23
308 568
300 18
302 217
303 63
305 528
306 243
568 448
569 53
560 173
562 324
564 166
565 356
567 241
229 428
227 471
225 334
224 632
222 235
221 541
391 409
390 148
605 539
150 404
153 532
152 341
155 279
600 310
156 64
158 452
609 88
80 112
398 523
48 52
49 225
46 199
44 581
42 50
41 142
638 95
5 555
489 59
488 132
487 123
486 184
485 288
484 456
483 558
482 283
481 70
480 534
472 200
473 21
470 344
471 358
476 195
477 618
474 580
475 221
478 98
479 475
340 344
1 0
340 346
340 347
376 340
340 341
340 342
340 343
349 348
376 349
596 595
608 606
603 594
618 619
304 298
298 299
340 296
296 297
291 294
291 295
291 292
291 293
291 290
296 291
590 591
592 590
592 593
625 592
200 199
197 198
598 597
625 596
193 195
193 194
210 197
197 196
193 191
193 190
207 193
193 192
268 270
268 271
273 272
360 273
273 274
276 275
331 276
276 277
276 278
276 279
520 524
520 525
535 526
526 527
533 520
520 521
520 522
520 523
598 599
529 528
540 529
450 449
447 448
470 443
443 442
440 441
470 440
470 447
443 446
443 445
443 444
109 108
151 109
103 102
131 103
101 100
117 101
117 106
106 107
103 104
106 105
40 39
37 38
31 33
31 32
90 31
31 30
90 37
35 36
90 35
35 34
642 641
641 640
642 643
644 642
437 438
440 439
437 436
470 437
447 434
434 435
429 432
434 433
429 430
429 431
340 339
351 338
336 335
333 334
336 337
360 336
376 331
331 330
376 333
331 332
340 345
4 6
100 99
90 98
90 91
116 90
90 93
90 92
90 95
90 94
90 97
90 96
566 559
557 558
554 555
563 554
561 557
557 556
563 551
549 550
554 553
551 552
296 238
238 239
276 234
236 235
254 236
236 237
261 230
230 231
230 232
230 233
11 1
615 614
145 146
151 147
143 144
165 145
143 142
149 143
151 140
140 141
613 612
642 613
613 610
612 611
615 616
615 617
149 148
151 149
618 623
618 622
131 133
131 132
143 131
143 130
147 137
137 136
147 135
131 134
594 494
494 495
140 139
137 138
489 490
489 491
489 492
494 493
25 24
45 25
25 26
25 27
19 20
22 21
62 22
22 23
40 28
28 29
408 407
402 406
402 405
402 404
402 403
427 402
400 401
415 400
631 629
410 409
412 408
629 628
376 379
376 378
370 371
376 370
376 373
373 372
376 375
373 374
376 377
402 376
631 618
376 393
376 392
84 88
84 89
402 397
397 396
376 395
376 394
78 82
84 83
78 80
78 81
84 86
84 87
116 84
84 85
8 7
598 601
612 607
587 586
590 587
585 584
596 585
579 582
579 583
579 580
579 581
587 588
590 589
244 245
296 244
244 247
244 246
238 241
238 240
244 243
238 242
627 615
298 249
249 248
520 519
516 518
535 511
508 510
514 513
511 512
514 515
535 514
516 517
526 516
494 458
458 459
618 621
618 620
635 627
627 626
634 625
625 624
467 450
450 451
453 452
489 453
453 454
453 455
463 456
456 457
180 179
177 178
188 177
177 176
174 175
200 174
172 173
200 172
170 171
182 170
254 253
191 182
182 183
191 180
180 181
185 186
188 187
185 184
200 185
200 188
190 189
45 11
11 10
14 13
11 12
14 15
60 14
52 17
17 16
28 19
19 18
116 62
323 322
338 323
376 320
320 321
323 326
323 327
323 324
323 325
329 328
333 329
200 201
210 200
200 203
200 202
200 205
200 204
212 207
207 206
210 209
207 208
78 77
75 76
114 75
73 74
106 73
71 72
116 71
71 70
78 79
101 78
1 2
543 542
608 543
606 540
540 541
554 546
546 547
543 544
546 545
90 8
549 548
559 549
66 68
607 598
119 120
119 121
119 122
119 123
119 124
119 125
127 126
130 127
127 128
130 129
412 414
618 415
415 416
470 417
443 410
410 411
417 412
412 413
516 498
417 418
420 419
498 499
320 319
317 318
351 313
313 312
309 311
309 310
323 317
317 316
313 315
313 314
494 496
498 497
4 3
366 368
370 369
376 366
366 367
360 364
360 365
360 362
360 363
366 360
360 361
376 380
376 381
376 382
376 383
376 384
376 385
376 386
376 387
376 388
376 389
606 605
585 579
579 578
603 604
574 573
577 572
572 571
572 570
578 577
577 576
574 575
578 574
64 60
60 61
259 258
323 259
75 64
66 65
116 66
66 67
263 252
66 69
249 250
252 251
340 256
256 257
261 254
254 255
607 603
603 602
526 508
508 509
505 506
508 507
505 504
511 505
501 502
501 503
501 500
533 501
629 630
633 631
633 632
634 633
470 469
467 468
637 636
639 637
464 465
494 464
494 467
464 466
494 461
461 460
494 463
461 462
167 168
170 169
165 164
190 165
167 166
188 167
159 160
162 161
172 162
162 163
598 600
8 9
356 357
376 356
354 355
359 354
354 353
351 352
376 351
349 350
376 359
359 358
212 216
212 217
212 214
212 215
234 212
212 213
212 210
210 211
212 218
220 219
281 289
281 288
56 4
301 281
281 280
281 283
281 282
281 285
281 284
281 287
281 286
301 263
263 262
376 261
259 260
268 267
265 266
296 265
265 264
268 269
291 268
58 59
73 58
54 55
84 54
58 57
116 56
52 51
62 50
52 53
90 52
535 537
535 536
540 535
62 63
540 533
533 532
529 531
529 530
540 539
535 538
116 115
117 114
135 117
135 116
109 111
109 110
114 113
109 112
127 119
117 118
470 429
429 428
535 534
420 421
618 420
424 423
420 422
424 425
443 424
470 427
427 426
309 308
329 309
298 300
307 301
301 302
301 303
338 304
304 305
307 306
323 307
566 568
570 569
559 560
566 561
561 562
566 563
563 564
563 565
570 566
566 567
230 229
234 228
226 227
238 226
226 225
223 224
228 223
223 222
220 221
228 220
376 391
376 390
159 151
149 150
154 153
151 152
154 155
174 154
172 157
157 156
191 159
157 158
610 609
610 608
635 634
400 399
639 635
397 398
47 48
50 49
47 46
119 47
43 44
56 45
43 42
84 43
90 40
40 41
637 638
4 5
641 639
594 489
489 488
470 487
470 486
470 485
470 484
470 483
470 482
470 481
470 480
470 472
470 473
494 470
470 471
470 476
470 477
470 474
470 475
470 478
470 479
