472
644
644
344 39
0 567
346 432
347 27
341 551
342 54
343 134
348 66
595 343
619 99
299 455
297 640
294 108
295 630
292 385
293 132
290 247
591 422
593 128
199 217
198 52
597 477
195 260
194 492
196 76
192 46
270 444
271 81
272 122
274 30
275 95
277 632
278 611
279 203
524 59
525 619
527 67
521 638
522 580
523 487
599 503
528 636
449 581
448 591
443 495
442 460
441 534
446 109
445 486
444 435
108 87
109 597
102 271
100 436
107 11
104 365
105 332
39 63
38 414
33 386
32 441
30 221
37 624
36 275
601 55
34 297
640 399
643 361
438 401
439 413
436 82
435 250
432 532
433 471
430 144
431 381
339 517
338 545
335 507
334 227
337 542
330 233
332 488
345 85
6 152
99 139
98 499
91 347
90 292
93 337
92 392
95 56
94 145
97 406
96 86
558 13
555 509
556 524
551 433
550 12
553 476
552 171
238 616
239 17
235 113
237 311
231 383
232 419
233 362
614 141
146 209
144 179
145 328
142 425
141 342
611 253
616 363
617 346
148 287
623 293
622 464
133 600
132 485
136 322
134 468
495 536
139 306
138 643
490 176
491 115
492 258
493 26
24 560
26 187
27 0
20 126
21 93
23 183
29 475
407 576
406 395
405 315
404 621
403 68
402 506
401 238
409 553
408 324
379 158
378 92
371 384
372 224
375 231
374 251
377 239
376 214
618 156
393 500
392 367
88 449
89 280
396 573
395 530
394 77
82 267
83 466
399 50
81 241
86 94
87 218
85 6
7 445
586 150
584 531
582 355
583 582
580 344
581 256
588 550
589 186
245 575
247 325
246 100
241 378
240 33
243 467
242 107
249 283
248 379
519 18
518 89
510 168
513 353
512 430
515 589
517 568
458 219
459 166
621 64
620 391
626 88
624 478
451 314
452 195
628 15
454 61
455 199
456 479
457 290
179 387
178 446
176 405
175 161
173 459
171 123
253 308
183 110
181 438
186 136
187 458
184 279
189 376
11 515
10 36
13 423
12 164
15 90
17 408
16 442
18 277
322 120
321 270
326 369
327 327
324 552
325 237
328 565
201 528
200 396
203 44
202 380
205 496
204 10
206 178
209 72
208 556
77 222
76 48
74 502
72 305
70 295
79 2
2 216
542 609
541 79
547 318
544 593
545 80
548 269
120 394
121 104
122 352
123 312
124 138
125 341
126 335
128 451
129 389
414 510
416 490
411 121
413 300
418 377
419 356
499 211
319 97
318 521
312 173
311 213
310 601
316 57
315 7
314 129
496 198
497 584
3 319
368 23
369 112
367 294
364 5
365 348
362 562
363 443
361 484
380 465
381 364
382 537
383 393
384 142
385 605
386 547
387 155
388 316
389 454
604 388
573 245
571 527
576 303
575 262
61 70
258 124
63 32
64 512
65 620
66 448
67 604
252 402
69 404
250 525
251 338
256 493
257 272
255 599
602 288
508 350
509 206
506 102
507 428
504 278
502 482
503 330
500 160
630 232
632 41
469 334
468 266
636 105
465 215
464 403
467 595
466 310
460 569
463 111
462 571
168 169
169 382
164 202
166 326
160 374
161 588
163 555
9 302
357 285
356 299
355 586
353 264
352 29
350 248
358 189
216 548
217 38
214 456
215 235
213 53
211 3
218 148
219 184
289 339
288 416
280 229
283 98
282 462
285 617
284 286
287 74
286 628
262 242
260 34
267 539
266 153
264 200
269 163
59 541
55 623
54 390
57 65
56 371
51 284
50 196
53 368
52 194
537 407
536 518
534 519
532 457
531 240
530 118
539 469
538 358
115 544
68 508
111 480
110 146
113 96
112 622
118 372
428 69
421 411
423 504
422 409
425 523
426 472
308 37
300 24
302 243
303 602
305 201
306 398
568 225
569 473
560 51
562 421
564 614
565 204
567 42
229 321
227 626
225 205
224 489
222 522
221 274
391 463
390 564
605 452
150 426
153 133
152 16
155 497
600 246
156 357
158 483
609 125
80 255
398 252
48 439
49 192
46 282
44 513
42 418
41 558
638 618
5 20
489 181
488 481
487 583
486 538
485 49
484 257
483 474
482 289
481 491
480 91
472 375
473 21
470 345
471 431
476 470
477 208
474 9
475 175
478 249
479 83
340 344
1 0
340 346
340 347
376 340
340 341
340 342
340 343
349 348
376 349
596 595
608 606
603 594
618 619
304 298
298 299
340 296
296 297
291 294
291 295
291 292
291 293
291 290
296 291
590 591
592 590
592 593
625 592
200 199
197 198
598 597
625 596
193 195
193 194
210 197
197 196
193 191
193 190
207 193
193 192
268 270
268 271
273 272
360 273
273 274
276 275
331 276
276 277
276 278
276 279
520 524
520 525
535 526
526 527
533 520
520 521
520 522
520 523
598 599
529 528
540 529
450 449
447 448
470 443
443 442
440 441
470 440
470 447
443 446
443 445
443 444
109 108
151 109
103 102
131 103
101 100
117 101
117 106
106 107
103 104
106 105
40 39
37 38
31 33
31 32
90 31
31 30
90 37
35 36
90 35
35 34
642 641
641 640
642 643
644 642
437 438
440 439
437 436
470 437
447 434
434 435
429 432
434 433
429 430
429 431
340 339
351 338
336 335
333 334
336 337
360 336
376 331
331 330
376 333
331 332
340 345
4 6
100 99
90 98
90 91
116 90
90 93
90 92
90 95
90 94
90 97
90 96
566 559
557 558
554 555
563 554
561 557
557 556
563 551
549 550
554 553
551 552
296 238
238 239
276 234
236 235
254 236
236 237
261 230
230 231
230 232
230 233
11 1
615 614
145 146
151 147
143 144
165 145
143 142
149 143
151 140
140 141
613 612
642 613
613 610
612 611
615 616
615 617
149 148
151 149
618 623
618 622
131 133
131 132
143 131
143 130
147 137
137 136
147 135
131 134
594 494
494 495
140 139
137 138
489 490
489 491
489 492
494 493
25 24
45 25
25 26
25 27
19 20
22 21
62 22
22 23
40 28
28 29
408 407
402 406
402 405
402 404
402 403
427 402
400 401
415 400
631 629
410 409
412 408
629 628
376 379
376 378
370 371
376 370
376 373
373 372
376 375
373 374
376 377
402 376
631 618
376 393
376 392
84 88
84 89
402 397
397 396
376 395
376 394
78 82
84 83
78 80
78 81
84 86
84 87
116 84
84 85
8 7
598 601
612 607
587 586
590 587
585 584
596 585
579 582
579 583
579 580
579 581
587 588
590 589
244 245
296 244
244 247
244 246
238 241
238 240
244 243
238 242
627 615
298 249
249 248
520 519
516 518
535 511
508 510
514 513
511 512
514 515
535 514
516 517
526 516
494 458
458 459
618 621
618 620
635 627
627 626
634 625
625 624
467 450
450 451
453 452
489 453
453 454
453 455
463 456
456 457
180 179
177 178
188 177
177 176
174 175
200 174
172 173
200 172
170 171
182 170
254 253
191 182
182 183
191 180
180 181
185 186
188 187
185 184
200 185
200 188
190 189
45 11
11 10
14 13
11 12
14 15
60 14
52 17
17 16
28 19
19 18
116 62
323 322
338 323
376 320
320 321
323 326
323 327
323 324
323 325
329 328
333 329
200 201
210 200
200 203
200 202
200 205
200 204
212 207
207 206
210 209
207 208
78 77
75 76
114 75
73 74
106 73
71 72
116 71
71 70
78 79
101 78
1 2
543 542
608 543
606 540
540 541
554 546
546 547
543 544
546 545
90 8
549 548
559 549
66 68
607 598
119 120
119 121
119 122
119 123
119 124
119 125
127 126
130 127
127 128
130 129
412 414
618 415
415 416
470 417
443 410
410 411
417 412
412 413
516 498
417 418
420 419
498 499
320 319
317 318
351 313
313 312
309 311
309 310
323 317
317 316
313 315
313 314
494 496
498 497
4 3
366 368
370 369
376 366
366 367
360 364
360 365
360 362
360 363
366 360
360 361
376 380
376 381
376 382
376 383
376 384
376 385
376 386
376 387
376 388
376 389
606 605
585 579
579 578
603 604
574 573
577 572
572 571
572 570
578 577
577 576
574 575
578 574
64 60
60 61
259 258
323 259
75 64
66 65
116 66
66 67
263 252
66 69
249 250
252 251
340 256
256 257
261 254
254 255
607 603
603 602
526 508
508 509
505 506
508 507
505 504
511 505
501 502
501 503
501 500
533 501
629 630
633 631
633 632
634 633
470 469
467 468
637 636
639 637
464 465
494 464
494 467
464 466
494 461
461 460
494 463
461 462
167 168
170 169
165 164
190 165
167 166
188 167
159 160
162 161
172 162
162 163
598 600
8 9
356 357
376 356
354 355
359 354
354 353
351 352
376 351
349 350
376 359
359 358
212 216
212 217
212 214
212 215
234 212
212 213
212 210
210 211
212 218
220 219
281 289
281 288
56 4
301 281
281 280
281 283
281 282
281 285
281 284
281 287
281 286
301 263
263 262
376 261
259 260
268 267
265 266
296 265
265 264
268 269
291 268
58 59
73 58
54 55
84 54
58 57
116 56
52 51
62 50
52 53
90 52
535 537
535 536
540 535
62 63
540 533
533 532
529 531
529 530
540 539
535 538
116 115
117 114
135 117
135 116
109 111
109 110
114 113
109 112
127 119
117 118
470 429
429 428
535 534
420 421
618 420
424 423
420 422
424 425
443 424
470 427
427 426
309 308
329 309
298 300
307 301
301 302
301 303
338 304
304 305
307 306
323 307
566 568
570 569
559 560
566 561
561 562
566 563
563 564
563 565
570 566
566 567
230 229
234 228
226 227
238 226
226 225
223 224
228 223
223 222
220 221
228 220
376 391
376 390
159 151
149 150
154 153
151 152
154 155
174 154
172 157
157 156
191 159
157 158
610 609
610 608
635 634
400 399
639 635
397 398
47 48
50 49
47 46
119 47
43 44
56 45
43 42
84 43
90 40
40 41
637 638
4 5
641 639
594 489
489 488
470 487
470 486
470 485
470 484
470 483
470 482
470 481
470 480
470 472
470 473
494 470
470 471
470 476
470 477
470 474
470 475
470 478
470 479
