472
644
644
344 344
0 0
346 346
347 347
341 341
342 342
343 343
348 348
595 595
619 619
299 299
297 297
294 294
295 295
292 292
293 293
290 290
591 591
593 593
199 199
198 198
597 597
195 195
194 194
196 196
192 192
270 270
271 271
272 272
274 274
275 275
277 277
278 278
279 279
524 524
525 525
527 527
521 521
522 522
523 523
599 599
528 528
449 449
448 448
443 443
442 442
441 441
446 446
445 445
444 444
108 108
109 109
102 102
100 100
107 107
104 104
105 105
39 39
38 38
33 33
32 32
30 30
37 37
36 36
601 601
34 34
640 640
643 643
438 438
439 439
436 436
435 435
432 432
433 433
430 430
431 431
339 339
338 338
335 335
334 334
337 337
330 330
332 332
345 345
6 6
99 99
98 98
91 91
90 90
93 93
92 92
95 95
94 94
97 97
96 96
558 558
555 555
556 556
551 551
550 550
553 553
552 552
238 238
239 239
235 235
237 237
231 231
232 232
233 233
614 614
146 146
144 144
145 145
142 142
141 141
611 611
616 616
617 617
148 148
623 623
622 622
133 133
132 132
136 136
134 134
495 495
139 139
138 138
490 490
491 491
492 492
493 493
24 24
26 26
27 27
20 20
21 21
23 23
29 29
407 407
406 406
405 405
404 404
403 403
402 402
401 401
409 409
408 408
379 379
378 378
371 371
372 372
375 375
374 374
377 377
376 376
618 618
393 393
392 392
88 88
89 89
396 396
395 395
394 394
82 82
83 83
399 399
81 81
86 86
87 87
85 85
7 7
586 586
584 584
582 582
583 583
580 580
581 581
588 588
589 589
245 245
247 247
246 246
241 241
240 240
243 243
242 242
249 249
248 248
519 519
518 518
510 510
513 513
512 512
515 515
517 517
458 458
459 459
621 621
620 620
626 626
624 624
451 451
452 452
628 628
454 454
455 455
456 456
457 457
179 179
178 178
176 176
175 175
173 173
171 171
253 253
183 183
181 181
186 186
187 187
184 184
189 189
11 11
10 10
13 13
12 12
15 15
17 17
16 16
18 18
322 322
321 321
326 326
327 327
324 324
325 325
328 328
201 201
200 200
203 203
202 202
205 205
204 204
206 206
209 209
208 208
77 77
76 76
74 74
72 72
70 70
79 79
2 2
542 542
541 541
547 547
544 544
545 545
548 548
120 120
121 121
122 122
123 123
124 124
125 125
126 126
128 128
129 129
414 414
416 416
411 411
413 413
418 418
419 419
499 499
319 319
318 318
312 312
311 311
310 310
316 316
315 315
314 314
496 496
497 497
3 3
368 368
369 369
367 367
364 364
365 365
362 362
363 363
361 361
380 380
381 381
382 382
383 383
384 384
385 385
386 386
387 387
388 388
389 389
604 604
573 573
571 571
576 576
575 575
61 61
258 258
63 63
64 64
65 65
66 66
67 67
252 252
69 69
250 250
251 251
256 256
257 257
255 255
602 602
508 508
509 509
506 506
507 507
504 504
502 502
503 503
500 500
630 630
632 632
469 469
468 468
636 636
465 465
464 464
467 467
466 466
460 460
463 463
462 462
168 168
169 169
164 164
166 166
160 160
161 161
163 163
9 9
357 357
356 356
355 355
353 353
352 352
350 350
358 358
216 216
217 217
214 214
215 215
213 213
211 211
218 218
219 219
289 289
288 288
280 280
283 283
282 282
285 285
284 284
287 287
286 286
262 262
260 260
267 267
266 266
264 264
269 269
59 59
55 55
54 54
57 57
56 56
51 51
50 50
53 53
52 52
537 537
536 536
534 534
532 532
531 531
530 530
539 539
538 538
115 115
68 68
111 111
110 110
113 113
112 112
118 118
428 428
421 421
423 423
422 422
425 425
426 426
308 308
300 300
302 302
303 303
305 305
306 306
568 568
569 569
560 560
562 562
564 564
565 565
567 567
229 229
227 227
225 225
224 224
222 222
221 221
391 391
390 390
605 605
150 150
153 153
152 152
155 155
600 600
156 156
158 158
609 609
80 80
398 398
48 48
49 49
46 46
44 44
42 42
41 41
638 638
5 5
489 489
488 488
487 487
486 486
485 485
484 484
483 483
482 482
481 481
480 480
472 472
473 473
470 470
471 471
476 476
477 477
474 474
475 475
478 478
479 479
340 344
1 0
340 346
340 347
376 340
340 341
340 342
340 343
349 348
376 349
596 595
608 606
603 594
618 619
304 298
298 299
340 296
296 297
291 294
291 295
291 292
291 293
291 290
296 291
590 591
592 590
592 593
625 592
200 199
197 198
598 597
625 596
193 195
193 194
210 197
197 196
193 191
193 190
207 193
193 192
268 270
268 271
273 272
360 273
273 274
276 275
331 276
276 277
276 278
276 279
520 524
520 525
535 526
526 527
533 520
520 521
520 522
520 523
598 599
529 528
540 529
450 449
447 448
470 443
443 442
440 441
470 440
470 447
443 446
443 445
443 444
109 108
151 109
103 102
131 103
101 100
117 101
117 106
106 107
103 104
106 105
40 39
37 38
31 33
31 32
90 31
31 30
90 37
35 36
90 35
35 34
642 641
641 640
642 643
644 642
437 438
440 439
437 436
470 437
447 434
434 435
429 432
434 433
429 430
429 431
340 339
351 338
336 335
333 334
336 337
360 336
376 331
331 330
376 333
331 332
340 345
4 6
100 99
90 98
90 91
116 90
90 93
90 92
90 95
90 94
90 97
90 96
566 559
557 558
554 555
563 554
561 557
557 556
563 551
549 550
554 553
551 552
296 238
238 239
276 234
236 235
254 236
236 237
261 230
230 231
230 232
230 233
11 1
615 614
145 146
151 147
143 144
165 145
143 142
149 143
151 140
140 141
613 612
642 613
613 610
612 611
615 616
615 617
149 148
151 149
618 623
618 622
131 133
131 132
143 131
143 130
147 137
137 136
147 135
131 134
594 494
494 495
140 139
137 138
489 490
489 491
489 492
494 493
25 24
45 25
25 26
25 27
19 20
22 21
62 22
22 23
40 28
28 29
408 407
402 406
402 405
402 404
402 403
427 402
400 401
415 400
631 629
410 409
412 408
629 628
376 379
376 378
370 371
376 370
376 373
373 372
376 375
373 374
376 377
402 376
631 618
376 393
376 392
84 88
84 89
402 397
397 396
376 395
376 394
78 82
84 83
78 80
78 81
84 86
84 87
116 84
84 85
8 7
598 601
612 607
587 586
590 587
585 584
596 585
579 582
579 583
579 580
579 581
587 588
590 589
244 245
296 244
244 247
244 246
238 241
238 240
244 243
238 242
627 615
298 249
249 248
520 519
516 518
535 511
508 510
514 513
511 512
514 515
535 514
516 517
526 516
494 458
458 459
618 621
618 620
635 627
627 626
634 625
625 624
467 450
450 451
453 452
489 453
453 454
453 455
463 456
456 457
180 179
177 178
188 177
177 176
174 175
200 174
172 173
200 172
170 171
182 170
254 253
191 182
182 183
191 180
180 181
185 186
188 187
185 184
200 185
200 188
190 189
45 11
11 10
14 13
11 12
14 15
60 14
52 17
17 16
28 19
19 18
116 62
323 322
338 323
376 320
320 321
323 326
323 327
323 324
323 325
329 328
333 329
200 201
210 200
200 203
200 202
200 205
200 204
212 207
207 206
210 209
207 208
78 77
75 76
114 75
73 74
106 73
71 72
116 71
71 70
78 79
101 78
1 2
543 542
608 543
606 540
540 541
554 546
546 547
543 544
546 545
90 8
549 548
559 549
66 68
607 598
119 120
119 121
119 122
119 123
119 124
119 125
127 126
130 127
127 128
130 129
412 414
618 415
415 416
470 417
443 410
410 411
417 412
412 413
516 498
417 418
420 419
498 499
320 319
317 318
351 313
313 312
309 311
309 310
323 317
317 316
313 315
313 314
494 496
498 497
4 3
366 368
370 369
376 366
366 367
360 364
360 365
360 362
360 363
366 360
360 361
376 380
376 381
376 382
376 383
376 384
376 385
376 386
376 387
376 388
376 389
606 605
585 579
579 578
603 604
574 573
577 572
572 571
572 570
578 577
577 576
574 575
578 574
64 60
60 61
259 258
323 259
75 64
66 65
116 66
66 67
263 252
66 69
249 250
252 251
340 256
256 257
261 254
254 255
607 603
603 602
526 508
508 509
505 506
508 507
505 504
511 505
501 502
501 503
501 500
533 501
629 630
633 631
633 632
634 633
470 469
467 468
637 636
639 637
464 465
494 464
494 467
464 466
494 461
461 460
494 463
461 462
167 168
170 169
165 164
190 165
167 166
188 167
159 160
162 161
172 162
162 163
598 600
8 9
356 357
376 356
354 355
359 354
354 353
351 352
376 351
349 350
376 359
359 358
212 216
212 217
212 214
212 215
234 212
212 213
212 210
210 211
212 218
220 219
281 289
281 288
56 4
301 281
281 280
281 283
281 282
281 285
281 284
281 287
281 286
301 263
263 262
376 261
259 260
268 267
265 266
296 265
265 264
268 269
291 268
58 59
73 58
54 55
84 54
58 57
116 56
52 51
62 50
52 53
90 52
535 537
535 536
540 535
62 63
540 533
533 532
529 531
529 530
540 539
535 538
116 115
117 114
135 117
135 116
109 111
109 110
114 113
109 112
127 119
117 118
470 429
429 428
535 534
420 421
618 420
424 423
420 422
424 425
443 424
470 427
427 426
309 308
329 309
298 300
307 301
301 302
301 303
338 304
304 305
307 306
323 307
566 568
570 569
559 560
566 561
561 562
566 563
563 564
563 565
570 566
566 567
230 229
234 228
226 227
238 226
226 225
223 224
228 223
223 222
220 221
228 220
376 391
376 390
159 151
149 150
154 153
151 152
154 155
174 154
172 157
157 156
191 159
157 158
610 609
610 608
635 634
400 399
639 635
397 398
47 48
50 49
47 46
119 47
43 44
56 45
43 42
84 43
90 40
40 41
637 638
4 5
641 639
594 489
489 488
470 487
470 486
470 485
470 484
470 483
470 482
470 481
470 480
470 472
470 473
494 470
470 471
470 476
470 477
470 474
470 475
470 478
470 479
