98
195
0
107 4
106 5
109 7
104 8
131 13
129 16
127 17
64 19
66 20
119 22
121 23
117 28
115 29
113 30
112 33
110 34
118 35
133 36
87 40
73 45
71 46
63 49
62 50
67 51
75 52
76 54
58 58
61 59
60 60
52 64
54 65
55 66
56 67
0 71
1 72
29 75
28 76
6 79
4 80
7 81
41 87
39 88
8 92
40 93
10 94
38 95
22 97
26 100
25 101
24 102
51 103
31 107
16 110
17 112
14 113
2 115
3 116
35 119
36 120
32 122
45 124
34 126
33 127
49 130
13 132
11 133
21 138
18 140
20 141
44 143
42 144
50 145
47 146
89 152
80 156
79 157
82 158
78 160
81 161
103 163
102 165
100 166
98 168
101 169
92 173
93 175
90 176
70 178
69 179
97 180
126 182
125 186
123 187
95 189
94 190
83 193
85 194
124 195
0 1
1 2
2 3
3 4
3 5
2 6
6 7
6 8
1 9
9 10
10 11
11 12
12 13
12 14
14 15
15 16
15 17
14 18
18 19
18 20
11 21
21 22
21 23
10 24
24 25
25 26
26 27
27 28
27 29
26 30
25 31
31 32
32 33
32 34
31 35
24 36
9 37
37 38
38 39
39 40
39 41
41 42
42 43
43 44
44 45
44 46
43 47
47 48
48 49
48 50
47 51
42 52
41 53
53 54
53 55
55 56
56 57
57 58
57 59
56 60
55 61
61 62
62 63
63 64
63 65
62 66
61 67
38 68
68 69
69 70
70 71
70 72
69 73
73 74
74 75
74 76
73 77
77 78
78 79
78 80
77 81
68 82
82 83
83 84
84 85
85 86
86 87
86 88
85 89
89 90
90 91
91 92
91 93
90 94
89 95
84 96
96 97
96 98
98 99
99 100
99 101
98 102
83 103
82 104
104 105
105 106
106 107
106 108
108 109
109 110
109 111
111 112
111 113
108 114
114 115
114 116
105 117
117 118
118 119
118 120
117 121
121 122
121 123
123 124
123 125
125 126
125 127
104 128
128 129
129 130
129 131
131 132
131 133
128 134
134 135
135 136
136 137
137 138
137 139
139 140
139 141
136 142
142 143
142 144
135 145
134 146
37 147
147 148
148 149
149 150
150 151
151 152
151 153
153 154
154 155
155 156
155 157
154 158
153 159
159 160
159 161
150 162
162 163
162 164
164 165
164 166
149 167
167 168
167 169
148 170
170 171
171 172
172 173
172 174
174 175
174 176
171 177
177 178
177 179
170 180
147 181
181 182
181 183
183 184
184 185
185 186
185 187
184 188
188 189
188 190
183 191
191 192
192 193
192 194
191 195
