92
161
0
106 5
107 6
109 8
104 9
131 14
121 16
119 17
129 19
127 20
64 22
66 23
133 25
115 27
117 29
113 31
118 33
112 35
110 36
93 40
92 41
90 42
97 43
70 45
125 47
103 49
124 50
85 52
83 53
100 55
123 56
126 58
95 60
94 61
102 63
101 64
98 65
89 67
81 69
80 70
82 71
78 72
87 74
75 77
73 79
71 80
67 82
63 84
76 86
61 88
58 89
60 91
55 94
54 96
52 97
56 99
45 101
34 103
33 104
35 106
36 107
50 109
47 110
42 112
44 114
0 116
11 119
13 120
20 122
18 124
21 125
49 127
28 129
29 131
7 133
6 134
4 135
31 137
16 139
3 141
17 143
14 144
51 146
39 148
38 149
40 151
25 152
10 154
8 155
22 157
26 158
41 160
24 161
0 1
1 2
2 3
3 4
4 5
4 6
3 7
7 8
7 9
2 10
10 11
11 12
12 13
13 14
13 15
15 16
15 17
12 18
18 19
18 20
18 21
21 22
21 23
11 24
24 25
24 26
26 27
26 28
28 29
28 30
30 31
30 32
32 33
32 34
34 35
34 36
10 37
37 38
38 39
39 40
39 41
39 42
39 43
39 44
44 45
38 46
46 47
46 48
48 49
48 50
46 51
51 52
51 53
46 54
54 55
54 56
46 57
57 58
57 59
59 60
59 61
46 62
62 63
62 64
62 65
62 66
66 67
66 68
68 69
68 70
68 71
68 72
37 73
73 74
73 75
75 76
76 77
76 78
78 79
78 80
78 81
81 82
81 83
83 84
75 85
85 86
85 87
87 88
87 89
87 90
90 91
90 92
92 93
93 94
93 95
95 96
95 97
92 98
98 99
98 100
100 101
100 102
102 103
102 104
102 105
105 106
105 107
102 108
108 109
108 110
108 111
111 112
111 113
113 114
113 115
115 116
108 117
117 118
118 119
118 120
117 121
121 122
121 123
123 124
123 125
108 126
126 127
126 128
128 129
128 130
130 131
130 132
132 133
132 134
132 135
108 136
136 137
136 138
138 139
138 140
140 141
138 142
142 143
142 144
108 145
145 146
145 147
147 148
147 149
147 150
150 151
150 152
147 153
153 154
153 155
147 156
156 157
156 158
147 159
159 160
159 161
