98
154
0
50 12
34 16
26 24
25 26
22 27
24 28
41 29
38 30
39 31
40 33
10 35
8 36
51 37
47 40
21 42
18 43
20 45
13 47
11 48
49 51
44 52
42 53
31 55
17 58
14 59
16 61
3 63
2 62
29 67
28 68
7 71
6 72
4 73
33 75
32 7
36 78
35 80
1 81
0 83
45 84
55 85
54 87
52 88
60 91
56 92
75 96
87 98
73 100
63 104
62 103
67 106
71 107
76 108
61 110
58 111
126 118
125 120
123 123
103 128
80 129
79 124
78 131
82 132
124 136
85 137
100 138
102 142
89 143
101 145
98 146
94 147
95 148
97 153
70 155
69 154
93 157
92 158
90 159
81 160
83 161
64 166
66 167
129 168
127 169
118 174
112 176
110 177
115 179
113 181
117 182
133 183
131 185
121 187
119 188
109 191
104 192
107 194
106 195
0 1
1 2
2 3
3 4
4 5
5 6
6 7
7 9
9 12
9 16
9 17
17 18
18 22
22 24
22 26
22 27
22 28
18 29
18 30
18 31
18 32
32 33
32 34
34 35
34 36
17 37
9 40
9 41
41 42
41 43
9 44
44 45
44 46
46 47
46 48
9 50
50 51
50 52
9 53
9 54
54 55
54 56
56 57
57 58
57 59
56 61
56 62
62 63
9 65
65 66
66 67
66 68
65 69
69 71
69 72
69 73
7 75
7 77
77 78
77 79
79 80
79 81
81 83
6 84
5 85
4 86
86 87
86 88
3 90
90 91
90 92
3 94
94 95
95 96
95 97
97 98
97 99
99 100
99 101
101 102
102 103
103 104
102 106
101 107
94 108
3 110
3 111
2 112
112 113
113 115
115 117
117 118
117 120
117 122
122 123
122 124
124 128
124 129
124 131
124 132
117 135
135 136
135 137
117 138
117 140
140 142
140 143
140 145
140 146
117 147
115 148
115 149
149 153
149 154
154 155
149 157
149 158
149 159
113 160
113 161
112 162
162 163
163 164
164 165
165 166
165 167
164 168
163 169
162 170
170 171
171 172
172 173
173 174
173 175
175 176
175 177
172 178
178 179
178 180
180 181
180 182
171 183
170 184
184 185
184 186
186 187
186 188
1 189
189 190
190 191
190 192
189 193
193 194
193 195
