98
149
1
79 6
126 7
95 10
133 20
115 22
110 26
55 29
32 34
34 35
1 39
17 43
49 45
47 51
67 59
62 60
71 62
0 69
2 70
3 71
4 72
6 73
7 74
8 75
10 76
11 77
13 78
14 79
16 80
18 81
20 82
21 83
22 84
24 85
25 86
26 87
28 88
29 89
31 90
33 91
35 92
36 93
38 94
39 95
40 96
41 97
42 98
44 99
45 100
50 101
51 102
52 103
54 104
56 105
58 106
60 107
61 108
63 109
64 110
66 111
69 112
70 113
73 114
75 115
76 116
78 117
80 118
81 119
82 120
83 121
85 122
87 123
89 124
90 125
92 126
93 127
94 128
97 129
98 130
100 131
101 132
102 133
103 134
104 135
106 136
107 137
109 138
112 139
113 140
117 141
118 142
119 143
121 144
123 145
124 146
125 147
127 148
129 149
131 150
1 2
2 3
3 4
3 5
5 6
3 7
3 8
3 9
3 10
3 11
11 12
2 13
2 14
14 15
14 16
16 17
17 18
14 19
19 20
19 21
21 22
21 23
23 24
24 25
24 26
2 27
27 28
28 29
28 30
30 31
31 32
30 33
28 34
34 35
34 36
34 37
34 38
38 39
38 40
38 41
41 42
41 43
41 44
38 45
38 46
46 47
46 48
46 49
38 50
38 51
38 52
52 53
38 54
38 55
55 56
55 57
27 58
58 59
58 60
58 61
58 62
27 63
63 64
63 65
65 66
65 67
65 68
39 69
41 70
42 71
57 72
57 73
57 74
49 75
46 76
53 77
52 78
44 79
41 80
54 81
54 82
54 83
47 84
47 85
47 86
32 87
55 88
56 89
38 90
34 91
36 92
34 93
46 94
46 95
48 96
46 97
38 98
40 99
37 100
38 101
50 102
28 103
28 104
31 105
30 106
33 107
30 108
60 109
13 110
13 111
9 112
9 113
58 114
27 115
27 116
6 117
6 118
6 119
6 120
4 121
4 122
61 123
5 124
9 125
9 126
9 127
3 128
9 129
5 130
12 131
5 132
5 133
5 134
67 135
66 136
68 137
64 138
25 139
24 140
21 141
23 142
15 143
15 144
11 145
8 146
3 147
17 148
18 149
16 150
