98
98
98
0 0
1 1
2 2
3 3
4 4
6 5
7 6
8 7
10 8
11 9
13 10
14 11
16 12
17 13
18 14
20 15
21 16
22 17
24 18
25 19
26 20
28 21
29 22
31 23
32 24
33 25
34 26
35 27
36 28
38 29
39 30
40 31
41 32
42 33
44 34
45 35
47 36
49 37
50 38
51 39
52 40
54 41
55 42
56 43
58 44
60 45
61 46
62 47
63 48
64 49
66 50
67 51
69 52
70 53
71 54
73 55
75 56
76 57
78 58
80 59
81 60
82 61
79 62
83 63
85 64
87 65
89 66
90 67
92 68
93 69
94 70
95 71
97 72
98 73
100 74
101 75
102 76
103 77
104 78
106 79
107 80
109 81
110 82
112 83
113 84
115 85
117 86
118 87
119 88
121 89
123 90
124 91
125 92
126 93
127 94
129 95
131 96
133 97
98 81
81 78
81 80
81 79
98 55
55 47
47 48
47 51
55 54
55 56
56 46
46 44
44 45
44 43
44 57
46 40
40 41
40 42
55 65
42 24
24 25
24 38
24 2
24 14
14 16
24 28
24 30
24 33
24 35
24 36
30 29
2 3
2 11
2 12
2 13
2 23
14 15
24 10
30 7
30 17
2 39
17 18
24 21
30 31
30 32
7 8
10 9
16 34
17 19
21 6
6 5
6 4
24 20
24 26
24 27
24 37
21 22
2 1
1 0
46 95
95 50
50 49
95 94
50 96
96 88
88 89
95 97
95 70
70 62
62 59
62 58
62 61
62 66
62 73
62 75
62 76
70 92
62 60
62 77
62 90
70 52
52 53
52 67
52 68
52 69
52 72
70 64
64 63
70 74
70 91
70 71
70 93
97 87
87 82
82 83
82 86
86 84
86 85
