98
137
137
133 20
131 121
24 106
25 61
26 109
20 25
21 125
22 87
28 16
29 80
0 131
4 76
8 126
121 93
123 55
124 92
125 35
126 124
127 7
129 63
118 28
58 97
55 90
54 71
56 17
51 69
50 110
52 51
115 101
117 26
89 2
110 39
113 13
112 129
82 54
83 8
80 81
81 85
119 0
87 50
85 31
3 18
7 115
109 44
102 117
103 67
100 34
101 62
106 66
107 94
104 11
39 29
38 113
33 42
32 82
31 79
36 58
35 3
34 100
60 41
61 102
62 40
63 104
64 49
66 47
67 24
69 133
2 127
6 36
98 118
90 73
93 52
92 119
95 78
94 112
97 123
11 4
10 95
13 21
14 107
17 45
16 75
18 89
49 64
47 1
44 38
45 6
42 22
40 32
41 56
1 60
76 83
75 14
73 103
71 70
70 10
79 33
78 98
132 133
134 132
130 131
132 130
137 136
136 135
135 134
23 24
23 25
23 26
48 27
19 20
19 21
23 22
37 23
27 28
27 29
1 0
5 4
9 8
130 120
120 121
135 122
122 123
122 124
122 125
122 126
128 127
134 128
128 129
116 118
77 59
59 58
53 55
53 54
59 57
57 56
48 51
48 50
57 53
53 52
114 115
116 114
99 88
88 89
116 111
111 110
114 113
111 112
79 82
84 83
79 80
79 81
120 119
86 87
122 84
84 85
2 3
5 7
136 108
108 109
99 102
99 103
99 100
99 101
105 106
108 107
105 104
108 105
37 39
37 38
32 33
48 32
30 31
48 30
48 37
32 36
32 35
32 34
135 86
59 60
59 61
68 62
62 63
65 64
128 65
65 66
68 67
72 68
91 69
15 2
5 6
122 99
99 98
96 91
91 90
91 93
91 92
94 95
122 94
96 97
122 96
12 11
9 10
12 13
48 12
30 15
15 14
15 17
15 16
48 19
19 18
116 117
132 116
59 48
48 49
48 46
46 47
43 44
46 45
43 42
48 43
37 40
37 41
43 1
27 5
37 9
86 77
77 76
74 75
86 74
72 73
74 72
72 71
69 70
88 79
79 78
