98
137
137
133 133
131 131
24 24
25 25
26 26
20 20
21 21
22 22
28 28
29 29
0 0
4 4
8 8
121 121
123 123
124 124
125 125
126 126
127 127
129 129
118 118
58 58
55 55
54 54
56 56
51 51
50 50
52 52
115 115
117 117
89 89
110 110
113 113
112 112
82 82
83 83
80 80
81 81
119 119
87 87
85 85
3 3
7 7
109 109
102 102
103 103
100 100
101 101
106 106
107 107
104 104
39 39
38 38
33 33
32 32
31 31
36 36
35 35
34 34
60 60
61 61
62 62
63 63
64 64
66 66
67 67
69 69
2 2
6 6
98 98
90 90
93 93
92 92
95 95
94 94
97 97
11 11
10 10
13 13
14 14
17 17
16 16
18 18
49 49
47 47
44 44
45 45
42 42
40 40
41 41
1 1
76 76
75 75
73 73
71 71
70 70
79 79
78 78
132 133
134 132
130 131
132 130
137 136
136 135
135 134
23 24
23 25
23 26
48 27
19 20
19 21
23 22
37 23
27 28
27 29
1 0
5 4
9 8
130 120
120 121
135 122
122 123
122 124
122 125
122 126
128 127
134 128
128 129
116 118
77 59
59 58
53 55
53 54
59 57
57 56
48 51
48 50
57 53
53 52
114 115
116 114
99 88
88 89
116 111
111 110
114 113
111 112
79 82
84 83
79 80
79 81
120 119
86 87
122 84
84 85
2 3
5 7
136 108
108 109
99 102
99 103
99 100
99 101
105 106
108 107
105 104
108 105
37 39
37 38
32 33
48 32
30 31
48 30
48 37
32 36
32 35
32 34
135 86
59 60
59 61
68 62
62 63
65 64
128 65
65 66
68 67
72 68
91 69
15 2
5 6
122 99
99 98
96 91
91 90
91 93
91 92
94 95
122 94
96 97
122 96
12 11
9 10
12 13
48 12
30 15
15 14
15 17
15 16
48 19
19 18
116 117
132 116
59 48
48 49
48 46
46 47
43 44
46 45
43 42
48 43
37 40
37 41
43 1
27 5
37 9
86 77
77 76
74 75
86 74
72 73
74 72
72 71
69 70
88 79
79 78
