96
134
134
133 133
130 130
25 25
26 26
21 21
22 22
23 23
28 28
0 0
8 8
119 119
120 120
121 121
122 122
123 123
124 124
125 125
126 126
127 127
128 128
129 129
118 118
59 59
54 54
57 57
56 56
51 51
52 52
115 115
114 114
117 117
116 116
111 111
110 110
113 113
112 112
83 83
81 81
86 86
87 87
84 84
3 3
7 7
108 108
109 109
102 102
103 103
101 101
106 106
107 107
105 105
39 39
38 38
31 31
30 30
36 36
35 35
34 34
61 61
63 63
64 64
67 67
68 68
2 2
6 6
99 99
98 98
90 90
92 92
95 95
96 96
11 11
10 10
13 13
14 14
17 17
16 16
19 19
18 18
89 89
48 48
49 49
46 46
47 47
44 44
42 42
41 41
5 5
77 77
76 76
74 74
73 73
72 72
70 70
79 79
78 78
132 133
134 132
132 131
117 130
32 24
24 25
27 26
45 27
33 20
20 21
20 22
24 23
29 28
45 29
1 0
33 4
9 8
117 119
117 120
117 121
117 122
117 123
117 124
117 125
117 126
117 127
117 128
117 129
117 118
60 59
60 58
58 55
55 54
55 57
55 56
50 51
53 50
58 53
53 52
108 115
108 114
94 88
88 89
108 111
108 110
108 113
108 112
93 82
82 83
94 80
80 81
85 86
88 87
85 84
94 85
4 3
50 7
131 108
108 109
100 102
104 103
131 100
100 101
104 106
104 107
131 104
104 105
40 39
37 38
45 33
45 32
32 31
29 30
43 37
37 36
33 35
33 34
62 60
62 61
65 62
62 63
65 64
66 65
69 66
66 67
69 68
71 69
1 2
7 6
100 99
97 98
93 91
91 90
94 93
91 92
94 95
134 94
132 97
97 96
12 11
9 10
12 13
45 12
43 15
15 14
15 17
15 16
20 19
15 18
132 117
117 116
45 48
45 49
45 46
45 47
45 44
55 45
40 42
45 43
45 40
40 41
45 1
4 5
27 9
82 77
75 76
117 75
75 74
71 73
71 72
108 71
71 70
80 79
77 78
