198
395
0
267 3
266 4
280 9
270 11
268 12
278 15
279 16
284 17
282 19
246 23
247 24
252 29
276 30
245 33
243 34
250 35
251 37
248 38
277 41
273 42
272 45
274 46
275 47
240 50
241 51
229 55
228 56
212 58
206 61
203 63
205 64
211 65
238 67
202 71
201 72
222 77
218 78
214 81
216 82
219 83
209 86
195 89
197 90
198 92
223 93
225 96
208 97
200 98
221 101
220 102
232 103
234 105
236 106
173 116
167 117
155 119
157 120
169 121
163 124
171 125
164 129
166 130
161 131
160 133
158 134
257 135
193 138
184 139
182 141
192 145
191 146
189 147
185 148
261 149
263 152
146 154
144 155
258 157
187 159
179 163
176 165
178 166
130 169
177 171
129 172
175 173
180 174
86 180
83 182
81 185
87 186
84 188
79 189
93 192
94 193
85 194
72 198
70 199
64 204
62 205
66 208
67 209
38 211
36 212
61 216
50 221
52 222
49 223
59 226
46 227
57 228
48 229
54 231
19 235
20 237
18 238
16 239
56 241
55 242
5 247
3 248
45 249
8 251
10 253
11 254
25 258
26 260
23 261
60 263
14 266
28 267
22 270
21 271
33 273
35 274
6 279
7 280
30 281
32 282
43 286
40 288
42 289
12 291
0 293
2 294
41 295
69 296
76 299
74 300
77 301
254 308
136 309
124 312
102 314
100 317
98 318
104 319
135 320
119 323
123 324
128 325
126 328
125 329
134 332
116 336
118 337
131 338
137 339
133 341
132 342
154 345
95 347
97 349
91 352
92 353
89 354
113 356
111 359
115 360
114 361
110 364
109 365
121 366
152 371
151 372
147 374
149 375
107 380
108 381
105 383
106 384
138 385
143 388
141 389
140 390
153 393
253 394
255 395
0 1
1 2
2 3
2 4
1 5
5 6
6 7
7 8
8 9
8 10
10 11
10 12
7 13
13 14
14 15
14 16
13 17
6 18
18 19
18 20
20 21
21 22
22 23
22 24
21 25
25 26
26 27
27 28
28 29
28 30
27 31
31 32
32 33
32 34
31 35
26 36
36 37
36 38
25 39
39 40
40 41
40 42
39 43
43 44
44 45
44 46
43 47
20 48
48 49
49 50
49 51
48 52
52 53
53 54
54 55
54 56
53 57
57 58
57 59
59 60
60 61
60 62
62 63
62 64
59 65
52 66
66 67
66 68
68 69
69 70
70 71
70 72
69 73
73 74
74 75
75 76
76 77
76 78
75 79
79 80
80 81
80 82
79 83
74 84
84 85
85 86
85 87
87 88
88 89
88 90
87 91
91 92
91 93
84 94
94 95
95 96
95 97
94 98
73 99
99 100
100 101
100 102
99 103
68 104
104 105
104 106
5 107
107 108
108 109
109 110
110 111
111 112
112 113
113 114
114 115
115 116
115 117
114 118
118 119
118 120
113 121
112 122
122 123
123 124
123 125
122 126
126 127
127 128
128 129
128 130
127 131
126 132
132 133
132 134
111 135
110 136
136 137
137 138
137 139
136 140
140 141
140 142
142 143
143 144
144 145
144 146
143 147
142 148
109 149
108 150
150 151
151 152
151 153
153 154
153 155
150 156
156 157
156 158
158 159
158 160
160 161
161 162
162 163
162 164
164 165
164 166
161 167
167 168
168 169
168 170
170 171
170 172
167 173
160 174
107 175
175 176
176 177
177 178
178 179
179 180
179 181
181 182
181 183
183 184
184 185
184 186
183 187
187 188
187 189
178 190
190 191
191 192
191 193
190 194
177 195
195 196
196 197
197 198
197 199
196 200
200 201
201 202
202 203
203 204
203 205
202 206
206 207
207 208
207 209
206 210
210 211
210 212
201 213
213 214
214 215
215 216
215 217
217 218
218 219
219 220
220 221
220 222
219 223
218 224
224 225
225 226
225 227
224 228
217 229
214 230
230 231
230 232
232 233
233 234
234 235
234 236
236 237
236 238
233 239
232 240
240 241
240 242
213 243
243 244
244 245
245 246
246 247
246 248
245 249
244 250
250 251
250 252
252 253
252 254
243 255
255 256
256 257
257 258
257 259
259 260
259 261
256 262
262 263
262 264
264 265
265 266
265 267
264 268
268 269
269 270
269 271
268 272
272 273
272 274
255 275
275 276
276 277
277 278
278 279
278 280
277 281
276 282
275 283
283 284
284 285
285 286
285 287
287 288
287 289
284 290
290 291
290 292
292 293
292 294
283 295
200 296
195 297
297 298
298 299
298 300
297 301
176 302
302 303
303 304
304 305
305 306
306 307
307 308
307 309
306 310
310 311
311 312
311 313
313 314
313 315
315 316
316 317
316 318
315 319
310 320
305 321
321 322
322 323
322 324
321 325
304 326
326 327
327 328
327 329
326 330
330 331
331 332
331 333
333 334
334 335
335 336
335 337
334 338
333 339
330 340
340 341
340 342
303 343
343 344
344 345
344 346
346 347
346 348
348 349
348 350
350 351
351 352
351 353
350 354
343 355
355 356
355 357
357 358
358 359
358 360
357 361
302 362
362 363
363 364
363 365
362 366
175 367
367 368
368 369
369 370
370 371
370 372
369 373
373 374
373 375
368 376
376 377
377 378
378 379
379 380
379 381
378 382
382 383
382 384
377 385
376 386
386 387
387 388
387 389
386 390
367 391
391 392
392 393
392 394
391 395
