198
359
0
266 3
267 4
278 11
279 12
284 13
282 14
280 16
270 18
268 19
276 24
252 25
274 29
246 31
247 31
273 35
275 37
277 39
272 40
251 42
248 43
245 45
243 46
250 47
240 50
241 51
228 55
211 58
212 59
205 61
206 63
203 64
229 65
238 67
236 70
234 71
202 75
201 76
221 81
220 82
222 84
218 85
216 88
214 89
219 90
208 93
197 96
195 97
223 99
198 100
200 102
209 104
225 105
232 106
114 113
113 114
111 116
115 117
154 118
118 125
116 126
133 128
132 131
134 132
137 134
131 135
128 140
126 141
125 144
124 145
135 147
119 148
136 150
254 151
104 155
98 157
100 158
102 159
123 160
255 162
152 166
153 169
253 170
149 171
147 173
140 175
143 177
138 179
141 180
151 181
109 184
110 185
121 186
97 190
91 193
92 194
89 195
95 196
105 199
106 201
108 202
107 203
72 207
70 208
69 210
59 219
46 220
57 221
50 224
52 225
49 226
61 227
21 231
22 232
35 234
33 235
11 238
8 240
10 241
12 246
0 248
2 249
25 252
26 254
23 255
32 256
7 260
6 261
30 262
41 265
43 266
40 268
42 269
5 274
3 275
14 276
45 277
28 278
55 281
56 281
54 285
16 287
19 289
20 291
18 292
48 293
60 294
64 297
66 299
67 300
62 302
38 304
36 305
94 310
93 311
81 315
83 317
79 318
87 320
86 321
84 322
74 324
76 326
77 327
85 328
261 332
263 334
144 336
146 337
258 339
180 342
187 343
175 346
129 348
177 350
130 351
178 354
176 355
179 356
166 362
163 364
161 365
164 366
171 368
160 370
158 371
167 374
157 377
155 378
173 379
169 380
184 384
193 385
257 386
185 388
182 390
191 393
189 394
192 395
0 1
1 2
2 3
2 4
1 5
5 6
6 7
7 8
8 9
9 10
10 11
10 12
9 13
8 14
7 15
15 16
15 17
17 18
17 19
6 20
20 21
21 22
22 23
23 24
23 25
22 26
26 28
28 29
28 31
28 34
34 35
34 37
34 38
38 39
38 40
26 41
41 42
41 43
26 44
44 45
44 46
21 47
20 48
48 49
49 50
49 51
48 52
52 53
53 54
54 55
54 56
56 57
57 58
57 59
56 60
60 61
60 62
62 63
62 64
53 65
52 66
66 67
66 68
68 69
69 70
69 71
68 72
72 73
73 74
74 75
74 76
73 78
78 79
79 80
80 81
80 82
79 83
83 84
83 85
78 86
86 87
87 88
87 89
86 90
73 92
92 93
92 94
94 95
95 96
95 97
94 98
98 99
98 100
73 102
73 103
103 104
103 105
72 106
5 107
107 108
108 109
109 110
110 111
111 112
112 113
112 114
111 115
115 116
115 117
110 118
109 120
120 121
121 122
122 123
123 124
124 125
124 126
123 127
127 128
127 129
129 131
129 132
129 134
129 135
122 136
136 137
137 138
138 139
139 140
139 141
138 143
143 144
143 145
138 147
138 148
137 149
149 150
149 151
136 152
152 153
153 155
153 156
156 157
156 158
153 159
152 160
121 161
161 162
161 163
163 164
164 165
165 166
165 167
167 168
168 169
168 170
167 171
164 173
164 174
174 175
174 177
174 178
178 179
178 180
163 181
120 182
182 183
183 184
183 185
182 186
109 187
187 188
188 189
189 190
189 191
191 193
191 194
191 195
188 196
187 197
197 198
198 199
198 201
198 202
197 203
108 204
204 205
205 206
206 207
206 208
205 209
209 210
209 211
211 212
212 215
215 216
216 217
217 219
217 220
217 221
216 222
222 223
223 224
223 225
222 226
215 227
212 228
228 230
230 231
230 232
228 233
233 234
233 235
228 237
237 238
237 239
239 240
239 241
228 243
243 244
244 245
245 246
245 247
247 248
247 249
244 250
250 251
251 252
251 254
251 255
250 256
243 257
257 258
258 259
259 260
259 261
258 262
257 263
263 264
264 265
264 266
263 268
263 269
228 270
270 271
271 272
272 273
273 274
273 275
272 276
271 277
270 278
212 279
279 280
280 281
280 285
280 286
286 287
286 288
288 289
288 290
290 291
290 292
279 293
212 294
211 295
295 296
296 297
296 298
298 299
298 300
295 301
301 302
301 303
303 304
303 305
204 306
306 307
307 308
308 309
309 310
309 311
308 312
312 313
313 315
313 317
313 318
313 319
319 320
319 321
312 322
307 323
323 324
323 325
325 326
325 327
306 328
107 329
329 330
330 331
331 332
331 333
333 334
333 335
335 336
335 337
330 338
338 339
338 340
340 341
341 342
341 343
340 344
344 346
344 347
347 348
347 349
349 350
349 351
344 352
352 354
352 355
352 356
329 357
357 358
358 359
359 360
360 361
361 362
361 363
363 364
363 365
360 366
359 368
359 369
369 370
369 371
358 372
372 373
373 374
373 375
375 376
376 377
376 378
375 379
372 380
357 381
381 382
382 384
382 385
382 386
381 387
387 388
387 389
389 390
389 391
391 393
391 394
391 395
