198
395
0
133 15
118 17
116 18
131 19
132 20
134 21
137 23
110 25
121 27
109 28
115 39
111 40
114 42
113 43
95 44
97 46
92 49
91 50
89 51
87 59
84 61
83 62
81 63
79 66
69 69
67 71
66 75
64 76
62 78
38 80
36 81
61 87
52 89
50 90
59 94
57 95
46 96
49 97
56 99
20 103
19 105
18 107
16 108
55 109
54 110
48 111
60 113
35 118
33 120
22 122
21 123
45 124
43 131
41 133
12 135
2 137
0 138
30 140
7 142
6 143
40 144
42 145
11 147
10 149
8 150
28 152
14 154
5 156
3 157
32 159
26 162
25 163
23 164
70 166
72 167
74 170
76 171
77 172
86 173
85 174
93 175
94 176
136 177
254 178
123 180
104 183
100 185
98 186
102 187
125 189
124 190
135 193
119 194
128 196
126 197
154 198
152 200
147 202
143 206
138 207
141 209
140 210
106 213
108 215
105 216
107 217
151 219
149 220
255 222
253 224
153 225
258 228
187 230
179 235
178 236
176 237
175 239
177 241
130 243
129 244
180 245
263 247
146 249
144 250
192 254
191 256
189 257
193 261
185 262
184 264
182 265
171 269
163 272
161 273
166 276
164 277
158 279
160 280
173 284
167 285
157 287
155 288
169 289
257 290
261 291
282 293
284 297
279 299
278 300
280 302
270 304
268 305
247 308
246 309
277 315
245 317
243 318
251 321
273 322
274 323
275 324
272 325
241 332
240 333
238 335
236 337
234 338
229 340
228 342
203 347
205 348
206 349
211 350
212 351
232 353
198 358
209 359
222 365
218 366
202 368
201 369
221 373
220 375
219 376
208 377
197 379
195 380
200 381
216 383
214 384
223 385
225 386
250 387
248 389
276 391
252 392
267 394
266 395
0 1
1 2
2 3
3 4
4 5
5 6
6 7
7 8
8 9
9 10
10 11
11 12
12 13
13 14
14 15
14 16
16 17
16 18
13 19
12 20
11 21
10 22
22 23
22 24
24 25
24 26
26 27
26 28
9 29
29 30
30 31
31 32
32 33
33 34
34 35
35 36
36 37
37 38
38 39
38 40
37 41
41 42
41 43
36 44
35 45
45 46
45 47
47 48
48 49
48 50
47 51
34 52
52 53
53 54
54 55
55 56
56 57
57 58
58 59
58 60
60 61
60 62
57 63
56 64
64 65
65 66
65 67
67 68
68 69
68 70
70 71
70 72
72 73
73 74
74 75
74 76
73 77
77 78
77 79
79 80
79 81
72 82
82 83
83 84
84 85
85 86
86 87
86 88
88 89
88 90
85 91
91 92
92 93
93 94
93 95
92 96
91 97
84 98
98 99
98 100
100 101
101 102
102 103
102 104
104 105
104 106
106 107
106 108
101 109
100 110
83 111
82 112
112 113
112 114
114 115
115 116
116 117
117 118
117 119
119 120
119 121
121 122
121 123
116 124
115 125
125 126
126 127
127 128
128 129
129 130
130 131
130 132
132 133
132 134
134 135
134 136
136 137
136 138
129 139
139 140
139 141
141 142
141 143
128 144
127 145
126 146
146 147
146 148
148 149
148 150
125 151
151 152
151 153
153 154
153 155
155 156
155 157
114 158
158 159
158 160
160 161
161 162
161 163
160 164
67 165
165 166
165 167
64 168
168 169
169 170
169 171
168 172
55 173
54 174
53 175
52 176
33 177
32 178
31 179
179 180
179 181
181 182
182 183
182 184
184 185
184 186
181 187
30 188
188 189
188 190
29 191
191 192
192 193
192 194
191 195
195 196
195 197
8 198
7 199
199 200
199 201
201 202
201 203
203 204
204 205
205 206
205 207
204 208
208 209
208 210
203 211
211 212
212 213
212 214
214 215
214 216
211 217
6 218
218 219
218 220
5 221
221 222
221 223
223 224
223 225
4 226
226 227
227 228
227 229
229 230
229 231
231 232
232 233
233 234
234 235
234 236
233 237
232 238
238 239
238 240
240 241
240 242
242 243
242 244
231 245
226 246
246 247
246 248
248 249
248 250
3 251
251 252
252 253
253 254
253 255
255 256
255 257
252 258
258 259
259 260
260 261
260 262
259 263
263 264
263 265
258 266
266 267
267 268
268 269
268 270
270 271
271 272
271 273
270 274
274 275
275 276
275 277
274 278
278 279
278 280
267 281
281 282
282 283
283 284
283 285
282 286
286 287
286 288
281 289
266 290
251 291
2 292
292 293
292 294
294 295
295 296
296 297
296 298
298 299
298 300
295 301
301 302
301 303
303 304
303 305
294 306
306 307
307 308
307 309
306 310
310 311
311 312
312 313
313 314
314 315
314 316
316 317
316 318
313 319
319 320
320 321
320 322
319 323
312 324
311 325
310 326
326 327
327 328
328 329
329 330
330 331
331 332
331 333
330 334
334 335
334 336
336 337
336 338
329 339
339 340
339 341
341 342
341 343
343 344
344 345
345 346
346 347
346 348
345 349
344 350
343 351
328 352
352 353
352 354
354 355
355 356
356 357
357 358
357 359
356 360
360 361
361 362
362 363
363 364
364 365
364 366
363 367
367 368
367 369
362 370
370 371
371 372
372 373
372 374
374 375
374 376
371 377
370 378
378 379
378 380
361 381
360 382
382 383
382 384
355 385
354 386
327 387
326 388
388 389
388 390
390 391
390 392
1 393
393 394
393 395
