198
284
1
246 7
220 16
6 42
21 44
66 53
67 54
64 55
62 56
93 58
106 60
132 62
136 66
123 67
152 70
253 71
98 76
38 81
166 88
261 96
176 100
129 101
267 104
268 109
0 111
2 112
3 113
5 114
7 115
8 116
10 117
11 118
12 119
14 120
16 121
18 122
19 123
20 124
22 125
23 126
25 127
26 128
28 129
30 130
32 131
33 132
35 133
36 134
40 135
41 136
42 137
43 138
45 139
46 140
48 141
49 142
50 143
52 144
54 145
55 146
56 147
57 148
59 149
60 150
61 151
69 152
70 153
72 154
74 155
76 156
77 157
79 158
81 159
83 160
84 161
85 162
86 163
87 164
89 165
91 166
92 167
94 168
95 169
97 170
100 171
102 172
104 173
105 174
107 175
108 176
109 177
110 178
111 179
113 180
114 181
115 182
116 183
118 184
119 185
121 186
124 187
125 188
126 189
128 190
130 191
131 192
133 193
134 194
135 195
137 196
138 197
140 198
141 199
143 200
144 201
146 202
147 203
149 204
151 205
153 206
154 207
155 208
157 209
158 210
160 211
161 212
163 213
164 214
167 215
169 216
171 217
173 218
175 219
177 220
178 221
179 222
180 223
182 224
184 225
185 226
187 227
189 228
191 229
192 230
193 231
195 232
197 233
198 234
200 235
201 236
202 237
203 238
205 239
206 240
208 241
209 242
211 243
212 244
214 245
216 246
218 247
219 248
221 249
222 250
223 251
225 252
228 253
229 254
232 255
234 256
236 257
238 258
240 259
241 260
243 261
245 262
247 263
248 264
250 265
251 266
252 267
254 268
255 269
257 270
258 271
263 272
266 273
270 274
272 275
273 276
274 277
275 278
276 279
277 280
278 281
279 282
280 283
282 284
284 285
1 2
2 3
3 4
3 5
3 6
6 7
6 8
8 9
8 10
6 11
3 12
12 13
13 14
14 15
15 16
16 17
16 18
16 19
14 20
13 21
12 22
22 23
22 24
24 25
2 26
26 27
27 28
28 29
29 30
30 31
31 32
28 33
33 34
33 35
35 36
33 37
37 38
37 39
37 40
37 41
41 42
41 43
37 44
37 45
45 46
45 47
45 48
45 49
33 50
33 51
51 52
52 53
52 54
52 55
52 56
51 57
27 58
58 59
59 60
59 61
59 62
62 63
62 64
62 65
65 66
65 67
62 68
68 69
68 70
68 71
71 72
71 73
62 74
59 75
75 76
75 77
59 78
27 79
27 80
80 81
80 82
26 83
26 84
84 85
85 86
85 87
85 88
85 89
84 90
90 91
91 92
91 93
90 94
2 95
95 96
95 97
97 98
95 99
99 100
100 101
101 102
100 103
95 104
104 105
105 106
106 107
106 108
105 109
95 110
57 111
57 112
36 113
36 114
42 115
40 116
40 117
40 118
57 119
35 120
38 121
38 122
38 123
38 124
44 125
34 126
34 127
34 128
33 129
41 130
32 131
33 132
33 133
82 134
41 135
43 136
41 137
43 138
39 139
45 140
48 141
45 142
49 143
45 144
46 145
46 146
46 147
45 148
47 149
50 150
45 151
31 152
30 153
30 154
83 155
79 156
79 157
29 158
28 159
28 160
28 161
27 162
28 163
28 164
78 165
78 166
78 167
58 168
61 169
59 170
75 171
77 172
77 173
60 174
60 175
60 176
64 177
64 178
74 179
74 180
74 181
74 182
62 183
63 184
65 185
64 186
65 187
62 188
62 189
65 190
101 191
62 192
62 193
62 194
65 195
62 196
73 197
73 198
73 199
73 200
98 201
98 202
68 203
68 204
68 205
71 206
69 207
93 208
93 209
89 210
85 211
86 212
86 213
85 214
92 215
94 216
87 217
91 218
103 219
102 220
100 221
100 222
100 223
110 224
110 225
110 226
99 227
110 228
110 229
110 230
110 231
15 232
15 233
14 234
14 235
21 236
21 237
22 238
23 239
22 240
16 241
16 242
24 243
24 244
17 245
17 246
18 247
16 248
16 249
18 250
14 251
20 252
25 253
24 254
19 255
13 256
107 257
4 258
4 259
4 260
11 261
11 262
7 263
11 264
5 265
11 266
11 267
65 268
72 269
110 270
99 271
97 272
104 273
105 274
6 275
6 276
6 277
6 278
11 279
6 280
108 281
108 282
10 283
106 284
9 285
