198
287
287
216 254
214 86
212 81
211 248
218 6
219 267
133 219
132 209
131 19
130 153
137 60
136 72
135 135
134 225
138 171
166 83
25 45
26 143
167 33
20 258
21 278
22 59
23 43
160 211
28 138
161 67
0 69
221 123
8 131
220 32
284 255
258 55
263 284
121 250
261 62
123 36
124 129
125 110
126 193
128 121
129 155
268 92
118 241
59 118
55 22
54 177
57 74
56 164
50 232
52 56
164 70
201 10
179 77
200 223
195 46
197 276
178 240
191 272
203 136
193 169
192 126
115 245
114 50
272 25
116 166
111 229
110 266
113 218
176 277
278 76
83 268
81 26
86 137
87 151
84 228
85 261
206 30
3 111
254 201
7 105
247 273
255 52
225 195
245 212
108 208
109 185
241 108
240 161
243 107
102 89
100 2
106 206
107 280
104 133
105 12
38 87
33 0
32 5
270 243
30 48
36 94
35 16
246 236
252 191
223 252
60 106
61 114
62 154
64 141
66 40
67 182
177 41
69 79
175 93
251 57
173 61
257 279
171 275
198 149
222 263
253 178
248 28
182 38
180 247
2 115
187 100
184 282
6 198
250 157
189 192
273 128
185 125
98 146
169 98
229 173
228 189
91 187
93 18
92 84
95 147
94 274
97 167
163 220
11 160
10 200
12 202
14 134
16 205
19 42
18 140
89 132
274 66
275 246
151 234
153 216
152 11
155 3
154 49
157 176
158 95
277 35
238 163
279 20
234 253
236 130
232 102
280 214
48 238
49 54
46 8
119 64
45 104
42 221
43 7
40 222
41 184
5 180
146 85
147 251
144 203
202 124
205 179
143 175
140 158
141 197
209 113
208 144
149 23
77 21
76 152
74 109
72 14
70 119
79 91
282 97
276 270
267 257
266 116
215 216
220 217
215 214
217 215
213 212
227 213
213 210
210 211
170 165
265 264
286 265
217 218
217 219
132 133
150 132
132 131
129 130
132 137
132 136
132 135
132 134
142 139
139 138
165 166
31 24
24 25
24 26
44 27
17 20
34 21
21 22
24 23
159 160
27 28
39 29
162 161
1 0
15 4
283 281
9 8
285 283
162 163
286 285
285 284
287 286
120 119
283 271
259 258
132 120
120 121
132 122
122 123
125 124
132 125
127 126
132 127
127 128
176 129
283 269
269 268
226 220
117 118
58 59
65 58
53 55
53 54
58 57
53 56
58 51
51 50
58 53
51 52
262 259
262 145
165 164
226 201
208 199
176 179
199 200
196 195
256 194
196 197
176 178
190 191
194 190
194 193
190 192
112 115
112 114
93 88
90 89
112 111
132 110
112 113
132 112
88 82
82 83
82 80
82 81
82 86
82 87
82 84
82 85
256 174
199 198
260 256
207 206
231 226
256 257
4 3
176 177
253 254
6 7
246 247
271 273
253 255
224 225
244 245
271 244
106 108
110 109
242 241
239 240
244 243
249 242
103 102
122 103
99 100
132 101
142 106
106 107
103 104
106 105
44 39
37 38
34 33
31 32
39 31
29 30
65 37
37 36
34 35
44 34
271 246
170 162
281 282
249 252
204 205
224 223
181 176
58 60
58 61
63 62
65 63
63 64
68 65
65 66
65 67
73 68
68 69
176 175
249 251
172 173
174 172
170 171
174 170
204 203
220 222
188 181
262 253
249 248
183 182
186 183
181 180
1 2
168 167
188 187
183 184
29 6
190 186
249 250
190 189
208 196
220 221
186 185
103 99
99 98
172 168
168 169
230 229
227 228
90 91
101 90
125 93
90 92
96 95
93 94
96 97
101 96
9 11
9 10
39 13
13 12
27 15
15 14
53 17
17 16
17 19
17 18
259 188
132 117
117 116
271 274
207 204
271 275
150 151
253 150
253 153
153 152
156 155
153 154
156 157
168 156
170 159
159 158
271 277
235 234
237 238
242 239
278 279
210 207
237 235
235 236
239 237
237 230
233 231
231 232
235 233
233 224
281 280
47 48
47 49
47 46
58 47
58 44
44 45
39 42
39 43
39 40
39 41
13 1
4 5
44 9
271 272
145 146
148 147
145 144
201 202
148 142
142 143
139 140
142 141
208 209
226 208
253 148
150 149
78 77
75 76
78 75
75 74
80 73
71 72
73 71
71 70
283 278
80 79
88 78
264 263
271 249
264 262
230 227
260 261
269 270
265 260
271 276
286 267
267 266
