198
287
287
216 255
214 70
212 92
211 169
218 119
219 86
133 45
132 5
131 191
130 228
137 23
136 74
135 234
134 250
138 91
166 229
25 123
26 97
167 243
20 89
21 105
22 2
23 241
160 192
28 49
161 179
0 284
221 203
8 211
220 35
284 87
258 278
263 253
121 46
261 48
123 124
124 216
125 258
126 104
128 95
129 115
268 66
118 50
59 10
55 131
54 221
57 266
56 263
50 184
52 125
164 133
201 225
179 276
200 129
195 163
197 247
178 201
191 176
203 136
193 100
192 161
115 182
114 144
272 158
116 177
111 197
110 206
113 25
176 261
278 26
83 272
81 12
86 76
87 38
84 185
85 252
206 273
3 110
254 36
7 19
247 55
255 171
225 114
245 85
108 193
109 57
241 84
240 205
243 81
102 164
100 98
106 106
107 222
104 138
105 277
38 11
33 282
32 67
270 200
30 54
36 30
35 251
246 22
252 93
223 118
60 126
61 21
62 143
64 135
66 43
67 116
177 152
69 40
175 113
251 62
173 20
257 248
171 232
198 254
222 137
253 214
248 33
182 77
180 208
2 198
187 42
184 270
6 180
250 166
189 64
273 146
185 202
98 178
169 220
229 18
228 187
91 236
93 167
92 147
95 60
94 268
97 246
163 28
11 61
10 280
12 212
14 219
16 0
19 14
18 79
89 121
274 275
275 102
151 128
153 173
152 141
155 132
154 8
157 274
158 151
277 245
238 140
279 56
234 223
236 149
232 16
280 153
48 111
49 108
46 175
119 238
45 107
42 155
43 257
40 7
41 267
5 6
146 59
147 94
144 209
202 160
205 189
143 69
140 218
141 41
209 72
208 279
149 52
77 83
76 157
74 32
72 3
70 134
79 130
282 154
276 240
267 109
266 195
215 216
220 217
215 214
217 215
213 212
227 213
213 210
210 211
170 165
265 264
286 265
217 218
217 219
132 133
150 132
132 131
129 130
132 137
132 136
132 135
132 134
142 139
139 138
165 166
31 24
24 25
24 26
44 27
17 20
34 21
21 22
24 23
159 160
27 28
39 29
162 161
1 0
15 4
283 281
9 8
285 283
162 163
286 285
285 284
287 286
120 119
283 271
259 258
132 120
120 121
132 122
122 123
125 124
132 125
127 126
132 127
127 128
176 129
283 269
269 268
226 220
117 118
58 59
65 58
53 55
53 54
58 57
53 56
58 51
51 50
58 53
51 52
262 259
262 145
165 164
226 201
208 199
176 179
199 200
196 195
256 194
196 197
176 178
190 191
194 190
194 193
190 192
112 115
112 114
93 88
90 89
112 111
132 110
112 113
132 112
88 82
82 83
82 80
82 81
82 86
82 87
82 84
82 85
256 174
199 198
260 256
207 206
231 226
256 257
4 3
176 177
253 254
6 7
246 247
271 273
253 255
224 225
244 245
271 244
106 108
110 109
242 241
239 240
244 243
249 242
103 102
122 103
99 100
132 101
142 106
106 107
103 104
106 105
44 39
37 38
34 33
31 32
39 31
29 30
65 37
37 36
34 35
44 34
271 246
170 162
281 282
249 252
204 205
224 223
181 176
58 60
58 61
63 62
65 63
63 64
68 65
65 66
65 67
73 68
68 69
176 175
249 251
172 173
174 172
170 171
174 170
204 203
220 222
188 181
262 253
249 248
183 182
186 183
181 180
1 2
168 167
188 187
183 184
29 6
190 186
249 250
190 189
208 196
220 221
186 185
103 99
99 98
172 168
168 169
230 229
227 228
90 91
101 90
125 93
90 92
96 95
93 94
96 97
101 96
9 11
9 10
39 13
13 12
27 15
15 14
53 17
17 16
17 19
17 18
259 188
132 117
117 116
271 274
207 204
271 275
150 151
253 150
253 153
153 152
156 155
153 154
156 157
168 156
170 159
159 158
271 277
235 234
237 238
242 239
278 279
210 207
237 235
235 236
239 237
237 230
233 231
231 232
235 233
233 224
281 280
47 48
47 49
47 46
58 47
58 44
44 45
39 42
39 43
39 40
39 41
13 1
4 5
44 9
271 272
145 146
148 147
145 144
201 202
148 142
142 143
139 140
142 141
208 209
226 208
253 148
150 149
78 77
75 76
78 75
75 74
80 73
71 72
73 71
71 70
283 278
80 79
88 78
264 263
271 249
264 262
230 227
260 261
269 270
265 260
271 276
286 267
267 266
