198
311
0
266 3
267 2
282 7
284 11
278 13
279 14
280 16
270 18
268 19
247 22
246 21
273 25
248 28
241 32
238 36
234 38
236 40
232 42
201 44
202 46
220 47
209 53
225 54
208 51
223 60
198 61
197 63
195 64
200 65
219 68
214 70
216 71
218 73
222 74
221 75
229 77
228 79
212 81
211 83
206 85
203 87
205 88
240 89
276 91
250 93
252 94
251 96
243 98
245 99
272 102
274 103
275 105
277 106
258 111
187 113
180 115
175 118
129 119
130 122
177 123
176 116
178 127
179 128
146 131
144 132
263 133
261 135
192 138
189 140
191 141
185 145
193 146
184 148
182 149
167 154
173 156
157 158
155 159
169 160
163 162
171 164
158 167
160 168
166 170
164 172
161 173
257 174
253 175
255 179
153 180
147 185
107 188
108 191
106 187
105 193
141 196
138 197
143 199
140 200
152 201
149 202
151 204
134 206
137 209
123 214
136 216
254 217
119 218
135 219
126 221
128 222
132 205
133 228
118 230
116 231
100 236
98 237
104 239
102 240
124 241
125 232
131 244
121 247
110 249
109 250
113 255
114 256
115 258
111 257
154 260
97 263
91 266
92 267
89 268
95 270
93 271
94 274
85 276
81 281
86 282
84 283
83 285
87 286
77 289
76 291
74 292
79 294
70 296
72 298
69 300
67 302
66 305
62 308
36 310
38 311
64 312
49 314
61 317
57 319
46 321
59 322
52 325
50 326
48 328
60 330
56 332
54 335
55 336
19 339
16 342
20 343
18 344
45 348
14 352
3 354
5 355
28 356
33 358
22 361
21 360
35 363
11 365
10 367
8 368
40 371
43 373
41 374
30 377
6 378
7 380
42 382
23 386
25 387
26 388
32 390
12 392
2 394
0 395
0 1
1 2
2 3
1 5
5 6
6 7
6 8
8 9
9 10
10 11
10 12
12 13
12 14
9 15
15 16
15 17
17 18
17 19
8 20
20 21
21 22
20 24
24 25
24 27
27 28
27 31
31 32
31 33
33 34
34 35
35 36
35 37
37 38
37 40
37 41
41 42
41 43
43 44
44 46
43 47
47 51
51 52
52 53
52 54
51 58
58 59
59 60
59 61
58 62
62 63
62 64
51 65
47 67
67 68
67 69
69 70
69 71
47 72
72 73
72 74
47 75
34 76
76 77
76 79
76 80
80 81
80 82
82 83
82 84
84 85
84 86
86 87
86 88
33 89
27 90
90 91
90 92
92 93
92 94
27 96
27 97
97 98
97 99
24 102
24 103
24 105
24 106
5 107
107 108
108 109
109 110
110 111
110 112
112 113
112 114
114 115
114 116
116 117
117 118
117 119
119 121
121 122
121 123
116 127
116 128
109 129
129 130
130 131
130 132
129 133
108 134
134 135
134 136
136 137
137 138
137 140
137 141
136 142
142 144
144 145
144 146
142 147
147 148
147 149
142 150
150 151
151 152
152 153
153 154
153 156
153 157
157 158
157 159
152 160
151 161
161 162
161 164
161 165
165 166
166 167
166 168
165 169
169 170
169 172
169 173
150 174
107 175
175 179
175 180
175 181
181 184
184 185
184 186
186 187
187 188
187 191
187 193
186 196
186 197
186 199
186 200
181 201
181 202
181 204
181 205
205 206
205 209
205 210
210 214
210 215
215 216
215 217
210 218
210 219
210 220
220 221
220 222
205 228
205 229
229 230
229 231
205 232
232 233
233 234
234 235
235 236
235 237
234 239
234 240
233 241
205 244
205 245
245 246
246 247
246 248
248 249
248 250
245 252
252 253
253 255
253 256
253 257
257 258
252 260
245 261
261 262
262 263
262 264
264 265
265 266
265 267
264 268
261 270
261 271
271 274
271 275
275 276
275 277
277 281
277 282
277 283
277 285
277 286
277 287
287 288
288 289
288 290
290 291
290 292
287 294
287 295
295 296
295 297
297 298
297 299
299 300
299 301
301 302
301 303
303 304
304 305
304 307
307 308
307 309
309 310
309 311
304 312
303 313
313 314
313 315
315 317
315 318
318 319
318 321
318 322
315 324
324 325
324 326
315 328
315 329
329 330
329 332
332 335
332 336
336 338
338 339
338 342
338 343
338 344
329 345
345 348
345 349
349 350
350 351
351 352
351 353
353 354
353 355
350 356
349 357
357 358
357 360
360 361
357 363
345 364
364 365
364 367
364 368
345 369
369 371
369 372
372 373
372 374
369 376
376 377
376 378
378 380
369 382
369 383
383 384
384 385
385 386
385 387
384 388
383 389
389 390
389 391
391 392
391 393
393 394
393 395
