99
166
0
18 22
2 24
0 25
15 27
13 28
9 30
7 31
33 33
36 36
31 37
28 39
26 40
37 42
23 46
21 49
12 51
10 52
16 53
6 56
5 58
3 59
24 60
29 61
34 62
39 63
40 64
43 66
41 67
52 68
46 70
44 71
49 72
55 73
53 75
48 76
143 81
58 83
56 84
140 86
129 88
128 90
126 91
111 98
106 100
102 102
100 103
110 104
109 105
99 108
95 111
90 115
89 116
87 117
83 122
81 123
82 125
79 126
86 129
84 130
76 135
74 137
71 138
72 139
73 140
69 141
77 118
78 144
94 145
97 146
105 148
103 149
132 152
130 153
125 156
124 157
122 158
137 160
136 163
135 165
134 168
67 169
66 171
64 172
63 176
61 177
59 178
62 179
118 182
120 184
117 186
115 187
114 189
112 190
144 191
146 192
147 193
149 194
152 196
151 197
0 1
1 2
2 3
3 4
4 5
5 6
6 7
7 8
8 10
10 11
11 12
12 13
13 14
14 15
15 16
16 18
18 19
19 20
20 21
21 22
21 23
23 24
23 25
20 26
26 27
26 28
19 29
29 30
29 31
18 33
18 34
34 36
34 37
34 38
38 39
38 40
16 41
41 42
41 43
43 44
44 45
45 46
45 47
47 49
47 50
50 51
50 52
47 53
53 55
55 56
55 58
55 59
44 60
43 61
16 62
15 63
14 64
13 65
65 66
65 67
12 68
11 69
69 70
69 71
10 72
8 73
8 74
74 75
74 76
7 77
77 80
80 81
80 82
82 83
82 84
77 85
85 86
85 87
87 88
87 90
87 91
91 93
93 98
93 100
93 101
101 102
101 103
93 104
93 105
93 106
106 107
107 108
107 109
109 110
110 111
110 112
112 113
113 115
113 116
113 117
112 118
118 119
119 120
120 121
121 122
121 123
120 124
124 125
124 126
119 129
119 130
119 131
131 132
132 135
132 137
132 138
132 139
132 140
131 141
118 144
109 145
106 146
93 147
147 148
147 149
77 150
150 151
151 152
151 153
150 154
154 155
155 156
155 157
154 158
77 159
159 160
159 163
159 165
159 168
159 169
159 170
170 171
170 172
159 173
173 176
173 177
173 178
173 179
6 180
180 181
181 182
181 183
183 184
183 185
185 186
185 187
180 188
188 189
188 190
5 191
4 192
3 193
2 194
1 195
195 196
195 197
