99
164
1
49 7
55 10
31 22
151 28
99 31
111 34
77 40
87 43
109 51
66 73
0 77
2 78
3 79
5 80
6 81
7 82
9 83
10 84
12 85
13 86
15 87
16 88
18 89
21 90
23 91
24 92
26 93
28 94
29 95
33 96
34 97
36 98
37 99
39 100
40 101
41 102
43 103
44 104
46 105
48 106
52 107
53 108
56 109
58 110
59 111
61 112
62 113
63 114
64 115
67 116
69 117
71 118
72 119
73 120
74 121
76 122
78 123
79 124
81 125
82 126
83 127
84 128
86 129
89 130
90 131
94 132
95 133
97 134
100 135
102 136
103 137
105 138
106 139
110 140
112 141
114 142
115 143
117 144
118 145
120 146
122 147
124 148
125 149
126 150
128 151
129 152
130 153
132 154
134 155
135 156
136 157
137 158
140 159
143 160
144 161
146 162
147 163
149 164
152 165
1 2
2 3
3 4
4 5
4 6
3 7
3 8
3 9
9 10
3 11
11 12
12 13
12 14
12 15
15 16
15 17
12 18
12 19
19 20
19 21
11 22
11 23
23 24
11 25
2 26
26 27
27 28
2 29
29 30
30 31
29 32
32 33
29 34
29 35
29 36
29 37
37 38
38 39
39 40
40 41
39 42
42 43
39 44
44 45
44 46
38 47
38 48
38 49
29 50
29 51
2 52
2 53
53 54
54 55
53 56
2 57
57 58
57 59
59 60
59 61
59 62
2 63
63 64
64 65
2 66
2 67
2 68
68 69
2 70
2 71
2 72
72 73
72 74
72 75
2 76
5 77
5 78
63 79
63 80
63 81
21 82
21 83
64 84
64 85
20 86
20 87
63 88
19 89
64 90
16 91
65 92
14 93
18 94
65 95
13 96
11 97
17 98
25 99
24 100
23 101
66 102
6 103
8 104
3 105
9 106
3 107
9 108
69 109
68 110
74 111
74 112
74 113
74 114
70 115
72 116
45 117
44 118
44 119
44 120
44 121
46 122
40 123
47 124
49 125
48 126
33 127
39 128
39 129
42 130
42 131
32 132
41 133
30 134
37 135
37 136
50 137
50 138
36 139
29 140
58 141
58 142
62 143
62 144
61 145
60 146
54 147
53 148
53 149
35 150
35 151
35 152
55 153
56 154
72 155
72 156
72 157
75 158
76 159
71 160
52 161
67 162
26 163
27 164
27 165
