99
154
154
132 37
130 106
137 40
136 3
135 46
134 144
24 77
26 63
21 100
23 7
28 90
29 135
0 53
120 147
122 58
124 79
125 62
126 24
128 102
129 44
118 10
59 97
58 103
55 82
56 105
53 21
52 112
115 48
114 99
117 114
89 78
111 86
110 151
112 152
82 73
83 67
81 130
86 33
87 84
84 49
3 95
7 124
109 71
102 76
103 18
100 69
106 52
105 56
39 126
33 140
31 12
37 122
36 41
34 89
61 120
62 66
63 9
64 110
66 29
67 134
69 74
2 31
6 28
99 0
90 36
95 81
94 115
97 136
10 117
13 111
12 87
15 16
16 118
18 149
151 55
152 72
48 128
49 94
46 43
44 23
43 34
40 6
41 26
5 61
9 59
146 109
147 143
144 15
143 146
140 83
149 5
77 125
76 64
74 2
73 13
72 129
71 132
79 39
78 137
138 133
131 132
142 131
131 130
133 137
133 136
133 135
133 134
142 139
141 138
22 24
38 25
27 26
35 27
22 20
20 21
35 22
22 23
27 28
30 29
1 0
16 4
25 8
121 119
121 120
138 121
123 122
131 123
123 124
123 125
127 126
139 127
127 128
127 129
119 118
60 59
57 58
54 55
142 54
141 57
57 56
54 51
54 50
54 53
51 52
116 115
113 114
91 88
88 89
108 111
108 110
121 113
113 112
80 82
80 83
85 80
80 81
85 86
88 87
85 84
92 85
4 3
8 7
127 108
108 109
101 102
104 103
101 100
108 101
107 106
108 107
108 104
104 105
38 39
51 38
32 33
35 32
30 31
32 30
35 37
35 36
38 35
32 34
68 60
60 61
60 62
60 63
65 64
133 65
65 66
68 67
133 68
70 69
1 2
4 6
98 99
107 98
92 91
91 90
96 93
93 92
93 95
93 94
96 97
98 96
20 11
11 10
14 13
11 12
14 15
19 14
19 17
20 16
25 19
17 18
116 117
119 116
150 151
153 150
154 153
153 152
47 48
50 49
45 46
50 47
45 44
51 45
47 42
42 43
38 40
42 41
17 1
4 5
8 9
145 146
148 147
145 144
148 145
145 142
142 143
139 140
142 141
153 148
150 149
85 77
75 76
85 75
70 74
70 73
70 72
70 71
75 70
80 79
77 78
