99
154
154
132 63
130 72
137 109
136 118
135 126
134 122
24 140
26 76
21 94
23 105
28 82
29 36
0 10
120 129
122 34
124 40
125 147
126 100
128 144
129 90
118 66
59 151
58 83
55 124
56 44
53 128
52 6
115 136
114 77
117 33
89 134
111 26
110 143
112 110
82 28
83 49
81 102
86 7
87 149
84 43
3 53
7 61
109 13
102 152
103 41
100 46
106 146
105 58
39 24
33 16
31 71
37 89
36 117
34 15
61 135
62 52
63 69
64 59
66 86
67 18
69 114
2 73
6 97
99 12
90 95
95 125
94 21
97 3
10 39
13 29
12 111
15 55
16 87
18 79
151 62
152 31
48 56
49 5
46 9
44 64
43 74
40 137
41 132
5 78
9 48
146 2
147 23
144 130
143 103
140 37
149 0
77 84
76 120
74 67
73 81
72 115
71 112
79 99
78 106
138 133
131 132
142 131
131 130
133 137
133 136
133 135
133 134
142 139
141 138
22 24
38 25
27 26
35 27
22 20
20 21
35 22
22 23
27 28
30 29
1 0
16 4
25 8
121 119
121 120
138 121
123 122
131 123
123 124
123 125
127 126
139 127
127 128
127 129
119 118
60 59
57 58
54 55
142 54
141 57
57 56
54 51
54 50
54 53
51 52
116 115
113 114
91 88
88 89
108 111
108 110
121 113
113 112
80 82
80 83
85 80
80 81
85 86
88 87
85 84
92 85
4 3
8 7
127 108
108 109
101 102
104 103
101 100
108 101
107 106
108 107
108 104
104 105
38 39
51 38
32 33
35 32
30 31
32 30
35 37
35 36
38 35
32 34
68 60
60 61
60 62
60 63
65 64
133 65
65 66
68 67
133 68
70 69
1 2
4 6
98 99
107 98
92 91
91 90
96 93
93 92
93 95
93 94
96 97
98 96
20 11
11 10
14 13
11 12
14 15
19 14
19 17
20 16
25 19
17 18
116 117
119 116
150 151
153 150
154 153
153 152
47 48
50 49
45 46
50 47
45 44
51 45
47 42
42 43
38 40
42 41
17 1
4 5
8 9
145 146
148 147
145 144
148 145
145 142
142 143
139 140
142 141
153 148
150 149
85 77
75 76
85 75
70 74
70 73
70 72
70 71
75 70
80 79
77 78
