99
154
154
132 132
130 130
137 137
136 136
135 135
134 134
24 24
26 26
21 21
23 23
28 28
29 29
0 0
120 120
122 122
124 124
125 125
126 126
128 128
129 129
118 118
59 59
58 58
55 55
56 56
53 53
52 52
115 115
114 114
117 117
89 89
111 111
110 110
112 112
82 82
83 83
81 81
86 86
87 87
84 84
3 3
7 7
109 109
102 102
103 103
100 100
106 106
105 105
39 39
33 33
31 31
37 37
36 36
34 34
61 61
62 62
63 63
64 64
66 66
67 67
69 69
2 2
6 6
99 99
90 90
95 95
94 94
97 97
10 10
13 13
12 12
15 15
16 16
18 18
151 151
152 152
48 48
49 49
46 46
44 44
43 43
40 40
41 41
5 5
9 9
146 146
147 147
144 144
143 143
140 140
149 149
77 77
76 76
74 74
73 73
72 72
71 71
79 79
78 78
138 133
131 132
142 131
131 130
133 137
133 136
133 135
133 134
142 139
141 138
22 24
38 25
27 26
35 27
22 20
20 21
35 22
22 23
27 28
30 29
1 0
16 4
25 8
121 119
121 120
138 121
123 122
131 123
123 124
123 125
127 126
139 127
127 128
127 129
119 118
60 59
57 58
54 55
142 54
141 57
57 56
54 51
54 50
54 53
51 52
116 115
113 114
91 88
88 89
108 111
108 110
121 113
113 112
80 82
80 83
85 80
80 81
85 86
88 87
85 84
92 85
4 3
8 7
127 108
108 109
101 102
104 103
101 100
108 101
107 106
108 107
108 104
104 105
38 39
51 38
32 33
35 32
30 31
32 30
35 37
35 36
38 35
32 34
68 60
60 61
60 62
60 63
65 64
133 65
65 66
68 67
133 68
70 69
1 2
4 6
98 99
107 98
92 91
91 90
96 93
93 92
93 95
93 94
96 97
98 96
20 11
11 10
14 13
11 12
14 15
19 14
19 17
20 16
25 19
17 18
116 117
119 116
150 151
153 150
154 153
153 152
47 48
50 49
45 46
50 47
45 44
51 45
47 42
42 43
38 40
42 41
17 1
4 5
8 9
145 146
148 147
145 144
148 145
145 142
142 143
139 140
142 141
153 148
150 149
85 77
75 76
85 75
70 74
70 73
70 72
70 71
75 70
80 79
77 78
