97
131
131
130 130
24 24
25 25
27 27
20 20
21 21
22 22
29 29
0 0
4 4
8 8
120 120
122 122
123 123
124 124
125 125
126 126
127 127
58 58
55 55
54 54
56 56
51 51
50 50
53 53
114 114
88 88
89 89
110 110
113 113
112 112
82 82
83 83
80 80
119 119
87 87
84 84
85 85
3 3
7 7
109 109
102 102
103 103
100 100
101 101
107 107
104 104
38 38
32 32
31 31
36 36
34 34
60 60
61 61
63 63
64 64
66 66
67 67
68 68
69 69
2 2
6 6
98 98
91 91
90 90
92 92
95 95
94 94
97 97
11 11
10 10
13 13
12 12
15 15
14 14
17 17
16 16
19 19
18 18
117 117
116 116
49 49
46 46
47 47
45 45
42 42
43 43
40 40
41 41
1 1
9 9
77 77
76 76
74 74
73 73
71 71
78 78
131 130
23 24
26 25
35 26
26 27
16 20
16 21
23 22
37 23
39 28
28 29
1 0
5 4
28 8
121 120
129 121
129 122
122 123
122 124
122 125
122 126
122 127
129 128
131 129
129 118
65 59
57 58
54 55
122 54
59 57
57 56
52 51
122 50
52 53
122 52
121 115
115 114
102 88
88 89
121 111
111 110
111 113
111 112
81 82
81 83
79 80
88 81
118 119
88 87
81 84
86 85
2 3
8 7
128 108
108 109
105 102
102 103
99 100
99 101
108 106
106 107
102 104
106 105
44 39
37 38
39 33
33 32
30 31
39 30
44 37
35 36
44 35
33 34
121 86
59 60
62 61
70 62
62 63
65 64
70 65
65 66
65 67
65 68
65 69
12 2
5 6
105 99
99 98
88 91
88 90
128 93
93 92
96 95
93 94
96 97
106 96
9 11
9 10
12 13
28 12
12 15
12 14
16 17
30 16
16 19
16 18
118 117
115 116
122 48
48 49
50 46
46 47
48 44
44 45
39 42
39 43
39 40
39 41
39 1
12 5
23 9
78 77
75 76
81 75
75 74
72 73
81 72
70 71
72 70
86 79
79 78
