473
945
0
603 4
602 6
600 7
605 8
598 11
596 13
595 14
585 18
584 19
591 21
588 23
590 24
565 28
534 33
536 34
542 37
540 38
513 41
515 42
539 44
537 45
527 48
550 51
555 56
546 58
547 60
519 61
553 64
554 65
551 67
544 69
549 70
532 72
548 73
518 77
516 78
556 79
557 80
529 83
552 84
558 85
524 89
521 91
525 92
523 94
526 95
530 96
562 98
560 99
492 103
483 107
451 109
452 110
457 112
424 115
462 118
426 119
447 121
443 124
444 125
445 126
455 128
467 129
491 130
473 132
442 136
406 138
408 139
403 143
401 145
402 146
399 148
410 150
382 153
385 155
386 156
380 159
381 160
384 161
436 165
432 168
434 169
423 171
433 174
437 175
435 176
412 178
411 180
413 181
438 184
440 185
420 189
421 190
439 191
419 192
474 195
463 196
472 198
470 199
573 202
466 205
464 206
571 210
579 212
576 215
587 216
510 219
508 220
577 222
484 224
486 225
580 226
581 230
574 231
500 234
499 235
575 237
566 238
578 242
570 243
448 247
450 248
478 250
477 252
475 253
582 254
568 255
567 260
572 261
453 266
454 267
493 268
489 271
488 272
487 273
569 275
504 278
505 279
501 281
497 284
494 286
498 287
496 288
583 290
503 292
511 293
507 295
479 297
481 298
212 301
128 306
125 307
122 311
120 312
124 314
126 317
119 318
127 319
82 326
81 327
88 328
34 334
9 336
11 337
29 340
42 342
27 343
3 348
5 349
39 351
38 352
37 353
35 356
33 357
31 361
32 362
28 364
40 366
41 367
30 369
36 370
77 372
75 373
107 374
105 375
48 381
49 382
47 383
46 385
50 386
83 388
85 389
102 392
104 393
91 395
89 396
108 398
116 400
114 401
99 407
110 409
109 410
101 412
63 414
64 415
80 418
97 419
78 421
98 422
111 423
95 426
69 429
45 432
70 436
65 437
68 438
60 441
62 442
61 443
71 444
72 447
73 449
74 450
25 455
22 457
24 458
51 461
59 462
57 465
17 466
52 468
18 472
56 473
53 474
58 475
55 478
54 479
26 480
43 482
8 486
6 487
2 489
0 490
14 495
15 496
16 498
13 499
12 500
21 502
20 503
92 506
94 507
113 508
165 519
163 520
164 521
157 524
158 526
151 527
153 528
172 529
161 534
162 535
174 536
173 537
143 539
150 542
148 543
147 547
156 548
171 549
169 551
159 554
160 555
166 557
168 558
176 559
142 562
140 564
145 565
144 566
132 569
130 570
135 572
136 574
137 575
141 577
138 578
155 579
210 585
276 587
226 588
205 591
204 592
194 595
197 596
196 597
184 600
188 605
189 607
190 608
229 609
216 612
231 614
182 615
232 616
208 620
207 622
206 623
209 624
230 626
233 627
275 629
274 631
271 633
273 634
203 636
202 637
181 641
180 642
198 645
200 646
201 647
177 650
179 652
178 653
187 655
185 656
315 664
316 665
244 668
246 669
314 671
312 672
344 674
337 676
335 677
329 678
430 683
458 685
460 686
428 687
427 690
391 691
390 693
389 695
387 696
388 699
376 700
431 702
418 704
429 706
417 707
359 716
358 717
357 718
369 721
371 724
367 725
375 726
373 730
372 731
368 732
374 733
364 735
370 737
362 738
341 740
338 742
340 743
379 746
361 748
360 749
366 751
356 753
355 755
353 756
405 760
404 761
394 764
395 766
396 767
397 768
416 771
398 772
415 773
393 774
240 782
269 785
222 786
191 788
193 789
220 790
243 793
223 796
215 798
213 800
214 801
218 802
242 804
241 806
249 807
236 809
234 810
266 813
250 815
248 820
247 821
267 822
270 824
268 826
264 827
263 829
238 831
237 832
265 833
322 839
289 841
287 842
320 843
306 850
307 852
305 853
260 855
262 856
345 860
333 861
334 862
351 864
347 866
346 867
349 871
352 872
350 873
348 874
277 878
279 879
280 880
318 883
319 884
296 885
311 889
310 890
328 892
327 893
332 894
285 897
286 899
283 900
292 902
325 905
324 906
308 909
309 910
291 911
227 914
228 915
281 919
294 920
302 924
299 925
297 927
303 929
304 931
298 932
300 933
301 934
257 938
258 939
255 940
254 942
253 944
251 945
0 1
1 2
2 3
3 4
3 5
5 6
5 7
2 8
1 9
9 10
10 11
10 12
12 13
12 14
9 15
15 16
16 17
17 18
17 19
16 20
20 21
20 22
22 23
22 24
15 25
25 26
26 27
27 28
27 29
29 30
30 31
31 32
32 33
32 34
31 35
35 36
36 37
36 38
35 39
39 40
40 41
40 42
39 43
43 44
43 45
30 46
46 47
47 48
47 49
49 50
50 51
50 52
52 53
53 54
54 55
55 56
55 57
57 58
57 59
59 60
59 61
54 62
62 63
63 64
63 65
62 66
66 67
66 68
68 69
68 70
53 71
71 72
71 73
52 74
74 75
75 76
76 77
76 78
75 79
74 80
49 81
81 82
82 83
82 84
81 85
46 86
86 87
87 88
88 89
88 90
90 91
90 92
87 93
93 94
93 95
86 96
29 97
97 98
97 99
26 100
100 101
101 102
102 103
102 104
104 105
105 106
106 107
106 108
108 109
108 110
105 111
111 112
111 113
113 114
114 115
114 116
116 117
117 118
117 119
116 120
120 121
120 122
122 123
123 124
123 125
122 126
113 127
127 128
127 129
104 130
101 131
131 132
131 133
133 134
134 135
135 136
135 137
137 138
137 139
134 140
140 141
141 142
142 143
142 144
144 145
144 146
141 147
147 148
147 149
149 150
149 151
151 152
152 153
152 154
154 155
154 156
151 157
157 158
158 159
158 160
157 161
140 162
162 163
163 164
164 165
164 166
166 167
167 168
167 169
166 170
170 171
170 172
172 173
173 174
173 175
172 176
163 177
177 178
177 179
179 180
179 181
162 182
182 183
183 184
183 185
182 186
186 187
187 188
188 189
188 190
187 191
186 192
133 193
193 194
194 195
194 196
193 197
197 198
197 199
100 200
200 201
201 202
201 203
203 204
204 205
204 206
203 207
207 208
208 209
209 210
209 211
211 212
211 213
213 214
214 215
214 216
213 217
217 218
218 219
218 220
217 221
221 222
221 223
223 224
223 225
208 226
207 227
227 228
228 229
229 230
229 231
228 232
232 233
233 234
233 235
232 236
236 237
236 238
227 239
239 240
240 241
241 242
241 243
240 244
244 245
245 246
246 247
246 248
245 249
249 250
249 251
251 252
251 253
244 254
239 255
200 256
256 257
257 258
258 259
259 260
259 261
258 262
262 263
263 264
264 265
265 266
265 267
264 268
263 269
269 270
270 271
270 272
269 273
262 274
274 275
274 276
276 277
277 278
277 279
276 280
280 281
280 282
282 283
283 284
283 285
285 286
285 287
282 288
257 289
289 290
289 291
291 292
291 293
256 294
294 295
294 296
296 297
296 298
25 299
299 300
300 301
300 302
302 303
303 304
304 305
305 306
305 307
304 308
308 309
309 310
310 311
310 312
309 313
313 314
313 315
315 316
316 317
316 318
315 319
308 320
320 321
321 322
322 323
323 324
324 325
325 326
325 327
324 328
323 329
329 330
330 331
331 332
332 333
333 334
333 335
335 336
335 337
332 338
338 339
339 340
339 341
341 342
341 343
338 344
344 345
345 346
346 347
347 348
347 349
346 350
350 351
350 352
345 353
344 354
354 355
355 356
355 357
354 358
358 359
359 360
360 361
360 362
359 363
363 364
363 365
365 366
365 367
358 368
368 369
368 370
331 371
371 372
371 373
330 374
329 375
322 376
376 377
377 378
378 379
379 380
380 381
380 382
379 383
378 384
384 385
384 386
377 387
387 388
387 389
376 390
390 391
391 392
391 393
390 394
394 395
394 396
321 397
397 398
397 399
399 400
399 401
320 402
402 403
403 404
404 405
405 406
406 407
406 408
408 409
408 410
405 411
411 412
411 413
413 414
413 415
404 416
416 417
417 418
417 419
416 420
420 421
420 422
403 423
402 424
424 425
425 426
425 427
427 428
428 429
428 430
430 431
431 432
431 433
433 434
434 435
435 436
435 437
434 438
433 439
439 440
440 441
440 442
439 443
430 444
427 445
445 446
446 447
446 448
448 449
448 450
445 451
451 452
452 453
453 454
454 455
454 456
456 457
456 458
453 459
459 460
460 461
460 462
459 463
463 464
464 465
464 466
463 467
467 468
467 469
469 470
470 471
471 472
471 473
470 474
469 475
452 476
476 477
477 478
477 479
476 480
451 481
481 482
481 483
483 484
484 485
485 486
485 487
484 488
488 489
488 490
483 491
491 492
492 493
493 494
494 495
494 496
493 497
497 498
497 499
492 500
491 501
501 502
501 503
424 504
504 505
505 506
505 507
504 508
303 509
509 510
510 511
511 512
512 513
513 514
514 515
515 516
516 517
517 518
518 519
518 520
517 521
516 522
522 523
523 524
523 525
525 526
525 527
522 528
515 529
514 530
530 531
531 532
532 533
533 534
533 535
532 536
531 537
530 538
538 539
538 540
540 541
541 542
541 543
540 544
544 545
545 546
546 547
546 548
545 549
544 550
550 551
550 552
552 553
553 554
553 555
552 556
556 557
556 558
513 559
512 560
560 561
561 562
561 563
563 564
563 565
560 566
511 567
567 568
568 569
568 570
567 571
571 572
571 573
573 574
573 575
510 576
576 577
576 578
509 579
302 580
580 581
581 582
582 583
583 584
584 585
584 586
586 587
586 588
583 589
589 590
590 591
590 592
589 593
593 594
594 595
594 596
593 597
582 598
598 599
599 600
599 601
601 602
602 603
603 604
604 605
604 606
606 607
606 608
603 609
602 610
610 611
611 612
611 613
613 614
613 615
610 616
601 617
617 618
618 619
619 620
619 621
621 622
621 623
618 624
617 625
625 626
625 627
598 628
628 629
628 630
630 631
630 632
632 633
632 634
581 635
635 636
635 637
580 638
638 639
639 640
640 641
640 642
639 643
643 644
644 645
644 646
643 647
638 648
648 649
649 650
649 651
651 652
651 653
648 654
654 655
654 656
299 657
657 658
658 659
659 660
660 661
661 662
662 663
663 664
663 665
662 666
666 667
667 668
667 669
666 670
670 671
670 672
661 673
673 674
673 675
675 676
675 677
660 678
659 679
679 680
680 681
681 682
682 683
682 684
684 685
684 686
681 687
680 688
688 689
689 690
689 691
688 692
692 693
692 694
694 695
694 696
679 697
697 698
698 699
698 700
697 701
701 702
701 703
703 704
703 705
705 706
705 707
658 708
708 709
709 710
710 711
711 712
712 713
713 714
714 715
715 716
715 717
714 718
713 719
719 720
720 721
720 722
722 723
723 724
723 725
722 726
719 727
727 728
728 729
729 730
729 731
728 732
727 733
712 734
734 735
734 736
736 737
736 738
711 739
739 740
739 741
741 742
741 743
710 744
744 745
745 746
745 747
747 748
747 749
744 750
750 751
750 752
752 753
752 754
754 755
754 756
709 757
757 758
758 759
759 760
759 761
758 762
762 763
763 764
763 765
765 766
765 767
762 768
757 769
769 770
770 771
770 772
769 773
708 774
657 775
775 776
776 777
777 778
778 779
779 780
780 781
781 782
781 783
783 784
784 785
784 786
783 787
787 788
787 789
780 790
779 791
791 792
792 793
792 794
794 795
795 796
795 797
797 798
797 799
799 800
799 801
794 802
791 803
803 804
803 805
805 806
805 807
778 808
808 809
808 810
777 811
811 812
812 813
812 814
814 815
814 816
816 817
817 818
818 819
819 820
819 821
818 822
817 823
823 824
823 825
825 826
825 827
816 828
828 829
828 830
830 831
830 832
811 833
776 834
834 835
835 836
836 837
837 838
838 839
838 840
840 841
840 842
837 843
836 844
844 845
845 846
846 847
847 848
848 849
849 850
849 851
851 852
851 853
848 854
854 855
854 856
847 857
857 858
858 859
859 860
859 861
858 862
857 863
863 864
863 865
865 866
865 867
846 868
868 869
869 870
870 871
870 872
869 873
868 874
845 875
875 876
876 877
877 878
877 879
876 880
875 881
881 882
882 883
882 884
881 885
844 886
886 887
887 888
888 889
888 890
887 891
891 892
891 893
886 894
835 895
895 896
896 897
896 898
898 899
898 900
895 901
901 902
901 903
903 904
904 905
904 906
903 907
907 908
908 909
908 910
907 911
834 912
912 913
913 914
913 915
912 916
916 917
917 918
918 919
918 920
917 921
921 922
922 923
923 924
923 925
922 926
926 927
926 928
928 929
928 930
930 931
930 932
921 933
916 934
775 935
935 936
936 937
937 938
937 939
936 940
935 941
941 942
941 943
943 944
943 945
