473
643
0
303 50
301 51
304 54
228 56
227 55
298 45
297 59
302 61
299 62
300 64
285 66
281 68
208 72
155 75
174 80
161 78
162 82
173 77
172 87
165 91
164 92
163 88
153 96
158 98
151 99
157 94
171 104
169 105
168 108
160 109
159 111
166 112
156 114
147 116
145 117
144 120
143 122
142 124
140 125
150 128
148 129
141 132
138 133
137 136
135 138
132 140
130 142
128 144
78 155
80 156
73 157
74 160
72 164
71 171
59 172
52 168
58 180
57 182
17 183
26 185
25 188
24 189
22 190
53 191
56 192
18 193
55 195
54 196
69 198
65 199
45 200
70 205
21 206
2 208
0 209
8 211
6 212
20 214
16 217
13 218
15 221
12 215
14 223
43 224
51 226
68 228
62 231
60 229
61 233
111 236
113 238
98 239
110 242
109 151
101 246
99 247
97 248
64 250
63 249
95 254
94 255
92 256
77 260
75 261
107 266
102 267
89 271
91 273
105 274
104 275
85 278
83 279
50 283
49 285
46 286
47 280
48 288
42 295
27 296
3 297
41 300
31 301
40 306
30 307
37 310
32 311
36 312
28 289
34 314
29 316
11 318
9 319
39 321
38 323
5 324
35 326
33 327
88 329
82 330
81 332
108 333
116 335
114 336
119 337
127 341
122 342
124 343
126 344
125 346
120 347
136 348
176 349
184 353
182 354
231 357
216 358
188 359
207 364
206 366
233 367
209 369
230 70
190 372
189 371
229 374
276 380
232 381
226 382
210 383
205 387
204 386
197 391
194 392
196 393
212 395
203 400
202 401
181 402
180 404
198 406
200 408
201 409
187 412
185 411
178 414
177 417
179 418
275 421
274 69
273 424
271 425
309 427
308 44
294 430
292 431
270 435
267 436
241 441
269 444
222 446
193 448
191 449
240 451
220 452
266 453
268 456
264 432
265 458
250 462
247 460
248 464
249 469
242 470
236 472
234 473
243 474
223 476
215 479
213 480
218 482
214 481
263 485
238 487
237 486
325 489
291 490
324 492
258 497
257 498
255 499
254 501
253 502
251 504
286 506
283 507
348 508
328 510
327 512
311 513
310 515
332 516
322 519
289 521
287 522
320 523
345 525
333 524
351 530
350 531
346 30
347 533
334 535
305 536
307 540
306 541
262 543
260 544
318 545
319 548
296 550
280 553
279 554
277 555
352 558
349 559
376 560
344 564
335 565
329 567
316 570
315 571
314 573
312 575
246 577
244 578
337 579
379 584
366 586
355 589
353 588
356 591
375 594
374 599
372 604
367 605
368 592
358 607
357 610
359 611
371 612
369 613
370 616
362 617
364 618
341 620
340 622
338 623
373 624
361 625
360 627
393 628
390 631
388 632
389 634
387 27
429 641
417 640
431 644
418 639
430 646
428 649
427 26
391 651
416 654
415 656
398 657
405 658
404 661
397 665
395 666
394 662
396 668
460 670
458 671
478 674
477 676
475 677
450 679
448 680
507 681
570 682
462 689
447 691
445 692
444 695
443 694
426 698
424 699
467 701
457 703
455 704
492 705
452 709
451 708
483 711
491 712
401 717
410 720
386 724
384 726
382 727
381 728
380 730
385 731
403 734
399 735
402 736
440 741
439 749
432 750
438 751
434 752
435 753
421 755
413 758
412 759
411 754
433 715
420 762
419 764
437 765
436 766
423 767
408 769
406 770
474 775
472 776
463 777
442 779
470 780
473 781
573 784
501 785
582 787
580 788
583 790
568 791
454 794
453 793
488 796
572 797
511 799
481 801
479 802
504 808
503 809
505 810
498 812
497 815
496 816
494 817
493 803
489 821
487 820
466 824
464 823
567 826
571 827
579 828
578 830
576 831
486 833
484 834
581 837
574 835
569 839
566 7
577 844
575 845
500 847
499 846
510 850
508 851
565 853
562 856
560 857
558 860
557 862
556 872
529 873
519 875
518 877
516 878
551 880
549 884
544 885
547 886
546 887
548 889
532 890
553 891
530 893
526 895
523 897
525 900
524 901
521 902
555 903
554 905
552 906
550 908
527 909
542 915
537 916
536 918
534 919
540 920
515 922
513 923
539 924
587 925
591 928
590 930
588 931
585 932
584 934
596 935
598 937
595 938
605 940
603 942
602 944
600 945
0 1
1 2
2 3
3 4
4 5
5 7
7 14
14 22
22 23
23 24
24 25
25 26
26 27
27 28
28 30
30 35
35 38
38 44
44 45
45 49
49 50
49 51
45 54
45 55
55 56
45 59
45 60
60 61
60 62
45 64
64 66
45 67
67 68
67 69
69 70
70 71
71 72
71 73
73 74
74 75
74 77
77 78
78 80
78 82
77 87
77 88
88 91
88 92
88 94
94 96
94 97
97 98
97 99
77 101
101 104
101 105
101 106
106 108
106 109
109 111
106 112
101 113
113 114
113 115
115 116
115 117
74 120
74 122
74 124
74 125
74 126
126 127
127 128
127 129
126 131
131 132
131 133
126 134
134 136
134 138
134 139
139 140
139 141
141 142
141 143
143 144
143 145
145 147
147 148
148 149
149 150
150 151
151 153
153 155
153 156
153 157
157 160
157 161
161 164
161 168
168 170
170 171
170 172
168 180
168 181
181 182
181 183
168 184
184 185
184 188
184 189
184 190
168 191
168 192
168 193
168 194
194 195
194 196
161 197
197 198
197 199
161 200
161 201
201 204
204 205
204 206
201 207
207 208
207 209
201 210
210 211
210 212
201 214
201 215
215 216
216 217
216 218
215 221
215 223
161 224
161 226
161 227
227 228
227 229
229 231
229 233
151 235
235 236
235 237
237 238
237 239
151 242
151 245
245 246
245 247
151 248
151 249
249 250
150 252
252 254
252 255
252 256
149 257
257 258
258 259
259 260
259 261
258 264
264 265
265 266
265 267
264 270
270 271
270 272
272 273
272 274
264 275
264 276
276 277
277 278
277 279
276 280
280 283
280 285
280 286
280 288
258 289
289 293
293 295
293 296
293 297
289 300
289 301
289 306
289 307
289 310
289 311
289 312
289 314
314 316
289 317
317 318
317 319
289 320
320 321
320 323
320 324
289 325
325 326
325 327
258 328
328 329
328 330
330 332
257 333
148 334
334 335
334 336
147 337
145 340
340 341
340 342
145 343
145 344
145 345
345 346
345 347
134 348
73 349
70 351
351 352
352 353
352 354
351 357
351 358
351 359
70 364
364 366
70 367
367 369
70 371
371 372
70 374
69 376
376 377
377 378
378 379
379 380
379 381
378 382
377 383
376 386
386 387
376 389
389 391
389 392
389 393
376 394
394 395
394 399
399 400
399 401
394 402
402 404
394 406
394 407
407 408
407 409
394 410
410 411
411 412
410 414
414 417
414 418
69 421
69 423
423 424
423 425
44 427
38 429
429 430
429 431
38 432
432 434
434 435
434 436
432 440
440 441
440 442
442 443
443 444
443 446
443 447
447 448
447 449
442 451
442 452
432 453
432 456
432 458
432 460
460 462
460 464
432 465
465 469
465 470
465 471
471 472
471 473
465 474
465 475
475 476
475 477
477 479
477 480
477 481
481 482
432 484
484 485
484 486
486 487
38 489
38 490
38 492
492 494
494 495
495 497
495 498
495 499
494 500
500 501
500 502
502 504
38 505
505 506
505 507
38 508
35 509
509 510
509 512
509 513
513 515
35 516
35 517
517 519
517 520
520 521
520 522
517 523
30 524
524 525
30 529
529 530
529 531
30 533
533 535
30 536
536 540
536 541
536 542
542 543
542 544
30 545
545 548
545 549
549 550
549 551
551 553
551 554
551 555
30 556
556 558
556 559
556 560
28 561
561 563
563 564
563 565
561 566
566 567
566 568
568 570
568 571
568 572
572 573
572 575
572 576
576 577
576 578
561 579
28 580
580 581
581 584
581 585
585 586
585 587
587 588
588 589
587 591
581 592
592 594
592 599
592 604
592 605
592 607
607 610
607 611
592 612
592 613
592 614
614 616
614 617
614 618
592 619
619 620
619 621
621 622
621 623
592 624
581 625
625 627
580 628
27 630
630 631
630 632
27 634
26 638
638 639
639 640
640 641
639 644
638 646
26 649
26 651
26 652
652 654
652 656
652 657
652 658
658 661
658 662
662 665
662 666
662 668
25 670
25 671
24 673
673 674
673 676
673 677
24 678
678 679
678 680
23 681
22 682
14 683
683 686
686 687
687 689
687 690
690 691
690 692
692 694
694 695
687 698
687 699
686 701
686 702
702 703
702 704
683 705
683 707
707 708
708 709
707 711
683 712
683 713
713 714
714 715
715 716
716 717
716 719
719 720
719 721
721 724
721 726
721 727
721 728
728 730
721 731
716 734
716 735
716 736
715 741
715 749
715 750
715 751
715 752
715 753
715 754
754 755
754 758
754 759
715 762
762 764
715 765
715 766
715 767
714 768
768 769
768 770
713 775
713 776
713 777
777 779
713 780
713 781
14 783
783 784
783 785
14 786
786 787
786 788
14 789
789 790
789 791
14 792
792 793
793 794
792 796
14 797
14 799
14 800
800 801
800 802
14 803
803 805
805 807
807 808
807 809
805 810
805 811
811 812
811 815
811 816
811 817
803 820
820 821
803 823
823 824
14 826
7 827
7 828
7 830
7 831
7 832
832 833
832 834
7 835
835 837
835 839
7 844
7 845
7 846
846 847
7 849
849 850
849 851
5 852
852 853
852 854
854 855
855 856
855 857
854 858
858 859
859 860
859 862
859 870
870 872
870 873
870 874
874 875
874 876
876 877
876 878
859 880
859 883
883 884
883 885
859 886
859 887
859 888
888 889
888 890
859 891
859 892
892 893
892 894
894 895
895 897
894 898
898 900
898 901
898 902
859 903
859 904
904 905
904 906
859 907
907 908
907 909
858 910
910 911
911 915
911 916
911 917
917 918
917 919
911 920
911 921
921 922
921 923
910 924
5 925
4 926
926 927
927 928
927 929
929 930
929 931
926 932
932 934
3 935
2 936
936 937
936 938
1 939
939 940
939 942
939 943
943 944
943 945
