473
607
607
344 565
0 113
346 395
347 410
340 332
341 603
348 236
349 457
298 0
299 140
296 440
297 89
294 534
292 143
291 209
591 108
590 46
595 306
198 371
596 421
194 271
197 307
196 185
191 177
190 583
193 125
270 97
271 73
273 229
274 120
275 122
276 25
277 389
279 550
524 251
525 191
526 227
527 204
521 315
523 42
529 70
448 591
443 448
442 240
440 190
447 63
445 164
444 491
108 333
109 319
102 109
101 286
107 402
104 77
105 579
39 314
38 98
33 95
32 574
31 572
30 15
37 499
36 478
35 553
34 238
438 119
439 151
436 304
437 432
434 189
435 228
432 303
433 223
430 38
431 362
338 173
335 104
334 486
337 213
333 250
332 182
345 130
6 289
99 546
98 234
91 376
92 568
95 558
94 174
97 31
558 346
555 529
554 82
557 158
556 299
551 338
550 246
553 477
552 381
238 107
234 179
236 74
237 345
230 496
231 348
232 412
233 33
147 481
144 429
145 231
142 406
143 578
140 582
141 176
148 505
132 424
130 244
137 438
136 451
135 230
494 59
496 464
138 29
491 418
492 56
493 327
24 428
25 557
26 397
27 349
20 598
21 581
22 385
28 26
29 571
406 588
405 494
404 380
403 556
402 387
401 487
408 462
379 411
371 308
370 273
373 328
372 276
375 415
374 127
376 60
393 36
88 92
89 417
397 72
396 341
395 566
394 153
82 291
83 241
399 135
81 205
85 159
587 357
584 181
585 536
582 305
583 243
580 472
581 515
588 443
244 47
247 68
246 547
241 91
240 297
243 142
242 489
249 254
248 45
519 138
518 386
511 126
510 248
513 484
515 370
516 58
458 222
450 355
451 445
452 526
453 403
454 320
455 281
457 373
179 49
178 155
177 311
176 65
174 39
173 116
172 171
171 435
182 353
180 310
181 452
187 493
184 379
185 474
188 427
189 136
11 30
13 501
12 537
15 352
14 567
17 519
16 527
18 511
62 426
322 504
320 398
327 172
324 401
325 518
328 516
329 263
201 525
200 147
203 508
202 479
205 13
204 193
207 210
206 148
209 27
208 32
77 156
75 466
74 274
73 208
72 521
71 242
70 220
78 201
542 513
540 530
546 28
547 548
544 405
8 312
548 12
549 554
598 277
120 71
122 442
124 562
125 264
126 200
127 197
128 595
2 101
415 497
416 94
417 436
410 408
411 8
412 384
413 539
498 467
418 300
419 166
499 470
319 48
318 265
312 301
311 232
310 85
316 413
315 458
314 416
497 431
3 81
368 316
369 111
366 488
367 75
364 184
362 2
360 369
361 187
380 37
381 3
382 11
384 14
385 206
386 43
387 88
388 132
389 475
605 18
579 150
578 50
573 161
572 258
571 55
570 360
577 463
576 437
575 253
574 503
60 78
61 80
258 368
63 455
64 605
65 202
68 551
69 298
250 444
251 367
257 137
254 399
255 358
603 16
602 584
508 168
507 203
504 262
505 430
503 396
500 324
501 549
464 356
467 83
466 237
460 596
463 350
462 35
168 560
169 22
164 20
165 157
166 388
160 61
161 40
162 266
163 62
9 423
357 322
356 492
355 483
353 318
352 180
351 64
350 544
359 540
358 279
216 255
214 257
215 433
212 359
213 439
210 576
218 214
289 102
281 374
280 54
283 351
285 454
287 335
286 507
263 372
262 404
260 510
267 218
266 178
265 269
264 194
269 212
268 347
59 283
58 226
55 9
54 165
57 390
56 302
51 585
50 24
53 391
52 524
537 280
536 188
534 375
532 51
530 364
539 17
114 382
116 128
111 267
110 198
113 247
253 366
119 285
429 569
428 500
421 141
420 216
423 270
424 124
427 532
426 325
308 296
309 294
300 34
301 498
302 145
303 555
304 340
305 334
306 577
307 21
568 162
569 6
560 580
562 344
565 434
566 57
567 110
229 552
228 473
227 233
226 99
223 169
222 393
220 207
391 160
390 573
151 268
150 287
153 453
155 337
600 602
157 460
156 542
159 523
158 5
80 600
398 590
48 53
49 114
46 41
47 329
45 575
42 249
43 420
40 447
41 587
5 260
489 69
488 450
487 196
486 163
484 292
483 309
481 52
472 275
473 215
470 570
477 394
474 361
475 144
478 105
479 419
343 344
1 0
377 346
346 347
339 340
342 341
368 342
387 343
346 348
346 349
594 595
607 606
597 594
308 298
298 299
295 296
298 297
293 294
318 295
293 292
308 293
323 290
290 291
592 591
589 590
599 593
593 592
225 199
199 198
599 597
597 596
274 195
195 194
195 197
195 196
192 191
189 190
192 193
239 192
264 270
272 271
274 272
272 273
282 274
274 275
274 276
278 277
295 278
278 279
522 524
522 525
522 526
528 527
545 520
522 521
531 522
522 523
606 599
545 528
528 529
469 449
449 448
445 443
441 442
463 441
433 440
446 447
461 446
446 445
443 444
106 108
117 109
103 102
106 103
109 100
100 101
118 106
106 107
103 104
106 105
28 39
28 38
28 33
28 32
28 31
28 30
28 37
28 36
28 35
28 34
433 438
433 439
433 436
433 437
433 434
433 435
433 432
471 433
427 430
427 431
342 339
339 338
336 335
333 334
336 337
343 336
346 331
343 330
346 333
331 332
346 345
7 6
100 99
96 98
90 91
103 90
112 93
93 92
93 95
93 94
96 97
109 96
563 559
545 558
545 555
545 554
545 557
545 556
545 551
545 550
545 553
545 552
237 238
264 239
235 234
239 235
235 236
264 237
274 230
230 231
230 232
230 233
19 1
154 146
146 147
139 144
146 145
139 142
139 143
139 140
139 141
149 148
173 149
134 133
133 132
133 131
131 130
134 137
134 136
134 135
139 134
495 494
502 495
173 139
139 138
566 490
490 491
490 492
566 493
23 24
23 25
23 26
28 27
19 20
19 21
23 22
52 23
86 28
28 29
441 407
407 406
414 405
405 404
400 403
400 402
400 401
433 400
433 409
407 408
378 379
398 378
368 371
368 370
368 373
368 372
368 375
368 374
387 377
377 376
392 393
427 392
87 88
90 89
394 397
394 396
394 395
405 394
87 82
84 83
79 80
82 81
106 86
106 87
103 84
84 85
19 7
604 601
594 586
586 587
585 584
593 585
566 582
566 583
566 580
566 581
589 588
592 589
313 245
245 244
264 247
245 246
239 241
239 240
239 243
239 242
247 249
247 248
520 519
517 518
512 511
509 510
514 513
566 512
514 515
543 514
520 517
517 516
459 458
469 459
449 450
482 451
451 452
493 453
453 454
456 455
468 456
456 457
178 179
186 178
178 177
175 176
189 175
173 174
175 173
173 172
170 171
173 170
252 253
183 182
230 183
181 180
199 181
199 186
186 187
183 184
186 185
189 188
230 189
10 11
28 10
12 13
19 12
12 15
12 14
18 17
12 16
67 19
52 18
60 62
321 322
331 323
321 320
331 321
331 326
326 327
323 324
323 325
326 328
330 329
199 201
199 200
199 203
199 202
204 205
225 204
217 207
207 206
207 209
207 208
76 77
86 76
76 75
67 74
67 73
67 72
67 71
67 70
96 79
79 78
1 2
541 542
559 543
541 540
543 541
545 546
545 547
545 544
559 545
7 8
545 548
545 549
67 68
597 598
121 120
129 121
121 122
129 123
123 124
123 125
123 126
123 127
123 128
131 129
427 414
414 415
414 416
418 417
409 410
433 411
411 412
411 413
495 498
427 418
420 419
566 499
318 319
346 318
317 313
313 312
326 311
311 310
330 317
317 316
313 315
313 314
495 496
495 497
4 3
378 368
368 369
365 366
368 367
363 364
378 365
363 362
368 363
361 360
378 361
381 380
383 381
383 382
409 383
383 384
383 385
383 386
427 387
387 388
387 389
604 605
566 579
566 578
606 604
566 573
566 572
566 571
566 570
566 577
566 576
566 575
566 574
66 60
60 61
256 258
290 259
63 64
66 65
67 66
112 67
259 252
67 69
247 250
252 251
259 256
256 257
252 254
256 255
604 603
601 602
509 508
512 509
566 506
506 507
502 504
502 505
566 502
502 503
499 500
502 501
476 469
490 468
566 465
465 464
468 467
465 466
468 461
459 460
471 463
461 462
167 168
170 169
163 164
163 165
167 166
170 167
167 160
173 161
161 162
173 163
601 600
10 9
358 357
354 356
354 355
365 354
354 353
346 352
346 351
346 350
358 359
368 358
217 216
230 217
219 214
214 215
211 212
214 213
211 210
225 211
219 218
224 219
288 289
321 288
28 4
282 281
278 280
284 283
298 282
284 285
323 284
288 287
284 286
264 263
261 262
305 261
261 260
264 267
264 266
264 265
323 264
264 269
264 268
52 59
52 58
52 55
52 54
52 57
52 56
52 51
47 50
52 53
67 52
538 537
535 536
541 535
100 63
545 533
533 532
533 531
531 530
538 539
543 538
118 115
115 114
123 117
115 116
109 111
109 110
112 113
117 112
118 119
123 118
427 429
427 428
535 534
422 421
433 420
422 423
433 422
461 425
425 424
459 427
425 426
323 308
308 309
298 300
298 301
298 302
298 303
298 304
346 305
305 306
305 307
566 568
566 569
561 560
563 561
561 562
564 563
586 564
564 565
586 566
566 567
230 229
227 228
298 227
225 226
274 225
239 224
224 223
221 222
239 221
221 220
392 391
387 390
152 151
149 150
152 153
157 152
154 155
170 154
163 157
154 156
160 159
157 158
400 399
414 398
47 48
47 49
47 46
84 47
67 44
44 45
28 42
44 43
28 40
28 41
4 5
487 489
487 488
493 487
485 486
566 485
485 484
482 483
490 482
480 481
506 480
471 472
471 473
471 470
490 471
506 476
476 477
471 474
476 475
476 478
480 479
