473
945
0
603 3
605 5
602 7
600 8
598 10
595 13
596 14
591 18
590 20
588 21
585 23
584 24
565 27
562 30
560 31
513 35
515 36
540 38
542 40
534 43
539 45
537 46
536 47
530 54
526 57
523 58
521 60
524 62
525 63
527 65
552 67
554 68
549 70
544 71
550 75
558 76
551 77
553 80
546 81
547 83
556 86
529 87
519 89
518 91
516 92
557 94
548 96
532 97
555 98
587 100
510 103
508 104
566 107
576 111
499 113
500 114
484 118
486 119
580 121
582 122
581 125
569 127
574 128
579 129
575 131
577 132
583 136
568 137
571 138
567 141
570 143
578 144
511 146
464 151
466 152
494 158
498 160
496 162
497 163
573 166
503 168
504 169
505 170
454 172
453 173
493 174
488 176
489 178
487 179
501 181
491 183
420 193
419 194
438 195
433 198
434 201
439 202
423 204
440 205
432 208
402 210
401 213
410 215
386 219
385 220
382 222
384 223
380 225
381 226
399 228
403 229
435 231
421 234
412 237
413 238
411 239
436 240
437 241
473 242
442 246
408 248
406 249
463 250
474 252
470 253
472 254
462 258
447 261
445 263
443 265
444 266
424 268
426 269
455 271
457 272
467 273
492 275
483 277
451 279
452 280
572 282
507 284
479 287
481 288
478 290
475 292
477 294
448 297
450 298
458 300
460 302
430 304
429 308
417 309
418 311
431 312
428 315
391 316
427 318
415 323
394 328
397 330
395 331
396 332
405 333
404 334
379 339
360 341
361 342
373 344
368 348
371 351
367 352
372 354
369 355
364 359
362 361
370 362
341 364
338 366
340 367
357 369
359 371
358 372
375 374
374 375
356 378
353 380
355 381
366 382
398 383
416 384
389 386
387 388
390 391
376 393
388 394
393 396
335 401
337 402
329 404
315 406
316 408
314 410
312 412
244 414
246 415
344 416
334 420
333 421
345 422
350 426
351 427
319 429
296 432
277 434
279 436
280 437
318 438
347 441
307 443
305 445
260 448
262 449
306 450
346 452
349 455
352 456
287 460
289 461
320 463
322 464
327 468
310 471
311 472
328 473
332 474
291 477
265 481
250 483
248 485
247 486
264 489
268 491
267 493
270 494
263 497
237 499
238 500
241 502
243 506
215 509
218 512
214 513
213 514
223 515
249 517
236 519
234 520
242 522
220 524
269 527
222 529
193 531
191 532
240 533
266 534
348 538
283 540
286 541
254 546
253 548
251 549
257 551
255 553
258 554
324 555
325 556
292 559
294 560
309 562
308 564
299 567
302 568
285 572
300 573
297 574
298 576
228 580
227 581
301 583
303 584
304 586
281 588
205 592
204 593
202 598
203 599
181 602
180 603
198 604
226 608
177 611
179 613
178 614
187 616
185 617
210 619
201 620
200 621
212 623
194 626
197 627
196 628
274 630
271 633
273 634
275 636
188 639
276 644
232 645
216 646
231 647
184 649
182 650
230 652
206 656
207 658
208 660
209 661
233 662
229 664
189 667
190 668
159 673
160 674
166 676
168 677
169 679
147 683
145 684
156 685
171 686
172 689
165 691
163 693
164 695
157 697
153 700
151 701
158 702
173 704
174 707
162 709
161 710
140 714
143 715
144 717
142 718
176 720
148 725
150 726
155 727
138 729
141 730
135 733
136 734
137 736
132 738
130 740
128 742
125 745
120 746
122 750
127 751
124 752
126 755
119 756
107 762
102 763
88 766
81 768
82 769
75 773
77 774
37 778
30 779
32 783
31 785
5 787
38 789
39 791
3 792
27 795
42 796
40 797
41 801
33 803
35 804
29 807
34 808
36 809
28 810
9 812
11 813
48 819
50 821
47 823
46 825
49 826
85 828
83 829
104 830
91 832
89 833
105 834
108 835
114 837
116 838
80 843
97 844
98 846
78 847
109 849
99 852
101 854
63 856
64 857
110 859
111 860
113 862
94 865
92 866
95 868
72 871
74 873
73 874
69 876
18 880
17 881
56 886
59 887
26 890
54 892
55 893
25 895
22 897
24 898
52 899
51 902
53 903
57 905
58 906
71 908
65 910
45 913
62 915
60 917
61 918
68 920
70 922
21 924
43 927
6 929
8 930
14 933
12 935
15 937
16 939
13 940
20 942
2 944
0 945
0 1
1 2
2 3
2 4
4 5
4 6
6 7
6 8
1 9
9 10
9 11
11 12
12 13
12 14
11 15
15 16
16 17
17 18
17 19
19 20
19 21
16 22
22 23
22 24
15 25
25 26
26 27
26 28
28 29
29 30
29 31
28 32
32 33
33 34
34 35
34 36
33 37
37 38
37 39
39 40
39 41
41 42
42 43
42 44
44 45
44 46
41 47
32 48
48 49
49 50
50 51
51 52
52 53
53 54
53 55
55 56
56 57
56 58
55 59
59 60
59 61
61 62
61 63
52 64
64 65
64 66
66 67
66 68
51 69
69 70
69 71
50 72
72 73
73 74
74 75
74 76
73 77
72 78
78 79
79 80
79 81
78 82
82 83
82 84
84 85
85 86
85 87
84 88
88 89
88 90
90 91
90 92
49 93
93 94
93 95
95 96
95 97
48 98
25 99
99 100
99 101
101 102
102 103
102 104
101 105
105 106
106 107
106 108
108 109
109 110
110 111
110 112
112 113
112 114
109 115
115 116
116 117
117 118
117 119
116 120
120 121
120 122
115 123
123 124
124 125
124 126
126 127
126 128
123 129
108 130
130 131
130 132
105 133
133 134
134 135
135 136
135 137
134 138
133 139
139 140
140 141
140 142
142 143
142 144
139 145
145 146
145 147
147 148
148 149
149 150
150 151
150 152
149 153
153 154
154 155
155 156
156 157
157 158
157 159
159 160
159 161
161 162
161 163
156 164
164 165
165 166
165 167
167 168
167 169
164 170
155 171
171 172
171 173
154 174
153 175
175 176
175 177
177 178
177 179
148 180
180 181
180 182
182 183
182 184
184 185
185 186
186 187
187 188
188 189
189 190
190 191
191 192
192 193
192 194
191 195
190 196
196 197
197 198
197 199
199 200
200 201
200 202
199 203
203 204
203 205
196 206
206 207
207 208
207 209
209 210
209 211
211 212
212 213
212 214
214 215
214 216
216 217
217 218
218 219
218 220
217 221
221 222
221 223
216 224
224 225
224 226
211 227
227 228
227 229
206 230
230 231
230 232
232 233
233 234
233 235
235 236
236 237
236 238
235 239
232 240
189 241
188 242
187 243
243 244
244 245
245 246
245 247
247 248
247 249
244 250
243 251
251 252
251 253
186 254
185 255
255 256
256 257
257 258
257 259
259 260
260 261
260 262
262 263
262 264
264 265
264 266
259 267
267 268
267 269
256 270
270 271
270 272
255 273
184 274
274 275
274 276
276 277
276 278
278 279
278 280
147 281
281 282
281 283
283 284
283 285
285 286
286 287
286 288
285 289
289 290
289 291
291 292
291 293
293 294
293 295
295 296
296 297
296 298
295 299
299 300
299 301
301 302
301 303
303 304
303 305
305 306
306 307
307 308
307 309
306 310
310 311
310 312
305 313
313 314
314 315
314 316
313 317
317 318
317 319
319 320
320 321
321 322
322 323
322 324
324 325
325 326
326 327
327 328
327 329
329 330
329 331
326 332
325 333
324 334
321 335
335 336
336 337
337 338
338 339
338 340
340 341
340 342
337 343
343 344
343 345
345 346
346 347
347 348
347 349
349 350
350 351
350 352
349 353
353 354
353 355
346 356
356 357
357 358
358 359
358 360
360 361
360 362
357 363
363 364
363 365
365 366
365 367
356 368
368 369
368 370
370 371
370 372
345 373
373 374
373 375
336 376
376 377
377 378
377 379
379 380
379 381
376 382
335 383
320 384
319 385
385 386
385 387
387 388
387 389
389 390
390 391
390 392
392 393
392 394
389 395
395 396
395 397
397 398
398 399
399 400
400 401
400 402
399 403
403 404
403 405
405 406
405 407
407 408
407 409
409 410
409 411
411 412
411 413
413 414
413 415
398 416
397 417
417 418
418 419
419 420
419 421
418 422
417 423
423 424
424 425
425 426
425 427
424 428
428 429
428 430
430 431
431 432
431 433
433 434
433 435
435 436
435 437
430 438
423 439
439 440
440 441
440 442
442 443
442 444
444 445
444 446
446 447
447 448
447 449
446 450
439 451
451 452
451 453
453 454
454 455
454 456
453 457
457 458
458 459
459 460
459 461
458 462
462 463
462 464
457 465
465 466
466 467
467 468
467 469
469 470
470 471
470 472
469 473
466 474
465 475
475 476
476 477
476 478
478 479
479 480
480 481
480 482
482 483
482 484
484 485
484 486
479 487
487 488
488 489
488 490
490 491
490 492
492 493
492 494
487 495
495 496
496 497
496 498
498 499
498 500
495 501
501 502
501 503
503 504
504 505
505 506
505 507
507 508
508 509
508 510
510 511
511 512
511 513
510 514
507 515
504 516
516 517
516 518
518 519
518 520
503 521
521 522
521 523
523 524
523 525
525 526
526 527
526 528
528 529
528 530
530 531
530 532
525 533
478 534
475 535
535 536
536 537
537 538
537 539
539 540
539 541
536 542
542 543
543 544
544 545
545 546
545 547
547 548
547 549
544 550
550 551
550 552
552 553
552 554
543 555
542 556
535 557
557 558
558 559
558 560
557 561
561 562
561 563
563 564
563 565
565 566
566 567
566 568
565 569
569 570
570 571
571 572
571 573
570 574
569 575
575 576
575 577
577 578
578 579
579 580
579 581
578 582
582 583
582 584
577 585
585 586
585 587
587 588
587 589
589 590
590 591
591 592
591 593
590 594
594 595
595 596
596 597
597 598
597 599
596 600
600 601
601 602
601 603
600 604
595 605
605 606
606 607
607 608
607 609
609 610
610 611
610 612
612 613
612 614
609 615
615 616
615 617
606 618
618 619
618 620
605 621
594 622
622 623
622 624
624 625
625 626
625 627
624 628
589 629
629 630
629 631
631 632
632 633
632 634
631 635
635 636
635 637
637 638
638 639
638 640
640 641
641 642
642 643
643 644
643 645
642 646
641 647
640 648
648 649
648 650
637 651
651 652
651 653
653 654
654 655
655 656
655 657
657 658
657 659
659 660
659 661
654 662
653 663
663 664
663 665
665 666
666 667
666 668
665 669
669 670
670 671
671 672
672 673
672 674
671 675
675 676
675 677
670 678
678 679
678 680
680 681
681 682
682 683
682 684
681 685
680 686
669 687
687 688
688 689
688 690
690 691
690 692
692 693
692 694
694 695
694 696
696 697
696 698
698 699
699 700
699 701
698 702
687 703
703 704
703 705
705 706
706 707
706 708
708 709
708 710
705 711
711 712
712 713
713 714
713 715
712 716
716 717
716 718
711 719
719 720
719 721
721 722
722 723
723 724
724 725
724 726
723 727
722 728
728 729
728 730
721 731
731 732
732 733
732 734
731 735
735 736
735 737
737 738
737 739
739 740
739 741
741 742
741 743
743 744
744 745
744 746
743 747
747 748
748 749
749 750
749 751
748 752
747 753
753 754
754 755
754 756
753 757
757 758
758 759
759 760
760 761
761 762
761 763
760 764
764 765
765 766
765 767
767 768
767 769
764 770
770 771
771 772
772 773
772 774
771 775
775 776
776 777
777 778
777 779
776 780
780 781
781 782
782 783
782 784
784 785
784 786
786 787
786 788
788 789
788 790
790 791
790 792
781 793
793 794
794 795
794 796
793 797
780 798
798 799
799 800
800 801
800 802
802 803
802 804
799 805
805 806
806 807
806 808
805 809
798 810
775 811
811 812
811 813
770 814
814 815
815 816
816 817
817 818
818 819
818 820
820 821
820 822
822 823
822 824
824 825
824 826
817 827
827 828
827 829
816 830
815 831
831 832
831 833
814 834
759 835
758 836
836 837
836 838
757 839
839 840
840 841
841 842
842 843
842 844
841 845
845 846
845 847
840 848
848 849
848 850
850 851
851 852
851 853
853 854
853 855
855 856
855 857
850 858
858 859
858 860
839 861
861 862
861 863
863 864
864 865
864 866
863 867
867 868
867 869
869 870
870 871
870 872
872 873
872 874
869 875
875 876
875 877
877 878
878 879
879 880
879 881
878 882
882 883
883 884
884 885
885 886
885 887
884 888
888 889
889 890
889 891
891 892
891 893
888 894
894 895
894 896
896 897
896 898
883 899
882 900
900 901
901 902
901 903
900 904
904 905
904 906
877 907
907 908
907 909
909 910
909 911
911 912
912 913
912 914
914 915
914 916
916 917
916 918
911 919
919 920
919 921
921 922
921 923
923 924
923 925
925 926
926 927
926 928
928 929
928 930
925 931
931 932
932 933
932 934
934 935
934 936
936 937
936 938
938 939
938 940
931 941
941 942
941 943
943 944
943 945
