50
82
82
81 30
54 59
51 32
43 28
60 69
62 1
64 5
65 67
67 25
69 51
52 71
24 18
25 9
27 62
22 54
49 55
46 81
47 41
44 44
28 29
29 37
41 74
1 34
0 46
3 47
2 15
5 13
6 72
9 60
8 64
39 57
77 39
74 65
72 11
71 22
59 77
11 50
13 2
15 36
17 3
55 27
18 31
31 17
30 8
37 49
36 0
34 52
32 24
57 6
50 43
58 56
78 77
53 54
48 51
53 48
42 43
61 60
63 61
61 62
68 63
63 64
48 49
68 66
66 67
76 68
70 69
82 80
53 52
56 53
48 42
23 24
26 25
33 26
26 27
21 20
23 21
21 22
29 23
45 46
48 47
45 44
48 45
26 28
40 29
70 40
42 41
16 1
1 0
4 3
1 2
4 5
14 4
12 7
7 6
10 9
7 8
82 78
78 33
40 39
66 65
79 76
79 75
40 38
75 73
73 72
70 71
75 70
58 59
80 79
76 58
10 11
14 10
12 13
14 12
14 15
19 14
16 17
20 16
20 19
19 18
29 31
29 30
38 37
35 36
38 35
35 34
53 55
73 74
33 32
80 81
56 57
48 50
