50
99
0
77 4
32 6
27 8
25 10
28 11
81 13
55 18
54 20
47 22
41 26
43 27
52 30
49 31
50 32
44 34
46 36
51 37
57 38
59 39
67 42
65 43
64 45
62 47
60 48
72 51
74 52
71 54
69 56
37 60
34 62
36 63
39 64
29 66
30 68
31 70
24 72
22 74
18 77
15 80
13 83
6 85
8 86
11 88
9 89
5 91
3 92
17 94
1 97
2 98
0 99
0 1
1 2
2 3
3 4
3 5
5 6
5 7
7 8
7 9
9 10
9 11
2 12
12 13
12 14
14 15
15 16
16 17
17 18
17 19
19 20
19 21
21 22
21 23
23 24
24 25
25 26
25 27
24 28
28 29
29 30
29 31
28 32
23 33
33 34
33 35
35 36
35 37
16 38
15 39
14 40
40 41
41 42
41 43
40 44
44 45
44 46
46 47
46 48
1 49
49 50
50 51
50 52
49 53
53 54
53 55
55 56
55 57
57 58
58 59
59 60
59 61
61 62
61 63
58 64
57 65
65 66
65 67
67 68
67 69
69 70
69 71
71 72
71 73
73 74
73 75
75 76
76 77
76 78
78 79
79 80
79 81
81 82
82 83
82 84
84 85
84 86
81 87
87 88
87 89
78 90
90 91
90 92
75 93
93 94
93 95
95 96
96 97
96 98
95 99
