465
929
0
599 2
581 7
578 9
580 10
586 12
584 13
605 17
604 18
602 19
609 21
598 23
597 24
601 26
612 28
610 31
613 32
576 36
587 39
589 40
594 42
596 43
583 45
593 46
607 49
546 51
544 52
542 57
537 59
538 60
541 62
539 63
535 64
591 66
534 69
532 70
531 73
524 78
485 80
484 82
469 86
482 88
467 89
481 92
479 93
510 94
491 96
489 98
492 99
500 101
499 103
497 104
528 107
527 109
513 110
511 113
495 116
478 118
476 119
496 120
526 121
425 130
504 133
503 134
506 135
505 137
423 139
501 140
508 141
519 142
520 144
518 145
521 146
522 147
488 150
486 151
515 153
516 154
400 159
367 167
389 169
387 170
386 172
379 173
289 177
287 178
302 183
295 185
294 187
292 188
301 190
303 192
300 193
308 196
306 197
310 198
311 200
297 202
299 203
309 205
307 207
275 210
277 211
286 212
381 218
377 219
368 220
380 222
363 225
374 226
378 228
385 229
325 233
327 234
355 235
349 240
350 241
352 242
351 243
354 245
353 246
376 250
383 252
346 253
356 259
358 260
359 261
361 264
360 265
382 266
384 267
321 269
319 270
305 275
304 276
365 277
345 280
342 282
344 283
336 285
334 286
333 291
331 292
364 294
324 296
322 297
348 299
362 301
313 304
312 305
330 306
340 308
314 311
316 312
370 313
373 315
391 318
395 319
318 323
317 324
328 325
338 329
337 330
339 331
371 332
393 333
398 335
396 336
402 338
404 339
463 345
461 346
572 352
427 353
466 355
464 356
426 357
575 359
574 360
457 362
459 364
460 365
433 367
419 369
418 370
435 372
430 377
428 378
417 380
415 381
411 382
432 384
436 387
434 388
431 389
407 393
413 395
408 396
410 397
405 398
568 403
564 406
566 408
567 409
570 410
563 411
556 416
555 417
559 418
557 419
548 423
550 424
551 425
554 426
173 431
171 432
170 435
168 436
167 439
188 442
193 443
186 447
202 450
203 452
201 453
204 454
185 455
182 460
183 461
174 462
191 468
181 469
192 470
184 472
180 473
187 474
189 475
178 477
179 480
176 481
190 482
163 485
165 486
166 487
160 491
150 493
152 494
155 499
156 500
154 501
124 503
20 505
19 506
88 515
86 516
96 517
126 519
129 520
122 522
123 524
120 525
100 529
97 533
99 534
57 537
56 538
54 540
55 541
58 544
60 545
82 546
128 547
130 549
116 551
114 553
85 556
83 557
115 558
145 563
133 565
141 566
139 568
147 569
102 571
101 572
138 577
131 578
136 579
146 582
142 584
144 585
143 587
140 590
15 592
16 593
119 596
117 597
137 599
134 600
108 602
105 606
103 607
109 610
148 611
107 614
106 615
110 616
80 619
78 620
113 621
45 624
47 629
41 630
46 631
43 632
3 637
4 638
10 639
44 640
17 642
7 644
9 645
39 649
37 653
27 654
12 656
14 657
40 660
35 662
5 664
6 665
38 666
61 668
24 672
52 675
51 676
48 677
50 678
53 680
26 682
32 683
34 684
73 687
30 690
28 691
2 694
0 695
31 696
76 701
94 702
77 704
74 705
67 709
21 711
23 712
69 714
68 715
66 717
70 720
63 721
65 723
71 724
91 727
93 729
90 730
92 731
161 733
158 734
220 741
218 744
222 745
221 746
223 748
207 751
205 753
213 754
197 756
195 758
196 760
194 761
472 765
475 766
471 768
470 769
473 770
474 771
262 778
261 779
447 783
442 784
437 786
454 788
274 789
232 792
233 794
230 795
210 797
211 799
439 800
445 804
441 807
448 809
438 811
452 812
446 813
280 816
272 817
453 818
443 819
451 821
444 823
440 826
252 827
449 828
455 829
296 834
450 835
456 836
250 840
248 841
251 842
290 844
283 846
284 847
234 851
237 854
236 855
235 856
281 859
246 861
244 864
247 865
245 866
208 872
209 873
212 874
226 875
241 876
243 877
278 878
260 887
259 888
217 891
214 892
216 893
264 894
257 899
256 900
255 901
254 902
270 904
258 905
229 909
227 910
269 911
199 914
198 915
265 918
267 919
268 920
271 921
421 924
420 925
422 926
238 928
240 929
0 1
1 2
1 3
3 4
4 5
5 6
6 7
6 8
8 9
8 10
5 11
11 12
11 13
4 14
14 15
15 16
16 17
16 18
15 19
14 20
20 21
20 22
22 23
22 24
3 25
25 26
25 27
27 28
27 29
29 30
30 31
30 32
29 33
33 34
34 35
35 36
35 37
37 38
38 39
38 40
37 41
41 42
41 43
34 44
44 45
44 46
33 47
47 48
48 49
48 50
50 51
50 52
47 53
53 54
54 55
55 56
56 57
56 58
58 59
58 60
55 61
61 62
61 63
54 64
53 65
65 66
65 67
67 68
68 69
68 70
67 71
71 72
72 73
72 74
74 75
75 76
76 77
77 78
77 79
79 80
79 81
81 82
81 83
83 84
84 85
85 86
85 87
87 88
87 89
84 90
90 91
91 92
91 93
90 94
83 95
95 96
95 97
97 98
97 99
76 100
100 101
100 102
102 103
102 104
75 105
105 106
106 107
106 108
108 109
108 110
105 111
111 112
112 113
112 114
114 115
115 116
115 117
117 118
117 119
114 120
111 121
74 122
122 123
123 124
124 125
125 126
126 127
127 128
128 129
129 130
129 131
131 132
132 133
132 134
131 135
128 136
136 137
136 138
138 139
138 140
127 141
126 142
125 143
143 144
143 145
124 146
123 147
122 148
148 149
149 150
149 151
148 152
152 153
152 154
71 155
155 156
156 157
157 158
158 159
158 160
160 161
161 162
162 163
163 164
164 165
165 166
166 167
166 168
168 169
168 170
165 171
171 172
171 173
164 174
174 175
175 176
176 177
176 178
175 179
179 180
180 181
181 182
182 183
182 184
184 185
184 186
186 187
186 188
181 189
189 190
189 191
191 192
191 193
180 194
194 195
195 196
195 197
194 198
179 199
199 200
199 201
201 202
201 203
174 204
204 205
204 206
206 207
206 208
208 209
209 210
209 211
208 212
163 213
213 214
214 215
215 216
216 217
217 218
217 219
216 220
215 221
221 222
221 223
223 224
224 225
224 226
223 227
227 228
227 229
214 230
230 231
231 232
232 233
232 234
231 235
230 236
236 237
237 238
238 239
239 240
239 241
238 242
237 243
236 244
244 245
244 246
213 247
247 248
248 249
249 250
249 251
251 252
251 253
248 254
254 255
255 256
256 257
257 258
258 259
258 260
257 261
256 262
262 263
263 264
263 265
262 266
255 267
254 268
268 269
268 270
247 271
271 272
272 273
273 274
274 275
274 276
273 277
272 278
278 279
279 280
279 281
281 282
281 283
278 284
284 285
284 286
271 287
287 288
288 289
289 290
290 291
290 292
289 293
293 294
293 295
295 296
295 297
288 298
298 299
298 300
300 301
300 302
302 303
303 304
303 305
302 306
287 307
307 308
307 309
309 310
310 311
310 312
309 313
162 314
314 315
314 316
316 317
317 318
317 319
316 320
320 321
321 322
322 323
322 324
321 325
320 326
326 327
327 328
328 329
328 330
327 331
326 332
161 333
160 334
334 335
334 336
157 337
337 338
337 339
156 340
340 341
341 342
342 343
343 344
344 345
344 346
343 347
347 348
348 349
349 350
350 351
351 352
351 353
350 354
354 355
354 356
349 357
348 358
358 359
358 360
347 361
361 362
361 363
363 364
363 365
342 366
366 367
366 368
368 369
368 370
341 371
371 372
371 373
373 374
374 375
375 376
376 377
376 378
375 379
379 380
379 381
374 382
373 383
383 384
383 385
385 386
386 387
386 388
385 389
340 390
390 391
391 392
392 393
392 394
394 395
394 396
391 397
390 398
155 399
399 400
400 401
401 402
402 403
402 404
404 405
405 406
405 407
407 408
407 409
404 410
401 411
400 412
412 413
413 414
414 415
415 416
415 417
414 418
413 419
412 420
420 421
421 422
422 423
422 424
421 425
420 426
399 427
427 428
428 429
429 430
430 431
430 432
429 433
433 434
434 435
434 436
433 437
437 438
438 439
438 440
440 441
441 442
441 443
440 444
444 445
445 446
446 447
446 448
448 449
449 450
449 451
451 452
451 453
448 454
445 455
444 456
456 457
457 458
458 459
459 460
459 461
458 462
457 463
463 464
464 465
465 466
466 467
467 468
467 469
466 470
465 471
471 472
471 473
464 474
463 475
456 476
476 477
476 478
478 479
479 480
479 481
478 482
437 483
483 484
484 485
484 486
483 487
428 488
488 489
489 490
490 491
490 492
492 493
492 494
489 495
495 496
496 497
497 498
498 499
498 500
497 501
496 502
502 503
502 504
504 505
504 506
495 507
507 508
508 509
509 510
510 511
511 512
512 513
513 514
514 515
514 516
513 517
512 518
518 519
518 520
511 521
521 522
521 523
523 524
523 525
510 526
526 527
527 528
528 529
528 530
530 531
531 532
532 533
532 534
531 535
535 536
536 537
536 538
535 539
539 540
539 541
530 542
542 543
543 544
543 545
542 546
527 547
526 548
548 549
548 550
550 551
550 552
552 553
552 554
554 555
555 556
555 557
554 558
509 559
559 560
560 561
561 562
562 563
562 564
564 565
564 566
561 567
567 568
567 569
560 570
570 571
570 572
559 573
573 574
574 575
575 576
576 577
576 578
575 579
574 580
580 581
581 582
581 583
583 584
583 585
580 586
586 587
586 588
588 589
589 590
589 591
591 592
591 593
588 594
594 595
595 596
595 597
594 598
598 599
598 600
573 601
601 602
601 603
603 604
604 605
605 606
605 607
604 608
608 609
609 610
609 611
608 612
612 613
613 614
613 615
612 616
603 617
617 618
618 619
618 620
617 621
508 622
622 623
623 624
623 625
625 626
626 627
627 628
628 629
628 630
627 631
626 632
625 633
633 634
634 635
635 636
636 637
636 638
635 639
634 640
633 641
641 642
641 643
643 644
643 645
622 646
646 647
647 648
648 649
648 650
650 651
651 652
652 653
652 654
651 655
655 656
655 657
650 658
658 659
659 660
659 661
661 662
661 663
663 664
663 665
658 666
647 667
667 668
667 669
669 670
670 671
671 672
671 673
673 674
674 675
674 676
673 677
670 678
669 679
679 680
679 681
681 682
681 683
646 684
507 685
685 686
686 687
686 688
688 689
689 690
689 691
688 692
692 693
693 694
693 695
692 696
685 697
697 698
698 699
699 700
700 701
700 702
699 703
703 704
703 705
698 706
706 707
707 708
708 709
708 710
710 711
710 712
707 713
713 714
713 715
706 716
716 717
716 718
718 719
719 720
719 721
718 722
722 723
722 724
697 725
725 726
726 727
726 728
728 729
728 730
725 731
488 732
732 733
732 734
427 735
735 736
736 737
737 738
738 739
739 740
740 741
740 742
742 743
743 744
743 745
742 746
739 747
747 748
747 749
749 750
750 751
750 752
752 753
752 754
749 755
755 756
755 757
757 758
757 759
759 760
759 761
738 762
762 763
763 764
764 765
764 766
763 767
767 768
767 769
762 770
737 771
736 772
772 773
773 774
774 775
775 776
776 777
777 778
777 779
776 780
780 781
781 782
782 783
782 784
781 785
785 786
785 787
787 788
787 789
780 790
790 791
791 792
791 793
793 794
793 795
790 796
796 797
796 798
798 799
798 800
775 801
801 802
802 803
803 804
803 805
805 806
806 807
806 808
808 809
808 810
810 811
810 812
805 813
802 814
814 815
815 816
815 817
814 818
801 819
774 820
820 821
820 822
822 823
822 824
824 825
825 826
825 827
824 828
773 829
772 830
830 831
831 832
832 833
833 834
833 835
832 836
831 837
837 838
838 839
839 840
839 841
838 842
837 843
843 844
843 845
845 846
845 847
830 848
848 849
849 850
850 851
850 852
852 853
853 854
853 855
852 856
849 857
857 858
858 859
858 860
860 861
860 862
862 863
863 864
863 865
862 866
857 867
867 868
868 869
869 870
870 871
871 872
871 873
870 874
869 875
868 876
867 877
848 878
735 879
879 880
880 881
881 882
882 883
883 884
884 885
885 886
886 887
886 888
885 889
889 890
890 891
890 892
889 893
884 894
883 895
895 896
896 897
897 898
898 899
898 900
897 901
896 902
895 903
903 904
903 905
882 906
906 907
907 908
908 909
908 910
907 911
906 912
912 913
913 914
913 915
912 916
916 917
917 918
917 919
916 920
881 921
880 922
922 923
923 924
923 925
922 926
879 927
927 928
927 929
