465
929
0
384 30
340 32
305 34
304 35
370 37
316 39
314 40
382 44
360 45
359 48
356 49
358 50
361 51
389 58
386 59
387 61
385 62
381 65
379 66
367 67
368 69
306 77
307 78
308 80
286 82
277 84
275 85
301 88
302 91
300 92
295 94
294 96
292 97
303 98
310 99
311 100
299 103
297 105
287 106
289 107
309 108
383 111
380 113
365 114
377 116
355 120
327 122
325 123
354 124
353 127
350 129
352 131
349 132
351 133
362 139
333 142
331 143
330 145
313 147
312 148
345 151
344 153
342 154
336 156
334 157
348 160
346 161
324 163
322 164
364 165
378 166
376 167
374 169
363 170
395 175
391 176
373 178
328 180
318 182
317 183
393 184
371 186
338 189
339 190
337 191
321 193
319 194
398 196
396 197
400 198
402 199
404 200
413 206
408 208
407 209
410 210
461 211
417 218
419 220
575 227
460 228
572 231
427 232
466 234
464 235
426 236
574 237
463 238
459 241
433 242
418 243
430 247
428 248
434 249
432 251
431 252
436 253
415 254
457 255
411 256
435 257
405 258
559 262
556 264
555 265
557 266
548 270
550 271
554 273
551 274
240 277
238 278
223 287
220 288
221 290
218 291
205 295
195 297
197 299
196 301
194 302
207 303
213 304
222 305
474 306
475 308
473 310
471 313
470 314
472 315
456 328
450 330
296 332
290 334
284 336
283 337
278 338
454 345
274 346
439 347
437 349
452 355
441 356
449 358
262 360
261 361
451 362
443 363
448 364
440 366
252 367
453 369
280 371
272 372
438 373
455 374
445 375
281 379
246 382
244 383
245 384
247 385
241 388
243 390
226 392
212 394
209 396
208 397
237 399
235 402
234 403
236 404
232 406
211 408
210 409
446 410
447 412
442 413
251 416
248 417
250 418
444 419
233 421
230 422
271 426
264 429
204 434
201 435
203 436
202 437
193 448
188 449
189 450
192 452
191 455
182 456
185 459
174 460
183 461
181 462
190 464
179 465
186 466
178 469
176 470
166 472
165 474
163 475
184 476
180 477
167 481
161 484
158 485
160 487
148 505
113 510
107 511
106 512
108 513
110 515
105 517
103 518
147 523
61 524
138 527
130 529
117 530
137 531
145 532
136 534
102 536
101 537
99 546
57 548
56 550
55 552
54 553
97 554
100 556
82 558
60 560
58 561
80 563
78 564
128 565
96 566
123 568
122 570
120 571
88 573
86 574
146 576
143 577
119 578
139 580
134 581
140 582
141 584
109 585
53 597
34 599
32 600
26 601
52 603
51 604
24 605
48 606
50 607
40 611
39 615
6 617
5 618
14 619
38 620
37 621
12 622
27 623
35 624
47 631
41 632
46 635
43 636
10 637
4 639
3 640
17 642
9 644
7 645
44 646
45 647
131 649
133 650
126 652
83 656
85 657
116 659
114 660
115 661
144 663
142 664
16 666
15 667
129 668
77 673
74 674
71 677
69 682
68 683
66 684
65 687
63 688
67 689
23 691
21 692
94 693
91 696
90 697
76 699
70 700
93 703
92 704
73 707
31 709
2 711
0 712
30 714
28 715
124 717
20 719
19 720
156 723
155 724
154 725
152 727
150 728
170 731
168 732
173 734
171 735
187 736
267 737
420 738
422 740
421 742
270 750
258 751
268 752
229 754
227 755
199 757
198 758
269 759
260 763
217 766
216 767
214 768
259 769
257 772
256 774
254 775
255 776
265 777
531 779
511 786
496 788
495 790
478 792
476 793
513 795
528 796
524 799
510 805
491 808
489 809
481 811
479 812
482 814
469 816
467 817
484 818
492 819
485 820
500 823
497 824
499 825
526 826
527 827
522 831
520 833
519 836
518 837
516 839
515 841
488 843
486 844
508 850
504 851
505 853
425 855
423 856
506 857
503 858
501 859
521 860
534 862
532 863
591 865
576 867
570 870
568 872
563 873
567 876
564 877
566 878
535 880
538 883
537 884
542 886
541 888
539 889
546 891
544 892
605 894
580 898
578 899
581 900
586 902
584 903
593 906
583 907
589 909
587 910
607 911
613 912
610 914
604 915
609 918
598 920
597 921
602 922
599 924
601 925
612 926
596 928
594 929
0 1
1 2
2 3
3 4
4 5
5 6
6 7
7 8
8 9
9 10
10 11
11 12
12 13
13 14
14 15
15 16
16 17
17 18
18 19
19 20
20 21
21 22
22 23
23 24
24 25
25 26
26 27
27 28
28 29
29 30
29 31
31 32
31 33
33 34
33 35
28 36
36 37
36 38
38 39
38 40
27 41
41 42
42 43
43 44
43 45
42 46
46 47
47 48
47 49
46 50
41 51
26 52
52 53
53 54
54 55
55 56
56 57
57 58
57 59
56 60
60 61
60 62
55 63
63 64
64 65
64 66
63 67
54 68
68 69
68 70
70 71
71 72
72 73
73 74
74 75
75 76
76 77
76 78
75 79
79 80
79 81
81 82
81 83
83 84
83 85
74 86
86 87
87 88
87 89
89 90
90 91
90 92
89 93
93 94
93 95
95 96
95 97
86 98
73 99
72 100
71 101
101 102
102 103
102 104
104 105
104 106
101 107
70 108
53 109
109 110
110 111
110 112
112 113
112 114
109 115
115 116
115 117
117 118
118 119
119 120
119 121
121 122
121 123
118 124
117 125
125 126
126 127
126 128
128 129
128 130
130 131
130 132
125 133
52 134
134 135
135 136
136 137
137 138
138 139
138 140
140 141
141 142
141 143
140 144
144 145
144 146
146 147
146 148
137 149
149 150
150 151
150 152
152 153
152 154
149 155
155 156
155 157
136 158
158 159
159 160
159 161
158 162
162 163
162 164
135 165
134 166
25 167
24 168
168 169
168 170
23 171
171 172
172 173
173 174
174 175
174 176
173 177
177 178
177 179
179 180
179 181
181 182
181 183
172 184
171 185
185 186
185 187
187 188
188 189
188 190
187 191
22 192
192 193
192 194
21 195
195 196
195 197
20 198
19 199
18 200
17 201
201 202
202 203
203 204
204 205
205 206
205 207
207 208
207 209
204 210
203 211
202 212
212 213
213 214
214 215
215 216
216 217
217 218
217 219
219 220
219 221
221 222
222 223
223 224
224 225
225 226
226 227
226 228
225 229
229 230
230 231
230 232
229 233
233 234
233 235
224 236
223 237
222 238
221 239
239 240
240 241
240 242
239 243
216 244
244 245
245 246
246 247
246 248
245 249
244 250
250 251
250 252
215 253
214 254
213 255
212 256
201 257
16 258
15 259
259 260
260 261
261 262
261 263
263 264
263 265
260 266
259 267
267 268
268 269
269 270
269 271
268 272
272 273
272 274
267 275
275 276
276 277
276 278
275 279
279 280
280 281
281 282
282 283
283 284
284 285
285 286
286 287
286 288
285 289
289 290
289 291
284 292
292 293
293 294
294 295
294 296
296 297
296 298
298 299
298 300
300 301
300 302
293 303
292 304
283 305
282 306
281 307
307 308
307 309
309 310
309 311
311 312
312 313
312 314
311 315
280 316
316 317
317 318
318 319
319 320
320 321
321 322
322 323
323 324
324 325
325 326
326 327
327 328
327 329
329 330
329 331
331 332
331 333
333 334
333 335
335 336
335 337
326 338
325 339
339 340
340 341
341 342
342 343
343 344
344 345
344 346
343 347
342 348
348 349
348 350
350 351
351 352
352 353
353 354
354 355
354 356
353 357
357 358
357 359
359 360
359 361
352 362
351 363
350 364
341 365
365 366
365 367
340 368
368 369
368 370
370 371
370 372
339 373
324 374
323 375
322 376
376 377
377 378
378 379
378 380
380 381
381 382
381 383
380 384
377 385
376 386
386 387
387 388
387 389
389 390
389 391
391 392
391 393
393 394
393 395
395 396
395 397
386 398
398 399
398 400
400 401
401 402
401 403
400 404
321 405
405 406
405 407
407 408
407 409
320 410
319 411
411 412
411 413
318 414
414 415
415 416
415 417
414 418
317 419
316 420
420 421
420 422
279 423
423 424
424 425
425 426
425 427
427 428
428 429
428 430
430 431
431 432
432 433
433 434
433 435
432 436
431 437
430 438
438 439
439 440
440 441
441 442
442 443
443 444
444 445
445 446
446 447
447 448
447 449
446 450
445 451
451 452
451 453
453 454
454 455
454 456
453 457
457 458
458 459
458 460
457 461
444 462
443 463
463 464
463 465
442 466
441 467
467 468
468 469
468 470
467 471
471 472
471 473
473 474
473 475
440 476
439 477
438 478
478 479
479 480
480 481
480 482
482 483
483 484
483 485
482 486
486 487
486 488
488 489
489 490
490 491
491 492
492 493
493 494
494 495
495 496
496 497
497 498
498 499
499 500
500 501
501 502
502 503
503 504
504 505
504 506
506 507
507 508
508 509
509 510
509 511
508 512
507 513
506 514
514 515
514 516
516 517
516 518
503 519
519 520
520 521
521 522
522 523
522 524
521 525
525 526
526 527
526 528
528 529
528 530
525 531
520 532
519 533
533 534
533 535
535 536
535 537
502 538
538 539
539 540
540 541
541 542
542 543
543 544
544 545
545 546
545 547
547 548
547 549
549 550
549 551
551 552
551 553
544 554
543 555
555 556
555 557
557 558
557 559
559 560
559 561
542 562
562 563
562 564
541 565
540 566
539 567
567 568
567 569
569 570
569 571
538 572
572 573
572 574
501 575
575 576
575 577
500 578
499 579
579 580
579 581
498 582
497 583
583 584
583 585
496 586
586 587
587 588
588 589
589 590
590 591
591 592
592 593
593 594
594 595
595 596
596 597
596 598
598 599
598 600
595 601
594 602
602 603
602 604
593 605
592 606
591 607
590 608
608 609
609 610
610 611
610 612
612 613
613 614
614 615
614 616
616 617
616 618
613 619
612 620
609 621
608 622
589 623
588 624
587 625
625 626
626 627
627 628
628 629
629 630
630 631
630 632
629 633
633 634
634 635
634 636
633 637
628 638
638 639
638 640
627 641
641 642
641 643
643 644
643 645
626 646
625 647
586 648
648 649
648 650
495 651
651 652
651 653
653 654
654 655
655 656
655 657
654 658
658 659
658 660
653 661
494 662
662 663
662 664
493 665
665 666
665 667
492 668
491 669
669 670
670 671
671 672
672 673
672 674
671 675
675 676
676 677
676 678
678 679
679 680
680 681
681 682
681 683
680 684
679 685
685 686
686 687
686 688
685 689
678 690
690 691
690 692
675 693
670 694
694 695
695 696
695 697
694 698
698 699
698 700
669 701
701 702
702 703
702 704
701 705
705 706
706 707
706 708
708 709
708 710
710 711
710 712
705 713
713 714
713 715
490 716
716 717
716 718
718 719
718 720
489 721
721 722
722 723
722 724
721 725
488 726
726 727
726 728
479 729
729 730
730 731
730 732
729 733
733 734
733 735
478 736
427 737
424 738
423 739
739 740
739 741
741 742
741 743
743 744
744 745
745 746
746 747
747 748
748 749
749 750
749 751
748 752
747 753
753 754
753 755
746 756
756 757
756 758
745 759
744 760
760 761
761 762
762 763
762 764
764 765
765 766
765 767
764 768
761 769
760 770
770 771
771 772
771 773
773 774
773 775
770 776
743 777
14 778
778 779
778 780
780 781
781 782
782 783
783 784
784 785
785 786
785 787
787 788
787 789
789 790
789 791
791 792
791 793
784 794
794 795
794 796
783 797
797 798
798 799
798 800
800 801
801 802
802 803
803 804
804 805
804 806
806 807
807 808
807 809
806 810
810 811
810 812
803 813
813 814
813 815
815 816
815 817
802 818
801 819
800 820
797 821
821 822
822 823
822 824
821 825
782 826
781 827
780 828
828 829
829 830
830 831
830 832
832 833
832 834
834 835
835 836
835 837
834 838
838 839
838 840
840 841
840 842
842 843
842 844
829 845
845 846
846 847
847 848
848 849
849 850
849 851
848 852
852 853
852 854
854 855
854 856
847 857
846 858
845 859
828 860
13 861
861 862
861 863
12 864
864 865
864 866
866 867
866 868
868 869
869 870
869 871
871 872
871 873
868 874
874 875
875 876
875 877
874 878
11 879
879 880
879 881
881 882
882 883
882 884
881 885
885 886
885 887
887 888
887 889
10 890
890 891
890 892
9 893
893 894
893 895
895 896
896 897
897 898
897 899
896 900
895 901
901 902
901 903
8 904
904 905
905 906
905 907
904 908
908 909
908 910
7 911
6 912
5 913
913 914
913 915
4 916
916 917
917 918
917 919
919 920
919 921
916 922
3 923
923 924
923 925
2 926
1 927
927 928
927 929
