465
614
614
344 143
0 322
346 584
340 415
342 389
348 466
349 119
594 244
299 340
296 489
297 550
294 277
295 599
292 319
290 41
591 411
593 286
199 128
198 192
597 232
596 443
195 71
194 594
197 201
196 197
191 444
190 566
193 364
192 93
270 31
271 55
272 299
274 147
275 479
277 511
278 240
524 522
526 260
527 427
520 396
521 126
522 376
599 204
528 32
449 295
448 182
443 559
442 353
441 596
440 26
447 521
446 82
445 44
444 410
108 57
109 233
102 377
103 130
100 170
101 524
106 137
107 497
105 520
39 445
38 508
32 381
31 518
30 488
37 223
35 393
34 510
438 214
439 234
436 539
437 152
434 101
435 66
432 605
433 453
430 455
431 27
339 386
338 531
334 120
337 38
336 131
331 300
330 220
333 235
345 267
6 361
99 491
91 598
90 16
93 262
92 317
94 610
97 140
96 246
559 367
555 333
554 179
557 336
556 115
551 436
550 43
238 15
234 419
235 114
236 314
237 448
230 63
232 417
233 457
146 156
147 439
144 580
145 612
142 384
143 474
140 328
141 243
612 556
613 327
610 85
148 129
133 297
131 450
130 475
137 557
136 46
134 374
495 321
139 173
138 532
491 383
492 88
24 438
26 189
27 185
20 258
21 459
23 535
28 250
407 138
405 334
404 154
402 264
400 141
408 587
379 252
378 441
371 90
370 408
373 527
374 461
377 581
376 39
393 35
88 61
396 281
395 145
82 348
83 261
80 160
398 463
86 7
85 312
7 97
601 19
586 202
587 77
584 289
583 5
580 174
581 425
589 247
245 142
244 94
247 495
246 211
241 100
240 208
243 217
248 68
519 91
518 166
511 302
510 168
513 398
515 274
516 96
459 451
450 405
451 526
452 538
453 17
454 51
455 500
456 213
457 139
179 106
178 21
176 195
174 238
173 184
171 198
170 542
182 331
183 275
180 515
181 548
186 373
187 176
184 309
185 464
188 449
189 382
10 546
12 337
15 107
14 14
17 583
16 506
19 499
322 150
321 310
327 287
324 402
325 216
328 290
201 365
203 380
202 344
205 378
204 165
207 395
209 37
208 241
77 360
76 209
74 586
73 158
71 504
70 148
78 24
2 2
542 554
541 418
546 385
544 255
548 65
68 420
598 259
120 601
122 358
123 413
124 339
126 227
128 133
129 60
415 180
417 486
410 155
411 245
413 187
418 134
419 476
499 470
319 272
318 303
313 350
312 146
311 472
310 434
317 591
316 528
314 503
496 501
497 268
3 613
368 58
367 144
364 551
365 313
362 108
363 473
360 432
361 428
380 609
381 45
382 199
383 248
384 430
385 3
386 6
387 4
389 568
578 452
604 338
572 190
570 48
576 56
575 597
574 345
60 205
61 607
258 305
259 73
65 541
66 186
67 422
252 117
69 74
250 516
251 435
256 296
257 426
254 69
255 481
602 237
508 454
506 446
504 292
505 602
503 330
500 70
501 181
469 161
464 257
467 67
466 229
461 163
460 555
463 567
168 570
165 307
166 196
167 103
160 478
161 102
163 370
9 306
356 467
355 471
354 167
353 109
352 265
351 355
350 294
359 23
358 105
216 544
217 379
214 269
212 574
213 485
210 318
211 47
218 301
289 188
4 78
281 362
280 423
283 178
284 236
287 421
286 86
262 193
261 534
260 352
267 254
265 12
264 371
269 349
268 576
58 30
55 34
54 171
57 113
56 122
51 346
50 53
53 226
52 537
537 316
535 124
63 308
532 194
531 99
539 270
538 203
115 92
114 460
117 0
116 271
110 280
113 391
119 283
428 447
534 324
421 469
420 563
423 433
422 222
425 304
427 440
426 351
308 431
309 407
300 442
301 505
302 437
303 589
304 482
305 210
306 284
307 578
568 400
563 311
564 363
566 9
567 342
229 572
227 212
226 496
223 519
222 325
221 356
220 80
391 484
605 218
150 230
607 359
152 404
155 52
154 387
156 456
158 110
609 191
48 54
46 28
47 251
44 604
45 221
43 207
40 83
41 492
5 368
489 10
488 50
486 564
485 256
484 278
482 116
481 123
472 593
473 513
470 136
471 575
476 183
474 20
475 354
478 40
479 76
343 344
1 0
347 346
362 347
341 340
375 341
343 342
362 343
347 348
350 349
614 595
611 606
595 594
306 298
298 299
437 296
298 297
293 294
293 295
293 292
301 293
291 290
296 291
590 591
606 590
592 593
611 592
266 199
199 198
608 597
595 596
194 195
206 194
194 197
194 196
181 191
181 190
181 193
181 192
266 270
266 271
273 272
437 273
273 274
276 275
285 276
276 277
279 278
437 279
523 524
529 525
525 526
525 527
517 520
517 521
517 522
529 523
600 599
525 528
530 529
437 449
437 448
437 443
437 442
437 441
437 440
437 447
437 446
437 445
437 444
104 108
104 109
101 102
104 103
98 100
135 101
104 106
104 107
135 104
104 105
36 39
36 38
49 33
33 32
72 31
29 30
36 37
49 36
36 35
33 34
437 438
437 439
429 436
493 437
429 434
429 435
429 432
429 433
429 430
429 431
338 339
372 338
362 335
335 334
338 337
335 336
332 331
329 330
332 333
375 332
343 345
5 6
98 99
111 98
89 91
89 90
89 93
89 92
135 95
89 94
98 97
95 96
558 559
560 558
560 555
553 554
558 557
555 556
552 551
549 550
561 553
553 552
239 238
493 239
235 234
253 235
235 236
235 237
231 230
437 231
231 232
231 233
31 1
135 146
135 147
135 144
135 145
135 142
135 143
135 140
135 141
611 612
611 613
611 610
614 611
135 148
153 149
132 133
135 132
132 131
127 130
135 137
135 136
149 135
135 134
525 494
494 495
135 139
135 138
509 490
490 491
490 492
547 493
25 24
49 25
25 26
25 27
125 20
22 21
64 22
22 23
29 28
72 29
406 407
409 406
406 405
403 404
412 403
401 402
403 401
401 400
414 409
409 408
375 379
375 378
372 371
369 370
372 373
390 372
388 375
375 374
375 377
375 376
394 393
394 392
87 88
149 89
399 397
397 396
394 395
399 394
81 82
84 83
79 80
111 81
87 86
135 87
114 84
84 85
8 7
600 601
606 607
585 586
588 587
585 584
603 585
592 582
582 583
579 580
579 581
611 588
588 589
282 245
245 244
245 247
245 246
242 241
239 240
242 243
437 242
437 249
249 248
517 519
517 518
512 511
509 510
512 513
525 512
514 515
517 514
529 517
514 516
573 458
458 459
437 450
437 451
437 452
437 453
437 454
437 455
437 456
458 457
181 179
177 178
181 177
177 176
181 175
175 174
172 173
179 172
172 171
169 170
437 253
181 182
181 183
181 180
200 181
181 186
181 187
181 184
181 185
181 188
181 189
42 11
11 10
36 13
13 12
135 15
13 14
18 17
15 16
20 19
42 18
95 62
323 322
341 323
375 320
320 321
350 326
326 327
323 324
326 325
372 328
362 329
200 201
263 200
200 203
200 202
206 205
200 204
206 207
213 206
212 209
209 208
75 77
75 76
89 75
75 74
72 73
89 72
64 71
64 70
112 79
79 78
1 2
543 542
606 543
606 540
540 541
545 546
552 547
545 544
606 545
18 8
549 548
552 549
64 68
597 598
121 120
127 121
121 122
121 123
125 124
153 125
127 126
135 127
127 128
127 129
429 414
416 415
429 416
416 417
409 410
412 411
429 412
414 413
523 498
429 418
418 419
498 499
320 319
328 318
312 313
329 312
306 311
306 310
318 317
315 316
375 315
315 314
494 496
498 497
11 3
369 368
375 369
375 366
366 367
362 364
366 365
375 362
362 363
357 360
375 361
375 380
375 381
375 382
375 383
375 384
375 385
375 386
375 387
390 388
388 389
603 605
585 579
579 578
603 604
590 573
573 572
577 571
571 570
582 577
577 576
573 575
573 574
59 60
62 61
255 258
260 259
75 64
64 65
64 66
64 67
253 252
64 69
249 250
249 251
255 256
255 257
255 254
263 255
608 603
603 602
507 508
523 509
502 506
517 507
502 504
502 505
507 502
502 503
498 500
502 501
468 469
509 468
573 465
465 464
468 467
465 466
462 461
458 460
462 463
573 462
169 168
175 169
181 164
164 165
164 166
181 167
159 160
162 161
167 162
164 163
611 600
8 9
361 357
357 356
350 355
350 354
350 353
350 352
350 351
375 350
357 359
357 358
215 216
215 217
215 214
260 215
225 212
224 213
211 210
231 211
219 218
224 219
288 289
306 288
3 4
282 281
279 280
291 283
437 282
306 285
283 284
288 287
285 286
266 263
261 262
437 261
263 260
266 267
421 266
266 265
263 264
266 269
266 268
81 59
59 58
98 55
55 54
55 57
55 56
49 51
49 50
49 53
49 52
536 537
543 536
536 535
64 63
543 533
533 532
530 531
606 530
540 539
536 538
114 115
127 114
118 117
114 116
127 111
104 110
112 113
135 112
118 119
135 118
573 429
429 428
533 534
493 421
421 420
424 423
421 422
424 425
502 424
573 427
427 426
306 308
306 309
301 300
306 301
301 302
301 303
366 304
304 305
388 306
306 307
569 568
571 569
561 560
562 561
569 562
562 563
565 564
571 565
565 566
565 567
228 229
266 228
228 227
225 226
242 225
471 224
224 223
219 222
219 221
219 220
392 391
392 390
157 151
151 150
157 153
151 152
153 155
153 154
159 157
153 156
162 159
159 158
608 609
611 608
401 399
397 398
49 48
62 49
42 46
42 47
42 44
42 45
135 42
42 43
36 40
42 41
36 5
490 489
487 488
514 487
487 486
483 485
483 484
509 483
483 482
480 481
509 480
471 472
471 473
471 470
547 471
477 476
494 477
471 474
471 475
477 478
480 479
