465
929
0
599 2
609 5
598 8
597 9
602 11
604 14
605 15
581 18
580 20
578 21
584 23
586 24
612 27
601 28
610 31
613 32
544 36
546 37
607 39
591 42
417 45
415 47
428 52
430 53
419 55
459 59
433 60
460 65
457 66
572 68
426 71
427 72
466 74
464 75
463 78
461 79
575 80
574 81
418 82
434 85
411 87
404 89
400 92
393 95
391 99
395 100
339 105
338 106
337 107
371 108
328 111
317 113
318 114
373 115
306 121
307 124
297 126
299 127
287 129
289 130
311 132
308 134
286 136
277 138
275 139
309 141
310 142
303 144
295 148
292 150
294 151
300 153
302 154
301 155
370 162
316 165
314 166
340 167
368 168
378 170
377 173
380 174
365 175
376 178
381 180
374 182
363 183
383 185
331 189
385 191
333 192
346 197
348 198
342 201
344 203
345 205
305 207
304 208
334 210
336 211
324 214
322 215
313 218
312 219
330 220
362 221
364 222
321 226
319 227
384 228
361 230
356 234
359 235
358 237
352 239
354 244
355 246
327 248
325 249
349 250
350 251
351 253
353 254
360 256
382 257
386 260
387 261
389 263
379 265
367 266
398 268
396 269
402 270
435 273
436 274
432 275
431 276
405 281
407 282
408 283
413 284
410 285
535 288
534 291
532 292
531 294
521 297
516 299
515 301
488 303
486 304
520 307
518 310
508 312
504 314
501 318
425 320
423 321
505 322
506 324
503 325
519 327
526 330
511 332
527 335
513 336
485 341
484 343
479 347
481 348
510 349
469 352
467 354
482 355
492 357
489 359
491 360
524 361
500 364
497 365
499 366
528 367
496 369
476 372
478 373
495 374
522 375
537 378
538 379
542 381
541 383
539 384
594 387
596 388
587 391
589 392
583 394
593 396
576 398
567 401
566 403
564 404
570 406
568 408
563 410
559 413
557 415
556 417
555 418
554 420
551 422
548 425
550 426
444 429
455 431
446 434
441 435
437 437
278 443
283 449
284 450
290 451
251 453
250 455
248 456
296 457
450 459
456 460
438 461
241 465
226 468
209 471
208 472
212 473
243 474
244 479
281 481
246 482
245 483
247 484
234 488
237 489
235 490
236 491
452 492
274 497
454 498
453 500
272 502
280 503
443 505
442 507
447 508
445 510
439 514
211 515
210 516
233 519
230 520
232 521
448 524
262 527
261 528
449 529
451 531
440 533
252 534
240 537
238 538
472 543
473 544
470 547
475 548
471 549
474 551
222 553
221 555
218 557
220 559
223 561
213 563
205 565
197 568
196 571
195 572
194 573
207 574
422 576
421 578
420 580
227 583
229 585
258 588
270 589
268 590
267 593
265 594
271 597
269 598
216 602
217 604
214 605
259 607
260 608
257 611
254 614
256 615
255 616
264 618
198 621
199 622
201 624
203 627
204 628
202 630
176 633
179 635
173 638
171 639
190 640
184 643
183 644
180 647
191 648
193 652
188 653
187 654
182 657
189 659
186 660
181 662
174 665
185 666
192 668
178 670
163 673
165 675
166 676
170 679
168 680
167 682
158 684
161 686
152 689
150 691
160 692
154 695
155 697
156 698
124 701
20 703
19 704
108 708
105 712
103 713
110 714
80 719
78 720
113 721
106 722
107 724
117 731
138 734
140 735
131 737
148 738
144 742
102 743
101 744
136 745
61 750
14 758
12 759
39 760
35 763
5 765
6 766
40 768
38 769
27 771
37 772
34 773
48 776
52 778
51 779
26 782
53 784
32 785
50 786
24 787
45 789
10 792
4 794
3 795
47 799
41 801
46 802
43 803
44 805
17 807
9 809
7 810
142 811
119 814
126 817
129 818
15 820
16 821
133 822
147 826
139 827
145 828
134 830
143 831
130 834
116 838
114 840
83 843
85 844
115 845
122 847
120 849
123 850
96 853
128 855
97 860
60 863
58 864
82 865
54 869
56 870
55 871
57 872
99 873
100 874
88 876
86 877
146 878
137 879
109 881
141 882
92 884
93 886
74 890
77 891
21 896
23 897
66 900
71 901
69 903
68 904
67 905
94 906
76 908
70 911
65 913
63 914
91 916
90 918
28 921
30 922
73 924
31 926
2 928
0 929
0 1
1 2
1 3
3 4
4 5
4 6
6 7
7 8
7 9
6 10
10 11
10 12
12 13
13 14
13 15
12 16
16 17
17 18
17 19
19 20
19 21
16 22
22 23
22 24
3 25
25 26
26 27
26 28
25 29
29 30
30 31
30 32
29 33
33 34
34 35
35 36
35 37
34 38
38 39
38 40
40 41
41 42
41 43
43 44
44 45
44 46
46 47
46 48
48 49
49 50
50 51
51 52
51 53
50 54
54 55
54 56
56 57
57 58
58 59
58 60
57 61
61 62
62 63
63 64
64 65
64 66
63 67
67 68
67 69
69 70
70 71
70 72
69 73
73 74
73 75
62 76
76 77
77 78
77 79
76 80
61 81
56 82
49 83
83 84
84 85
84 86
86 87
86 88
88 89
88 90
90 91
91 92
91 93
93 94
94 95
94 96
96 97
97 98
98 99
98 100
97 101
101 102
102 103
103 104
104 105
104 106
103 107
102 108
101 109
109 110
110 111
110 112
112 113
112 114
109 115
96 116
116 117
117 118
118 119
119 120
120 121
120 122
122 123
123 124
123 125
125 126
125 127
122 128
128 129
128 130
119 131
131 132
131 133
133 134
133 135
135 136
135 137
137 138
137 139
118 140
140 141
140 142
117 143
143 144
143 145
145 146
146 147
147 148
147 149
149 150
149 151
146 152
152 153
152 154
145 155
116 156
156 157
157 158
158 159
159 160
160 161
161 162
161 163
163 164
164 165
164 166
163 167
160 168
159 169
169 170
169 171
171 172
172 173
172 174
171 175
158 176
176 177
177 178
177 179
179 180
179 181
181 182
181 183
176 184
184 185
184 186
186 187
187 188
188 189
188 190
190 191
190 192
187 193
193 194
194 195
195 196
196 197
196 198
195 199
199 200
200 201
200 202
202 203
202 204
204 205
204 206
206 207
206 208
199 209
209 210
209 211
194 212
212 213
213 214
213 215
212 216
216 217
217 218
217 219
216 220
193 221
186 222
157 223
223 224
224 225
225 226
225 227
224 228
223 229
229 230
229 231
231 232
232 233
233 234
233 235
232 236
236 237
236 238
238 239
238 240
240 241
241 242
242 243
243 244
243 245
245 246
245 247
247 248
247 249
242 250
241 251
240 252
252 253
252 254
231 255
255 256
255 257
156 258
258 259
259 260
259 261
258 262
262 263
262 264
264 265
264 266
93 267
267 268
267 269
90 270
83 271
271 272
272 273
272 274
271 275
48 276
43 277
277 278
278 279
279 280
280 281
280 282
279 283
278 284
277 285
40 286
286 287
287 288
287 289
289 290
290 291
290 292
289 293
293 294
293 295
295 296
296 297
296 298
298 299
298 300
300 301
300 302
302 303
302 304
295 305
305 306
306 307
306 308
308 309
309 310
309 311
311 312
311 313
313 314
313 315
315 316
316 317
317 318
317 319
319 320
319 321
316 322
315 323
323 324
323 325
308 326
326 327
326 328
328 329
329 330
329 331
331 332
331 333
333 334
334 335
334 336
333 337
337 338
338 339
339 340
340 341
340 342
342 343
342 344
344 345
345 346
346 347
346 348
345 349
344 350
350 351
351 352
351 353
353 354
353 355
350 356
356 357
356 358
358 359
358 360
339 361
338 362
362 363
363 364
363 365
362 366
337 367
328 368
368 369
368 370
370 371
371 372
371 373
370 374
305 375
286 376
376 377
377 378
377 379
376 380
380 381
380 382
382 383
382 384
33 385
385 386
386 387
386 388
385 389
389 390
390 391
390 392
389 393
393 394
393 395
395 396
395 397
397 398
397 399
399 400
400 401
400 402
402 403
402 404
399 405
405 406
405 407
407 408
407 409
409 410
409 411
411 412
412 413
412 414
414 415
414 416
416 417
416 418
411 419
419 420
419 421
421 422
421 423
423 424
424 425
424 426
423 427
427 428
428 429
428 430
430 431
430 432
432 433
433 434
433 435
432 436
436 437
436 438
438 439
439 440
440 441
441 442
442 443
442 444
444 445
445 446
446 447
447 448
448 449
448 450
447 451
446 452
452 453
452 454
454 455
454 456
445 457
444 458
458 459
458 460
441 461
440 462
462 463
463 464
464 465
464 466
466 467
467 468
467 469
469 470
470 471
470 472
469 473
466 474
463 475
475 476
476 477
477 478
478 479
478 480
480 481
480 482
477 483
476 484
475 485
485 486
486 487
487 488
487 489
486 490
485 491
462 492
439 493
493 494
494 495
495 496
496 497
496 498
495 499
499 500
499 501
501 502
501 503
494 504
504 505
504 506
506 507
506 508
493 509
509 510
509 511
511 512
512 513
513 514
513 515
512 516
511 517
517 518
518 519
518 520
517 521
438 522
522 523
523 524
523 525
525 526
526 527
526 528
525 529
522 530
530 531
530 532
532 533
532 534
427 535
535 536
536 537
536 538
535 539
539 540
540 541
541 542
542 543
542 544
541 545
545 546
546 547
546 548
545 549
540 550
550 551
550 552
552 553
552 554
554 555
554 556
556 557
556 558
558 559
558 560
560 561
560 562
562 563
562 564
564 565
564 566
566 567
567 568
567 569
569 570
570 571
570 572
569 573
566 574
539 575
575 576
575 577
577 578
577 579
579 580
579 581
581 582
582 583
582 584
584 585
584 586
586 587
587 588
587 589
586 590
581 591
591 592
592 593
592 594
591 595
595 596
596 597
596 598
595 599
599 600
600 601
601 602
601 603
603 604
603 605
600 606
606 607
606 608
599 609
609 610
610 611
610 612
612 613
613 614
613 615
612 616
609 617
617 618
617 619
619 620
620 621
620 622
619 623
623 624
623 625
625 626
626 627
626 628
625 629
629 630
629 631
631 632
632 633
632 634
634 635
634 636
636 637
637 638
637 639
636 640
631 641
641 642
642 643
642 644
641 645
645 646
646 647
646 648
645 649
649 650
650 651
651 652
651 653
650 654
649 655
655 656
656 657
656 658
658 659
658 660
655 661
661 662
661 663
663 664
664 665
664 666
663 667
667 668
667 669
669 670
669 671
671 672
672 673
672 674
674 675
674 676
671 677
677 678
678 679
678 680
677 681
681 682
681 683
683 684
683 685
685 686
685 687
687 688
688 689
688 690
690 691
690 692
687 693
693 694
694 695
694 696
696 697
696 698
693 699
699 700
700 701
700 702
702 703
702 704
699 705
705 706
706 707
707 708
707 709
709 710
710 711
711 712
711 713
710 714
709 715
715 716
716 717
717 718
718 719
718 720
717 721
716 722
715 723
723 724
723 725
725 726
726 727
727 728
728 729
729 730
730 731
730 732
732 733
733 734
733 735
732 736
736 737
736 738
729 739
739 740
740 741
741 742
741 743
740 744
739 745
728 746
746 747
747 748
748 749
749 750
749 751
751 752
752 753
753 754
754 755
755 756
756 757
757 758
757 759
756 760
755 761
761 762
762 763
762 764
764 765
764 766
761 767
767 768
767 769
754 770
770 771
770 772
753 773
752 774
774 775
775 776
775 777
777 778
777 779
774 780
780 781
781 782
781 783
783 784
783 785
780 786
751 787
748 788
788 789
788 790
790 791
791 792
791 793
793 794
793 795
790 796
796 797
797 798
798 799
798 800
800 801
800 802
797 803
796 804
804 805
804 806
806 807
806 808
808 809
808 810
747 811
746 812
812 813
813 814
813 815
815 816
816 817
816 818
815 819
819 820
819 821
812 822
727 823
823 824
824 825
825 826
825 827
824 828
823 829
829 830
829 831
726 832
832 833
833 834
833 835
835 836
836 837
837 838
837 839
839 840
839 841
841 842
842 843
842 844
841 845
836 846
846 847
846 848
848 849
848 850
835 851
851 852
852 853
852 854
854 855
854 856
856 857
857 858
858 859
859 860
859 861
861 862
862 863
862 864
861 865
858 866
866 867
867 868
868 869
868 870
867 871
866 872
857 873
856 874
851 875
875 876
875 877
832 878
725 879
706 880
880 881
880 882
705 883
883 884
883 885
885 886
885 887
887 888
888 889
889 890
889 891
888 892
892 893
893 894
894 895
895 896
895 897
894 898
898 899
899 900
899 901
898 902
902 903
902 904
893 905
892 906
887 907
907 908
907 909
909 910
910 911
910 912
912 913
912 914
909 915
915 916
915 917
917 918
917 919
919 920
920 921
920 922
919 923
923 924
923 925
925 926
925 927
927 928
927 929
