99
179
0
143 2
141 4
140 7
138 8
137 12
135 13
133 14
127 19
124 21
126 22
131 25
132 26
123 28
121 29
129 32
120 33
118 35
130 36
89 42
91 43
96 45
97 46
111 48
117 50
116 51
78 57
76 58
93 59
95 61
94 62
112 63
115 66
108 67
110 69
104 71
106 72
101 77
102 79
100 80
73 81
86 85
57 89
56 90
75 91
84 92
71 93
79 95
87 97
81 98
25 104
23 105
17 107
15 109
22 110
6 114
5 115
0 118
2 119
3 121
4 122
18 123
50 126
38 133
39 134
36 135
26 137
28 139
9 142
7 143
13 145
14 146
33 151
41 152
30 153
32 154
40 155
12 158
10 159
34 160
47 162
42 166
45 167
44 168
48 170
49 172
46 173
52 175
55 176
65 182
63 183
64 184
61 186
62 187
60 189
58 190
67 193
69 194
66 196
68 197
0 1
1 2
1 3
3 4
3 5
5 6
6 7
6 8
5 9
9 10
10 12
10 13
10 14
9 15
15 16
16 18
18 19
18 20
20 21
20 22
16 24
24 25
24 26
16 27
27 28
27 29
16 30
30 32
30 33
30 35
30 36
15 37
37 38
38 39
39 40
40 41
41 42
41 43
40 44
44 45
44 46
39 47
47 48
47 49
49 50
49 51
38 52
52 53
53 54
54 55
55 56
56 57
56 58
55 59
54 60
60 61
60 62
53 63
52 65
65 66
65 67
52 69
52 70
70 71
70 72
37 73
73 74
74 75
75 76
76 77
76 78
78 79
78 80
75 81
74 84
84 85
84 86
86 87
87 88
88 89
88 90
87 91
86 92
74 93
74 94
94 95
94 96
96 97
96 98
73 99
99 100
100 101
101 102
102 103
103 104
103 105
102 106
106 107
106 108
108 109
108 110
101 111
111 112
112 114
112 115
112 116
116 117
117 118
117 119
116 120
120 121
120 122
111 123
100 124
124 125
125 126
125 127
127 129
129 131
131 132
132 133
132 134
131 135
129 136
136 137
136 138
138 139
138 140
140 141
141 142
141 143
140 144
144 145
144 146
129 147
147 148
148 151
148 152
148 153
148 154
147 155
127 156
156 157
157 158
157 159
156 160
127 161
161 162
161 163
163 164
164 166
164 167
164 168
163 169
169 170
169 172
169 173
124 174
174 175
174 176
99 177
177 179
179 181
181 182
181 183
179 184
179 185
185 186
185 187
177 188
188 189
188 190
177 191
191 192
192 193
192 194
191 195
195 196
195 197
