99
163
0
143 2
141 4
133 8
132 10
131 11
130 13
120 14
118 15
129 17
73 20
86 22
71 23
67 25
68 26
66 27
69 29
55 31
52 33
45 35
36 37
40 38
38 39
39 41
28 43
26 45
9 47
7 48
14 50
13 51
41 53
33 54
32 55
30 56
34 58
12 60
10 61
49 63
48 64
46 65
50 67
47 68
44 70
42 71
18 75
6 77
5 78
4 80
3 81
2 82
0 83
25 85
23 86
17 88
22 90
15 91
62 93
64 94
61 95
65 97
63 98
60 100
58 101
84 103
75 105
57 107
56 108
87 110
81 111
79 112
101 114
102 116
100 117
124 119
95 123
94 125
112 127
115 129
108 130
110 132
104 133
106 135
111 137
117 139
116 140
93 142
78 144
76 145
97 147
96 148
91 150
89 151
127 153
126 154
123 156
121 157
137 159
135 160
140 162
138 163
0 1
1 2
1 3
3 4
3 5
5 6
6 7
7 8
7 9
9 10
9 11
9 12
12 13
12 14
12 15
12 16
16 17
16 18
18 19
19 20
19 21
21 22
21 23
21 24
24 25
24 26
24 27
24 28
28 29
28 30
30 31
30 32
32 33
32 34
34 35
34 36
36 37
36 38
36 39
36 40
40 41
40 42
42 43
42 44
44 45
44 46
46 47
46 48
42 49
49 50
49 51
36 52
52 53
52 54
52 55
52 56
34 57
57 58
57 59
59 60
59 61
34 62
62 63
62 64
62 65
34 66
66 67
66 68
34 69
69 70
69 71
32 72
72 73
73 74
74 75
74 76
76 77
76 78
76 79
79 80
79 81
79 82
79 83
73 84
84 85
84 86
72 87
87 88
87 89
89 90
89 91
24 92
92 93
92 94
92 95
92 96
96 97
96 98
24 99
99 100
99 101
21 102
102 103
102 104
104 105
104 106
106 107
106 108
21 109
109 110
109 111
109 112
19 113
113 114
113 115
115 116
115 117
18 118
118 119
118 120
120 121
121 122
122 123
122 124
124 125
124 126
126 127
126 128
128 129
128 130
128 131
131 132
131 133
131 134
134 135
134 136
136 137
136 138
138 139
138 140
124 141
141 142
141 143
143 144
143 145
121 146
146 147
146 148
120 149
149 150
149 151
9 152
152 153
152 154
9 155
155 156
155 157
6 158
158 159
158 160
5 161
161 162
161 163
