99
171
0
143 2
141 4
133 8
132 10
131 11
120 13
118 14
130 16
129 18
73 22
86 24
71 25
67 27
68 28
66 29
69 31
55 33
52 35
45 37
40 39
39 42
28 44
26 47
9 49
7 50
14 52
13 53
36 55
38 56
41 58
33 59
32 60
30 61
49 64
48 66
46 67
50 69
47 70
34 72
12 74
10 75
44 77
42 78
18 82
6 84
5 85
4 87
3 88
2 89
0 90
25 92
23 93
17 95
22 97
15 98
62 100
64 101
61 102
65 104
63 105
60 107
58 108
84 110
75 112
57 114
56 115
87 117
81 118
79 119
101 121
102 123
100 124
124 126
95 130
94 132
112 134
115 136
108 137
110 139
104 141
106 143
111 145
117 147
116 148
93 150
78 152
76 153
97 155
96 156
91 158
89 159
127 161
126 162
123 164
121 165
137 167
135 168
140 170
138 171
0 1
1 2
1 3
3 4
3 5
5 6
6 7
7 8
7 9
9 10
9 11
9 12
12 13
12 14
12 15
15 16
15 17
17 18
17 19
19 20
20 21
21 22
21 23
23 24
23 25
23 26
26 27
26 28
26 29
26 30
30 31
30 32
32 33
32 34
34 35
34 36
36 37
36 38
38 39
38 40
40 41
41 42
41 43
43 44
43 45
45 46
46 47
46 48
48 49
48 50
45 51
51 52
51 53
40 54
54 55
54 56
38 57
57 58
57 59
57 60
57 61
36 62
62 63
63 64
63 65
65 66
65 67
62 68
68 69
68 70
36 71
71 72
71 73
73 74
73 75
36 76
76 77
76 78
34 79
79 80
80 81
81 82
81 83
83 84
83 85
83 86
86 87
86 88
86 89
86 90
80 91
91 92
91 93
79 94
94 95
94 96
96 97
96 98
26 99
99 100
99 101
99 102
99 103
103 104
103 105
26 106
106 107
106 108
23 109
109 110
109 111
111 112
111 113
113 114
113 115
23 116
116 117
116 118
116 119
20 120
120 121
120 122
122 123
122 124
19 125
125 126
125 127
127 128
128 129
129 130
129 131
131 132
131 133
133 134
133 135
135 136
135 137
135 138
138 139
138 140
140 141
140 142
142 143
142 144
144 145
144 146
146 147
146 148
131 149
149 150
149 151
151 152
151 153
128 154
154 155
154 156
127 157
157 158
157 159
9 160
160 161
160 162
9 163
163 164
163 165
6 166
166 167
166 168
5 169
169 170
169 171
