90
160
0
143 3
141 5
140 8
138 9
135 12
137 13
133 15
115 18
110 20
106 22
104 23
112 25
95 27
93 29
76 31
78 32
116 35
117 36
111 37
108 39
89 41
91 43
96 45
97 46
131 48
132 49
121 51
123 52
127 54
124 56
129 59
120 61
118 62
130 63
102 65
100 67
101 69
73 71
71 73
86 74
79 76
81 77
87 78
84 80
75 82
57 84
56 85
68 87
66 88
58 90
60 91
61 93
64 94
65 96
63 97
69 99
55 101
52 103
17 106
22 108
15 109
23 112
25 113
18 115
5 117
3 119
0 120
4 121
2 122
50 124
48 127
42 129
44 130
49 132
47 133
34 135
12 137
10 138
41 141
32 142
33 143
30 144
39 147
36 149
38 150
28 152
14 155
26 157
7 159
9 160
0 1
1 2
2 3
2 4
4 5
4 6
6 7
7 8
7 9
6 10
10 11
11 12
11 13
10 14
14 15
14 16
16 17
17 18
17 19
19 20
19 21
21 22
21 23
17 24
24 25
24 26
26 27
26 28
28 29
28 30
30 31
30 32
17 33
33 34
34 35
34 36
34 37
33 38
38 39
38 40
40 41
40 42
42 43
42 44
44 45
44 46
16 47
47 48
47 49
47 50
50 51
50 52
47 53
53 54
53 55
55 56
47 57
57 58
58 59
58 60
60 61
60 62
60 63
57 64
64 65
64 66
66 67
66 68
68 69
68 70
70 71
70 72
72 73
72 74
72 75
75 76
75 77
75 78
72 79
79 80
79 81
81 82
81 83
83 84
83 85
72 86
86 87
86 88
86 89
89 90
89 91
86 92
92 93
92 94
92 95
95 96
95 97
86 98
98 99
98 100
100 101
100 102
102 103
102 104
104 105
105 106
105 107
107 108
107 109
104 110
110 111
111 112
111 113
110 114
114 115
114 116
116 117
116 118
118 119
118 120
118 121
118 122
102 123
123 124
123 125
125 126
126 127
125 128
128 129
128 130
125 131
131 132
131 133
125 134
134 135
134 136
136 137
136 138
125 139
139 140
140 141
140 142
140 143
140 144
139 145
145 146
146 147
146 148
148 149
148 150
145 151
151 152
151 153
153 154
154 155
153 156
156 157
156 158
158 159
158 160
