99
145
145
133 68
132 40
131 49
130 67
137 14
135 4
138 93
25 78
26 111
22 96
23 75
28 126
0 66
4 7
120 89
121 73
123 79
124 47
126 60
127 84
129 18
118 124
58 138
55 64
57 115
56 123
50 0
52 2
115 140
117 3
116 117
111 118
110 81
112 94
81 12
86 108
87 65
84 97
3 102
7 52
108 6
102 130
100 17
101 116
106 137
104 141
39 36
38 56
33 26
32 86
30 10
36 55
34 61
60 46
61 69
62 50
63 39
64 48
65 45
66 133
67 135
68 110
69 112
2 87
6 62
91 9
93 5
95 63
94 131
97 23
96 15
10 132
13 25
12 143
15 76
14 101
17 106
18 129
89 22
48 13
49 127
46 30
47 58
44 32
45 38
42 120
40 44
41 121
5 104
9 41
143 33
140 91
141 100
76 71
75 57
73 95
71 34
79 28
78 42
134 133
128 132
128 131
128 130
136 137
139 136
134 135
136 134
142 139
139 138
29 24
24 25
27 26
40 27
27 20
29 21
21 22
24 23
27 28
53 29
1 0
1 4
20 8
128 119
119 120
122 121
128 122
122 123
125 124
128 125
125 126
125 127
136 128
128 129
119 118
67 59
59 58
54 55
67 54
74 57
57 56
53 51
51 50
54 53
53 52
114 115
128 114
92 88
90 89
109 111
109 110
114 113
113 112
85 82
92 83
88 80
80 81
85 86
88 87
83 84
99 85
1 3
8 7
107 108
114 109
103 102
128 103
99 100
99 101
105 106
114 107
105 104
109 105
37 39
37 38
31 33
31 32
40 31
31 30
40 37
37 36
45 35
35 34
59 60
62 61
67 62
62 63
62 64
62 65
67 66
70 67
67 68
70 69
1 2
19 6
103 99
107 98
90 91
98 90
94 93
99 92
94 95
113 94
98 97
94 96
35 11
11 10
20 13
11 12
16 15
13 14
16 17
21 16
29 19
19 18
114 117
114 116
45 48
45 49
45 46
45 47
43 44
51 45
43 42
45 43
45 40
40 41
6 1
6 5
8 9
145 144
144 142
144 143
139 140
142 141
94 77
77 76
74 75
83 74
72 73
82 72
72 71
82 70
80 79
77 78
