99
145
145
133 12
132 115
131 0
130 23
137 36
135 40
138 68
25 131
26 13
22 42
23 130
28 86
0 101
4 100
120 14
121 137
123 3
124 78
126 89
127 102
129 39
118 126
58 116
55 61
57 57
56 66
50 97
52 95
115 34
117 63
116 50
111 46
110 71
112 52
81 18
86 127
87 5
84 117
3 17
7 38
108 25
102 49
100 56
101 112
106 44
104 96
39 104
38 2
33 87
32 60
30 69
36 48
34 121
60 75
61 73
62 110
63 93
64 62
65 41
66 64
67 6
68 28
69 47
2 55
6 4
91 94
93 58
95 33
94 91
97 81
96 132
10 79
13 45
12 118
15 111
14 106
17 9
18 76
89 84
48 67
49 22
46 143
47 65
44 135
45 32
42 30
40 123
41 120
5 129
9 124
143 108
140 26
141 133
76 141
75 140
73 7
71 138
79 10
78 15
134 133
128 132
128 131
128 130
136 137
139 136
134 135
136 134
142 139
139 138
29 24
24 25
27 26
40 27
27 20
29 21
21 22
24 23
27 28
53 29
1 0
1 4
20 8
128 119
119 120
122 121
128 122
122 123
125 124
128 125
125 126
125 127
136 128
128 129
119 118
67 59
59 58
54 55
67 54
74 57
57 56
53 51
51 50
54 53
53 52
114 115
128 114
92 88
90 89
109 111
109 110
114 113
113 112
85 82
92 83
88 80
80 81
85 86
88 87
83 84
99 85
1 3
8 7
107 108
114 109
103 102
128 103
99 100
99 101
105 106
114 107
105 104
109 105
37 39
37 38
31 33
31 32
40 31
31 30
40 37
37 36
45 35
35 34
59 60
62 61
67 62
62 63
62 64
62 65
67 66
70 67
67 68
70 69
1 2
19 6
103 99
107 98
90 91
98 90
94 93
99 92
94 95
113 94
98 97
94 96
35 11
11 10
20 13
11 12
16 15
13 14
16 17
21 16
29 19
19 18
114 117
114 116
45 48
45 49
45 46
45 47
43 44
51 45
43 42
45 43
45 40
40 41
6 1
6 5
8 9
145 144
144 142
144 143
139 140
142 141
94 77
77 76
74 75
83 74
72 73
82 72
72 71
82 70
80 79
77 78
