99
150
0
143 2
141 4
140 7
138 8
137 11
135 12
133 14
112 18
95 20
94 19
93 24
76 26
78 27
115 30
116 34
117 35
89 37
91 39
97 41
96 42
108 43
110 45
104 47
111 49
106 48
132 52
121 56
123 57
131 58
127 61
124 63
126 62
120 67
118 68
130 70
129 72
102 75
100 76
101 78
73 80
86 82
71 85
56 88
57 90
75 91
84 92
79 95
81 97
87 98
67 99
58 105
60 106
69 107
68 109
66 110
64 112
62 111
61 116
63 118
65 120
50 124
45 125
44 131
42 132
48 134
49 136
46 133
33 141
30 144
41 145
32 146
40 139
36 152
39 153
28 156
14 159
13 158
7 162
9 163
26 164
38 165
12 168
10 169
34 170
47 171
52 172
55 174
22 178
15 179
17 180
25 183
23 184
18 186
5 188
6 187
4 193
3 194
2 196
0 197
0 1
1 2
1 3
3 4
3 5
5 6
6 7
6 8
5 9
9 10
10 11
10 12
9 13
13 14
13 15
15 16
16 17
17 18
17 19
19 20
19 23
23 24
23 25
25 26
25 27
16 30
16 32
32 33
33 34
33 35
32 36
36 37
36 38
38 39
38 40
40 41
40 42
16 43
16 44
44 45
44 46
46 47
46 48
48 49
15 51
51 52
51 55
55 56
55 57
51 58
51 60
60 61
60 62
62 63
51 65
65 67
65 68
65 70
65 71
71 72
71 73
73 74
74 75
74 76
73 78
73 79
79 80
79 81
81 82
81 85
81 86
86 87
87 88
88 90
87 91
86 92
81 94
94 95
94 97
94 98
81 99
99 104
104 105
104 106
99 107
99 109
99 110
99 111
111 112
111 116
111 117
117 118
117 120
117 121
121 123
123 124
123 125
125 130
130 131
130 132
125 133
133 134
133 136
125 139
139 140
140 141
140 144
140 145
140 146
139 150
150 151
151 152
151 153
150 154
154 156
154 157
157 158
158 159
157 161
161 162
161 163
154 164
139 165
125 166
166 167
167 168
167 169
166 170
125 171
121 172
121 174
121 175
175 176
176 177
177 178
177 179
176 180
175 181
181 182
182 183
182 184
181 185
185 186
185 187
187 188
187 191
191 193
191 194
191 196
191 197
