48
88
0
75 2
71 5
68 9
38 11
36 13
39 15
35 17
33 19
25 24
7 26
5 27
4 29
2 30
15 32
13 34
11 35
10 37
8 38
1 40
0 41
19 43
22 45
21 46
18 48
16 49
32 52
29 53
28 55
26 56
73 58
53 61
55 63
51 65
48 67
49 69
46 70
58 72
56 73
64 75
62 76
67 78
66 79
65 80
45 82
44 84
42 85
61 87
59 88
0 1
1 2
1 3
3 4
4 5
4 6
6 7
7 8
8 9
8 10
10 11
10 12
12 13
12 14
14 15
14 16
16 17
16 18
18 19
18 20
20 21
21 22
22 23
23 24
23 25
25 26
25 27
25 28
28 29
28 30
23 31
31 32
31 33
33 34
33 35
23 36
36 37
36 38
22 39
39 40
39 41
21 42
42 43
42 44
44 45
44 46
21 47
47 48
47 49
20 50
50 51
51 52
51 53
50 54
54 55
54 56
7 57
57 58
57 59
59 60
60 61
60 62
62 63
62 64
64 65
64 66
66 67
66 68
68 69
68 70
59 71
71 72
71 73
6 74
74 75
74 76
74 77
77 78
77 79
77 80
77 81
81 82
81 83
83 84
83 85
3 86
86 87
86 88
