48
90
0
75 2
71 5
68 9
38 11
36 13
39 15
35 17
33 19
15 26
13 28
11 29
10 31
8 32
25 34
7 36
5 37
4 39
2 40
1 42
0 43
19 45
22 47
21 48
18 50
16 51
32 54
29 55
28 57
26 58
73 60
53 63
55 65
51 67
48 69
49 71
46 72
58 74
56 75
64 77
62 78
67 80
66 81
65 82
45 84
44 86
42 87
61 89
59 90
0 1
1 2
1 3
3 4
4 5
4 6
6 7
7 8
8 9
8 10
10 11
10 12
12 13
12 14
14 15
14 16
16 17
16 18
18 19
18 20
20 21
21 22
22 23
23 24
24 25
25 26
25 27
27 28
27 29
24 30
30 31
30 32
23 33
33 34
33 35
35 36
35 37
35 38
38 39
38 40
22 41
41 42
41 43
21 44
44 45
44 46
46 47
46 48
21 49
49 50
49 51
20 52
52 53
53 54
53 55
52 56
56 57
56 58
7 59
59 60
59 61
61 62
62 63
62 64
64 65
64 66
66 67
66 68
68 69
68 70
70 71
70 72
61 73
73 74
73 75
6 76
76 77
76 78
76 79
79 80
79 81
79 82
79 83
83 84
83 85
85 86
85 87
3 88
88 89
88 90
