48
81
0
10 13
8 14
25 17
15 20
13 22
11 23
7 26
4 28
2 29
5 30
1 32
0 31
22 36
21 38
19 39
18 41
16 42
28 45
26 46
29 48
32 49
33 8
35 51
39 52
36 53
38 54
68 3
73 58
58 61
56 62
55 65
51 67
49 69
48 71
46 72
53 73
71 75
61 78
59 79
67 86
45 87
64 88
65 89
44 91
42 92
66 93
62 94
75 95
0 2
2 3
3 4
4 5
5 6
6 7
7 8
8 9
9 11
11 12
12 13
12 14
11 17
11 18
18 20
18 21
21 22
21 23
18 24
24 26
24 27
27 28
27 29
24 30
11 31
31 32
9 34
34 35
35 36
35 37
37 38
37 39
34 40
40 41
40 42
9 43
43 44
44 45
44 46
43 47
47 48
47 49
7 51
6 52
5 53
4 54
2 56
56 57
57 58
57 59
59 60
60 61
60 62
59 63
63 64
64 65
64 66
66 67
66 68
68 69
68 70
70 71
70 72
63 73
56 74
74 75
74 76
76 77
77 78
77 79
76 80
80 86
80 87
80 88
80 89
80 90
90 91
90 92
80 93
80 94
0 95
