48
77
77
42 39
61 36
62 48
64 21
53 45
66 33
67 25
68 38
25 53
26 19
21 73
22 15
49 28
46 56
44 62
45 29
28 61
29 46
1 44
0 5
2 49
5 51
4 64
7 10
8 59
39 71
75 58
73 66
71 32
59 22
58 67
11 4
10 0
13 16
38 7
15 68
48 26
16 75
19 13
18 2
56 11
51 65
36 55
35 42
33 35
55 18
32 8
65 1
57 56
57 54
43 42
47 48
45 43
69 60
60 61
63 62
69 63
63 64
47 49
63 66
63 67
72 68
70 69
54 52
52 53
33 24
24 25
27 26
31 27
23 20
20 21
23 22
31 23
47 46
50 47
43 44
63 45
27 28
30 29
41 40
68 41
0 1
24 0
6 3
3 2
6 5
3 4
6 7
14 6
24 9
9 8
50 51
40 39
63 65
77 76
76 75
37 38
74 73
74 72
70 71
72 70
60 59
57 58
12 11
9 10
12 13
14 12
14 15
24 14
30 17
17 16
20 19
17 18
33 31
31 30
41 37
37 36
34 35
40 34
34 33
54 55
76 74
31 32
72 57
52 50
