48
80
0
75 2
58 8
56 9
53 11
55 13
51 15
49 17
48 19
46 20
73 21
71 23
59 26
61 27
42 32
44 33
45 30
64 37
62 38
66 40
67 41
65 42
68 43
38 46
36 48
39 50
35 52
33 53
29 58
26 59
28 61
16 64
18 65
22 68
21 70
19 71
32 72
5 79
7 80
4 82
2 83
11 85
13 86
15 87
25 88
8 91
10 92
1 94
0 93
0 2
0 3
3 4
4 5
5 6
6 7
7 8
7 9
6 10
10 11
10 12
12 13
12 14
14 15
14 16
16 17
16 18
18 19
18 20
5 21
4 22
22 23
22 24
24 25
25 26
25 27
24 28
28 30
30 31
31 32
31 33
28 36
36 37
36 38
28 40
28 41
28 42
3 43
43 45
45 46
45 47
47 48
47 49
49 50
49 51
51 52
51 53
53 55
55 57
57 58
57 59
59 61
55 62
62 63
63 64
63 65
62 67
67 68
67 69
69 70
69 71
62 72
55 73
73 75
75 77
77 79
77 80
77 81
81 82
81 83
75 84
84 85
84 86
75 87
73 88
73 90
90 91
90 92
73 93
93 94
