482
963
0
317 50
276 52
244 54
242 55
314 57
312 59
292 61
279 63
278 64
315 69
316 71
323 73
310 74
283 76
282 79
280 80
236 82
234 83
228 87
227 88
224 89
226 90
286 92
284 93
319 96
313 99
311 100
290 103
260 104
259 105
318 106
270 109
232 111
220 113
218 114
268 115
300 121
296 122
298 125
293 126
251 128
249 129
262 132
257 138
255 139
247 141
239 142
241 143
237 144
248 146
245 147
240 148
229 152
223 154
221 155
295 156
297 157
299 158
338 161
336 163
337 164
275 170
274 173
267 175
265 176
271 179
272 180
264 182
254 184
252 185
273 186
231 188
230 189
331 195
328 196
289 198
287 199
330 200
304 201
329 205
320 206
302 208
301 209
327 210
334 212
332 213
345 216
343 217
344 218
324 220
308 222
306 223
376 226
363 227
374 228
354 230
352 231
361 234
341 238
339 239
360 241
359 242
362 243
351 245
350 247
348 249
346 250
367 251
366 253
364 254
375 255
371 259
370 261
355 262
369 263
357 264
377 266
372 267
391 268
389 270
388 271
390 273
386 274
399 276
385 278
384 279
412 280
414 287
403 290
402 291
404 292
380 294
378 295
433 297
432 299
431 300
434 301
429 302
428 309
417 310
426 311
423 314
425 316
422 317
427 318
415 319
424 320
411 325
393 326
407 328
405 329
401 331
397 334
383 337
381 338
382 339
396 341
394 342
392 343
442 344
452 345
446 348
448 353
437 356
436 358
435 359
421 362
418 363
420 364
471 366
456 370
454 371
444 373
445 375
440 376
449 377
447 378
443 380
438 381
410 383
408 384
478 392
476 393
472 395
464 399
465 400
466 401
468 403
463 405
461 407
459 408
470 409
450 410
467 411
469 412
451 413
501 414
503 415
505 417
488 420
487 421
486 422
490 425
489 426
474 429
475 431
458 433
457 434
485 435
530 438
514 442
524 443
513 444
529 445
480 450
481 451
479 452
538 456
535 460
520 462
519 463
537 466
533 467
534 468
531 469
536 470
523 472
521 473
544 474
492 478
491 479
495 483
493 484
494 485
484 487
482 488
500 492
497 494
496 495
499 496
498 497
516 499
518 501
526 503
512 505
510 507
511 509
509 510
539 511
558 513
542 515
541 516
546 519
548 520
552 523
550 524
549 525
587 526
592 533
586 534
567 535
591 539
584 541
589 542
585 544
564 547
569 548
568 549
588 550
562 552
560 553
590 554
563 558
556 561
555 562
554 563
557 564
545 565
595 567
579 571
578 574
575 576
573 577
576 578
570 579
572 580
626 590
608 593
606 594
597 595
625 598
623 599
624 600
196 603
214 607
209 610
207 611
208 612
205 613
194 614
216 616
213 619
211 621
202 622
210 623
215 626
193 627
212 629
191 631
188 633
187 635
185 636
217 637
204 638
201 641
199 642
171 646
174 656
178 659
184 663
183 664
177 665
189 666
181 667
169 668
180 670
168 671
175 672
163 678
140 680
139 681
144 683
143 685
141 686
145 687
161 688
148 690
147 691
172 692
154 701
152 702
164 703
166 704
156 705
155 707
138 710
136 711
135 713
134 714
151 717
149 718
160 719
158 720
162 721
133 729
131 730
128 733
125 735
120 736
127 737
116 742
115 743
112 746
105 748
103 749
86 753
84 754
83 760
80 762
71 764
69 765
82 766
35 772
15 773
56 774
53 785
51 786
61 787
60 791
7 792
59 796
18 797
57 799
54 801
37 802
41 804
32 805
46 808
44 809
10 811
8 812
34 813
58 815
43 816
45 819
20 820
23 823
4 825
3 826
22 828
19 829
11 831
24 834
17 836
13 837
27 838
25 841
0 842
2 843
26 844
21 845
5 846
14 847
79 848
100 856
77 857
92 859
90 860
95 864
48 866
40 868
38 869
88 870
94 871
65 874
75 876
63 877
72 878
76 879
78 881
74 882
31 886
28 887
30 888
50 889
102 891
98 894
96 895
68 897
66 898
117 899
119 900
121 901
132 902
129 903
123 906
122 907
109 911
108 912
106 913
111 914
170 915
200 916
197 917
622 918
599 920
593 921
620 924
628 925
631 927
630 929
629 930
602 934
600 935
583 937
582 938
632 939
634 940
645 941
641 942
637 944
636 945
614 950
617 951
639 954
609 955
616 957
613 959
604 960
611 961
605 962
643 963
0 1
1 2
2 3
3 4
4 5
5 6
6 7
7 8
8 9
9 10
10 11
11 12
12 13
13 14
14 15
15 16
16 17
17 18
18 19
19 20
20 21
21 22
22 23
23 24
24 25
25 26
26 27
27 28
28 29
29 30
30 31
31 32
32 33
33 34
34 35
35 36
36 37
37 38
38 39
39 40
40 41
41 42
42 43
43 44
44 45
45 46
46 47
47 48
48 49
49 50
49 51
51 52
51 53
53 54
53 55
48 56
56 57
56 58
58 59
58 60
60 61
60 62
62 63
62 64
47 65
65 66
66 67
67 68
68 69
68 70
70 71
70 72
72 73
72 74
67 75
75 76
75 77
77 78
78 79
78 80
77 81
81 82
81 83
66 84
84 85
85 86
86 87
86 88
85 89
84 90
65 91
91 92
91 93
46 94
94 95
95 96
95 97
97 98
98 99
98 100
97 101
101 102
102 103
102 104
101 105
94 106
45 107
107 108
108 109
108 110
110 111
110 112
112 113
112 114
107 115
44 116
116 117
117 118
118 119
119 120
120 121
120 122
119 123
123 124
124 125
124 126
123 127
127 128
127 129
118 130
130 131
131 132
131 133
133 134
134 135
135 136
136 137
137 138
137 139
136 140
140 141
140 142
135 143
134 144
133 145
145 146
145 147
130 148
117 149
149 150
150 151
151 152
151 153
153 154
153 155
150 156
149 157
116 158
43 159
159 160
160 161
160 162
162 163
162 164
159 165
165 166
166 167
167 168
168 169
169 170
169 171
171 172
172 173
172 174
174 175
174 176
171 177
177 178
178 179
178 180
177 181
181 182
181 183
183 184
183 185
168 186
167 187
187 188
187 189
166 190
190 191
191 192
192 193
193 194
194 195
194 196
193 197
197 198
197 199
192 200
191 201
190 202
202 203
203 204
204 205
204 206
203 207
207 208
207 209
202 210
165 211
211 212
211 213
42 214
214 215
215 216
215 217
214 218
41 219
219 220
219 221
221 222
221 223
40 224
224 225
225 226
225 227
224 228
39 229
229 230
229 231
38 232
232 233
233 234
233 235
235 236
236 237
237 238
237 239
236 240
240 241
240 242
235 243
232 244
244 245
244 246
246 247
246 248
248 249
248 250
37 251
36 252
252 253
252 254
35 255
34 256
256 257
257 258
258 259
258 260
260 261
260 262
257 263
256 264
33 265
265 266
265 267
32 268
31 269
269 270
269 271
30 272
272 273
272 274
29 275
275 276
275 277
277 278
277 279
28 280
27 281
281 282
282 283
283 284
284 285
285 286
286 287
286 288
288 289
289 290
289 291
288 292
285 293
293 294
293 295
284 296
296 297
296 298
298 299
298 300
283 301
282 302
281 303
303 304
304 305
305 306
306 307
307 308
308 309
308 310
307 311
306 312
312 313
313 314
313 315
315 316
315 317
312 318
305 319
304 320
303 321
321 322
322 323
323 324
324 325
324 326
323 327
327 328
327 329
322 330
330 331
330 332
332 333
333 334
333 335
335 336
336 337
336 338
335 339
332 340
340 341
340 342
321 343
26 344
25 345
24 346
346 347
347 348
347 349
349 350
350 351
351 352
352 353
352 354
354 355
355 356
355 357
357 358
357 359
354 360
360 361
361 362
361 363
360 364
351 365
365 366
365 367
367 368
368 369
369 370
369 371
368 372
372 373
372 374
374 375
374 376
367 377
350 378
349 379
379 380
379 381
346 382
382 383
382 384
23 385
385 386
386 387
387 388
388 389
389 390
390 391
391 392
391 393
390 394
394 395
394 396
396 397
397 398
398 399
398 400
397 401
396 402
402 403
402 404
404 405
404 406
406 407
406 408
389 409
388 410
387 411
386 412
385 413
22 414
21 415
20 416
416 417
416 418
418 419
419 420
419 421
418 422
19 423
423 424
424 425
424 426
423 427
427 428
428 429
428 430
430 431
430 432
432 433
432 434
427 435
18 436
436 437
437 438
437 439
439 440
440 441
441 442
441 443
440 444
439 445
436 446
446 447
447 448
448 449
449 450
449 451
448 452
447 453
453 454
454 455
455 456
455 457
457 458
458 459
459 460
459 461
461 462
461 463
458 464
464 465
465 466
465 467
464 468
457 469
454 470
453 471
471 472
471 473
446 474
17 475
475 476
476 477
477 478
477 479
476 480
480 481
481 482
482 483
482 484
481 485
480 486
486 487
486 488
475 489
489 490
490 491
491 492
491 493
493 494
493 495
490 496
489 497
16 498
498 499
498 500
500 501
500 502
502 503
502 504
504 505
504 506
506 507
506 508
508 509
508 510
15 511
14 512
512 513
512 514
514 515
514 516
13 517
517 518
518 519
518 520
517 521
521 522
522 523
522 524
521 525
12 526
11 527
527 528
528 529
529 530
530 531
531 532
532 533
532 534
531 535
530 536
536 537
537 538
538 539
538 540
540 541
540 542
537 543
543 544
543 545
545 546
546 547
546 548
545 549
536 550
529 551
551 552
551 553
528 554
527 555
555 556
556 557
557 558
557 559
559 560
560 561
560 562
559 563
556 564
555 565
10 566
566 567
566 568
568 569
569 570
570 571
570 572
572 573
573 574
573 575
575 576
575 577
572 578
569 579
568 580
9 581
581 582
582 583
583 584
584 585
585 586
586 587
587 588
588 589
589 590
589 591
591 592
592 593
592 594
591 595
588 596
596 597
597 598
597 599
596 600
587 601
601 602
602 603
602 604
604 605
605 606
606 607
606 608
608 609
609 610
609 611
608 612
605 613
604 614
601 615
615 616
615 617
617 618
618 619
618 620
620 621
620 622
617 623
586 624
624 625
625 626
625 627
624 628
628 629
628 630
630 631
630 632
632 633
632 634
634 635
634 636
585 637
584 638
583 639
639 640
640 641
640 642
639 643
643 644
644 645
645 646
645 647
647 648
648 649
649 650
650 651
651 652
652 653
653 654
654 655
655 656
655 657
657 658
658 659
658 660
660 661
661 662
662 663
662 664
661 665
660 666
657 667
654 668
653 669
669 670
669 671
652 672
651 673
673 674
674 675
675 676
676 677
677 678
677 679
679 680
679 681
676 682
682 683
682 684
684 685
684 686
675 687
674 688
673 689
689 690
689 691
650 692
649 693
693 694
694 695
695 696
696 697
697 698
698 699
699 700
700 701
700 702
699 703
698 704
697 705
696 706
706 707
706 708
708 709
709 710
709 711
708 712
712 713
712 714
695 715
715 716
716 717
716 718
715 719
694 720
693 721
648 722
722 723
723 724
724 725
725 726
726 727
727 728
728 729
728 730
727 731
731 732
732 733
732 734
734 735
734 736
731 737
726 738
738 739
739 740
740 741
741 742
741 743
740 744
744 745
745 746
745 747
747 748
747 749
744 750
750 751
751 752
752 753
752 754
751 755
755 756
756 757
757 758
758 759
759 760
759 761
761 762
761 763
763 764
763 765
758 766
757 767
767 768
768 769
769 770
770 771
771 772
771 773
770 774
769 775
775 776
776 777
777 778
778 779
779 780
780 781
781 782
782 783
783 784
784 785
784 786
783 787
782 788
788 789
789 790
790 791
790 792
789 793
793 794
794 795
795 796
795 797
794 798
798 799
798 800
800 801
800 802
793 803
803 804
803 805
788 806
806 807
807 808
807 809
806 810
810 811
810 812
781 813
780 814
814 815
814 816
779 817
817 818
818 819
818 820
817 821
821 822
822 823
822 824
824 825
824 826
821 827
827 828
827 829
778 830
830 831
830 832
832 833
833 834
833 835
835 836
835 837
832 838
777 839
839 840
840 841
840 842
839 843
776 844
775 845
768 846
767 847
756 848
755 849
849 850
850 851
851 852
852 853
853 854
854 855
855 856
855 857
854 858
858 859
858 860
853 861
861 862
862 863
863 864
863 865
865 866
865 867
867 868
867 869
862 870
861 871
852 872
872 873
873 874
873 875
875 876
875 877
872 878
851 879
850 880
880 881
880 882
849 883
883 884
884 885
885 886
885 887
884 888
883 889
750 890
890 891
890 892
892 893
893 894
893 895
892 896
896 897
896 898
739 899
738 900
725 901
724 902
723 903
722 904
904 905
905 906
905 907
904 908
908 909
909 910
910 911
910 912
909 913
908 914
647 915
644 916
643 917
582 918
581 919
919 920
919 921
8 922
922 923
923 924
923 925
922 926
926 927
926 928
928 929
928 930
7 931
931 932
932 933
933 934
933 935
932 936
936 937
936 938
931 939
6 940
5 941
4 942
3 943
943 944
943 945
2 946
946 947
947 948
948 949
949 950
949 951
948 952
952 953
953 954
953 955
952 956
956 957
956 958
958 959
958 960
947 961
946 962
1 963
