482
482
482
0 0
2 1
3 2
4 3
5 4
7 5
8 6
10 7
11 8
13 9
14 10
15 11
17 12
18 13
20 14
19 15
21 16
22 17
23 18
24 19
25 20
26 21
27 22
28 23
30 24
31 25
32 26
34 27
35 28
37 29
38 30
40 31
41 32
43 33
44 34
45 35
46 36
48 37
50 38
51 39
53 40
54 41
56 42
57 43
58 44
59 45
60 46
61 47
63 48
65 49
66 50
68 51
69 52
71 53
72 54
74 55
75 56
76 57
77 58
78 59
79 60
80 61
82 62
83 63
84 64
86 65
88 66
90 67
92 68
94 69
95 70
96 71
98 72
100 73
102 74
103 75
105 76
106 77
108 78
109 79
111 80
112 81
115 82
116 83
117 84
119 85
120 86
121 87
122 88
123 89
125 90
127 91
128 92
129 93
131 94
132 95
133 96
134 97
135 98
136 99
138 100
139 101
140 102
141 103
143 104
144 105
145 106
147 107
148 108
149 109
151 110
152 111
154 112
155 113
156 114
158 115
160 116
161 117
162 118
163 119
164 120
166 121
168 122
169 123
170 124
171 125
172 126
174 127
175 128
177 129
178 130
180 131
181 132
183 133
184 134
185 135
187 136
188 137
189 138
191 139
193 140
194 141
196 142
197 143
199 144
200 145
201 146
202 147
204 148
205 149
207 150
208 151
209 152
210 153
211 154
212 155
213 156
214 157
215 158
216 159
217 160
218 161
220 162
221 163
223 164
224 165
226 166
227 167
228 168
229 169
230 170
231 171
232 172
234 173
236 174
237 175
239 176
240 177
241 178
242 179
244 180
245 181
247 182
248 183
249 184
251 185
252 186
254 187
255 188
257 189
259 190
260 191
262 192
264 193
265 194
267 195
268 196
270 197
272 198
271 199
273 200
274 201
275 202
276 203
278 204
279 205
280 206
282 207
283 208
284 209
286 210
287 211
289 212
290 213
292 214
293 215
295 216
296 217
297 218
298 219
299 220
300 221
301 222
302 223
304 224
306 225
308 226
310 227
311 228
312 229
313 230
314 231
315 232
316 233
317 234
318 235
319 236
320 237
323 238
324 239
327 240
329 241
330 242
328 243
331 244
332 245
334 246
337 247
336 248
338 249
339 250
341 251
343 252
344 253
345 254
346 255
348 256
350 257
351 258
352 259
354 260
355 261
357 262
359 263
360 264
362 265
361 266
363 267
364 268
366 269
367 270
369 271
370 272
371 273
372 274
374 275
375 276
376 277
377 278
378 279
380 280
381 281
382 282
383 283
384 284
385 285
386 286
388 287
389 288
390 289
391 290
392 291
393 292
394 293
396 294
397 295
399 296
401 297
402 298
404 299
403 300
405 301
407 302
408 303
410 304
411 305
412 306
414 307
415 308
417 309
418 310
420 311
421 312
422 313
424 314
425 315
426 316
427 317
423 318
428 319
429 320
431 321
432 322
433 323
434 324
435 325
436 326
437 327
438 328
440 329
442 330
443 331
445 332
446 333
447 334
444 335
448 336
449 337
450 338
451 339
452 340
454 341
456 342
457 343
458 344
459 345
461 346
463 347
465 348
466 349
467 350
468 351
469 352
470 353
464 354
471 355
472 356
474 357
475 358
476 359
478 360
479 361
481 362
480 363
482 364
484 365
485 366
486 367
487 368
488 369
489 370
490 371
491 372
492 373
493 374
494 375
495 376
496 377
498 378
499 379
497 380
500 381
501 382
503 383
505 384
509 385
511 386
510 387
512 388
513 389
514 390
516 391
518 392
519 393
520 394
521 395
523 396
524 397
526 398
529 399
530 400
531 401
533 402
534 403
535 404
536 405
537 406
538 407
539 408
541 409
542 410
544 411
545 412
546 413
548 414
549 415
550 416
552 417
554 418
555 419
556 420
557 421
558 422
560 423
562 424
563 425
564 426
567 427
568 428
569 429
570 430
572 431
573 432
575 433
576 434
578 435
579 436
582 437
583 438
585 439
586 440
587 441
588 442
589 443
590 444
584 445
591 446
592 447
593 448
595 449
597 450
599 451
600 452
602 453
604 454
605 455
606 456
608 457
609 458
611 459
613 460
614 461
616 462
617 463
620 464
622 465
623 466
624 467
625 468
626 469
628 470
629 471
630 472
631 473
632 474
634 475
636 476
637 477
639 478
641 479
643 480
645 481
482 454
454 455
454 460
454 477
477 476
454 462
454 478
478 458
458 459
482 480
462 461
461 463
477 479
477 481
477 437
437 452
452 453
437 438
437 471
471 473
471 464
471 470
471 472
471 153
153 159
153 142
153 147
153 149
153 154
153 156
153 160
153 466
153 467
142 141
149 151
149 152
149 157
153 140
153 456
456 457
456 450
149 468
153 136
136 135
136 139
153 155
153 158
136 137
149 144
149 150
153 465
153 469
153 145
145 122
122 131
122 106
106 99
99 98
106 119
119 102
102 101
98 114
99 113
106 107
106 108
122 132
122 138
99 115
106 103
103 104
103 105
106 134
122 125
122 127
122 130
99 100
99 116
114 121
122 123
122 124
122 128
138 133
99 118
106 126
106 129
116 109
109 110
99 117
114 112
153 451
98 97
99 111
106 93
93 96
96 86
86 90
86 92
96 94
86 84
84 83
83 82
86 87
147 148
151 143
464 445
445 443
445 429
445 447
445 440
429 426
429 427
445 412
412 418
418 421
418 425
418 419
445 439
418 403
403 394
394 393
403 402
403 395
403 406
403 407
394 404
403 401
418 420
426 413
413 414
413 415
426 423
423 424
445 442
445 446
395 396
402 405
413 409
409 410
429 428
413 380
380 377
380 378
380 372
372 373
380 374
374 376
380 379
380 381
374 365
365 364
374 375
374 398
398 392
398 385
385 387
387 386
387 388
373 368
368 369
368 367
368 383
383 382
382 354
354 338
354 335
335 329
335 332
354 347
354 348
354 351
354 353
354 356
354 359
335 326
326 325
326 327
335 330
330 318
318 305
305 292
305 301
318 308
318 313
318 317
318 319
301 302
305 295
295 282
282 281
282 283
295 294
295 297
318 306
306 284
284 296
284 286
286 289
318 314
318 315
318 316
335 342
354 349
354 352
284 285
286 278
278 266
266 270
266 263
263 264
266 267
266 259
270 262
262 261
261 272
262 271
271 273
259 260
266 258
266 275
278 290
292 291
335 310
310 312
335 333
335 334
335 337
338 339
347 345
345 346
354 360
266 239
266 248
248 247
248 243
243 199
199 198
199 194
199 200
199 202
243 240
243 242
243 244
194 171
171 170
194 195
199 187
199 193
199 224
240 222
222 223
240 241
243 211
248 249
187 186
248 253
222 237
243 212
243 245
247 236
236 191
191 190
190 228
228 230
230 172
172 162
162 161
190 167
167 165
167 168
190 196
196 197
190 204
204 205
190 209
190 231
190 233
190 234
190 238
204 214
233 227
248 254
266 265
266 268
266 276
278 274
286 287
294 293
308 309
310 311
329 328
335 336
335 341
354 350
167 166
171 219
219 184
184 185
219 215
219 221
219 169
169 164
219 176
176 178
176 181
176 192
176 182
176 189
176 188
181 183
164 163
190 207
191 213
194 201
207 174
207 206
209 210
243 246
248 252
266 225
225 226
266 256
266 269
318 324
324 321
321 322
321 300
300 298
300 299
300 307
321 323
324 320
169 216
181 220
190 235
219 218
231 203
203 179
266 251
286 288
300 280
335 331
335 355
176 175
190 229
221 217
266 257
368 371
371 366
371 370
366 358
358 343
343 344
358 357
368 384
398 391
418 363
363 362
363 361
445 444
84 85
86 91
176 177
179 180
233 232
251 250
347 340
412 411
413 417
451 448
83 81
98 120
174 173
207 208
280 279
417 416
81 76
76 75
99 88
88 89
88 77
77 79
79 78
310 303
398 408
409 422
79 80
145 146
267 277
413 441
81 64
64 73
73 54
54 57
54 49
54 55
54 38
38 25
25 23
25 24
73 58
73 66
73 68
49 56
54 59
73 63
63 52
52 53
63 15
15 2
15 14
15 0
15 8
15 18
0 1
0 20
15 5
15 11
11 13
15 16
15 43
15 44
15 46
0 27
0 42
2 3
8 10
14 32
14 35
15 19
15 21
15 22
0 26
8 9
11 28
14 33
14 34
15 47
15 4
15 36
15 17
15 40
15 45
44 41
9 12
13 29
15 6
6 7
15 39
49 48
52 61
73 60
73 69
54 37
37 30
30 31
54 50
50 51
63 62
68 72
72 71
66 70
73 67
73 74
64 65
303 304
427 399
399 389
389 390
389 397
399 400
471 474
256 255
93 95
437 449
445 431
431 435
435 436
435 432
432 433
435 430
430 434
471 475
