482
646
646
344 241
0 366
346 518
341 492
343 444
348 392
606 440
298 591
299 204
296 403
297 583
295 215
292 489
293 46
290 461
591 475
590 474
593 200
592 295
199 562
597 262
599 491
194 530
197 397
196 128
191 228
193 556
270 252
271 623
272 296
273 616
274 481
275 276
276 40
278 550
279 149
524 208
526 548
520 374
521 311
523 80
529 337
449 361
448 108
443 13
442 50
440 452
447 106
446 230
445 472
444 284
108 2
109 111
102 414
103 217
100 257
106 350
105 437
38 301
32 271
31 393
30 606
37 141
35 109
34 8
641 189
643 25
645 516
438 244
436 251
437 48
434 180
435 378
432 28
433 465
431 272
339 602
338 524
334 21
337 595
336 82
331 23
330 88
332 639
345 220
98 631
90 270
92 170
95 144
94 637
96 152
600 459
558 323
555 293
554 287
557 384
556 632
550 136
552 30
239 327
234 348
236 554
237 79
230 314
231 537
232 575
614 599
147 265
144 330
145 593
143 229
140 380
141 636
613 334
611 357
616 34
617 494
148 578
149 121
623 90
622 123
133 134
132 442
131 234
498 519
136 359
135 490
134 630
494 404
495 122
139 297
138 268
490 127
491 181
492 224
493 279
24 102
25 390
26 194
27 446
20 579
21 140
22 72
23 423
28 172
407 466
405 569
404 214
403 5
402 498
401 544
629 22
408 394
378 31
371 568
370 92
372 346
375 450
374 417
377 196
376 98
393 435
392 20
88 344
390 432
397 328
396 19
394 76
82 385
83 643
399 207
86 199
84 158
7 625
586 454
587 592
584 445
585 320
582 510
583 563
588 69
589 163
245 336
244 53
247 351
241 364
240 560
242 488
249 355
248 218
519 478
518 338
511 71
510 319
513 388
512 411
514 501
516 500
458 3
459 282
620 457
626 63
625 139
624 546
450 425
451 184
452 332
628 77
454 381
456 587
457 187
178 605
177 154
595 211
175 375
174 370
172 75
171 634
170 520
183 505
180 37
181 59
187 343
184 304
185 529
188 367
189 166
11 493
10 584
13 363
15 614
14 352
17 484
19 456
18 315
323 576
320 129
327 396
324 138
328 15
329 227
201 289
200 611
202 480
205 267
204 339
207 232
209 94
208 10
77 131
76 513
75 193
74 487
72 620
71 160
79 248
78 407
2 177
542 57
541 54
546 116
544 125
545 468
8 451
548 202
549 156
120 255
121 188
122 514
123 68
125 169
127 115
128 147
129 421
414 290
415 354
417 558
410 436
411 231
412 399
418 408
499 590
319 609
318 209
313 431
312 438
311 539
310 66
317 420
316 427
315 143
314 308
496 24
497 221
3 405
369 292
366 84
367 318
364 391
362 495
363 58
360 376
361 586
380 424
381 433
382 161
383 324
384 589
385 533
386 313
388 645
389 247
605 205
579 331
578 629
573 103
572 624
570 78
576 582
575 329
60 476
61 626
259 471
65 608
66 382
252 310
69 557
251 275
257 345
254 485
255 7
602 467
509 469
505 74
503 617
500 463
501 429
630 542
631 447
632 197
469 299
468 175
636 499
637 38
465 0
464 573
467 18
466 317
461 549
463 278
168 567
169 14
164 27
166 112
160 386
161 509
162 283
163 155
357 236
355 260
354 178
352 448
351 300
350 555
359 523
216 105
217 135
214 95
215 426
212 145
213 503
210 552
211 604
218 43
289 622
4 60
280 191
283 422
282 588
284 216
287 434
286 45
262 372
260 316
267 412
265 117
264 613
268 298
59 389
58 443
54 402
57 564
56 171
51 458
50 360
53 538
537 183
536 162
535 274
63 237
533 86
531 531
530 286
539 415
538 341
115 541
68 585
117 511
116 223
111 151
112 534
119 11
429 168
428 369
534 521
421 17
420 486
423 210
422 572
425 249
424 41
427 61
426 280
308 428
300 164
301 497
302 148
304 401
306 362
568 496
569 26
560 526
562 377
563 100
564 201
567 254
229 628
228 185
227 245
226 259
224 44
223 482
221 371
220 242
391 418
151 119
604 213
152 306
155 383
154 464
156 410
158 174
609 32
608 239
634 470
80 65
48 56
46 264
44 570
45 51
43 273
40 96
41 600
5 449
639 133
489 302
488 226
487 212
486 597
485 83
484 545
482 536
481 120
480 35
472 132
470 479
471 641
476 312
474 240
475 535
478 512
479 4
342 344
1 0
347 346
349 347
358 340
340 341
361 342
342 343
347 348
361 349
594 595
607 606
598 594
627 619
294 298
294 299
294 296
294 297
342 294
294 295
291 292
294 293
291 290
305 291
584 591
584 590
594 593
584 592
198 199
206 198
598 597
619 596
210 195
195 194
198 197
195 196
192 191
198 190
192 193
210 192
269 270
303 271
271 272
271 273
271 274
271 275
277 276
309 277
305 278
278 279
525 524
528 525
527 526
540 527
532 520
522 521
532 522
522 523
598 599
584 528
528 529
444 449
444 448
444 443
464 442
442 441
439 440
444 447
444 446
444 445
455 444
107 108
107 109
101 102
104 103
99 100
113 101
107 106
110 107
114 104
104 105
48 39
39 38
55 33
33 32
29 31
29 30
36 37
55 36
36 35
33 34
642 641
644 640
644 643
644 642
644 645
646 644
439 438
444 439
444 436
436 437
430 434
436 435
430 432
430 433
453 430
430 431
340 339
336 338
336 335
333 334
336 337
342 336
328 331
328 330
335 333
333 332
342 345
19 6
101 99
97 98
99 91
91 90
99 93
91 92
93 95
93 94
101 97
97 96
565 559
559 558
554 555
563 554
554 557
554 556
584 551
551 550
565 553
551 552
261 238
238 239
235 234
281 235
235 236
238 237
231 230
271 231
233 232
258 233
19 1
615 614
157 146
146 147
142 144
146 145
163 142
142 143
163 140
142 141
638 612
612 613
638 610
610 611
615 616
618 617
146 148
150 149
621 623
621 622
130 133
130 132
130 131
159 130
153 137
137 136
137 135
135 134
493 494
493 495
140 139
137 138
507 490
497 491
491 492
506 493
19 24
19 25
19 26
19 27
19 20
19 21
19 22
19 23
29 28
49 29
406 407
411 406
406 405
403 404
413 403
403 402
400 401
411 400
633 629
419 409
409 408
627 628
403 379
379 378
368 371
368 370
387 373
373 372
373 375
373 374
373 377
373 376
638 618
411 393
393 392
87 88
99 89
400 397
395 396
400 395
395 394
81 82
81 83
81 80
89 81
85 86
93 87
85 84
101 85
6 7
603 601
621 607
584 586
584 587
596 584
584 585
603 582
582 583
581 580
596 581
584 588
584 589
246 245
243 244
246 247
261 246
238 241
238 240
277 243
243 242
618 615
250 249
246 248
520 519
517 518
510 511
540 510
525 513
510 512
527 515
513 514
527 517
517 516
457 458
460 459
629 621
619 620
629 627
621 626
621 625
621 624
464 450
450 451
453 452
462 453
455 454
464 455
455 456
473 457
190 179
179 178
176 177
179 176
176 175
173 174
179 173
173 172
168 171
168 170
263 253
190 182
182 183
179 180
179 181
210 186
186 187
182 184
186 185
186 188
190 189
12 11
9 10
12 13
19 12
16 15
12 14
16 17
55 16
55 19
16 18
89 62
342 322
322 323
321 320
326 321
328 326
326 327
325 324
361 325
335 328
328 329
198 201
198 200
210 203
203 202
206 205
203 204
206 207
210 206
206 209
206 208
73 77
73 76
73 75
73 74
99 73
73 72
70 71
81 70
73 79
73 78
1 2
541 542
554 543
553 540
559 541
547 546
553 547
545 544
554 545
9 8
547 548
547 549
67 68
607 598
126 120
120 121
124 122
124 123
210 124
126 125
130 126
126 127
126 128
130 129
413 414
416 415
423 416
416 417
409 410
423 411
441 412
430 413
497 498
419 418
444 419
497 499
309 319
309 318
309 313
309 312
309 311
309 310
309 317
309 316
309 315
309 314
497 496
506 497
19 3
373 368
368 369
365 366
365 367
365 364
373 365
361 362
361 363
358 360
365 361
379 380
382 381
397 382
382 383
398 384
384 385
387 386
398 387
387 388
387 389
604 605
580 579
577 578
612 604
574 573
571 572
577 571
571 570
581 577
577 576
574 575
580 574
55 60
55 61
309 258
258 259
73 64
64 65
67 66
97 67
253 252
70 69
294 250
250 251
261 256
256 257
253 254
256 255
633 603
601 602
515 508
510 509
515 506
508 507
508 504
504 505
507 502
502 503
497 500
502 501
629 630
629 631
633 632
635 633
464 469
464 468
637 636
640 637
464 465
477 464
464 467
464 466
460 461
462 460
462 463
464 462
179 168
168 169
165 164
167 165
165 166
190 167
159 160
159 161
159 162
182 163
601 600
47 9
356 357
368 356
356 355
353 354
361 353
353 352
349 351
349 350
358 359
361 358
210 216
210 217
210 214
210 215
210 212
210 213
621 210
210 211
219 218
233 219
288 289
328 288
3 4
309 281
281 280
281 283
281 282
309 285
285 284
288 287
285 286
271 263
261 262
294 261
258 260
266 267
271 266
266 265
263 264
309 269
269 268
55 59
55 58
62 55
55 54
55 57
55 56
52 51
49 50
52 53
62 52
532 537
532 536
532 535
64 63
532 533
543 532
532 531
528 530
540 539
532 538
114 115
118 114
118 117
114 116
110 111
122 110
114 113
113 112
118 119
130 118
430 429
423 428
532 534
419 421
419 420
441 423
423 422
423 425
423 424
423 427
423 426
307 308
322 309
294 300
321 301
301 302
328 303
303 304
309 305
307 306
325 307
566 568
566 569
561 560
565 561
561 562
584 563
565 564
566 565
584 566
566 567
294 229
225 228
225 227
225 226
309 225
225 224
222 223
229 222
222 221
219 220
387 391
387 390
150 151
157 150
159 153
153 152
153 155
153 154
159 157
153 156
167 159
157 158
610 609
607 608
635 634
398 399
642 635
412 398
87 48
73 49
47 46
55 47
42 44
42 45
55 42
42 43
39 40
42 41
640 638
6 5
638 639
490 489
487 488
504 487
487 486
490 485
483 484
493 483
483 482
480 481
543 480
464 472
485 473
464 470
464 471
477 476
507 477
473 474
473 475
477 478
480 479
