482
646
646
344 584
0 103
346 324
341 300
343 204
348 216
606 429
298 614
299 405
296 628
297 371
295 595
292 600
293 466
290 102
591 442
590 447
593 366
592 501
199 636
597 267
599 418
194 178
197 568
196 111
191 332
193 533
270 505
271 296
272 63
273 585
274 35
275 156
276 456
278 472
279 8
524 485
526 268
520 169
521 158
523 224
529 487
449 378
448 240
443 450
442 372
440 11
447 211
446 254
445 438
444 199
108 286
109 388
102 147
103 529
100 492
106 230
105 51
38 554
32 622
31 212
30 645
37 200
35 476
34 46
641 282
643 65
645 531
438 512
436 79
437 229
434 626
435 475
432 511
433 469
431 7
339 329
338 586
334 489
337 82
336 488
331 171
330 57
332 151
345 181
98 385
90 459
92 337
95 599
94 154
96 629
600 452
558 37
555 605
554 32
557 602
556 249
550 510
552 417
239 174
234 59
236 550
237 262
230 572
231 391
232 535
614 61
147 78
144 201
145 227
143 401
140 393
141 95
613 231
611 587
616 513
617 226
148 320
149 30
623 141
622 272
133 516
132 330
131 170
498 284
136 631
135 404
134 637
494 463
495 237
139 72
138 634
490 632
491 357
492 221
493 558
24 411
25 423
26 624
27 117
20 152
21 105
22 0
23 509
28 443
407 440
405 2
404 458
403 80
402 449
401 639
629 491
408 160
378 465
371 534
370 139
372 44
375 295
374 34
377 155
376 133
393 50
392 22
88 500
390 313
397 14
396 426
394 193
82 278
83 13
399 408
86 308
84 209
7 45
586 168
587 616
584 362
585 394
582 21
583 611
588 451
589 562
245 71
244 289
247 344
241 569
240 578
242 48
249 331
248 163
519 68
518 92
511 20
510 304
513 236
512 287
514 604
516 5
458 116
459 310
620 323
626 479
625 194
624 625
450 593
451 120
452 537
628 184
454 25
456 177
457 431
178 539
177 407
595 496
175 530
174 259
172 518
171 290
170 31
183 19
180 293
181 608
187 244
184 424
185 384
188 367
189 548
11 470
10 339
13 23
15 396
14 546
17 579
19 478
18 86
323 144
320 435
327 523
324 17
328 560
329 481
201 556
200 276
202 369
205 597
204 445
207 232
209 297
208 40
77 389
76 499
75 536
74 497
72 341
71 119
79 338
78 444
2 136
542 311
541 127
546 196
544 427
545 348
8 270
548 191
549 149
120 327
121 275
122 302
123 41
125 641
127 140
128 542
129 318
414 480
415 434
417 494
410 185
411 351
412 3
418 541
499 228
319 27
318 10
313 188
312 214
311 164
310 109
317 122
316 56
315 520
314 248
496 623
497 264
3 370
369 135
366 251
367 630
364 121
362 210
363 613
360 175
361 77
380 376
381 314
382 490
383 334
384 567
385 576
386 180
388 299
389 242
605 83
579 524
578 402
573 298
572 467
570 106
576 76
575 145
60 412
61 69
259 493
65 471
66 377
252 53
69 521
251 131
257 361
254 354
255 74
602 364
509 187
505 217
503 383
500 18
501 495
630 392
631 317
632 328
469 552
468 132
636 591
637 343
465 519
464 336
467 433
466 274
461 239
463 162
168 26
169 218
164 143
166 60
160 390
161 410
162 454
163 498
357 461
355 301
354 172
352 98
351 245
350 252
359 43
216 575
217 374
214 15
215 403
212 115
213 255
210 125
211 213
218 557
289 90
4 414
280 482
283 457
282 564
284 58
287 273
286 161
262 241
260 96
267 312
265 428
264 549
268 128
59 359
58 606
54 486
57 197
56 257
51 617
50 108
53 345
537 588
536 592
535 514
63 382
533 446
531 315
530 380
539 207
538 355
115 432
68 166
117 420
116 570
111 415
112 468
119 422
429 220
428 129
534 437
421 94
420 563
423 544
422 436
425 100
424 316
427 474
426 573
308 271
300 202
301 205
302 484
304 134
306 583
568 375
569 208
560 620
562 215
563 112
564 397
567 38
229 283
228 555
227 526
226 589
224 223
223 189
221 234
220 464
391 292
151 319
604 538
152 386
155 306
154 28
156 352
158 448
609 503
608 88
634 399
80 247
48 346
46 545
44 360
45 582
43 643
40 54
41 138
5 280
639 609
489 24
488 183
487 425
486 66
485 84
484 590
482 4
481 75
480 381
472 421
470 363
471 123
476 260
474 265
475 148
478 279
479 350
342 344
1 0
347 346
349 347
358 340
340 341
361 342
342 343
347 348
361 349
594 595
607 606
598 594
627 619
294 298
294 299
294 296
294 297
342 294
294 295
291 292
294 293
291 290
305 291
584 591
584 590
594 593
584 592
198 199
206 198
598 597
619 596
210 195
195 194
198 197
195 196
192 191
198 190
192 193
210 192
269 270
303 271
271 272
271 273
271 274
271 275
277 276
309 277
305 278
278 279
525 524
528 525
527 526
540 527
532 520
522 521
532 522
522 523
598 599
584 528
528 529
444 449
444 448
444 443
464 442
442 441
439 440
444 447
444 446
444 445
455 444
107 108
107 109
101 102
104 103
99 100
113 101
107 106
110 107
114 104
104 105
48 39
39 38
55 33
33 32
29 31
29 30
36 37
55 36
36 35
33 34
642 641
644 640
644 643
644 642
644 645
646 644
439 438
444 439
444 436
436 437
430 434
436 435
430 432
430 433
453 430
430 431
340 339
336 338
336 335
333 334
336 337
342 336
328 331
328 330
335 333
333 332
342 345
19 6
101 99
97 98
99 91
91 90
99 93
91 92
93 95
93 94
101 97
97 96
565 559
559 558
554 555
563 554
554 557
554 556
584 551
551 550
565 553
551 552
261 238
238 239
235 234
281 235
235 236
238 237
231 230
271 231
233 232
258 233
19 1
615 614
157 146
146 147
142 144
146 145
163 142
142 143
163 140
142 141
638 612
612 613
638 610
610 611
615 616
618 617
146 148
150 149
621 623
621 622
130 133
130 132
130 131
159 130
153 137
137 136
137 135
135 134
493 494
493 495
140 139
137 138
507 490
497 491
491 492
506 493
19 24
19 25
19 26
19 27
19 20
19 21
19 22
19 23
29 28
49 29
406 407
411 406
406 405
403 404
413 403
403 402
400 401
411 400
633 629
419 409
409 408
627 628
403 379
379 378
368 371
368 370
387 373
373 372
373 375
373 374
373 377
373 376
638 618
411 393
393 392
87 88
99 89
400 397
395 396
400 395
395 394
81 82
81 83
81 80
89 81
85 86
93 87
85 84
101 85
6 7
603 601
621 607
584 586
584 587
596 584
584 585
603 582
582 583
581 580
596 581
584 588
584 589
246 245
243 244
246 247
261 246
238 241
238 240
277 243
243 242
618 615
250 249
246 248
520 519
517 518
510 511
540 510
525 513
510 512
527 515
513 514
527 517
517 516
457 458
460 459
629 621
619 620
629 627
621 626
621 625
621 624
464 450
450 451
453 452
462 453
455 454
464 455
455 456
473 457
190 179
179 178
176 177
179 176
176 175
173 174
179 173
173 172
168 171
168 170
263 253
190 182
182 183
179 180
179 181
210 186
186 187
182 184
186 185
186 188
190 189
12 11
9 10
12 13
19 12
16 15
12 14
16 17
55 16
55 19
16 18
89 62
342 322
322 323
321 320
326 321
328 326
326 327
325 324
361 325
335 328
328 329
198 201
198 200
210 203
203 202
206 205
203 204
206 207
210 206
206 209
206 208
73 77
73 76
73 75
73 74
99 73
73 72
70 71
81 70
73 79
73 78
1 2
541 542
554 543
553 540
559 541
547 546
553 547
545 544
554 545
9 8
547 548
547 549
67 68
607 598
126 120
120 121
124 122
124 123
210 124
126 125
130 126
126 127
126 128
130 129
413 414
416 415
423 416
416 417
409 410
423 411
441 412
430 413
497 498
419 418
444 419
497 499
309 319
309 318
309 313
309 312
309 311
309 310
309 317
309 316
309 315
309 314
497 496
506 497
19 3
373 368
368 369
365 366
365 367
365 364
373 365
361 362
361 363
358 360
365 361
379 380
382 381
397 382
382 383
398 384
384 385
387 386
398 387
387 388
387 389
604 605
580 579
577 578
612 604
574 573
571 572
577 571
571 570
581 577
577 576
574 575
580 574
55 60
55 61
309 258
258 259
73 64
64 65
67 66
97 67
253 252
70 69
294 250
250 251
261 256
256 257
253 254
256 255
633 603
601 602
515 508
510 509
515 506
508 507
508 504
504 505
507 502
502 503
497 500
502 501
629 630
629 631
633 632
635 633
464 469
464 468
637 636
640 637
464 465
477 464
464 467
464 466
460 461
462 460
462 463
464 462
179 168
168 169
165 164
167 165
165 166
190 167
159 160
159 161
159 162
182 163
601 600
47 9
356 357
368 356
356 355
353 354
361 353
353 352
349 351
349 350
358 359
361 358
210 216
210 217
210 214
210 215
210 212
210 213
621 210
210 211
219 218
233 219
288 289
328 288
3 4
309 281
281 280
281 283
281 282
309 285
285 284
288 287
285 286
271 263
261 262
294 261
258 260
266 267
271 266
266 265
263 264
309 269
269 268
55 59
55 58
62 55
55 54
55 57
55 56
52 51
49 50
52 53
62 52
532 537
532 536
532 535
64 63
532 533
543 532
532 531
528 530
540 539
532 538
114 115
118 114
118 117
114 116
110 111
122 110
114 113
113 112
118 119
130 118
430 429
423 428
532 534
419 421
419 420
441 423
423 422
423 425
423 424
423 427
423 426
307 308
322 309
294 300
321 301
301 302
328 303
303 304
309 305
307 306
325 307
566 568
566 569
561 560
565 561
561 562
584 563
565 564
566 565
584 566
566 567
294 229
225 228
225 227
225 226
309 225
225 224
222 223
229 222
222 221
219 220
387 391
387 390
150 151
157 150
159 153
153 152
153 155
153 154
159 157
153 156
167 159
157 158
610 609
607 608
635 634
398 399
642 635
412 398
87 48
73 49
47 46
55 47
42 44
42 45
55 42
42 43
39 40
42 41
640 638
6 5
638 639
490 489
487 488
504 487
487 486
490 485
483 484
493 483
483 482
480 481
543 480
464 472
485 473
464 470
464 471
477 476
507 477
473 474
473 475
477 478
480 479
