482
963
0
643 2
613 6
604 7
639 10
609 13
611 14
617 16
616 18
614 19
605 20
636 23
637 24
641 26
645 28
634 30
632 32
583 36
582 37
602 39
600 40
631 43
629 45
628 48
585 51
584 56
586 59
567 62
590 63
592 64
589 65
588 68
544 70
545 72
555 75
556 76
554 78
563 80
557 82
479 85
481 87
480 88
536 92
533 93
521 97
523 98
537 100
538 101
519 105
520 106
535 107
534 108
531 109
587 114
529 118
524 120
513 122
514 123
530 124
509 128
511 130
510 131
512 132
539 134
516 137
526 139
518 140
500 144
496 146
499 149
498 150
497 151
495 154
493 156
494 158
482 160
484 161
491 163
492 164
474 170
475 172
457 174
458 175
485 176
490 177
489 178
505 181
503 183
501 185
478 188
476 189
461 196
459 197
463 199
452 200
466 201
471 204
435 209
437 211
436 212
448 214
408 217
410 218
421 220
418 222
420 223
443 227
438 229
440 230
446 232
449 233
445 236
447 237
444 238
442 240
412 243
384 246
385 247
399 249
390 251
386 253
389 256
388 257
391 259
377 261
371 264
369 266
357 268
355 270
370 271
372 273
375 275
350 281
346 284
348 285
351 286
362 287
361 290
341 294
339 295
360 297
359 298
306 302
308 303
324 304
344 306
343 309
345 310
293 316
241 321
262 322
240 324
257 326
255 327
237 329
248 331
245 332
247 334
239 335
296 339
300 340
298 341
251 344
249 345
299 346
229 349
223 351
221 352
297 354
295 355
268 358
270 359
290 363
260 364
259 366
232 368
218 370
220 371
280 377
236 380
234 381
282 382
283 383
323 385
310 387
316 388
319 390
227 392
224 394
228 396
226 397
244 403
242 405
276 406
317 407
318 408
315 411
312 412
314 414
292 416
278 418
279 419
311 422
313 423
286 425
284 426
336 430
332 433
334 434
304 437
272 439
275 442
273 443
264 447
254 449
252 450
274 452
265 454
267 455
271 456
330 460
327 462
320 466
301 468
302 469
329 470
231 472
230 473
289 476
287 477
331 478
328 479
337 480
338 481
352 484
354 485
376 488
363 489
374 490
367 491
364 493
366 494
417 497
415 498
423 500
425 504
427 505
426 508
428 509
424 511
429 513
433 516
378 520
380 521
414 523
403 525
404 527
402 528
431 530
432 531
434 532
396 539
394 540
401 542
381 545
382 547
383 548
397 549
405 551
407 552
411 553
393 555
392 556
422 557
465 558
464 560
468 563
472 564
454 568
456 569
469 570
451 573
450 574
467 575
470 576
488 578
487 580
486 581
562 583
560 584
564 586
552 591
550 592
549 593
548 595
546 596
558 598
542 600
541 601
569 602
591 604
595 606
572 608
578 611
576 613
570 614
575 616
573 618
579 619
568 620
620 621
630 622
622 624
626 626
623 628
625 631
593 634
599 635
608 637
597 639
606 640
624 642
211 647
216 648
213 650
194 653
196 654
207 656
208 659
205 660
214 662
209 663
210 664
204 667
202 668
217 670
215 672
193 674
191 677
188 679
187 681
185 682
212 684
199 686
201 688
200 690
197 693
123 696
122 697
111 699
109 701
106 703
108 704
178 706
181 708
189 710
180 713
169 714
168 716
171 718
172 721
158 723
177 726
175 727
170 729
174 730
162 735
149 738
151 739
160 740
155 742
166 745
152 747
154 748
156 749
148 750
147 752
145 754
183 758
184 759
141 762
143 764
144 765
163 767
139 769
140 770
161 773
134 777
135 778
136 779
138 780
164 782
129 784
127 788
121 789
125 791
128 793
120 794
133 796
131 798
132 800
119 802
117 804
116 807
115 808
112 811
105 813
103 814
66 819
68 820
96 822
98 823
102 824
84 827
86 828
90 831
92 832
94 835
48 839
40 841
38 842
95 843
88 844
79 847
50 852
31 854
30 856
28 857
72 860
76 861
78 863
75 866
63 867
65 868
74 869
77 870
100 872
82 875
83 877
80 879
71 881
69 882
51 885
53 886
15 890
35 891
18 892
59 898
32 900
56 902
34 903
46 905
8 907
10 908
41 911
45 912
61 913
57 915
60 916
37 920
54 921
58 923
43 925
44 927
17 928
20 931
21 932
23 936
3 938
4 939
22 941
5 943
7 944
19 946
14 949
11 950
26 953
13 955
24 956
27 958
2 960
25 962
0 963
0 1
1 2
1 3
3 4
4 5
5 6
5 7
4 8
8 9
9 10
9 11
11 12
12 13
12 14
11 15
15 16
15 17
17 18
17 19
8 20
3 21
21 22
22 23
22 24
21 25
25 26
25 27
27 28
27 29
29 30
29 31
31 32
31 33
33 34
34 35
35 36
35 37
34 38
38 39
38 40
33 41
41 42
42 43
42 44
44 45
44 46
46 47
47 48
47 49
49 50
50 51
50 52
52 53
53 54
54 55
55 56
55 57
57 58
58 59
58 60
60 61
61 62
61 63
60 64
57 65
54 66
66 67
67 68
67 69
69 70
69 71
71 72
71 73
73 74
74 75
74 76
73 77
77 78
77 79
79 80
79 81
81 82
81 83
83 84
84 85
84 86
86 87
86 88
83 89
89 90
90 91
91 92
91 93
90 94
94 95
95 96
96 97
96 98
95 99
99 100
99 101
94 102
102 103
103 104
104 105
104 106
103 107
102 108
89 109
66 110
110 111
111 112
112 113
113 114
113 115
115 116
116 117
117 118
117 119
119 120
119 121
121 122
121 123
116 124
115 125
125 126
126 127
127 128
127 129
129 130
129 131
126 132
125 133
133 134
133 135
135 136
136 137
136 138
138 139
138 140
135 141
141 142
142 143
143 144
143 145
145 146
145 147
147 148
148 149
148 150
147 151
142 152
152 153
153 154
153 155
155 156
155 157
157 158
157 159
159 160
159 161
152 162
162 163
162 164
141 165
165 166
166 167
167 168
168 169
169 170
169 171
171 172
171 173
173 174
173 175
168 176
167 177
166 178
165 179
179 180
180 181
180 182
182 183
182 184
184 185
184 186
186 187
187 188
187 189
186 190
190 191
191 192
192 193
193 194
194 195
195 196
195 197
194 198
198 199
198 200
193 201
192 202
202 203
203 204
203 205
205 206
206 207
207 208
208 209
208 210
210 211
210 212
207 213
213 214
213 215
215 216
216 217
216 218
215 219
219 220
219 221
221 222
221 223
206 224
224 225
225 226
226 227
226 228
228 229
228 230
225 231
231 232
231 233
224 234
234 235
235 236
235 237
234 238
205 239
239 240
239 241
241 242
242 243
242 244
244 245
245 246
245 247
244 248
248 249
248 250
250 251
250 252
252 253
252 254
254 255
255 256
255 257
254 258
258 259
258 260
260 261
260 262
262 263
263 264
263 265
265 266
265 267
267 268
267 269
269 270
269 271
262 272
272 273
272 274
274 275
274 276
276 277
277 278
278 279
279 280
280 281
280 282
282 283
283 284
283 285
282 286
279 287
278 288
288 289
289 290
289 291
291 292
292 293
293 294
293 295
292 296
296 297
296 298
291 299
299 300
300 301
301 302
301 303
300 304
299 305
305 306
305 307
307 308
308 309
308 310
307 311
311 312
312 313
313 314
314 315
315 316
315 317
317 318
318 319
319 320
320 321
320 322
319 323
323 324
323 325
325 326
325 327
318 328
328 329
328 330
330 331
330 332
317 333
333 334
333 335
314 336
336 337
337 338
338 339
338 340
337 341
336 342
342 343
343 344
343 345
342 346
313 347
347 348
348 349
348 350
350 351
350 352
347 353
353 354
353 355
312 356
356 357
357 358
357 359
356 360
360 361
361 362
362 363
362 364
361 365
365 366
365 367
367 368
367 369
369 370
369 371
360 372
372 373
373 374
374 375
375 376
376 377
376 378
378 379
379 380
379 381
378 382
375 383
374 384
384 385
384 386
386 387
386 388
373 389
389 390
389 391
391 392
391 393
393 394
393 395
395 396
395 397
372 398
398 399
399 400
400 401
401 402
402 403
402 404
404 405
404 406
401 407
400 408
399 409
409 410
410 411
410 412
409 413
413 414
413 415
415 416
415 417
417 418
417 419
398 420
420 421
421 422
421 423
420 424
424 425
424 426
311 427
427 428
428 429
429 430
429 431
431 432
432 433
432 434
431 435
435 436
436 437
436 438
438 439
438 440
440 441
441 442
441 443
440 444
444 445
445 446
446 447
446 448
448 449
448 450
445 451
451 452
451 453
453 454
453 455
444 456
435 457
457 458
458 459
459 460
459 461
461 462
461 463
463 464
464 465
465 466
465 467
467 468
467 469
464 470
463 471
471 472
471 473
458 474
474 475
475 476
475 477
474 478
457 479
428 480
427 481
288 482
482 483
483 484
483 485
482 486
486 487
487 488
487 489
486 490
277 491
276 492
492 493
492 494
241 495
495 496
496 497
496 498
495 499
499 500
499 501
501 502
502 503
503 504
503 505
502 506
506 507
507 508
507 509
506 510
510 511
510 512
512 513
512 514
514 515
515 516
515 517
517 518
518 519
519 520
519 521
518 522
522 523
522 524
524 525
524 526
526 527
526 528
517 529
529 530
529 531
514 532
501 533
533 534
534 535
535 536
536 537
537 538
538 539
538 540
537 541
541 542
541 543
543 544
544 545
544 546
546 547
546 548
543 549
536 550
550 551
550 552
535 553
534 554
554 555
554 556
533 557
202 558
191 559
559 560
559 561
561 562
562 563
562 564
561 565
565 566
566 567
567 568
567 569
566 570
565 571
571 572
572 573
572 574
571 575
190 576
179 577
577 578
577 579
579 580
579 581
112 582
582 583
582 584
111 585
585 586
585 587
587 588
588 589
589 590
590 591
590 592
589 593
588 594
594 595
594 596
587 597
597 598
597 599
599 600
599 601
110 602
53 603
603 604
603 605
605 606
605 607
607 608
607 609
609 610
610 611
610 612
612 613
612 614
609 615
615 616
615 617
617 618
617 619
52 620
49 621
46 622
41 623
623 624
623 625
625 626
625 627
627 628
627 629
629 630
630 631
630 632
632 633
633 634
633 635
632 636
636 637
636 638
638 639
638 640
629 641
641 642
641 643
643 644
644 645
645 646
646 647
646 648
645 649
649 650
649 651
651 652
652 653
652 654
651 655
655 656
655 657
657 658
658 659
658 660
657 661
661 662
661 663
644 664
643 665
665 666
666 667
666 668
665 669
669 670
669 671
671 672
671 673
673 674
673 675
675 676
676 677
676 678
678 679
678 680
680 681
680 682
675 683
683 684
683 685
685 686
685 687
687 688
687 689
689 690
689 691
691 692
692 693
692 694
694 695
695 696
695 697
694 698
698 699
698 700
700 701
700 702
702 703
702 704
691 705
705 706
705 707
707 708
707 709
709 710
709 711
711 712
712 713
712 714
711 715
715 716
715 717
717 718
717 719
719 720
720 721
720 722
722 723
722 724
724 725
725 726
725 727
724 728
728 729
728 730
719 731
731 732
732 733
733 734
734 735
734 736
736 737
737 738
737 739
736 740
733 741
741 742
741 743
743 744
744 745
744 746
746 747
746 748
743 749
732 750
731 751
751 752
751 753
753 754
753 755
755 756
756 757
757 758
757 759
756 760
760 761
761 762
761 763
763 764
763 765
760 766
766 767
766 768
768 769
768 770
755 771
771 772
772 773
772 774
774 775
775 776
776 777
776 778
775 779
774 780
771 781
781 782
781 783
783 784
783 785
785 786
786 787
787 788
787 789
786 790
790 791
790 792
792 793
792 794
785 795
795 796
795 797
797 798
797 799
799 800
799 801
801 802
801 803
803 804
803 805
805 806
806 807
806 808
805 809
809 810
810 811
810 812
812 813
812 814
809 815
815 816
816 817
817 818
818 819
818 820
817 821
821 822
821 823
816 824
815 825
825 826
826 827
826 828
825 829
829 830
830 831
830 832
829 833
833 834
834 835
834 836
836 837
837 838
838 839
838 840
840 841
840 842
837 843
836 844
833 845
845 846
846 847
846 848
848 849
849 850
850 851
851 852
851 853
853 854
853 855
855 856
855 857
850 858
858 859
859 860
859 861
858 862
862 863
862 864
864 865
865 866
865 867
864 868
849 869
848 870
845 871
871 872
871 873
873 874
874 875
874 876
876 877
876 878
878 879
878 880
880 881
880 882
873 883
883 884
884 885
884 886
883 887
887 888
888 889
889 890
889 891
888 892
887 893
893 894
894 895
895 896
896 897
897 898
897 899
899 900
899 901
901 902
901 903
896 904
904 905
904 906
906 907
906 908
895 909
909 910
910 911
910 912
909 913
894 914
914 915
914 916
893 917
917 918
918 919
919 920
919 921
918 922
922 923
922 924
924 925
924 926
926 927
926 928
917 929
929 930
930 931
930 932
929 933
933 934
934 935
935 936
935 937
937 938
937 939
934 940
940 941
940 942
942 943
942 944
933 945
945 946
945 947
947 948
948 949
948 950
947 951
951 952
952 953
952 954
954 955
954 956
951 957
957 958
957 959
959 960
959 961
961 962
961 963
