186
272
272
216 269
214 228
215 30
212 129
213 104
210 16
165 157
264 95
265 132
218 173
132 180
131 191
130 135
136 81
135 267
134 101
139 247
138 242
225 124
25 220
26 106
167 212
20 94
22 150
23 102
160 54
28 254
29 235
0 33
4 13
8 145
220 73
227 218
120 36
121 52
123 117
124 57
126 128
127 49
128 240
129 188
269 79
59 22
54 51
57 75
56 11
51 74
258 182
52 166
259 163
164 67
198 60
194 61
178 221
191 262
190 169
193 172
115 233
114 190
117 45
116 39
111 113
110 118
113 4
112 46
181 72
81 198
86 243
118 40
84 225
256 193
206 23
3 26
7 91
247 126
245 62
108 5
240 252
243 149
242 256
102 250
101 227
106 194
107 59
104 138
39 34
33 136
31 210
30 3
37 153
36 20
35 196
34 187
252 17
223 143
176 236
60 159
61 184
62 202
63 127
64 110
65 0
67 130
68 121
69 99
175 108
173 63
172 177
254 245
170 162
248 48
182 139
180 154
2 155
162 214
187 120
184 223
6 176
188 265
189 213
202 152
196 140
221 123
185 142
99 68
168 15
169 9
228 264
91 116
90 25
166 181
92 216
95 8
94 37
97 111
163 6
11 97
13 209
12 2
15 28
17 84
16 42
19 170
18 114
250 206
89 258
150 77
153 56
152 205
155 215
154 189
157 175
159 165
235 160
236 89
230 148
231 259
232 248
233 112
48 164
49 19
46 167
45 86
42 231
43 131
40 134
5 178
9 90
146 230
145 168
142 146
143 31
140 65
177 107
209 69
148 115
149 43
77 29
75 18
74 64
73 35
72 232
79 92
205 12
262 7
267 185
217 216
219 217
211 214
211 215
211 212
211 213
211 210
224 211
163 165
263 264
266 265
217 218
222 219
186 133
133 132
128 131
128 130
186 137
137 136
133 135
133 134
137 139
137 138
163 166
93 24
24 25
27 26
71 27
21 20
44 21
21 22
24 23
161 160
27 28
30 29
186 161
1 0
3 4
87 8
186 163
147 119
272 271
257 258
119 120
122 121
203 122
122 123
125 124
156 125
125 126
128 127
163 128
128 129
270 269
270 268
163 167
119 118
58 59
98 58
82 55
55 54
55 57
55 56
50 51
88 50
71 53
53 52
260 259
163 164
207 201
200 199
195 179
203 200
197 195
195 194
204 197
179 178
192 191
186 190
192 193
208 192
109 115
109 114
96 88
88 89
109 111
109 110
109 113
109 112
87 82
88 83
83 80
82 81
85 86
88 87
85 84
87 85
253 251
199 198
257 256
186 141
238 226
260 257
58 3
255 254
8 7
246 247
261 255
226 225
244 245
253 244
109 108
237 109
246 241
241 240
244 243
241 242
103 102
109 103
103 100
100 101
105 106
105 107
105 104
226 105
38 39
41 38
32 33
58 32
32 31
96 30
38 37
34 36
34 35
71 34
249 246
251 252
204 205
224 223
174 176
58 60
58 61
58 62
58 63
58 64
66 65
71 66
66 67
66 68
70 69
174 175
197 174
174 173
171 172
200 171
171 170
204 203
229 222
179 181
255 253
249 248
179 182
201 183
179 180
1 2
161 162
186 187
183 184
3 6
219 220
199 186
186 188
186 189
201 202
195 196
222 221
186 185
100 99
100 98
163 168
163 169
237 229
229 228
88 91
88 90
96 93
93 92
93 95
93 94
96 97
98 96
10 11
58 10
14 13
10 12
14 15
58 14
16 17
34 16
78 19
19 18
109 117
251 250
109 116
207 204
183 151
151 150
151 153
151 152
156 155
151 154
158 157
174 156
158 159
179 158
238 234
239 238
271 239
211 207
234 235
237 236
239 237
229 230
229 231
229 232
234 233
229 224
47 48
50 49
47 46
55 47
80 44
44 45
43 42
53 43
41 40
76 41
70 1
3 5
207 206
10 9
147 146
163 147
186 144
144 145
141 142
144 143
141 140
174 177
208 209
211 208
179 148
148 149
76 77
83 76
71 75
71 74
71 73
71 72
80 71
88 70
78 79
87 78
268 263
253 249
263 262
226 227
271 261
271 270
261 260
266 267
268 266
