186
290
0
269 4
267 7
265 8
262 10
264 11
254 14
245 18
243 19
252 21
248 23
247 25
242 27
240 28
250 29
258 32
256 33
259 34
227 37
104 41
106 42
107 43
225 44
233 47
235 48
236 51
228 54
231 55
168 61
143 64
187 65
162 67
145 69
135 74
132 75
134 76
184 83
153 85
154 87
152 89
150 90
205 94
202 95
206 97
209 99
213 103
193 105
191 106
210 101
215 109
212 111
214 112
194 114
196 117
182 121
148 120
149 125
178 126
180 128
159 130
157 131
181 132
155 135
176 137
124 139
126 140
177 142
173 144
175 145
170 147
172 148
198 149
121 151
123 150
189 153
167 160
164 161
163 157
169 166
128 167
129 172
127 173
130 174
131 175
165 177
120 180
118 181
146 182
166 183
160 184
185 186
190 188
188 189
142 192
140 193
138 196
136 197
139 198
221 200
218 203
216 204
220 205
230 206
232 207
223 208
108 210
112 213
116 214
114 217
111 219
110 218
113 222
99 226
101 227
102 228
117 230
115 232
92 234
84 236
95 240
94 242
97 243
30 244
29 246
91 250
90 251
89 253
13 262
15 263
64 267
12 269
11 271
9 272
63 273
61 275
59 277
5 282
4 283
60 285
3 278
6 287
62 288
31 290
33 291
19 292
18 294
79 295
81 297
57 299
46 302
48 303
54 305
56 306
25 309
23 310
86 311
7 313
8 312
49 318
51 319
39 323
37 324
77 325
40 327
68 336
67 337
26 339
28 340
75 342
72 344
20 347
22 348
45 349
73 350
36 352
65 354
35 355
34 329
16 357
17 359
52 361
42 364
43 363
74 366
69 368
2 370
0 371
0 1
1 2
2 3
3 4
3 5
5 6
6 7
6 8
5 9
9 10
9 11
2 12
12 13
13 14
13 15
15 16
16 17
17 18
17 19
16 20
20 21
20 22
22 23
22 24
24 25
24 26
26 27
26 28
15 29
12 30
30 31
31 32
31 33
30 34
1 35
35 36
36 37
36 39
39 40
40 41
40 42
39 43
36 44
35 45
45 46
46 47
46 48
45 49
49 51
49 52
52 54
52 55
52 56
56 59
59 60
60 61
60 62
62 63
63 64
63 65
62 67
62 68
68 69
68 71
71 72
72 74
72 75
72 76
71 77
77 79
79 81
81 82
82 83
82 84
84 85
84 87
84 88
88 89
88 90
81 92
92 93
93 94
93 95
92 96
96 97
96 98
98 99
98 101
101 102
102 103
102 104
104 105
104 106
98 109
98 110
110 111
110 112
81 113
113 114
113 116
116 117
116 118
118 120
120 121
120 124
124 125
124 126
118 128
118 129
129 130
129 131
118 132
113 133
133 134
134 135
134 137
134 138
138 139
138 140
133 142
133 144
133 145
79 146
146 147
146 148
79 149
77 150
150 151
77 153
68 157
157 160
157 161
157 166
157 167
167 172
167 173
167 174
167 175
157 177
157 178
178 179
179 180
179 181
178 182
157 183
68 184
68 186
68 187
187 188
187 189
68 191
191 192
191 193
68 194
194 195
195 196
195 197
194 198
59 199
199 200
199 201
201 202
202 203
202 204
201 205
56 206
56 207
56 208
49 209
209 210
209 212
212 213
212 214
209 217
209 218
218 219
209 222
209 223
223 224
224 225
225 226
225 227
224 228
223 230
223 231
231 232
231 233
233 234
233 235
235 236
235 237
237 240
237 241
241 242
241 243
237 244
244 246
237 247
247 250
247 251
247 253
247 254
254 256
256 257
257 258
258 259
259 260
260 261
261 262
261 263
260 267
260 268
268 269
268 271
268 272
260 273
260 275
275 277
260 278
278 282
278 283
283 285
278 287
278 288
259 289
289 290
289 291
258 292
292 294
257 295
256 296
296 297
296 298
298 299
298 301
301 302
301 303
298 305
298 306
254 307
307 308
308 309
308 310
307 311
254 312
312 313
247 316
316 317
317 318
317 319
316 320
320 322
322 323
322 324
320 325
320 326
326 327
326 328
328 329
329 332
332 334
334 336
334 337
334 338
338 339
338 340
332 342
332 343
343 344
343 345
345 346
346 347
346 348
345 349
332 350
329 351
351 352
351 354
351 355
329 357
357 359
328 361
361 363
363 364
328 366
247 367
367 368
367 369
369 370
369 371
