50
99
0
67 5
69 6
70 7
74 10
72 11
0 13
2 15
3 16
61 21
62 22
66 24
64 25
54 29
52 30
49 34
57 35
48 37
55 38
46 40
51 42
56 43
58 44
41 48
43 50
44 51
36 54
38 55
39 56
33 59
26 62
31 63
35 66
34 67
32 68
22 71
10 74
12 75
19 76
8 80
7 83
9 84
4 86
6 87
23 89
25 91
18 93
16 94
28 96
15 98
13 99
0 1
1 2
2 3
3 4
4 5
4 6
3 7
2 8
8 9
9 10
9 11
8 12
12 13
12 14
14 15
14 16
1 17
17 18
18 19
19 20
20 21
20 22
19 23
23 24
23 25
18 26
26 27
27 28
28 29
28 30
27 31
31 32
32 33
33 34
33 35
32 36
36 37
36 38
31 39
39 40
39 41
41 42
41 43
26 44
17 45
45 46
46 47
47 48
47 49
49 50
49 51
46 52
52 53
53 54
53 55
52 56
45 57
57 58
58 59
58 60
60 61
61 62
61 63
60 64
64 65
65 66
65 67
64 68
57 69
69 70
70 71
70 72
72 73
73 74
73 75
72 76
69 77
77 78
78 79
79 80
79 81
81 82
82 83
82 84
81 85
85 86
85 87
78 88
88 89
88 90
90 91
90 92
92 93
92 94
77 95
95 96
95 97
97 98
97 99
