50
88
0
66 3
64 5
58 9
41 13
34 15
32 17
23 21
25 23
9 26
8 27
7 28
6 30
4 31
22 33
19 35
12 37
10 38
18 40
16 41
28 43
15 45
13 46
33 48
35 49
31 51
26 52
39 54
38 56
36 57
44 59
43 60
55 62
57 63
49 64
48 65
56 66
51 67
46 68
54 69
52 70
62 72
61 73
0 77
3 79
2 80
74 82
72 83
70 85
69 87
67 88
0 1
1 2
2 3
2 4
4 5
4 6
6 7
7 8
8 9
8 10
10 11
11 12
12 13
12 14
14 15
14 16
16 17
16 18
18 19
19 20
20 21
20 22
22 23
22 24
24 25
25 26
25 27
25 28
24 29
29 30
29 31
19 32
32 33
32 34
34 35
34 36
36 37
36 38
19 39
39 40
39 41
18 42
42 43
42 44
44 45
44 46
14 47
47 48
47 49
14 50
50 51
50 52
11 53
53 54
53 55
55 56
55 57
10 58
58 59
58 60
7 61
61 62
61 63
61 64
61 65
61 66
61 67
61 68
61 69
61 70
6 71
71 72
71 73
1 74
74 75
75 76
76 77
76 78
78 79
78 80
75 81
81 82
81 83
74 84
84 85
84 86
86 87
86 88
