50
98
0
66 3
64 5
58 9
41 13
34 17
32 19
23 24
25 26
9 29
8 30
7 31
6 33
4 34
18 36
16 37
22 39
19 41
12 43
10 44
28 46
15 48
13 49
33 51
35 52
31 54
26 55
39 57
38 59
36 60
44 62
43 63
56 67
51 69
57 71
49 72
54 74
48 76
46 77
55 79
52 80
62 82
61 83
0 87
3 89
2 90
74 92
72 93
70 95
69 97
67 98
0 1
1 2
2 3
2 4
4 5
4 6
6 7
7 8
8 9
8 10
10 11
11 12
12 13
12 14
14 15
15 16
16 17
16 18
18 19
18 20
20 21
21 22
22 23
23 24
23 25
25 26
25 27
27 28
28 29
28 30
28 31
27 32
32 33
32 34
22 35
35 36
35 37
21 38
38 39
38 40
40 41
40 42
42 43
42 44
20 45
45 46
45 47
47 48
47 49
15 50
50 51
50 52
14 53
53 54
53 55
11 56
56 57
56 58
58 59
58 60
10 61
61 62
61 63
7 64
64 65
65 66
66 67
66 68
68 69
68 70
70 71
70 72
65 73
73 74
73 75
75 76
75 77
64 78
78 79
78 80
6 81
81 82
81 83
1 84
84 85
85 86
86 87
86 88
88 89
88 90
85 91
91 92
91 93
84 94
94 95
94 96
96 97
96 98
