42
82
0
66 2
64 4
58 8
41 12
34 16
32 18
23 23
25 25
9 28
8 29
7 30
6 32
4 33
18 35
16 36
22 38
19 40
12 42
10 43
28 45
15 47
13 48
33 50
35 51
31 53
26 54
39 56
38 58
36 59
44 61
43 62
56 66
51 68
57 70
49 71
54 73
48 75
46 76
55 78
52 79
62 81
61 82
0 1
1 2
1 3
3 4
3 5
5 6
6 7
7 8
7 9
9 10
10 11
11 12
11 13
13 14
14 15
15 16
15 17
17 18
17 19
19 20
20 21
21 22
22 23
22 24
24 25
24 26
26 27
27 28
27 29
27 30
26 31
31 32
31 33
21 34
34 35
34 36
20 37
37 38
37 39
39 40
39 41
41 42
41 43
19 44
44 45
44 46
46 47
46 48
14 49
49 50
49 51
13 52
52 53
52 54
10 55
55 56
55 57
57 58
57 59
9 60
60 61
60 62
6 63
63 64
64 65
65 66
65 67
67 68
67 69
69 70
69 71
64 72
72 73
72 74
74 75
74 76
63 77
77 78
77 79
5 80
80 81
80 82
