50
99
0
48 9
56 12
46 13
57 16
49 17
51 18
55 20
52 21
54 22
58 23
62 25
61 26
66 28
64 29
44 32
43 33
41 36
35 41
33 42
34 43
28 47
26 48
31 49
32 50
25 56
9 60
7 61
6 63
4 64
8 65
18 67
16 68
23 69
15 71
13 72
22 74
19 76
12 78
10 79
39 81
38 83
36 84
74 88
72 89
3 92
2 93
0 94
70 96
69 98
67 99
0 1
1 2
2 3
3 4
4 5
5 6
6 7
7 8
8 9
8 10
10 11
11 12
11 13
10 14
14 15
15 16
15 17
14 18
7 19
19 20
19 21
6 22
5 23
4 24
24 25
24 26
3 27
27 28
27 29
2 30
30 31
31 32
31 33
30 34
34 35
35 36
35 37
37 38
38 39
39 40
40 41
40 42
39 43
38 44
44 45
45 46
46 47
46 48
45 49
44 50
37 51
51 52
52 53
53 54
54 55
55 56
55 57
57 58
58 59
59 60
59 61
58 62
62 63
62 64
57 65
54 66
66 67
66 68
53 69
52 70
70 71
70 72
51 73
73 74
73 75
75 76
75 77
77 78
77 79
34 80
80 81
80 82
82 83
82 84
1 85
85 86
86 87
87 88
87 89
86 90
90 91
91 92
91 93
90 94
85 95
95 96
95 97
97 98
97 99
