50
50
50
0 0
2 1
3 2
4 3
6 4
7 5
8 6
9 7
10 8
12 9
13 10
15 11
16 12
18 13
19 14
22 15
23 16
25 17
26 18
28 19
31 20
32 21
33 22
34 23
35 24
36 25
38 26
39 27
41 28
43 29
44 30
46 31
48 32
49 33
51 34
52 35
54 36
55 37
57 38
56 39
58 40
61 41
62 42
64 43
66 44
67 45
69 46
70 47
72 48
74 49
50 41
41 42
41 39
39 32
39 34
39 33
39 36
39 31
39 35
39 37
39 38
41 43
41 44
39 40
39 29
29 30
29 28
28 23
23 24
23 21
23 20
23 22
23 18
28 25
25 26
23 5
5 7
5 4
4 3
5 6
5 17
23 15
25 27
15 14
17 13
13 12
14 8
8 9
21 11
11 10
23 19
17 16
50 49
49 48
48 1
1 2
1 0
49 45
45 46
45 47
