50
78
78
56 54
54 72
61 55
62 33
64 57
66 36
67 8
69 4
52 52
25 32
26 28
22 64
23 6
46 23
44 70
28 56
43 48
41 62
0 18
3 61
2 19
4 0
7 31
6 66
9 44
8 51
39 16
38 39
72 34
70 26
58 46
10 67
13 38
12 15
15 74
48 58
16 7
19 41
18 9
31 35
49 12
51 22
36 13
35 69
34 10
33 43
55 49
74 25
32 2
57 3
59 56
78 77
53 54
45 42
65 45
45 43
63 60
60 61
60 62
65 63
63 64
50 49
65 66
68 67
71 68
68 69
53 52
56 53
29 24
24 25
27 26
30 27
21 20
29 21
21 22
24 23
47 46
56 47
43 44
47 48
27 28
34 29
42 40
42 41
75 1
1 0
1 3
1 2
7 5
5 4
24 7
5 6
7 9
7 8
50 51
40 39
77 65
77 76
76 75
37 38
75 73
73 72
76 71
71 70
60 59
59 58
20 11
11 10
14 13
11 12
14 15
34 14
24 17
17 16
20 19
17 18
30 31
34 30
40 37
37 36
34 35
41 34
34 33
53 55
73 74
30 32
56 57
56 50
