50
78
78
56 2
54 28
61 34
62 62
64 41
66 31
67 33
69 44
52 13
25 55
26 58
22 32
23 74
46 8
44 23
28 66
43 3
41 54
0 25
3 0
2 9
4 39
7 48
6 10
9 6
8 12
39 4
38 26
72 57
70 67
58 51
10 22
13 52
12 43
15 38
48 19
16 35
19 64
18 69
31 36
49 15
51 49
36 46
35 16
34 18
33 56
55 72
74 70
32 7
57 61
59 56
78 77
53 54
45 42
65 45
45 43
63 60
60 61
60 62
65 63
63 64
50 49
65 66
68 67
71 68
68 69
53 52
56 53
29 24
24 25
27 26
30 27
21 20
29 21
21 22
24 23
47 46
56 47
43 44
47 48
27 28
34 29
42 40
42 41
75 1
1 0
1 3
1 2
7 5
5 4
24 7
5 6
7 9
7 8
50 51
40 39
77 65
77 76
76 75
37 38
75 73
73 72
76 71
71 70
60 59
59 58
20 11
11 10
14 13
11 12
14 15
34 14
24 17
17 16
20 19
17 18
30 31
34 30
40 37
37 36
34 35
41 34
34 33
53 55
73 74
30 32
56 57
56 50
