50
83
0
61 4
62 5
54 10
41 14
35 18
34 17
28 25
15 27
13 28
6 35
4 36
9 37
7 31
8 39
18 42
16 43
25 44
23 45
22 47
10 50
12 51
19 52
32 53
33 55
26 57
31 58
39 60
38 62
36 63
43 65
44 66
52 67
48 71
55 72
56 73
46 76
51 77
57 79
49 80
58 81
64 83
66 84
69 88
67 89
70 90
72 93
74 94
3 97
2 98
0 99
0 1
1 2
2 4
2 5
2 6
6 7
7 8
8 9
9 10
9 11
11 12
12 13
13 14
14 16
16 17
17 18
17 22
22 23
23 24
24 25
24 26
26 27
26 28
23 31
31 34
34 35
34 36
31 37
31 39
23 40
40 41
41 42
41 43
40 44
23 45
22 46
46 47
46 48
48 49
49 50
49 51
48 52
17 53
16 55
16 56
56 57
56 58
13 59
59 60
59 61
61 62
61 63
12 64
64 65
64 66
11 67
8 71
8 72
8 73
73 76
73 77
8 78
78 79
78 80
7 81
6 82
82 83
82 84
1 85
85 86
86 87
87 88
87 89
86 90
85 91
91 92
92 93
92 94
91 95
95 96
96 97
96 98
95 99
