50
86
0
80 2
77 4
76 7
69 11
71 12
70 15
61 17
51 19
53 20
72 21
62 24
55 28
57 30
56 31
48 33
46 36
50 37
49 38
63 39
67 41
66 43
64 45
74 46
59 48
4 53
2 55
0 56
22 60
21 62
19 63
13 67
5 69
7 70
11 72
8 74
10 75
15 77
17 78
25 81
29 83
28 84
23 85
39 87
37 88
44 90
36 93
34 95
31 97
33 98
41 99
0 1
1 2
1 3
3 4
3 5
5 6
6 7
6 8
8 9
9 11
9 12
9 15
9 16
16 17
16 18
18 19
18 20
9 21
8 22
22 23
23 24
23 26
26 27
27 28
27 30
27 31
26 33
26 35
35 36
35 37
26 38
23 39
22 40
40 41
40 42
42 43
42 44
44 45
44 46
5 47
47 48
47 49
49 50
50 51
51 52
52 53
52 54
54 55
54 56
51 57
57 58
58 60
58 61
61 62
61 63
58 64
64 65
65 67
65 69
65 70
65 72
65 73
73 74
73 75
64 77
64 78
57 79
79 80
80 81
80 82
82 83
82 84
79 85
50 86
86 87
86 88
49 89
89 90
89 91
91 92
92 93
92 95
92 96
96 97
96 98
91 99
