50
99
0
53 9
51 10
61 12
72 13
70 14
59 16
41 20
36 22
31 25
33 26
34 27
39 29
0 34
2 35
4 36
28 41
23 42
25 43
22 45
21 47
19 48
17 52
13 55
11 57
10 59
8 60
7 62
5 63
15 64
29 65
37 66
44 67
74 73
64 74
66 75
67 76
63 79
57 81
56 85
55 86
50 88
49 90
46 91
48 92
62 93
71 95
69 96
76 97
77 98
80 99
0 1
1 2
2 3
3 4
4 5
5 6
6 7
7 8
8 9
8 10
7 11
11 12
11 13
6 14
5 15
15 16
15 17
17 18
18 19
19 20
19 21
21 22
21 23
23 24
24 25
24 26
23 27
18 28
28 29
28 30
30 31
31 32
32 33
33 34
33 35
32 36
31 37
37 38
38 39
39 40
40 41
40 42
39 43
38 44
44 45
44 46
46 47
46 48
37 49
49 50
50 51
51 52
51 53
53 54
54 55
54 56
56 57
56 58
58 59
58 60
53 61
61 62
61 63
50 64
49 65
30 66
17 67
4 68
68 69
69 70
70 71
71 72
72 73
72 74
71 75
70 76
69 77
77 78
78 79
78 80
80 81
80 82
82 83
83 84
84 85
84 86
83 87
87 88
87 89
89 90
89 91
82 92
77 93
68 94
94 95
94 96
3 97
2 98
1 99
