50
81
81
56 11
51 31
50 7
61 76
62 15
63 0
64 28
66 21
67 62
69 33
80 59
25 46
21 50
22 71
23 63
46 25
44 61
28 56
29 37
41 49
0 53
2 10
5 77
4 44
7 39
8 51
39 4
77 13
76 41
74 17
72 55
71 80
70 29
59 70
11 23
10 19
13 57
15 67
48 69
17 64
19 2
55 5
31 66
49 8
37 22
36 36
53 48
34 34
33 72
57 74
54 56
78 77
57 54
43 42
58 45
45 43
68 60
60 61
65 62
62 63
65 64
47 49
65 66
65 67
73 68
68 69
79 80
60 52
52 53
26 24
24 25
27 26
30 27
24 20
20 21
20 22
24 23
47 46
54 47
45 44
47 48
27 28
30 29
43 40
42 41
3 1
1 0
26 3
1 2
6 5
3 4
6 7
14 6
12 9
9 8
79 78
52 51
40 39
68 65
75 76
78 75
40 38
75 73
68 72
68 71
68 70
58 59
81 79
68 58
12 11
9 10
14 13
14 12
16 15
16 14
18 17
18 16
20 19
20 18
32 31
38 30
38 37
42 36
36 35
35 34
32 33
54 55
73 74
35 32
62 57
47 50
