94
171
0
147 3
146 5
143 7
133 11
139 13
131 15
132 17
129 19
127 20
142 22
123 24
137 26
125 29
122 31
121 33
113 35
115 36
98 39
100 40
111 43
103 45
101 46
108 48
135 52
105 53
95 55
92 56
94 57
119 59
117 60
109 63
112 64
97 67
90 69
86 71
84 72
88 74
83 77
81 78
79 80
77 82
75 83
80 85
62 89
64 90
55 92
53 94
57 95
56 96
58 97
71 100
72 101
69 102
66 104
68 106
59 109
61 111
52 113
49 115
42 117
44 118
47 120
45 121
48 122
39 124
41 125
36 128
34 129
18 131
16 132
32 135
30 136
28 138
27 139
8 141
1 142
2 143
7 144
0 146
5 147
6 149
4 150
25 153
33 154
23 156
15 158
13 159
24 161
22 162
19 164
21 166
12 168
9 170
11 171
0 1
1 2
2 3
2 4
4 5
4 6
6 7
6 8
8 9
9 10
10 11
9 12
12 13
12 14
14 15
14 16
16 17
16 18
18 19
18 20
8 21
21 22
21 23
23 24
23 25
25 26
25 27
27 28
28 29
27 30
30 31
30 32
32 33
32 34
34 35
34 36
34 37
37 38
38 39
38 40
30 41
41 42
42 43
42 44
44 45
44 46
41 47
47 48
47 49
49 50
50 51
51 52
51 53
50 54
54 55
54 56
54 57
54 58
58 59
58 60
49 61
61 62
62 63
62 64
61 65
65 66
66 67
66 68
68 69
68 70
70 71
70 72
65 73
73 74
73 75
75 76
76 77
76 78
75 79
79 80
79 81
81 82
81 83
79 84
84 85
84 86
86 87
87 88
88 89
88 90
87 91
91 92
91 93
93 94
93 95
93 96
93 97
86 98
98 99
99 100
99 101
99 102
98 103
103 104
103 105
105 106
105 107
107 108
108 109
108 110
110 111
110 112
112 113
107 114
114 115
114 116
116 117
116 118
116 119
119 120
119 121
119 122
116 123
123 124
123 125
123 126
126 127
127 128
127 129
126 130
130 131
130 132
123 133
133 134
134 135
134 136
133 137
137 138
137 139
137 140
140 141
140 142
140 143
140 144
140 145
145 146
145 147
140 148
148 149
148 150
133 151
151 152
152 153
152 154
151 155
155 156
155 157
157 158
157 159
155 160
160 161
160 162
155 163
163 164
163 165
165 166
165 167
167 168
167 169
169 170
169 171
