99
162
0
19 30
24 34
22 35
23 36
15 38
13 39
21 41
10 43
11 46
9 47
12 48
33 49
25 50
28 53
8 58
6 60
4 61
1 62
5 65
0 64
2 67
7 68
27 69
32 71
30 72
36 75
34 76
18 77
16 79
41 80
39 81
44 83
42 84
48 86
47 88
45 89
49 90
61 93
52 95
51 94
59 97
68 99
66 100
72 103
71 104
69 105
64 108
62 109
55 111
58 114
57 116
56 117
53 118
80 119
83 121
81 122
79 124
77 126
75 127
88 128
103 130
101 131
112 133
109 134
86 138
84 139
90 140
97 141
105 143
117 145
95 148
92 149
94 150
137 161
123 162
135 163
126 164
125 166
122 167
121 168
119 169
115 171
113 172
108 173
111 174
104 177
98 178
100 179
142 180
139 183
127 185
131 188
132 189
129 190
134 191
133 193
143 195
146 196
147 197
0 1
1 2
2 3
3 4
4 5
5 6
6 8
8 10
10 11
11 12
12 13
13 14
14 15
15 16
16 17
17 18
18 19
19 21
21 24
24 26
26 28
28 30
28 31
31 33
33 34
33 35
31 36
31 37
37 38
37 39
28 40
40 41
40 42
42 43
43 46
43 47
42 48
26 49
26 50
24 51
51 53
51 54
54 58
54 59
59 60
59 61
54 62
62 64
64 65
54 67
54 68
51 69
24 70
70 71
70 72
21 73
73 74
74 75
74 76
73 77
77 79
21 80
21 81
19 83
19 84
19 85
85 86
85 88
85 89
18 90
17 91
91 92
92 93
92 94
94 95
91 97
16 99
16 100
15 101
101 102
102 103
102 104
101 105
14 106
106 107
107 108
107 109
106 110
110 111
110 112
112 114
112 116
112 117
112 118
13 119
12 121
12 122
11 123
123 124
123 125
125 126
125 127
10 128
8 129
129 130
129 131
8 132
132 133
132 134
6 135
135 136
136 137
137 138
137 139
136 140
135 141
6 142
142 143
142 144
144 145
144 148
144 149
144 150
5 154
154 157
157 158
158 160
160 161
160 162
158 163
158 164
164 166
157 167
154 168
154 169
154 170
170 171
170 172
5 173
5 174
5 175
175 176
176 177
176 178
175 179
4 180
3 181
181 182
182 183
182 184
184 185
184 186
186 187
187 188
187 189
186 190
181 191
191 193
2 194
194 195
194 196
1 197
