99
160
1
57 7
55 9
90 18
126 21
135 23
134 34
80 43
71 50
61 52
51 53
49 55
25 60
1 63
10 71
0 77
2 78
4 79
5 80
6 81
7 82
8 83
9 84
11 85
12 86
13 87
15 88
16 89
18 90
19 91
21 92
22 93
23 94
24 95
27 96
28 97
30 98
32 99
33 100
34 101
36 102
39 103
41 104
42 105
44 106
45 107
47 108
48 109
52 110
53 111
56 112
58 113
59 114
62 115
64 116
66 117
68 118
69 119
72 120
75 121
77 122
79 123
81 124
83 125
84 126
86 127
88 128
92 129
94 130
95 131
97 132
98 133
100 134
101 135
103 136
104 137
105 138
108 139
109 140
111 141
112 142
113 143
115 144
117 145
119 146
121 147
122 148
123 149
125 150
127 151
129 152
131 153
132 154
133 155
137 156
139 157
142 158
143 159
146 160
147 161
1 2
2 3
2 4
2 5
5 6
5 7
5 8
5 9
5 10
2 11
11 12
12 13
12 14
11 15
11 16
11 17
17 18
17 19
11 20
20 21
20 22
22 23
22 24
24 25
25 26
25 27
24 28
24 29
24 30
30 31
22 32
20 33
33 34
33 35
35 36
35 37
35 38
33 39
39 40
11 41
2 42
42 43
42 44
42 45
45 46
45 47
42 48
48 49
49 50
48 51
51 52
51 53
48 54
54 55
54 56
56 57
57 58
57 59
59 60
59 61
61 62
61 63
61 64
61 65
57 66
66 67
66 68
57 69
57 70
70 71
70 72
70 73
56 74
56 75
54 76
63 77
61 78
65 79
64 80
65 81
61 82
62 83
71 84
71 85
71 86
70 87
70 88
68 89
68 90
73 91
72 92
70 93
70 94
70 95
59 96
59 97
58 98
58 99
69 100
4 101
4 102
67 103
66 104
56 105
75 106
74 107
74 108
74 109
53 110
6 111
8 112
5 113
51 114
10 115
44 116
48 117
48 118
76 119
49 120
42 121
42 122
3 123
47 124
47 125
19 126
19 127
45 128
16 129
16 130
16 131
17 132
31 133
30 134
14 135
28 136
30 137
29 138
15 139
13 140
41 141
27 142
24 143
24 144
16 145
24 146
24 147
20 148
22 149
21 150
32 151
46 152
40 153
26 154
34 155
20 156
39 157
33 158
36 159
38 160
37 161
