199
397
0
281 2
278 5
275 12
273 13
268 14
272 16
270 17
274 19
265 22
267 23
264 25
253 28
252 30
251 31
235 40
243 41
242 42
226 44
224 45
248 48
229 50
230 51
244 53
246 54
240 56
238 57
220 60
222 61
241 62
210 65
245 67
214 68
213 71
212 72
208 74
201 76
203 77
237 79
233 81
231 82
261 85
259 88
262 89
254 91
256 92
250 94
180 98
178 99
165 103
163 104
168 105
175 107
174 108
170 113
172 114
159 117
162 119
160 120
161 122
157 123
194 126
190 128
185 131
215 132
187 133
219 137
228 138
217 139
204 143
207 145
206 146
200 149
199 150
197 152
196 153
195 155
193 156
182 161
177 162
181 163
167 165
166 167
189 168
145 174
147 175
154 180
152 181
148 182
151 183
149 184
143 188
150 190
144 191
118 195
107 198
109 199
117 201
116 202
138 204
115 206
114 207
128 211
127 212
124 213
126 214
156 217
139 218
129 220
134 221
135 224
103 227
99 228
98 231
69 234
67 235
88 236
72 241
71 242
74 244
73 245
64 247
66 248
25 252
22 256
24 257
27 258
28 259
32 260
70 261
104 267
106 268
121 269
131 271
110 273
96 276
95 277
83 281
80 282
84 283
54 287
56 288
57 289
76 293
82 294
78 295
77 297
75 298
119 300
61 304
63 305
79 306
100 307
123 310
31 315
29 316
44 320
47 321
36 324
33 325
35 326
41 330
42 331
37 334
40 335
43 337
39 338
46 339
93 340
112 342
87 345
85 346
86 347
90 349
53 353
51 354
50 356
60 357
48 358
184 359
276 360
285 365
283 367
286 368
288 369
21 371
7 375
3 377
5 378
11 380
13 381
2 384
0 385
9 388
10 390
18 391
14 394
16 395
17 396
280 397
0 1
1 2
1 3
3 4
4 5
4 6
6 7
7 8
8 9
9 10
10 11
11 12
11 13
10 14
9 15
15 16
15 17
8 18
18 19
18 20
20 21
21 22
21 23
20 24
24 25
24 26
26 27
27 28
27 29
29 30
29 31
26 32
32 33
33 34
34 35
35 36
36 37
37 38
38 39
39 40
39 41
38 42
37 43
43 44
43 45
36 46
46 47
47 48
47 49
49 50
49 51
46 52
52 53
52 54
35 55
55 56
55 57
34 58
58 59
59 60
59 61
58 62
33 63
63 64
64 65
64 66
66 67
66 68
63 69
69 70
70 71
70 72
69 73
73 74
73 75
75 76
75 77
32 78
78 79
78 80
80 81
80 82
7 83
83 84
84 85
84 86
86 87
87 88
87 89
86 90
90 91
90 92
83 93
93 94
93 95
95 96
96 97
97 98
97 99
96 100
100 101
101 102
102 103
102 104
101 105
100 106
106 107
106 108
95 109
109 110
110 111
111 112
112 113
112 114
111 115
115 116
116 117
116 118
118 119
118 120
115 121
121 122
121 123
110 124
124 125
125 126
125 127
127 128
127 129
129 130
130 131
130 132
129 133
124 134
134 135
135 136
136 137
136 138
135 139
134 140
140 141
141 142
142 143
142 144
144 145
144 146
141 147
147 148
148 149
148 150
147 151
151 152
151 153
140 154
154 155
154 156
109 157
157 158
158 159
159 160
160 161
160 162
159 163
158 164
164 165
164 166
166 167
166 168
157 169
169 170
170 171
171 172
172 173
173 174
173 175
172 176
176 177
177 178
178 179
179 180
179 181
178 182
177 183
176 184
171 185
185 186
186 187
187 188
187 189
189 190
189 191
186 192
192 193
193 194
194 195
194 196
196 197
197 198
197 199
196 200
200 201
200 202
193 203
203 204
203 205
205 206
205 207
192 208
208 209
209 210
210 211
210 212
209 213
208 214
185 215
215 216
216 217
216 218
215 219
219 220
219 221
170 222
222 223
223 224
223 225
225 226
226 227
226 228
225 229
229 230
230 231
230 232
232 233
233 234
233 235
232 236
229 237
237 238
238 239
239 240
240 241
240 242
239 243
243 244
243 245
238 246
246 247
246 248
237 249
249 250
250 251
251 252
251 253
253 254
254 255
255 256
255 257
254 258
253 259
250 260
249 261
222 262
262 263
263 264
264 265
265 266
266 267
266 268
265 269
264 270
270 271
270 272
272 273
272 274
274 275
275 276
275 277
274 278
278 279
279 280
280 281
280 282
279 283
278 284
284 285
285 286
286 287
286 288
285 289
284 290
290 291
291 292
292 293
292 294
291 295
290 296
296 297
296 298
263 299
299 300
299 301
301 302
302 303
303 304
303 305
302 306
301 307
262 308
308 309
309 310
309 311
311 312
312 313
313 314
314 315
314 316
313 317
317 318
318 319
319 320
319 321
318 322
322 323
323 324
323 325
322 326
317 327
327 328
328 329
329 330
329 331
328 332
332 333
333 334
333 335
332 336
336 337
336 338
327 339
312 340
311 341
341 342
341 343
343 344
344 345
344 346
343 347
308 348
348 349
348 350
350 351
351 352
352 353
352 354
351 355
355 356
355 357
350 358
169 359
6 360
3 361
361 362
362 363
363 364
364 365
364 366
366 367
366 368
363 369
362 370
370 371
370 372
372 373
373 374
374 375
374 376
376 377
376 378
373 379
379 380
379 381
372 382
382 383
383 384
383 385
382 386
386 387
387 388
387 389
389 390
389 391
386 392
392 393
393 394
393 395
392 396
361 397
