199
366
0
281 2
276 6
278 7
280 8
264 13
253 16
251 18
252 19
237 22
233 24
231 25
240 28
238 29
241 33
220 35
222 36
245 40
212 42
208 45
214 46
210 47
213 48
201 50
203 51
224 54
243 56
242 58
235 60
226 61
246 64
244 65
229 68
230 69
248 70
267 73
265 74
268 77
273 81
274 82
270 83
275 84
272 85
250 88
256 90
254 93
259 94
261 96
262 97
104 108
106 109
121 110
131 111
95 114
80 117
84 119
83 120
82 124
76 125
56 127
54 129
57 130
77 132
78 134
75 135
110 137
96 138
93 142
29 145
31 146
47 150
44 151
46 153
37 157
40 158
41 160
42 161
43 163
39 164
36 167
35 168
33 169
86 172
87 174
85 175
112 176
63 182
61 183
79 184
100 185
119 186
60 189
48 191
50 193
51 195
53 196
90 197
129 200
156 202
134 204
139 205
150 210
143 212
144 213
149 217
145 220
147 221
151 222
154 224
152 225
123 227
148 228
116 233
117 234
118 235
107 237
109 238
115 241
114 242
138 243
127 246
124 247
126 249
128 250
99 254
103 255
98 257
32 261
24 264
22 265
25 268
28 269
27 270
66 275
64 276
72 277
71 277
70 280
73 282
74 283
67 286
69 287
88 288
135 289
184 290
189 292
182 297
181 298
177 299
166 300
167 301
193 308
195 309
228 313
219 314
217 315
199 318
196 321
197 322
200 323
204 325
206 327
207 328
187 332
215 333
185 334
194 335
178 337
174 341
168 343
163 345
165 346
175 347
180 348
190 349
170 352
172 353
162 355
159 358
160 359
161 360
157 360
21 365
286 369
283 370
285 371
288 372
7 376
5 378
3 379
18 382
2 384
0 385
10 388
9 389
16 392
17 393
14 394
11 396
13 397
0 1
1 2
1 3
3 4
4 5
5 6
5 7
4 8
3 9
9 10
10 11
11 12
12 13
12 14
14 15
15 16
15 17
17 18
17 19
14 20
20 21
21 22
21 23
23 24
23 25
20 26
26 27
27 28
27 29
26 30
30 32
32 33
32 34
34 35
34 36
30 37
37 39
39 40
39 41
41 42
41 45
41 46
41 47
37 48
37 49
49 50
49 51
30 52
52 53
53 54
53 55
55 56
55 57
57 58
57 59
59 60
59 61
52 62
62 63
63 64
63 65
62 66
66 68
66 69
66 70
11 71
71 72
72 73
72 74
71 75
75 76
76 77
76 78
78 79
79 80
80 81
80 82
79 83
78 84
75 85
10 86
86 87
87 88
87 89
89 90
89 91
91 92
92 93
92 94
91 95
95 96
95 97
86 98
98 99
99 100
100 101
101 102
102 103
103 104
104 105
105 106
106 107
107 108
107 109
106 110
105 111
104 112
112 113
113 114
113 116
116 117
116 118
118 119
118 120
113 121
121 122
122 123
123 124
123 125
122 126
126 127
126 129
126 130
121 132
121 133
133 134
133 135
112 136
136 137
136 138
103 139
139 140
140 141
141 142
141 144
144 145
144 146
141 147
147 148
148 149
149 150
149 151
148 152
152 153
152 154
154 155
155 156
156 157
156 158
155 159
159 160
159 161
154 162
162 163
162 164
147 165
165 166
166 167
166 168
165 169
140 170
170 171
171 172
171 173
173 174
173 175
170 176
139 178
178 179
179 180
180 182
180 183
180 184
179 185
178 186
139 187
187 188
188 189
188 190
190 191
190 193
190 194
194 195
194 196
187 197
102 198
198 199
199 200
199 202
199 203
203 204
203 205
198 207
207 208
208 209
209 210
209 211
211 212
211 213
208 214
214 215
215 216
216 217
216 219
219 220
219 221
216 222
215 223
223 224
223 225
214 226
226 227
226 228
207 229
229 230
230 231
231 232
232 233
232 234
231 235
230 236
236 237
236 238
229 239
239 240
240 241
240 242
239 243
198 244
244 245
245 246
245 247
244 248
248 249
248 250
101 252
252 253
253 254
253 255
252 256
256 257
256 258
258 259
259 260
260 261
260 263
263 264
263 265
260 268
260 269
260 270
259 272
272 273
273 274
274 275
274 276
273 277
272 280
259 282
259 283
258 284
284 285
285 286
285 287
284 288
101 289
100 290
99 291
291 292
291 293
293 294
294 296
296 297
296 298
294 299
294 300
293 301
98 302
302 303
303 305
305 306
306 307
307 308
307 309
306 310
310 311
311 312
312 313
312 314
311 315
310 316
316 317
317 318
317 319
319 320
320 321
320 322
319 323
316 324
324 325
324 326
326 327
326 328
305 329
329 330
330 331
331 332
331 333
330 334
329 335
303 336
336 337
336 338
338 339
339 341
339 342
342 343
342 344
344 345
344 346
339 347
338 348
303 349
302 350
350 351
351 352
351 353
350 354
354 355
354 356
356 357
357 358
357 359
356 360
9 363
363 364
364 365
364 366
366 367
367 368
368 369
368 370
367 371
366 372
363 373
373 374
374 375
375 376
375 377
377 378
377 379
374 380
380 381
381 382
381 383
383 384
383 385
380 388
380 389
380 390
390 392
390 393
390 394
373 395
395 396
395 397
