199
397
0
156 29
139 31
134 32
129 33
147 35
145 36
128 41
126 43
124 44
127 45
138 48
115 50
114 51
117 55
118 56
116 57
109 59
107 60
150 61
151 64
135 66
99 69
98 72
74 76
73 77
71 79
72 81
66 83
64 84
70 86
24 90
22 91
28 94
25 95
27 96
32 97
69 100
67 101
88 102
103 103
148 105
131 109
110 111
96 113
56 117
57 119
54 120
82 125
76 126
77 127
78 128
75 129
95 132
84 134
80 135
83 136
121 138
106 140
104 141
119 146
100 148
61 151
63 152
79 153
112 156
87 159
85 160
86 161
93 163
47 166
44 168
36 171
35 172
33 173
43 178
39 179
42 183
41 184
40 185
37 186
46 187
31 189
29 190
90 192
48 194
53 198
51 199
50 200
60 201
123 202
149 203
144 205
143 206
154 207
152 208
189 213
167 215
166 216
181 217
182 218
177 219
184 220
190 221
195 222
162 226
161 229
160 231
159 232
157 233
170 234
172 235
207 244
206 245
204 246
200 249
199 250
197 252
196 253
219 254
228 255
217 256
215 260
185 261
187 262
194 263
193 265
180 267
178 269
175 271
174 274
168 275
165 277
163 278
262 283
259 284
256 286
254 287
261 288
250 289
245 290
214 297
210 298
213 302
208 303
212 304
203 306
201 307
235 308
224 309
248 313
230 314
229 315
242 320
243 321
226 322
246 324
244 325
240 328
238 329
237 331
233 333
231 334
220 337
222 338
241 339
253 342
251 343
252 344
264 345
267 347
265 348
272 349
275 353
274 355
270 356
273 357
268 358
276 359
278 360
280 361
18 371
14 372
10 373
2 374
13 377
11 378
7 380
5 382
3 383
17 385
16 386
9 387
0 388
21 389
286 393
283 394
285 395
288 396
281 397
0 1
1 2
2 3
3 4
4 5
5 6
6 7
7 8
8 9
9 10
10 11
11 12
12 13
13 14
14 15
15 16
16 17
17 18
18 19
19 20
20 21
21 22
22 23
23 24
24 25
25 26
26 27
27 28
28 29
28 30
30 31
30 32
27 33
26 34
34 35
34 36
25 37
37 38
38 39
39 40
40 41
40 42
42 43
42 44
39 45
38 46
46 47
47 48
47 49
49 50
49 51
46 52
52 53
53 54
54 55
54 56
53 57
52 58
58 59
58 60
37 61
24 62
62 63
63 64
63 65
65 66
65 67
67 68
68 69
68 70
70 71
71 72
71 73
73 74
74 75
75 76
75 77
74 78
78 79
78 80
80 81
80 82
82 83
82 84
73 85
85 86
85 87
87 88
88 89
89 90
89 91
88 92
92 93
93 94
93 95
92 96
87 97
70 98
98 99
99 100
99 101
98 102
67 103
62 104
104 105
104 106
106 107
107 108
108 109
108 110
110 111
110 112
112 113
112 114
114 115
115 116
116 117
116 118
118 119
118 120
115 121
121 122
122 123
123 124
124 125
124 126
123 127
122 128
121 129
114 130
130 131
131 132
131 133
133 134
133 135
130 136
107 137
137 138
137 139
139 140
139 141
106 142
142 143
143 144
144 145
145 146
145 147
147 148
147 149
149 150
150 151
150 152
149 153
144 154
154 155
155 156
155 157
157 158
158 159
158 160
157 161
154 162
162 163
162 164
164 165
165 166
165 167
167 168
167 169
169 170
170 171
170 172
169 173
164 174
174 175
175 176
176 177
177 178
177 179
176 180
180 181
181 182
182 183
182 184
181 185
180 186
175 187
174 188
188 189
188 190
143 191
191 192
191 193
193 194
193 195
195 196
196 197
197 198
197 199
196 200
195 201
142 202
23 203
22 204
204 205
204 206
21 207
20 208
19 209
209 210
210 211
211 212
212 213
212 214
214 215
214 216
211 217
210 218
209 219
18 220
17 221
16 222
15 223
223 224
224 225
225 226
225 227
227 228
228 229
228 230
230 231
230 232
227 233
224 234
223 235
14 236
236 237
237 238
238 239
239 240
240 241
241 242
242 243
243 244
243 245
242 246
241 247
247 248
248 249
248 250
247 251
251 252
251 253
240 254
239 255
238 256
237 257
257 258
258 259
259 260
259 261
258 262
257 263
236 264
264 265
264 266
266 267
266 268
268 269
268 270
270 271
270 272
272 273
273 274
273 275
272 276
276 277
276 278
13 279
279 280
280 281
281 282
282 283
282 284
281 285
285 286
285 287
280 288
279 289
12 290
11 291
291 292
292 293
293 294
294 295
295 296
296 297
296 298
295 299
299 300
300 301
301 302
301 303
300 304
299 305
305 306
305 307
294 308
293 309
292 310
310 311
311 312
312 313
312 314
311 315
310 316
316 317
317 318
318 319
319 320
319 321
318 322
317 323
323 324
323 325
316 326
326 327
327 328
327 329
326 330
330 331
330 332
332 333
332 334
291 335
335 336
336 337
336 338
335 339
10 340
340 341
341 342
341 343
340 344
9 345
8 346
346 347
346 348
7 349
6 350
350 351
351 352
352 353
352 354
354 355
354 356
351 357
350 358
5 359
4 360
3 361
2 362
362 363
363 364
364 365
365 366
366 367
367 368
368 369
369 370
370 371
370 372
369 373
368 374
367 375
375 376
376 377
376 378
375 379
379 380
379 381
381 382
381 383
366 384
384 385
384 386
365 387
364 388
363 389
362 390
390 391
391 392
392 393
392 394
391 395
390 396
1 397
