199
199
199
0 0
2 1
3 2
5 3
7 4
9 5
10 6
11 7
13 8
14 9
16 10
17 11
18 12
21 13
22 14
24 15
25 16
27 17
28 18
29 19
31 20
32 21
33 22
35 23
36 24
37 25
39 26
40 27
41 28
42 29
43 30
44 31
46 32
47 33
48 34
50 35
51 36
53 37
54 38
56 39
57 40
60 41
61 42
63 43
64 44
66 45
67 46
69 47
70 48
72 49
73 50
71 51
74 52
76 53
75 54
77 55
78 56
79 57
80 58
82 59
83 60
84 61
85 62
86 63
87 64
88 65
90 66
93 67
95 68
96 69
98 70
99 71
100 72
103 73
104 74
106 75
107 76
109 77
110 78
112 79
114 80
115 81
116 82
118 83
117 84
119 85
121 86
123 87
124 88
126 89
127 90
128 91
129 92
131 93
134 94
135 95
138 96
139 97
143 98
144 99
145 100
147 101
148 102
149 103
150 104
151 105
152 106
154 107
156 108
157 109
159 110
160 111
161 112
162 113
163 114
165 115
166 116
167 117
168 118
170 119
172 120
174 121
175 122
177 123
178 124
180 125
181 126
182 127
184 128
185 129
187 130
189 131
190 132
193 133
194 134
195 135
196 136
197 137
199 138
200 139
201 140
203 141
204 142
206 143
207 144
208 145
210 146
212 147
213 148
214 149
215 150
217 151
219 152
220 153
222 154
224 155
226 156
228 157
229 158
230 159
231 160
233 161
235 162
237 163
238 164
240 165
241 166
243 167
244 168
245 169
246 170
242 171
248 172
250 173
251 174
253 175
252 176
254 177
256 178
259 179
261 180
262 181
264 182
265 183
267 184
268 185
270 186
272 187
273 188
274 189
275 190
276 191
278 192
280 193
281 194
283 195
285 196
286 197
288 198
199 194
194 192
192 189
189 186
189 188
189 190
189 182
182 170
170 171
171 167
171 156
171 162
170 159
159 158
159 172
170 168
170 164
164 165
162 147
147 148
147 146
170 166
147 141
147 149
148 145
164 163
163 161
161 160
189 185
189 187
166 154
154 153
182 176
176 174
182 184
156 155
184 183
141 140
176 175
147 169
189 177
177 178
177 179
177 180
177 181
177 157
157 151
151 130
151 152
152 143
143 142
143 144
143 137
137 136
137 139
130 129
130 135
130 120
120 119
130 134
120 111
111 112
111 109
111 110
130 116
116 126
126 127
126 123
126 106
106 103
103 84
84 82
84 83
103 100
103 102
103 105
103 88
88 89
88 90
89 92
103 101
106 107
84 81
81 80
84 96
88 91
102 87
87 85
116 117
84 77
92 97
103 99
77 76
85 57
57 42
57 43
85 62
62 64
85 67
67 33
33 23
33 32
32 30
30 26
30 20
20 19
30 25
25 27
25 28
28 29
33 24
33 31
130 133
137 138
57 72
62 63
85 93
93 78
78 54
54 56
54 55
54 58
54 60
54 59
54 61
54 39
54 69
39 38
54 53
93 74
39 40
54 68
103 104
105 73
73 51
51 48
51 49
51 50
48 21
51 45
21 16
21 17
21 18
45 44
51 70
21 14
14 15
50 52
51 71
51 65
51 47
47 46
111 113
130 150
33 22
74 75
92 108
106 128
116 131
120 132
130 118
118 114
118 121
118 124
114 115
118 122
74 86
87 66
100 94
118 125
103 98
62 79
130 173
66 35
35 37
35 34
35 36
35 41
84 95
189 191
192 193
199 198
198 196
196 195
195 197
198 13
13 10
10 9
10 5
5 6
5 1
1 0
10 11
10 12
5 3
3 2
3 4
6 8
8 7
