199
397
0
281 2
268 11
265 14
267 15
264 17
252 20
251 22
253 23
231 27
233 28
237 29
238 32
240 33
243 39
226 42
224 43
242 44
235 46
245 48
212 51
208 54
203 56
201 57
213 58
214 60
210 61
244 63
246 64
229 66
248 68
230 69
241 71
222 73
220 74
193 84
170 88
172 89
161 93
157 95
162 96
159 97
160 98
195 99
165 105
163 106
174 108
168 109
175 110
180 112
178 113
190 117
189 121
166 122
167 123
151 132
100 136
79 138
61 140
63 141
119 142
123 145
90 147
48 149
60 151
51 154
53 155
50 156
112 159
85 162
87 163
86 164
93 166
33 170
35 172
36 173
47 175
44 176
43 180
39 181
42 184
41 185
37 187
40 188
31 191
29 192
46 193
148 194
149 195
118 202
117 204
109 207
107 208
116 209
114 212
115 213
138 214
103 217
98 221
88 223
67 225
69 226
74 231
73 232
72 233
71 234
25 239
28 241
24 244
22 245
27 246
32 247
70 248
64 250
66 251
99 252
135 253
156 256
104 262
106 263
121 264
131 266
110 268
96 270
95 272
83 275
80 276
84 278
77 280
75 282
78 284
56 287
54 289
57 290
76 292
82 293
139 294
129 296
134 298
145 299
124 302
126 304
127 305
128 306
143 308
144 309
150 310
147 311
152 313
154 314
184 315
182 317
177 319
181 320
187 322
215 324
185 325
194 326
219 327
207 329
206 331
204 333
199 335
200 337
196 339
197 340
217 342
228 343
259 344
250 347
256 348
261 349
262 350
254 351
273 353
275 354
272 356
270 357
274 358
276 359
278 360
280 362
288 365
285 367
286 369
283 370
21 372
17 374
14 376
16 378
18 380
10 383
7 386
3 388
5 389
11 391
13 392
9 394
2 396
0 397
0 1
1 2
1 3
3 4
4 5
5 6
6 7
7 8
8 9
9 10
10 11
10 12
12 13
13 14
13 15
12 16
16 17
16 18
18 19
19 20
19 21
21 22
21 23
18 24
24 25
25 26
26 27
26 28
25 29
24 30
30 31
31 32
31 33
30 34
34 35
35 36
36 37
37 38
38 39
38 40
40 41
41 42
41 43
40 44
37 45
45 46
45 47
47 48
47 49
49 50
50 51
50 52
52 53
53 54
53 55
55 56
55 57
52 58
49 59
59 60
59 61
36 62
62 63
62 64
35 65
65 66
65 67
67 68
67 69
34 70
70 71
70 72
72 73
72 74
9 75
75 76
76 77
77 78
78 79
79 80
80 81
81 82
82 83
83 84
83 85
85 86
86 87
87 88
87 89
86 90
90 91
91 92
92 93
92 94
94 95
94 96
91 97
90 98
85 99
82 100
100 101
101 102
102 103
103 104
104 105
104 106
103 107
107 108
107 109
102 110
101 111
111 112
111 113
100 114
114 115
115 116
116 117
116 118
118 119
119 120
120 121
120 122
119 123
118 124
124 125
125 126
126 127
127 128
128 129
129 130
130 131
131 132
131 133
133 134
134 135
135 136
135 137
137 138
137 139
139 140
139 141
134 142
133 143
143 144
144 145
144 146
146 147
146 148
148 149
148 150
150 151
150 152
152 153
153 154
153 155
152 156
143 157
157 158
158 159
158 160
160 161
161 162
161 163
160 164
157 165
165 166
165 167
167 168
168 169
169 170
169 171
171 172
171 173
168 174
174 175
174 176
167 177
177 178
178 179
179 180
179 181
178 182
182 183
183 184
183 185
182 186
186 187
186 188
177 189
189 190
190 191
190 192
189 193
130 194
129 195
128 196
196 197
197 198
198 199
199 200
200 201
201 202
201 203
203 204
203 205
205 206
206 207
206 208
205 209
200 210
210 211
211 212
211 213
210 214
199 215
215 216
216 217
216 218
218 219
219 220
220 221
220 222
222 223
222 224
224 225
224 226
219 227
227 228
228 229
229 230
230 231
230 232
229 233
228 234
227 235
235 236
236 237
237 238
238 239
238 240
240 241
240 242
242 243
243 244
243 245
242 246
237 247
236 248
235 249
249 250
249 251
218 252
215 253
198 254
254 255
255 256
255 257
257 258
258 259
259 260
260 261
261 262
261 263
260 264
259 265
265 266
265 267
267 268
267 269
269 270
269 271
271 272
271 273
273 274
274 275
274 276
273 277
277 278
277 279
279 280
279 281
281 282
281 283
283 284
283 285
285 286
286 287
286 288
288 289
288 290
285 291
291 292
291 293
258 294
257 295
295 296
295 297
297 298
297 299
254 300
300 301
301 302
301 303
303 304
303 305
300 306
197 307
307 308
307 309
196 310
127 311
126 312
312 313
312 314
125 315
124 316
316 317
316 318
318 319
318 320
115 321
321 322
321 323
323 324
323 325
114 326
81 327
80 328
328 329
328 330
330 331
330 332
332 333
332 334
334 335
334 336
336 337
336 338
338 339
338 340
79 341
341 342
341 343
78 344
77 345
345 346
346 347
346 348
345 349
76 350
75 351
8 352
352 353
352 354
7 355
355 356
355 357
6 358
5 359
4 360
3 361
361 362
361 363
363 364
364 365
364 366
366 367
366 368
368 369
368 370
363 371
371 372
371 373
373 374
373 375
375 376
375 377
377 378
377 379
379 380
379 381
381 382
382 383
382 384
384 385
385 386
385 387
387 388
387 389
384 390
390 391
390 392
381 393
393 394
393 395
395 396
395 397
