199
291
291
217 217
214 214
215 215
212 212
213 213
210 210
165 165
264 264
265 265
219 219
131 131
135 135
134 134
139 139
138 138
166 166
24 24
25 25
27 27
21 21
22 22
160 160
28 28
29 29
222 222
0 0
281 281
280 280
283 283
163 163
285 285
286 286
119 119
121 121
261 261
123 123
124 124
126 126
127 127
128 128
129 129
268 268
220 220
118 118
54 54
57 57
56 56
51 51
50 50
53 53
259 259
199 199
200 200
195 195
194 194
197 197
178 178
190 190
193 193
115 115
114 114
88 88
116 116
274 274
110 110
276 276
112 112
82 82
83 83
80 80
86 86
87 87
84 84
85 85
251 251
256 256
226 226
3 3
7 7
245 245
244 244
181 181
109 109
241 241
240 240
243 243
242 242
103 103
100 100
106 106
107 107
104 104
39 39
33 33
32 32
31 31
37 37
36 36
35 35
246 246
252 252
60 60
61 61
63 63
64 64
66 66
67 67
177 177
69 69
175 175
174 174
253 253
172 172
254 254
170 170
203 203
272 272
288 288
248 248
182 182
180 180
2 2
187 187
184 184
185 185
250 250
189 189
196 196
99 99
98 98
168 168
229 229
228 228
90 90
93 93
167 167
95 95
161 161
162 162
96 96
11 11
10 10
13 13
14 14
17 17
16 16
18 18
117 117
273 273
204 204
275 275
151 151
150 150
152 152
154 154
157 157
156 156
159 159
278 278
238 238
235 235
237 237
230 230
231 231
233 233
224 224
48 48
46 46
47 47
44 44
42 42
43 43
40 40
41 41
5 5
9 9
201 201
147 147
144 144
145 145
143 143
207 207
206 206
208 208
148 148
149 149
77 77
76 76
75 75
74 74
73 73
72 72
71 71
70 70
79 79
78 78
262 262
270 270
267 267
223 216
216 217
211 214
216 215
211 212
211 213
211 210
234 211
164 165
263 264
266 265
223 218
218 219
140 133
141 132
130 131
141 130
142 137
137 136
133 135
133 134
140 139
137 138
183 166
23 24
26 25
32 26
26 27
289 20
20 21
23 22
26 23
158 160
26 28
30 29
158 161
290 289
1 0
6 4
282 281
15 8
284 283
164 163
284 285
287 284
289 287
284 286
132 119
274 271
263 258
130 120
120 121
132 122
122 123
125 124
133 125
125 126
125 127
125 128
125 129
274 269
269 268
166 167
117 118
91 59
59 58
75 55
55 54
55 57
55 56
52 51
49 50
52 53
58 52
260 259
291 290
169 164
202 201
198 199
192 179
198 200
192 195
192 194
198 197
179 178
192 191
191 190
192 193
216 192
137 115
115 114
89 88
102 89
130 111
111 110
132 113
113 112
81 82
81 83
81 80
94 81
85 86
85 87
81 84
113 85
252 251
205 198
255 256
205 206
225 226
258 257
4 3
176 177
255 254
6 7
258 247
274 273
260 255
242 225
242 245
242 244
136 108
108 109
242 241
239 240
242 243
257 242
133 102
102 103
101 100
119 101
105 106
108 107
105 104
120 105
38 39
45 38
34 33
70 32
30 31
45 30
38 37
34 36
34 35
45 34
242 246
290 282
263 252
218 205
227 223
181 176
59 60
62 61
79 62
62 63
65 64
71 65
65 66
68 67
89 68
68 69
173 175
173 174
179 173
171 172
191 171
171 170
202 203
221 222
287 288
183 181
252 253
247 248
181 182
188 183
179 180
1 2
158 162
186 187
183 184
15 6
221 220
192 186
192 188
188 189
209 202
197 196
242 221
186 185
97 99
97 98
169 168
173 169
230 229
227 228
122 91
91 90
92 93
132 92
94 95
111 94
102 97
94 96
12 11
8 10
12 13
19 12
19 15
15 14
15 17
15 16
20 19
15 18
136 117
249 250
117 116
277 274
205 204
274 275
149 151
149 150
155 153
153 152
176 155
153 154
158 157
155 156
158 159
171 158
279 277
242 234
239 238
257 239
282 279
205 207
234 235
258 236
236 237
247 230
232 231
236 232
232 233
225 224
279 280
49 48
58 49
45 46
45 47
45 44
92 45
38 42
38 43
38 40
38 41
8 1
4 5
8 9
271 272
149 146
146 147
142 144
146 145
149 142
142 143
149 140
149 141
211 209
209 208
149 148
155 149
75 77
75 76
81 75
71 74
71 73
71 72
97 71
71 70
277 278
101 79
75 78
266 263
260 249
260 262
249 227
260 261
271 270
274 260
277 276
266 267
269 266
