196
276
276
216 216
217 217
214 214
213 213
210 210
211 211
264 264
218 218
132 132
131 131
137 137
136 136
135 135
134 134
138 138
166 166
24 24
25 25
250 250
167 167
20 20
22 22
160 160
28 28
29 29
222 222
0 0
4 4
163 163
119 119
120 120
121 121
123 123
124 124
266 266
127 127
128 128
129 129
268 268
220 220
59 59
58 58
55 55
54 54
227 227
56 56
51 51
50 50
53 53
52 52
164 164
201 201
198 198
195 195
197 197
178 178
191 191
203 203
193 193
192 192
115 115
177 177
117 117
89 89
111 111
275 275
113 113
112 112
82 82
83 83
80 80
86 86
118 118
165 165
85 85
251 251
226 226
3 3
7 7
247 247
255 255
225 225
244 244
181 181
109 109
241 241
242 242
102 102
103 103
100 100
101 101
249 249
107 107
105 105
39 39
38 38
33 33
32 32
224 224
36 36
35 35
252 252
205 205
223 223
61 61
62 62
259 259
64 64
65 65
179 179
67 67
68 68
175 175
174 174
173 173
172 172
254 254
170 170
271 271
182 182
183 183
2 2
186 186
184 184
188 188
189 189
202 202
196 196
99 99
98 98
168 168
169 169
229 229
91 91
90 90
93 93
92 92
95 95
161 161
96 96
10 10
13 13
12 12
15 15
16 16
18 18
88 88
151 151
150 150
152 152
155 155
154 154
157 157
159 159
158 158
239 239
236 236
237 237
230 230
232 232
233 233
48 48
49 49
47 47
44 44
45 45
42 42
43 43
40 40
5 5
9 9
146 146
200 200
144 144
145 145
142 142
143 143
140 140
206 206
209 209
208 208
148 148
149 149
77 77
76 76
75 75
73 73
71 71
70 70
79 79
78 78
263 263
262 262
270 270
260 260
267 267
215 216
215 217
215 214
221 215
231 212
212 213
228 210
212 211
162 165
261 264
274 265
219 218
234 219
162 133
133 132
130 131
143 130
133 137
133 136
133 135
133 134
156 139
139 138
185 166
23 24
26 25
30 26
30 27
21 20
27 21
23 22
26 23
156 160
27 28
27 29
162 161
1 0
1 4
14 8
162 163
120 119
272 271
273 258
126 120
122 121
125 122
122 123
125 124
162 125
143 126
126 127
126 128
130 129
273 269
265 268
219 220
60 59
57 58
49 55
49 54
76 57
57 56
49 51
49 50
49 53
49 52
258 259
162 164
199 201
210 199
180 179
199 200
194 195
204 194
196 197
176 178
190 191
194 190
194 193
190 192
114 115
116 114
104 88
139 116
110 111
116 110
114 113
110 112
81 82
84 83
81 80
87 81
84 86
104 87
94 84
84 85
248 251
199 198
257 256
207 206
228 226
269 257
1 3
176 177
253 254
6 7
248 247
274 273
256 255
226 225
246 245
245 244
133 108
108 109
240 241
245 240
246 243
243 242
97 102
97 103
97 100
97 101
139 106
106 107
110 104
106 105
37 39
37 38
34 33
31 32
223 224
31 30
261 37
37 36
34 35
265 34
275 246
166 162
253 252
204 205
248 223
180 176
87 60
60 61
63 62
88 63
63 64
66 65
84 66
66 67
69 68
76 69
174 175
176 174
174 173
171 172
180 171
171 170
202 203
221 222
180 181
256 253
257 248
180 182
215 183
185 180
1 2
166 167
202 187
183 184
21 6
187 186
187 188
190 189
212 202
215 196
228 221
202 185
97 99
97 98
166 168
166 169
228 229
231 228
92 91
89 90
92 93
97 92
94 95
104 94
120 97
97 96
19 11
11 10
11 13
11 12
14 15
19 14
27 17
17 16
23 19
17 18
126 117
248 250
139 89
276 274
215 204
258 31
276 275
150 151
156 150
166 153
153 152
156 155
153 154
156 157
176 156
156 159
156 158
248 234
243 238
238 239
215 207
240 235
235 236
238 237
231 230
234 231
231 232
234 233
49 48
76 49
57 46
46 47
43 44
46 45
41 42
74 43
41 40
117 118
8 1
6 5
8 9
273 272
147 146
149 147
143 144
143 145
141 142
162 143
141 140
150 141
210 209
207 208
147 148
166 149
76 77
81 76
74 75
76 74
72 73
108 72
72 71
69 70
76 79
76 78
261 263
248 249
261 262
228 227
272 261
269 270
235 41
261 260
265 267
265 266
