492
655
655
0 269
346 110
340 441
341 248
342 392
343 327
348 165
349 104
595 93
619 35
299 39
296 153
297 87
295 348
292 265
293 234
291 37
590 67
593 649
592 442
199 396
198 90
597 610
596 286
195 224
598 296
197 75
191 259
190 522
193 622
270 231
271 503
272 15
273 79
274 147
275 464
276 346
277 186
278 322
279 510
524 14
526 619
527 65
520 563
522 342
523 604
529 34
449 429
448 637
443 632
442 460
441 38
440 230
447 316
446 2
445 420
444 414
108 130
102 98
100 385
101 498
107 608
104 53
105 228
39 293
38 191
33 278
32 341
31 268
30 102
37 585
36 179
35 547
34 431
641 49
640 311
643 357
438 445
439 379
649 351
437 54
435 609
432 254
433 51
430 187
431 170
338 635
335 271
337 526
336 120
331 388
333 367
345 496
98 413
91 277
90 384
93 175
92 114
95 314
94 232
97 620
559 555
558 633
555 21
556 285
551 61
550 162
553 418
239 467
234 517
236 477
237 512
230 202
231 443
232 10
614 529
147 172
144 358
145 222
140 26
141 66
613 426
610 180
611 121
616 17
617 590
148 144
623 201
622 542
133 430
132 287
130 601
137 303
136 160
135 439
134 245
494 209
495 216
139 292
497 568
490 8
491 42
492 176
24 161
26 446
27 215
20 595
21 88
22 523
28 46
29 91
407 506
405 459
404 422
402 276
401 502
409 137
379 43
371 225
370 536
372 495
375 399
374 461
377 300
393 579
392 650
88 605
89 105
396 289
395 89
82 541
399 499
81 617
87 428
84 419
85 56
7 31
586 204
587 333
584 355
585 229
582 178
583 360
580 345
589 511
245 593
244 574
246 559
240 127
242 159
249 469
248 411
519 205
511 240
510 532
513 613
512 249
515 214
514 530
517 321
458 452
459 480
621 295
620 470
627 465
626 173
451 237
452 338
453 257
455 227
456 220
179 207
178 598
600 152
176 564
175 412
173 55
172 95
170 527
182 280
183 305
180 490
2 410
186 122
187 616
184 603
185 405
188 638
653 584
650 163
11 627
10 72
13 200
15 524
14 592
17 145
16 492
18 456
322 5
323 409
320 24
321 444
327 607
324 198
325 471
329 545
201 544
200 575
203 140
202 168
205 284
204 236
207 463
209 136
208 473
76 371
75 336
74 310
72 611
71 308
70 323
79 343
78 92
542 437
543 416
541 626
546 331
547 474
544 123
545 255
8 264
549 70
120 404
121 304
122 129
123 41
124 141
125 646
126 167
127 596
128 164
129 267
414 447
416 335
417 320
410 193
411 543
412 32
413 417
498 132
418 244
419 272
499 217
318 500
312 366
311 515
310 262
316 252
315 374
314 453
496 491
3 133
369 556
366 558
367 390
364 448
362 440
363 81
360 483
361 324
380 29
382 315
384 84
385 587
386 242
388 203
579 148
604 270
570 580
577 28
607 561
575 488
574 11
61 425
62 27
259 507
65 600
66 275
67 7
252 113
69 614
251 212
257 433
254 125
255 119
509 251
506 475
507 18
505 489
502 108
503 520
500 134
630 76
631 553
632 184
633 69
469 40
635 94
636 549
637 169
465 567
464 78
467 283
461 71
460 485
463 82
462 183
168 297
169 199
164 497
165 156
166 9
167 117
160 274
161 586
162 350
163 589
9 219
646 260
648 101
357 97
356 62
355 126
353 337
351 36
350 329
358 115
216 20
217 33
214 407
215 640
212 363
210 107
219 533
289 4
4 182
281 519
280 302
283 166
282 197
285 190
284 116
287 582
286 349
263 210
262 432
260 386
267 361
266 514
265 623
264 636
269 291
268 279
59 398
58 353
55 505
54 135
57 438
56 423
51 393
53 402
537 128
536 577
535 208
533 0
532 364
530 550
539 307
115 449
114 455
117 597
116 340
111 188
110 566
113 22
119 139
429 570
428 377
420 537
423 263
422 395
425 312
426 273
308 583
300 111
302 487
303 641
304 369
305 362
307 630
568 370
561 380
563 356
564 551
566 535
567 282
229 372
228 513
227 246
225 391
224 458
222 74
220 45
391 621
390 653
605 195
150 375
153 299
152 59
601 47
154 509
603 124
156 281
159 648
609 57
608 266
398 325
49 185
46 435
47 462
45 239
42 482
43 16
40 3
41 150
638 546
5 494
489 318
488 85
487 58
485 472
483 382
482 478
480 30
472 13
473 100
470 401
471 154
477 451
474 631
475 539
478 643
371 344
1 0
347 346
365 347
339 340
342 341
378 342
344 343
347 348
347 349
594 595
647 606
647 594
618 619
378 298
298 299
294 296
298 297
298 294
294 295
290 292
290 293
298 290
290 291
607 591
591 590
594 593
591 592
196 199
196 198
594 597
594 596
196 195
211 194
196 197
213 196
189 191
189 190
194 193
294 192
288 270
270 271
270 272
274 273
290 274
274 275
274 276
274 277
274 278
274 279
525 524
560 525
525 526
528 527
521 520
534 521
521 522
521 523
647 599
534 528
528 529
450 449
440 448
440 443
440 442
440 441
457 440
440 447
440 446
440 445
440 444
109 108
181 109
103 102
131 103
99 100
99 101
178 106
106 107
103 104
106 105
28 39
28 38
28 33
28 32
28 31
28 30
28 37
28 36
28 35
28 34
642 641
639 640
644 643
645 642
651 645
645 644
437 438
440 439
440 436
468 437
436 434
436 435
431 432
434 433
429 430
440 431
359 339
339 338
334 335
354 334
334 337
334 336
332 331
359 330
334 333
352 332
344 345
28 6
123 99
99 98
92 91
89 90
92 93
118 92
96 95
92 94
96 97
123 96
560 559
557 558
554 555
569 554
562 557
557 556
552 551
548 550
552 553
569 552
294 238
238 239
235 234
256 235
235 236
238 237
228 230
274 231
233 232
241 233
44 1
615 614
161 146
146 147
143 144
146 145
157 142
177 143
141 140
155 141
624 612
612 613
607 610
612 611
615 616
618 617
149 148
178 149
618 623
618 622
161 133
131 132
178 131
131 130
138 137
133 136
133 135
133 134
493 494
493 495
138 139
143 138
486 490
486 491
493 492
534 493
23 24
44 25
25 26
28 27
19 20
19 21
19 22
28 23
44 28
28 29
408 407
440 406
406 405
403 404
421 403
403 402
400 401
418 400
652 629
408 409
434 408
629 628
378 379
437 378
383 371
368 370
440 373
373 372
376 375
373 374
376 377
408 376
624 618
394 393
440 392
87 88
118 89
406 397
397 396
394 395
431 394
83 82
99 83
133 80
80 81
92 86
133 87
83 84
86 85
6 7
602 601
647 607
583 586
583 587
583 584
583 585
583 582
607 583
581 580
607 581
647 588
588 589
243 245
243 244
261 247
247 246
294 241
241 240
258 243
243 242
618 615
250 249
247 248
518 519
534 518
508 511
508 510
514 513
508 512
516 515
516 514
518 517
534 516
457 458
457 459
618 621
618 620
628 627
625 626
628 625
625 624
466 450
450 451
450 452
454 453
467 454
454 455
457 456
476 457
178 179
181 178
181 177
177 176
174 175
181 174
174 173
171 172
194 171
171 170
655 654
274 253
181 182
181 183
181 180
192 181
181 186
181 187
181 184
181 185
654 652
189 188
192 189
654 653
647 650
652 651
12 11
9 10
12 13
28 12
25 15
15 14
28 17
17 16
23 19
19 18
63 62
323 322
330 323
319 320
319 321
359 326
326 327
323 324
326 325
330 328
328 329
196 201
196 200
196 203
196 202
206 205
196 204
206 207
211 206
206 209
206 208
112 77
77 76
73 75
73 74
112 73
73 72
68 71
68 70
80 79
77 78
1 2
543 542
554 543
583 540
540 541
545 546
548 547
543 544
569 545
9 8
569 548
548 549
99 68
599 598
118 120
118 121
123 122
149 123
123 124
123 125
142 126
126 127
126 128
126 129
415 414
440 415
415 416
418 417
468 410
410 411
440 412
412 413
496 498
468 418
418 419
496 499
328 319
317 318
319 313
313 312
309 311
309 310
354 317
317 316
313 315
313 314
501 496
496 497
28 3
381 368
368 369
365 366
368 367
365 364
392 365
359 362
359 363
359 360
359 361
378 380
387 381
381 382
440 383
383 384
383 385
387 386
457 387
389 388
440 389
606 605
578 579
588 578
602 604
583 573
578 572
572 571
571 570
576 577
581 576
576 575
573 574
99 60
60 61
290 258
258 259
86 64
64 65
64 66
68 67
253 252
68 69
288 250
250 251
309 256
258 257
253 254
256 255
602 603
606 602
534 508
508 509
504 506
508 507
534 504
504 505
501 502
504 503
496 500
534 501
629 630
632 631
639 632
634 633
468 469
496 468
634 636
634 637
466 465
462 464
468 467
479 466
462 461
457 460
462 463
468 462
161 168
161 169
161 164
161 165
161 166
161 167
161 160
177 161
161 162
161 163
599 600
28 9
651 647
647 646
647 649
647 648
354 357
354 356
354 355
378 354
354 353
378 352
352 351
347 350
410 359
359 358
213 216
218 217
213 214
213 215
213 212
258 213
211 210
274 211
221 218
218 219
290 289
290 288
3 4
274 281
274 280
274 283
274 282
274 285
274 284
274 287
274 286
261 263
261 262
274 261
261 260
261 267
261 266
261 265
261 264
301 269
269 268
60 59
57 58
68 55
55 54
64 57
57 56
50 51
63 50
52 53
112 52
538 537
534 536
534 535
142 63
534 533
531 532
540 531
531 530
538 539
562 538
116 115
112 114
116 117
149 116
112 111
109 110
112 113
158 112
118 119
161 118
440 429
427 428
554 534
429 421
418 420
424 423
421 422
424 425
468 424
440 427
427 426
309 308
352 309
301 300
352 301
303 302
347 303
303 304
306 305
332 306
306 307
569 568
572 569
562 560
560 561
573 562
562 563
565 564
571 565
565 566
565 567
228 229
243 228
226 227
231 226
226 225
223 224
233 223
223 222
223 221
221 220
389 391
389 390
155 151
151 150
154 153
151 152
161 155
206 154
161 157
157 156
158 159
181 158
607 609
607 608
642 634
400 399
634 635
397 398
52 48
50 49
44 46
48 47
48 44
44 45
28 42
44 43
28 40
28 41
634 638
6 5
644 639
486 489
486 488
486 487
496 486
486 485
496 484
484 483
481 482
484 481
481 480
468 472
468 473
468 470
468 471
479 476
476 477
479 474
474 475
479 478
496 479
