492
655
655
0 159
346 603
340 401
341 455
342 78
343 614
348 56
349 46
595 74
619 649
299 107
296 395
297 377
295 464
292 435
293 55
291 278
590 574
593 117
592 249
199 30
198 284
597 274
596 393
195 2
598 66
197 14
191 567
190 201
193 430
270 526
271 496
272 195
273 20
274 234
275 259
276 212
277 43
278 623
279 178
524 281
526 404
527 536
520 222
522 379
523 170
529 459
449 152
448 245
443 563
442 305
441 71
440 283
447 456
446 482
445 566
444 388
108 217
102 204
100 304
101 595
107 11
104 620
105 89
39 275
38 79
33 126
32 277
31 31
30 53
37 295
36 495
35 200
34 163
641 443
640 475
643 596
438 396
439 580
649 503
437 270
435 491
432 39
433 145
430 545
431 246
338 431
335 446
337 382
336 478
331 129
333 286
345 553
98 102
91 561
90 547
93 263
92 42
95 116
94 242
97 613
559 312
558 489
555 179
556 154
551 633
550 411
553 444
239 320
234 268
236 134
237 399
230 76
231 293
232 5
614 517
147 509
144 176
145 631
140 432
141 271
613 302
610 67
611 342
616 133
617 84
148 114
623 167
622 203
133 584
132 8
130 592
137 135
136 273
135 355
134 13
494 59
495 156
139 419
497 417
490 197
491 499
492 627
24 462
26 153
27 139
20 193
21 488
22 542
28 88
29 51
407 541
405 128
404 646
402 162
401 3
409 598
379 269
371 422
370 474
372 392
375 180
374 471
377 340
393 70
392 448
88 362
89 418
396 311
395 291
82 337
399 224
81 229
87 358
84 240
85 485
7 148
586 24
587 449
584 348
585 609
582 577
583 231
580 533
589 480
245 600
244 523
246 108
240 604
242 331
249 26
248 514
519 27
511 366
510 559
513 265
512 367
515 127
514 589
517 314
458 160
459 54
621 327
620 440
627 497
626 414
451 439
452 527
453 164
455 214
456 82
179 85
178 248
600 101
176 429
175 409
173 641
172 369
170 91
182 492
183 375
180 441
2 638
186 45
187 232
184 555
185 104
188 532
653 207
650 322
11 390
10 184
13 125
15 65
14 621
17 512
16 564
18 0
322 487
323 37
320 546
321 582
327 144
324 643
325 442
329 120
201 32
200 121
203 473
202 282
205 315
204 7
207 433
209 62
208 544
76 605
75 166
74 215
72 611
71 551
70 136
79 428
78 191
542 287
543 364
541 470
546 285
547 72
544 607
545 325
8 361
549 272
120 570
121 370
122 297
123 637
124 461
125 469
126 220
127 292
128 513
129 507
414 410
416 463
417 583
410 407
411 445
412 635
413 648
498 264
418 452
419 10
499 363
318 267
312 426
311 380
310 619
316 230
315 219
314 87
496 593
3 343
369 360
366 122
367 374
364 61
362 384
363 345
360 510
361 386
380 257
382 227
384 81
385 186
386 451
388 575
579 168
604 16
570 216
577 18
607 522
575 279
574 266
61 616
62 349
259 371
65 539
66 412
67 21
252 438
69 318
251 356
257 465
254 255
255 498
509 617
506 185
507 190
505 28
502 251
503 500
500 307
630 209
631 472
632 17
633 165
469 391
635 130
636 585
637 477
465 29
464 97
467 47
461 49
460 425
463 187
462 335
168 34
169 119
164 40
165 33
166 511
167 341
160 137
161 502
162 630
163 110
9 529
646 535
648 346
357 506
356 530
355 416
353 175
351 458
350 161
358 115
216 183
217 4
214 205
215 308
212 556
210 338
219 188
289 524
4 626
281 254
280 568
283 490
282 321
285 202
284 208
287 353
286 550
263 323
262 280
260 169
267 15
266 405
265 372
264 653
269 549
268 420
59 303
58 329
55 172
54 140
57 632
56 237
51 515
53 225
537 597
536 299
535 316
533 467
532 75
530 520
539 505
115 38
114 36
117 41
116 336
111 650
110 244
113 300
119 173
429 543
428 198
420 182
423 210
422 519
425 385
426 141
308 252
300 640
302 100
303 437
304 95
305 239
307 94
568 423
561 357
563 622
564 132
566 22
567 587
229 105
228 333
227 58
225 260
224 199
222 98
220 228
391 537
390 124
605 447
150 453
153 398
152 460
601 413
154 90
603 262
156 608
159 610
609 579
608 483
398 147
49 590
46 351
47 276
45 111
42 57
43 289
40 350
41 402
638 93
5 9
489 586
488 494
487 558
485 92
483 35
482 324
480 150
472 310
473 123
470 236
471 636
477 601
474 69
475 113
478 296
371 344
1 0
347 346
365 347
339 340
342 341
378 342
344 343
347 348
347 349
594 595
647 606
647 594
618 619
378 298
298 299
294 296
298 297
298 294
294 295
290 292
290 293
298 290
290 291
607 591
591 590
594 593
591 592
196 199
196 198
594 597
594 596
196 195
211 194
196 197
213 196
189 191
189 190
194 193
294 192
288 270
270 271
270 272
274 273
290 274
274 275
274 276
274 277
274 278
274 279
525 524
560 525
525 526
528 527
521 520
534 521
521 522
521 523
647 599
534 528
528 529
450 449
440 448
440 443
440 442
440 441
457 440
440 447
440 446
440 445
440 444
109 108
181 109
103 102
131 103
99 100
99 101
178 106
106 107
103 104
106 105
28 39
28 38
28 33
28 32
28 31
28 30
28 37
28 36
28 35
28 34
642 641
639 640
644 643
645 642
651 645
645 644
437 438
440 439
440 436
468 437
436 434
436 435
431 432
434 433
429 430
440 431
359 339
339 338
334 335
354 334
334 337
334 336
332 331
359 330
334 333
352 332
344 345
28 6
123 99
99 98
92 91
89 90
92 93
118 92
96 95
92 94
96 97
123 96
560 559
557 558
554 555
569 554
562 557
557 556
552 551
548 550
552 553
569 552
294 238
238 239
235 234
256 235
235 236
238 237
228 230
274 231
233 232
241 233
44 1
615 614
161 146
146 147
143 144
146 145
157 142
177 143
141 140
155 141
624 612
612 613
607 610
612 611
615 616
618 617
149 148
178 149
618 623
618 622
161 133
131 132
178 131
131 130
138 137
133 136
133 135
133 134
493 494
493 495
138 139
143 138
486 490
486 491
493 492
534 493
23 24
44 25
25 26
28 27
19 20
19 21
19 22
28 23
44 28
28 29
408 407
440 406
406 405
403 404
421 403
403 402
400 401
418 400
652 629
408 409
434 408
629 628
378 379
437 378
383 371
368 370
440 373
373 372
376 375
373 374
376 377
408 376
624 618
394 393
440 392
87 88
118 89
406 397
397 396
394 395
431 394
83 82
99 83
133 80
80 81
92 86
133 87
83 84
86 85
6 7
602 601
647 607
583 586
583 587
583 584
583 585
583 582
607 583
581 580
607 581
647 588
588 589
243 245
243 244
261 247
247 246
294 241
241 240
258 243
243 242
618 615
250 249
247 248
518 519
534 518
508 511
508 510
514 513
508 512
516 515
516 514
518 517
534 516
457 458
457 459
618 621
618 620
628 627
625 626
628 625
625 624
466 450
450 451
450 452
454 453
467 454
454 455
457 456
476 457
178 179
181 178
181 177
177 176
174 175
181 174
174 173
171 172
194 171
171 170
655 654
274 253
181 182
181 183
181 180
192 181
181 186
181 187
181 184
181 185
654 652
189 188
192 189
654 653
647 650
652 651
12 11
9 10
12 13
28 12
25 15
15 14
28 17
17 16
23 19
19 18
63 62
323 322
330 323
319 320
319 321
359 326
326 327
323 324
326 325
330 328
328 329
196 201
196 200
196 203
196 202
206 205
196 204
206 207
211 206
206 209
206 208
112 77
77 76
73 75
73 74
112 73
73 72
68 71
68 70
80 79
77 78
1 2
543 542
554 543
583 540
540 541
545 546
548 547
543 544
569 545
9 8
569 548
548 549
99 68
599 598
118 120
118 121
123 122
149 123
123 124
123 125
142 126
126 127
126 128
126 129
415 414
440 415
415 416
418 417
468 410
410 411
440 412
412 413
496 498
468 418
418 419
496 499
328 319
317 318
319 313
313 312
309 311
309 310
354 317
317 316
313 315
313 314
501 496
496 497
28 3
381 368
368 369
365 366
368 367
365 364
392 365
359 362
359 363
359 360
359 361
378 380
387 381
381 382
440 383
383 384
383 385
387 386
457 387
389 388
440 389
606 605
578 579
588 578
602 604
583 573
578 572
572 571
571 570
576 577
581 576
576 575
573 574
99 60
60 61
290 258
258 259
86 64
64 65
64 66
68 67
253 252
68 69
288 250
250 251
309 256
258 257
253 254
256 255
602 603
606 602
534 508
508 509
504 506
508 507
534 504
504 505
501 502
504 503
496 500
534 501
629 630
632 631
639 632
634 633
468 469
496 468
634 636
634 637
466 465
462 464
468 467
479 466
462 461
457 460
462 463
468 462
161 168
161 169
161 164
161 165
161 166
161 167
161 160
177 161
161 162
161 163
599 600
28 9
651 647
647 646
647 649
647 648
354 357
354 356
354 355
378 354
354 353
378 352
352 351
347 350
410 359
359 358
213 216
218 217
213 214
213 215
213 212
258 213
211 210
274 211
221 218
218 219
290 289
290 288
3 4
274 281
274 280
274 283
274 282
274 285
274 284
274 287
274 286
261 263
261 262
274 261
261 260
261 267
261 266
261 265
261 264
301 269
269 268
60 59
57 58
68 55
55 54
64 57
57 56
50 51
63 50
52 53
112 52
538 537
534 536
534 535
142 63
534 533
531 532
540 531
531 530
538 539
562 538
116 115
112 114
116 117
149 116
112 111
109 110
112 113
158 112
118 119
161 118
440 429
427 428
554 534
429 421
418 420
424 423
421 422
424 425
468 424
440 427
427 426
309 308
352 309
301 300
352 301
303 302
347 303
303 304
306 305
332 306
306 307
569 568
572 569
562 560
560 561
573 562
562 563
565 564
571 565
565 566
565 567
228 229
243 228
226 227
231 226
226 225
223 224
233 223
223 222
223 221
221 220
389 391
389 390
155 151
151 150
154 153
151 152
161 155
206 154
161 157
157 156
158 159
181 158
607 609
607 608
642 634
400 399
634 635
397 398
52 48
50 49
44 46
48 47
48 44
44 45
28 42
44 43
28 40
28 41
634 638
6 5
644 639
486 489
486 488
486 487
496 486
486 485
496 484
484 483
481 482
484 481
481 480
468 472
468 473
468 470
468 471
479 476
476 477
479 474
474 475
479 478
496 479
