492
983
0
653 2
630 5
627 7
626 9
611 12
613 13
621 15
620 18
623 19
617 22
619 23
622 25
614 27
616 28
641 31
640 35
631 37
632 38
643 39
637 41
633 43
636 46
638 47
635 48
646 50
649 52
650 54
598 57
601 60
603 62
604 63
605 64
590 68
592 69
609 74
610 75
530 79
532 81
541 82
585 84
586 85
583 87
582 89
584 91
556 94
558 96
537 99
539 101
563 102
587 105
559 106
561 108
526 110
524 111
574 112
608 114
580 116
575 118
577 119
607 120
597 124
593 126
595 127
596 128
600 131
648 132
589 134
579 136
570 139
566 142
564 143
567 144
551 148
553 149
547 152
550 154
549 155
545 158
546 159
568 160
544 163
543 165
542 166
555 168
523 172
511 174
507 176
512 177
509 179
510 180
533 183
503 186
506 187
505 188
529 194
527 195
514 198
513 199
520 201
522 202
517 205
519 206
515 207
535 208
536 210
495 212
494 215
492 216
498 222
497 223
502 225
487 229
485 231
489 232
491 234
490 235
488 236
496 237
500 239
483 241
482 243
480 244
499 247
451 249
452 252
475 254
465 258
478 259
477 261
446 266
447 270
442 271
441 272
444 276
426 277
433 280
407 283
409 284
375 286
377 287
428 289
416 291
385 294
384 296
371 298
345 300
343 301
448 302
440 305
372 311
374 312
445 313
392 315
391 319
388 320
390 321
366 324
303 328
302 330
304 331
346 332
349 334
348 336
350 337
364 338
435 339
422 344
404 346
402 347
430 348
429 349
458 350
414 353
443 354
431 358
395 361
393 362
432 363
413 365
412 366
396 369
398 370
405 371
439 373
386 375
369 379
367 380
370 381
382 382
459 384
456 385
460 386
474 387
449 388
411 393
340 395
327 399
361 400
320 404
321 406
314 408
315 410
312 411
329 412
322 415
363 416
323 418
324 419
362 423
325 424
358 425
338 427
360 428
410 429
423 432
425 433
401 437
399 438
418 440
417 443
420 444
419 445
469 446
464 450
461 452
473 453
463 455
462 456
471 459
470 462
453 464
455 465
467 466
472 468
437 471
438 472
351 476
379 478
355 482
357 483
356 485
337 489
335 490
318 492
336 493
333 494
353 495
342 496
316 498
307 503
305 504
331 505
300 508
269 510
268 511
311 514
310 515
234 519
236 520
255 521
308 522
380 524
341 526
299 528
297 531
259 537
214 539
215 542
198 549
200 550
195 551
197 553
199 554
203 555
201 558
202 559
204 560
216 561
212 562
291 563
292 565
242 570
228 573
245 575
244 577
230 578
229 579
273 580
251 582
249 583
293 584
289 586
282 589
271 591
270 593
272 594
277 598
267 603
264 604
263 605
262 608
265 609
260 610
266 612
285 614
246 616
248 617
275 622
283 624
279 625
281 626
252 630
254 631
276 633
286 634
278 635
274 637
280 639
284 641
225 645
227 646
287 647
231 648
193 651
172 653
170 654
210 656
205 659
207 660
154 663
153 664
208 666
209 667
257 668
296 671
237 673
239 674
295 676
240 678
222 683
224 684
220 686
219 688
217 689
232 690
190 694
188 695
191 696
185 698
186 700
178 704
105 707
107 708
179 709
124 714
98 720
101 721
54 725
55 726
67 729
70 730
71 732
69 733
59 736
61 737
100 738
84 740
82 741
122 742
97 746
95 747
125 748
123 749
148 750
115 752
117 754
116 755
132 757
130 759
104 761
102 762
183 766
182 768
108 770
110 771
187 773
120 778
119 779
85 783
66 785
65 787
58 789
56 791
57 792
91 795
94 797
93 798
92 799
121 800
89 802
90 803
168 808
169 809
141 813
140 814
150 816
152 817
156 820
129 823
62 825
51 827
49 828
127 830
128 832
126 833
81 838
79 839
136 840
87 844
88 845
135 846
133 847
134 848
161 851
162 854
147 855
145 856
167 859
144 862
139 864
137 865
164 866
166 868
160 869
163 871
165 872
176 876
173 878
175 879
180 880
184 882
159 884
111 887
114 889
76 891
78 892
72 895
75 897
74 898
113 900
53 902
47 904
29 910
5 912
11 914
13 915
17 921
16 922
31 923
36 926
33 928
34 929
30 930
42 933
37 935
35 936
7 940
24 942
26 944
21 948
18 949
22 950
20 951
8 955
38 956
10 958
41 959
9 960
39 961
28 962
40 965
27 966
32 967
4 969
3 970
15 974
14 975
43 976
45 979
46 980
2 982
0 983
0 1
1 2
1 3
3 4
4 5
4 6
6 7
6 8
8 9
8 10
10 11
11 12
11 13
10 14
14 15
14 16
16 17
17 18
17 19
16 20
20 21
21 22
21 23
20 24
24 25
24 26
26 27
26 28
3 29
29 30
30 31
30 32
32 33
33 34
34 35
34 36
36 37
36 38
33 39
32 40
40 41
40 42
42 43
42 44
44 45
45 46
45 47
44 48
29 49
49 50
49 51
51 52
51 53
53 54
53 55
55 56
56 57
56 58
58 59
59 60
59 61
61 62
61 63
58 64
55 65
65 66
66 67
67 68
67 69
66 70
70 71
71 72
72 73
73 74
73 75
72 76
76 77
77 78
78 79
78 80
80 81
80 82
77 83
83 84
83 85
76 86
86 87
86 88
88 89
88 90
90 91
90 92
92 93
93 94
93 95
95 96
95 97
97 98
98 99
98 100
100 101
100 102
97 103
103 104
104 105
104 106
103 107
107 108
107 109
109 110
109 111
92 112
71 113
113 114
113 115
115 116
115 117
117 118
117 119
70 120
65 121
121 122
122 123
123 124
123 125
125 126
125 127
122 128
121 129
129 130
130 131
130 132
129 133
133 134
133 135
135 136
135 137
137 138
138 139
138 140
140 141
141 142
141 143
140 144
137 145
145 146
146 147
147 148
147 149
146 150
150 151
151 152
151 153
153 154
153 155
150 156
156 157
157 158
157 159
156 160
145 161
161 162
162 163
162 164
164 165
164 166
161 167
167 168
167 169
169 170
170 171
171 172
171 173
173 174
173 175
175 176
175 177
170 178
178 179
178 180
169 181
181 182
182 183
182 184
184 185
185 186
185 187
184 188
181 189
189 190
190 191
191 192
192 193
193 194
193 195
192 196
196 197
197 198
197 199
196 200
200 201
200 202
191 203
203 204
204 205
204 206
203 207
190 208
189 209
209 210
209 211
211 212
211 213
213 214
214 215
214 216
213 217
217 218
218 219
219 220
220 221
221 222
221 223
220 224
224 225
224 226
226 227
227 228
228 229
228 230
230 231
230 232
227 233
233 234
233 235
226 236
219 237
218 238
238 239
238 240
240 241
240 242
242 243
242 244
217 245
245 246
246 247
246 248
248 249
248 250
250 251
251 252
251 253
253 254
253 255
255 256
256 257
257 258
257 259
256 260
260 261
260 262
262 263
263 264
264 265
265 266
265 267
267 268
268 269
269 270
269 271
268 272
267 273
273 274
274 275
275 276
275 277
274 278
278 279
279 280
279 281
281 282
282 283
282 284
281 285
285 286
285 287
278 288
288 289
288 290
290 291
290 292
292 293
293 294
293 295
295 296
295 297
297 298
297 299
299 300
299 301
292 302
273 303
303 304
304 305
304 306
306 307
307 308
308 309
309 310
310 311
310 312
309 313
308 314
314 315
314 316
316 317
317 318
318 319
318 320
317 321
316 322
322 323
323 324
323 325
325 326
326 327
327 328
327 329
329 330
329 331
326 332
325 333
333 334
333 335
335 336
335 337
322 338
307 339
306 340
340 341
341 342
342 343
343 344
343 345
345 346
345 347
342 348
341 349
340 350
303 351
351 352
352 353
352 354
351 355
355 356
356 357
357 358
357 359
359 360
360 361
360 362
359 363
356 364
364 365
364 366
355 367
367 368
368 369
368 370
367 371
264 372
372 373
372 374
374 375
374 376
376 377
377 378
378 379
378 380
377 381
376 382
263 383
383 384
383 385
262 386
255 387
250 388
245 389
389 390
390 391
391 392
392 393
392 394
394 395
394 396
396 397
397 398
398 399
398 400
397 401
401 402
402 403
403 404
403 405
405 406
405 407
407 408
407 409
409 410
409 411
402 412
401 413
413 414
414 415
414 416
413 417
417 418
417 419
396 420
420 421
421 422
422 423
422 424
421 425
420 426
426 427
426 428
391 429
390 430
430 431
431 432
431 433
430 434
434 435
435 436
436 437
436 438
435 439
439 440
439 441
441 442
442 443
442 444
441 445
434 446
389 447
447 448
448 449
449 450
449 451
451 452
451 453
448 454
454 455
454 456
447 457
457 458
458 459
458 460
460 461
461 462
461 463
463 464
463 465
460 466
457 467
467 468
467 469
469 470
470 471
470 472
469 473
473 474
474 475
475 476
475 477
477 478
477 479
479 480
480 481
481 482
481 483
480 484
484 485
484 486
486 487
487 488
488 489
488 490
487 491
491 492
491 493
486 494
479 495
474 496
473 497
497 498
497 499
499 500
500 501
501 502
502 503
502 504
501 505
500 506
506 507
507 508
507 509
509 510
509 511
506 512
512 513
513 514
513 515
512 516
516 517
517 518
518 519
518 520
517 521
516 522
499 523
523 524
523 525
525 526
525 527
527 528
527 529
529 530
530 531
530 532
532 533
533 534
534 535
535 536
536 537
536 538
538 539
538 540
540 541
541 542
541 543
543 544
544 545
545 546
546 547
547 548
548 549
548 550
547 551
546 552
552 553
552 554
545 555
544 556
556 557
557 558
557 559
556 560
543 561
540 562
535 563
534 564
564 565
564 566
566 567
567 568
568 569
569 570
569 571
571 572
572 573
572 574
574 575
574 576
576 577
576 578
571 579
568 580
567 581
581 582
581 583
566 584
533 585
585 586
585 587
587 588
588 589
588 590
590 591
590 592
592 593
592 594
587 595
595 596
596 597
597 598
597 599
599 600
600 601
601 602
602 603
602 604
601 605
600 606
606 607
607 608
607 609
606 610
599 611
611 612
611 613
613 614
613 615
615 616
615 617
596 618
618 619
619 620
620 621
621 622
621 623
623 624
623 625
620 626
619 627
627 628
628 629
629 630
629 631
628 632
632 633
632 634
627 635
618 636
636 637
636 638
638 639
638 640
640 641
640 642
642 643
643 644
644 645
644 646
643 647
642 648
595 649
649 650
650 651
650 652
652 653
652 654
649 655
655 656
655 657
657 658
658 659
658 660
657 661
661 662
662 663
662 664
661 665
665 666
665 667
532 668
529 669
669 670
670 671
670 672
672 673
672 674
669 675
675 676
675 677
677 678
677 679
679 680
680 681
681 682
682 683
682 684
681 685
685 686
685 687
687 688
687 689
680 690
679 691
691 692
692 693
693 694
693 695
692 696
691 697
697 698
697 699
699 700
699 701
701 702
702 703
703 704
703 705
705 706
706 707
706 708
705 709
702 710
710 711
711 712
712 713
713 714
713 715
715 716
716 717
717 718
718 719
719 720
719 721
718 722
722 723
723 724
724 725
724 726
723 727
727 728
728 729
728 730
727 731
731 732
731 733
722 734
734 735
735 736
735 737
734 738
717 739
739 740
739 741
716 742
715 743
743 744
744 745
745 746
745 747
744 748
743 749
712 750
711 751
751 752
751 753
753 754
753 755
710 756
756 757
756 758
758 759
758 760
760 761
760 762
701 763
763 764
764 765
765 766
765 767
767 768
767 769
769 770
769 771
764 772
772 773
772 774
774 775
775 776
776 777
777 778
777 779
776 780
780 781
781 782
782 783
782 784
784 785
784 786
786 787
786 788
788 789
788 790
790 791
790 792
781 793
793 794
794 795
794 796
796 797
796 798
793 799
780 800
775 801
801 802
801 803
774 804
804 805
805 806
806 807
807 808
807 809
806 810
810 811
811 812
812 813
812 814
811 815
815 816
815 817
810 818
818 819
819 820
819 821
821 822
822 823
822 824
824 825
824 826
826 827
826 828
821 829
829 830
829 831
831 832
831 833
818 834
834 835
835 836
836 837
837 838
837 839
836 840
835 841
841 842
842 843
843 844
843 845
842 846
841 847
834 848
805 849
849 850
850 851
850 852
852 853
853 854
853 855
852 856
849 857
857 858
858 859
858 860
860 861
861 862
861 863
863 864
863 865
860 866
857 867
867 868
867 869
804 870
870 871
870 872
763 873
873 874
874 875
875 876
875 877
877 878
877 879
874 880
873 881
881 882
881 883
883 884
883 885
885 886
886 887
886 888
888 889
888 890
890 891
890 892
885 893
893 894
894 895
894 896
896 897
896 898
893 899
899 900
899 901
901 902
901 903
903 904
903 905
905 906
906 907
907 908
908 909
909 910
909 911
911 912
911 913
913 914
913 915
908 916
916 917
917 918
918 919
919 920
920 921
920 922
919 923
918 924
924 925
925 926
925 927
927 928
927 929
924 930
917 931
931 932
932 933
932 934
934 935
934 936
931 937
937 938
938 939
939 940
939 941
941 942
941 943
943 944
943 945
945 946
946 947
947 948
947 949
946 950
945 951
938 952
952 953
953 954
954 955
954 956
953 957
957 958
957 959
952 960
937 961
916 962
907 963
963 964
964 965
964 966
963 967
906 968
968 969
968 970
905 971
971 972
972 973
973 974
973 975
972 976
971 977
977 978
978 979
978 980
977 981
981 982
981 983
