478
611
611
344 344
0 0
346 346
347 347
340 340
341 341
343 343
348 348
349 349
299 299
296 296
297 297
294 294
295 295
292 292
290 290
291 291
591 591
590 590
593 593
592 592
199 199
597 597
195 195
194 194
196 196
191 191
190 190
193 193
192 192
270 270
271 271
272 272
273 273
274 274
276 276
277 277
279 279
524 524
525 525
527 527
520 520
521 521
523 523
599 599
528 528
448 448
443 443
442 442
441 441
440 440
447 447
446 446
445 445
108 108
109 109
102 102
103 103
100 100
101 101
107 107
105 105
39 39
38 38
33 33
31 31
30 30
37 37
36 36
601 601
34 34
438 438
439 439
436 436
437 437
434 434
435 435
432 432
433 433
339 339
338 338
335 335
334 334
337 337
336 336
331 331
330 330
333 333
332 332
6 6
99 99
90 90
93 93
92 92
95 95
94 94
97 97
96 96
559 559
555 555
557 557
551 551
550 550
553 553
552 552
238 238
239 239
235 235
236 236
231 231
232 232
233 233
146 146
144 144
145 145
142 142
140 140
141 141
610 610
148 148
149 149
133 133
132 132
130 130
136 136
134 134
494 494
495 495
139 139
138 138
490 490
491 491
24 24
25 25
27 27
20 20
22 22
23 23
28 28
29 29
407 407
406 406
404 404
403 403
401 401
400 400
409 409
408 408
379 379
378 378
371 371
370 370
373 373
372 372
375 375
376 376
393 393
392 392
88 88
89 89
397 397
395 395
394 394
82 82
399 399
86 86
84 84
85 85
586 586
587 587
584 584
585 585
582 582
581 581
589 589
245 245
244 244
247 247
241 241
240 240
242 242
248 248
519 519
518 518
511 511
510 510
513 513
515 515
514 514
517 517
516 516
450 450
451 451
452 452
453 453
454 454
456 456
457 457
179 179
178 178
177 177
595 595
175 175
174 174
173 173
172 172
171 171
170 170
253 253
182 182
183 183
180 180
2 2
186 186
187 187
184 184
185 185
188 188
11 11
10 10
13 13
12 12
14 14
17 17
16 16
19 19
322 322
320 320
321 321
326 326
327 327
324 324
325 325
329 329
201 201
200 200
203 203
202 202
205 205
204 204
207 207
206 206
209 209
208 208
77 77
76 76
75 75
74 74
73 73
72 72
70 70
78 78
542 542
540 540
541 541
546 546
547 547
544 544
545 545
8 8
548 548
549 549
598 598
120 120
122 122
124 124
125 125
126 126
127 127
128 128
129 129
414 414
415 415
416 416
417 417
410 410
412 412
418 418
499 499
319 319
318 318
310 310
315 315
314 314
496 496
497 497
3 3
368 368
366 366
364 364
365 365
362 362
363 363
360 360
361 361
380 380
381 381
382 382
383 383
384 384
385 385
386 386
387 387
388 388
389 389
605 605
579 579
578 578
573 573
572 572
571 571
570 570
576 576
575 575
60 60
61 61
258 258
63 63
64 64
65 65
66 66
67 67
69 69
250 250
251 251
256 256
257 257
254 254
255 255
603 603
508 508
509 509
506 506
507 507
504 504
505 505
502 502
503 503
500 500
501 501
469 469
468 468
465 465
464 464
467 467
466 466
461 461
460 460
463 463
462 462
169 169
165 165
166 166
167 167
160 160
162 162
163 163
9 9
357 357
356 356
355 355
354 354
353 353
352 352
350 350
359 359
358 358
217 217
214 214
215 215
212 212
211 211
218 218
288 288
280 280
282 282
285 285
284 284
287 287
263 263
262 262
261 261
260 260
267 267
266 266
265 265
264 264
268 268
59 59
58 58
55 55
54 54
57 57
51 51
62 62
53 53
52 52
536 536
535 535
534 534
533 533
532 532
531 531
530 530
538 538
115 115
114 114
117 117
116 116
110 110
113 113
112 112
119 119
118 118
429 429
428 428
420 420
422 422
425 425
424 424
427 427
426 426
302 302
304 304
305 305
307 307
568 568
569 569
560 560
562 562
563 563
564 564
565 565
566 566
567 567
229 229
228 228
227 227
226 226
224 224
223 223
221 221
220 220
391 391
390 390
151 151
607 607
152 152
155 155
154 154
157 157
156 156
159 159
158 158
80 80
49 49
46 46
47 47
45 45
42 42
43 43
40 40
5 5
489 489
488 488
487 487
485 485
484 484
483 483
481 481
480 480
473 473
470 470
471 471
476 476
474 474
478 478
479 479
345 344
1 0
383 346
346 347
354 340
342 341
377 342
342 343
349 348
354 349
594 595
608 606
596 594
316 298
298 299
295 296
295 297
293 294
398 295
293 292
311 293
289 290
289 291
588 591
588 590
594 593
588 592
198 199
303 198
596 597
600 596
189 195
189 194
201 197
189 196
189 191
189 190
189 193
189 192
269 270
269 271
300 272
272 273
275 274
303 275
275 276
278 277
284 278
278 279
522 524
526 525
537 526
526 527
519 520
522 521
543 522
522 523
596 599
529 528
531 529
470 449
449 448
444 443
462 442
442 441
431 440
462 447
447 446
444 445
495 444
109 108
143 109
99 102
99 103
99 100
99 101
137 106
106 107
161 104
106 105
38 39
77 38
32 33
79 32
32 31
29 30
38 37
35 36
99 35
35 34
431 438
431 439
431 436
431 437
431 434
431 435
431 432
431 433
449 430
453 431
340 339
337 338
328 335
328 334
346 337
328 336
328 331
328 330
328 333
328 332
354 345
7 6
104 99
109 98
109 91
91 90
144 93
91 92
93 95
93 94
98 97
93 96
558 559
561 558
554 555
561 554
558 557
561 556
561 551
551 550
551 553
551 552
246 238
238 239
301 234
234 235
237 236
261 237
261 230
230 231
230 232
234 233
93 1
147 146
201 147
156 144
144 145
137 142
156 143
137 140
137 141
609 610
149 148
201 149
131 133
131 132
135 131
131 130
156 137
137 136
137 135
135 134
493 494
522 495
137 139
137 138
486 490
492 491
493 492
512 493
23 24
26 25
99 26
26 27
21 20
48 21
21 22
68 23
29 28
52 29
405 407
405 406
431 405
402 404
402 403
430 402
402 401
399 400
405 409
405 408
377 379
377 378
402 371
369 370
374 373
371 372
374 375
383 374
402 377
377 376
383 393
383 392
87 88
87 89
398 397
462 396
396 395
383 394
83 82
104 83
81 80
114 81
87 86
125 87
83 84
99 85
56 7
602 601
606 607
583 586
588 587
583 584
583 585
583 582
600 583
596 580
580 581
596 588
588 589
243 245
243 244
246 247
283 246
308 241
241 240
269 243
241 242
312 249
249 248
561 519
519 518
507 511
507 510
531 513
539 512
513 515
513 514
516 517
526 516
472 458
470 459
449 450
459 451
451 452
462 453
453 454
470 455
455 456
458 457
197 179
179 178
176 177
237 176
176 175
189 174
172 173
201 172
172 171
168 170
252 253
181 182
181 183
181 180
201 181
201 186
186 187
185 184
243 185
189 188
198 189
7 11
7 10
7 13
7 12
26 15
15 14
18 17
15 16
18 19
52 18
73 62
323 322
345 323
321 320
411 321
323 326
323 327
323 324
323 325
351 328
328 329
225 201
198 200
201 203
201 202
201 205
201 204
201 207
201 206
210 209
201 208
87 77
73 76
73 75
73 74
109 73
71 72
125 71
68 70
99 79
79 78
1 2
543 542
548 543
539 540
539 541
543 546
543 547
543 544
543 545
7 8
554 548
548 549
98 68
596 598
121 120
150 121
123 122
147 123
123 124
156 125
125 126
125 127
125 128
125 129
413 414
413 415
413 416
413 417
411 410
430 411
413 412
462 413
522 498
419 418
421 419
498 499
317 319
317 318
317 313
328 312
337 311
309 310
323 317
323 316
316 315
313 314
495 496
495 497
4 3
367 368
383 369
367 366
371 367
354 364
354 365
354 362
354 363
354 360
354 361
377 380
377 381
383 382
405 383
383 384
383 385
383 386
383 387
383 388
383 389
606 605
580 579
577 578
608 604
574 573
561 572
561 571
561 570
588 577
577 576
574 575
580 574
56 60
62 61
259 258
283 259
62 64
66 65
85 66
66 67
289 252
68 69
249 250
252 251
257 256
298 257
252 254
256 255
604 603
604 602
507 508
507 509
507 506
561 507
512 504
504 505
498 502
504 503
498 500
498 501
462 469
462 468
462 465
462 464
462 467
462 466
462 461
459 460
462 463
477 462
201 168
168 169
197 164
164 165
167 166
174 167
156 160
197 161
161 162
164 163
602 600
7 9
354 357
354 356
354 355
419 354
354 353
351 352
369 351
349 350
354 359
354 358
261 216
216 217
213 214
216 215
213 212
261 213
230 210
210 211
219 218
383 219
346 289
289 288
29 4
308 281
281 280
346 283
281 282
284 285
300 284
286 287
301 286
261 263
261 262
311 261
259 260
261 267
261 266
261 265
261 264
313 269
261 268
56 59
56 58
56 55
52 54
56 57
99 56
50 51
71 50
52 53
77 52
558 537
537 536
531 535
62 63
531 533
531 532
556 531
529 530
556 539
537 538
114 115
143 114
114 117
114 116
121 111
111 110
111 113
111 112
114 119
114 118
428 429
458 428
531 534
423 421
421 420
431 423
421 422
424 425
455 424
428 427
424 426
354 308
323 309
309 300
396 301
303 302
312 303
303 304
306 305
328 306
306 307
561 568
561 569
561 560
596 561
561 562
561 563
561 564
561 565
561 566
561 567
230 229
225 228
225 227
225 226
286 225
222 224
222 223
284 222
222 221
219 220
383 391
383 390
150 151
189 150
201 153
153 152
156 155
153 154
156 157
168 156
156 159
156 158
611 609
609 608
423 399
431 398
81 48
50 49
44 46
48 47
68 44
44 45
41 42
44 43
41 40
66 41
4 5
486 489
486 488
486 487
513 486
486 485
483 484
492 483
492 482
482 481
507 480
498 472
472 473
482 470
472 471
475 476
483 477
475 474
480 475
477 478
477 479
