50
92
0
78 3
80 4
72 9
70 11
61 13
63 14
68 15
73 16
76 18
67 23
66 24
64 25
52 28
50 29
57 32
53 33
55 34
42 37
44 38
49 42
59 45
60 46
48 47
45 49
39 51
37 53
35 54
29 57
34 59
40 61
32 62
28 66
31 67
19 70
0 76
3 77
2 78
4 80
5 81
8 84
6 85
10 86
17 88
14 91
12 92
15 93
21 96
23 97
24 98
27 99
0 1
1 2
2 3
2 4
1 5
5 6
6 7
7 9
7 10
10 11
10 12
12 13
12 14
7 15
6 16
5 18
5 19
19 20
20 21
21 22
22 23
22 24
21 25
20 26
26 27
27 28
27 29
26 30
30 31
31 32
31 33
30 34
19 35
35 36
36 37
36 38
35 39
39 41
41 42
41 43
43 44
44 45
44 46
43 47
39 49
39 50
50 51
50 52
52 53
52 54
39 55
55 56
56 57
56 58
58 59
58 60
60 61
60 62
55 63
63 65
65 66
65 67
63 70
63 71
71 72
72 73
73 74
74 75
75 76
75 77
74 78
73 79
79 80
79 81
72 82
82 83
83 84
83 85
82 86
71 87
87 88
87 89
89 90
90 91
90 92
89 93
63 94
94 95
95 96
95 97
94 98
63 99
