48
91
0
76 5
49 10
40 12
32 14
34 16
29 17
27 19
31 21
28 23
24 25
19 27
17 29
15 31
5 35
4 36
2 38
3 40
0 41
10 43
8 45
6 46
14 48
12 49
23 51
21 52
48 54
60 56
59 57
45 59
39 61
37 63
35 64
44 66
42 67
73 69
68 70
72 72
70 74
63 76
61 77
53 79
55 81
57 83
52 85
50 86
64 88
67 90
66 91
0 1
1 2
2 3
3 4
4 5
4 6
6 7
7 8
8 9
9 10
9 11
11 12
11 13
13 14
13 15
15 16
15 17
15 18
18 19
18 20
20 21
20 22
22 23
22 24
24 25
24 26
26 27
26 28
28 29
28 30
30 31
30 32
32 33
33 34
34 35
34 36
34 37
37 38
37 39
39 40
39 41
33 42
42 43
42 44
44 45
44 46
32 47
47 48
47 49
24 50
50 51
50 52
8 53
53 54
53 55
55 56
55 57
7 58
58 59
58 60
60 61
60 62
62 63
62 64
6 65
65 66
65 67
3 68
68 69
68 70
68 71
71 72
71 73
73 74
73 75
75 76
75 77
2 78
78 79
78 80
80 81
80 82
82 83
82 84
84 85
84 86
1 87
87 88
87 89
89 90
89 91
