50
92
0
40 8
34 11
27 14
24 18
23 21
21 22
19 24
5 30
4 29
3 35
0 36
2 37
10 39
8 41
6 42
14 44
12 45
15 46
17 47
28 48
31 49
29 50
32 51
49 52
60 55
59 54
48 58
45 59
39 62
37 64
35 65
44 67
42 68
76 69
67 74
66 75
64 76
57 80
55 81
52 83
50 84
53 85
73 87
72 90
70 92
63 94
61 95
68 96
80 98
78 99
0 1
1 2
2 3
3 4
4 5
5 6
6 7
7 8
7 9
9 10
10 11
10 12
12 13
13 14
13 15
15 16
16 17
17 18
17 20
20 21
20 22
17 23
23 24
23 25
25 26
26 27
27 28
28 29
29 30
29 33
33 34
34 35
34 36
33 37
28 38
38 39
38 40
40 41
40 42
27 44
27 45
26 46
25 47
16 48
15 49
12 50
9 51
6 52
5 53
53 54
54 55
53 57
57 58
57 59
59 61
61 62
61 63
63 64
63 65
4 66
66 67
66 68
3 69
2 70
70 71
71 72
72 73
73 74
73 75
72 76
71 77
77 78
78 80
78 81
78 82
82 83
82 84
77 85
70 86
86 87
86 88
88 89
89 90
89 91
91 92
91 93
93 94
93 95
88 96
1 97
97 98
97 99
