50
82
82
42 2
60 8
61 42
63 53
64 27
53 59
66 21
67 39
68 48
80 29
52 17
24 15
27 10
21 80
48 37
23 55
44 35
45 45
28 34
29 0
40 49
0 14
3 61
2 70
5 19
4 6
6 28
8 66
76 12
73 4
72 67
70 3
59 52
78 50
10 64
39 63
12 76
15 72
14 24
17 31
19 68
32 60
31 57
49 32
37 23
50 44
35 73
34 5
55 78
57 40
74 56
82 81
56 54
43 42
47 48
51 50
58 60
62 61
69 62
62 63
65 64
47 49
65 66
65 67
69 68
71 69
79 80
51 52
54 53
25 24
26 25
30 26
26 27
25 20
22 21
25 22
22 23
47 46
58 47
43 44
46 45
26 28
30 29
41 40
47 41
4 1
1 0
1 3
1 2
4 5
11 4
9 7
7 6
11 9
7 8
79 78
56 51
74 43
38 39
81 77
77 76
77 75
46 38
71 73
71 72
75 71
71 70
58 59
81 79
74 58
18 11
9 10
16 13
13 12
16 15
13 14
18 17
18 16
20 19
20 18
30 31
33 30
36 37
38 36
36 35
33 34
41 33
54 55
77 74
33 32
56 57
75 65
