50
94
0
70 2
60 6
64 7
65 9
62 10
67 13
69 14
75 17
72 19
74 20
17 30
15 31
11 34
9 35
0 37
2 38
8 41
6 42
19 44
20 45
25 46
5 49
3 50
22 53
23 54
14 56
12 57
28 59
30 60
32 62
35 63
51 67
49 68
52 69
53 72
54 73
38 79
36 80
39 81
45 82
43 84
41 85
48 87
50 88
56 90
59 92
79 94
57 97
80 98
77 99
0 1
1 2
1 3
3 4
4 5
5 6
5 7
4 8
8 9
8 10
3 11
11 12
12 13
12 14
11 15
15 16
16 17
16 18
18 19
18 20
15 21
21 22
22 23
23 24
24 25
25 26
26 27
27 28
28 30
28 31
28 33
33 34
33 35
28 36
36 37
36 38
27 39
39 40
40 41
40 42
39 43
43 44
43 45
26 46
25 47
47 48
48 49
48 50
47 51
51 52
52 53
52 54
51 56
51 57
24 58
58 59
58 60
23 61
61 62
61 63
22 64
64 65
65 66
66 67
66 68
65 69
64 70
70 71
71 72
71 73
70 74
74 75
75 76
76 78
78 79
78 80
76 81
76 82
75 83
83 84
83 85
74 86
86 87
86 88
21 89
89 90
89 91
91 92
91 94
91 95
95 96
96 97
96 98
95 99
