185
369
0
97 17
88 18
14 21
12 22
8 24
6 25
89 29
87 30
85 31
44 34
43 35
45 36
90 37
49 39
20 41
19 42
23 48
21 49
73 51
59 57
54 58
100 61
52 62
38 64
18 66
17 67
69 68
2 70
0 71
71 72
46 75
36 78
34 79
11 81
9 82
66 84
67 86
64 87
96 90
95 94
70 95
30 97
28 98
92 100
48 102
33 104
31 105
51 106
84 110
81 113
78 114
80 121
56 123
55 124
79 125
42 127
5 129
3 130
77 131
76 132
75 133
16 135
15 136
82 138
57 139
102 142
99 143
63 145
61 146
101 150
41 152
39 153
27 156
24 157
26 158
93 159
98 160
106 161
104 162
112 163
125 169
147 171
128 173
115 176
113 177
124 178
121 180
136 182
122 183
127 184
110 186
109 187
111 188
108 189
243 193
242 194
139 204
134 205
138 206
117 208
116 209
238 210
154 219
174 221
173 223
162 226
161 227
151 230
150 231
149 232
239 233
235 234
233 236
170 237
152 240
168 241
166 243
169 245
167 247
165 248
164 252
155 253
156 254
157 255
172 256
237 257
236 258
234 259
140 260
160 262
158 263
254 266
257 268
253 274
251 275
252 278
248 279
250 282
247 283
120 285
118 286
249 287
245 288
145 291
133 294
130 295
132 296
144 299
141 300
143 301
230 303
228 305
227 307
225 310
223 312
221 313
214 317
211 318
219 320
213 321
215 324
217 325
210 328
208 329
207 331
205 332
203 334
195 340
189 342
182 344
180 345
176 347
175 348
194 351
197 352
190 354
202 355
200 360
185 361
198 362
187 363
183 365
179 367
177 368
192 369
0 1
1 2
2 3
3 4
4 5
5 6
6 7
7 8
8 9
9 10
10 11
11 12
12 13
13 14
14 15
15 16
16 17
16 18
15 19
19 20
20 21
20 22
19 23
23 24
23 25
14 26
26 27
27 28
28 29
28 30
27 31
26 32
32 33
33 34
33 35
32 36
13 37
12 38
38 39
38 40
40 41
40 42
11 43
43 44
44 45
45 46
46 47
47 48
47 49
46 50
50 51
50 52
52 53
53 54
54 55
55 56
56 57
56 58
55 59
59 60
60 61
60 62
59 63
63 64
63 65
65 66
65 67
54 68
53 69
69 70
69 71
52 72
45 73
73 74
74 75
74 76
76 77
77 78
77 79
76 80
80 81
80 82
73 83
83 84
83 85
85 86
85 87
44 88
88 89
89 90
89 91
91 92
92 93
93 94
93 95
92 96
96 97
96 98
91 99
99 100
99 101
101 102
101 103
103 104
103 105
88 106
43 107
107 108
108 109
109 110
109 111
111 112
112 113
112 114
111 115
115 116
116 117
117 118
118 119
119 120
120 121
120 122
122 123
122 124
119 125
118 126
126 127
126 128
128 129
128 130
117 131
116 132
115 133
108 134
134 135
134 136
107 137
137 138
137 139
10 140
140 141
141 142
141 143
140 144
144 145
144 146
9 147
147 148
148 149
149 150
149 151
151 152
151 153
148 154
154 155
155 156
155 157
154 158
147 159
8 160
7 161
6 162
5 163
4 164
164 165
165 166
166 167
167 168
168 169
168 170
170 171
170 172
172 173
172 174
174 175
175 176
175 177
174 178
167 179
179 180
179 181
181 182
181 183
166 184
165 185
185 186
185 187
164 188
3 189
2 190
190 191
191 192
192 193
192 194
191 195
195 196
196 197
197 198
198 199
199 200
200 201
201 202
202 203
203 204
203 205
202 206
201 207
207 208
207 209
200 210
199 211
211 212
212 213
213 214
214 215
215 216
216 217
217 218
218 219
218 220
220 221
220 222
222 223
222 224
224 225
225 226
225 227
224 228
228 229
229 230
229 231
228 232
217 233
216 234
215 235
235 236
235 237
214 238
238 239
239 240
239 241
238 242
242 243
242 244
244 245
244 246
246 247
246 248
213 249
249 250
250 251
251 252
251 253
250 254
249 255
212 256
211 257
198 258
197 259
196 260
195 261
261 262
261 263
190 264
264 265
265 266
265 267
267 268
267 269
269 270
270 271
271 272
272 273
273 274
273 275
272 276
276 277
277 278
277 279
276 280
280 281
281 282
281 283
280 284
284 285
284 286
271 287
270 288
269 289
289 290
290 291
290 292
292 293
293 294
293 295
292 296
289 297
297 298
298 299
298 300
297 301
264 302
302 303
302 304
304 305
304 306
306 307
306 308
308 309
309 310
309 311
311 312
311 313
308 314
314 315
315 316
316 317
316 318
315 319
319 320
319 321
314 322
322 323
323 324
323 325
322 326
326 327
327 328
327 329
326 330
330 331
330 332
1 333
333 334
333 335
335 336
336 337
337 338
338 339
339 340
339 341
341 342
341 343
343 344
343 345
338 346
346 347
346 348
337 349
349 350
350 351
350 352
349 353
353 354
353 355
336 356
356 357
357 358
358 359
359 360
359 361
358 362
357 363
356 364
364 365
364 366
366 367
366 368
335 369
