185
261
261
217 214
214 19
215 84
213 109
210 48
211 144
165 34
219 198
133 18
132 124
130 118
136 197
134 30
139 248
138 9
166 141
24 158
26 14
27 87
20 154
21 230
23 15
160 253
28 125
0 92
162 161
8 100
227 166
120 101
121 77
122 90
124 70
125 24
127 143
128 5
118 132
59 140
55 157
54 23
57 55
56 155
51 89
52 44
179 225
200 127
195 130
194 243
197 149
190 234
192 26
115 85
252 233
88 239
89 80
111 98
110 49
113 78
112 192
82 97
80 164
81 210
87 8
84 102
85 27
251 169
198 38
257 180
3 173
247 45
225 33
245 63
108 152
109 0
243 2
242 121
102 156
100 190
101 208
106 151
248 223
104 112
39 194
38 39
33 82
31 42
30 134
36 174
34 215
223 167
176 207
61 182
63 162
64 217
66 17
67 117
177 150
69 108
175 219
174 67
173 12
172 187
254 122
170 168
203 175
249 113
253 227
182 16
183 185
180 249
2 203
167 111
187 71
6 189
250 75
189 20
202 205
221 99
185 252
99 172
98 136
168 93
169 3
228 69
164 195
90 73
93 106
92 138
95 170
161 200
97 165
96 115
11 237
12 221
15 59
14 6
17 257
16 160
19 21
18 238
117 46
116 57
151 176
150 110
152 247
155 31
154 179
157 145
156 242
158 51
234 250
238 202
239 120
207 147
235 54
236 254
237 183
230 236
233 133
48 64
49 79
46 228
44 76
45 28
42 81
43 177
41 251
5 235
9 88
147 11
144 245
145 66
205 95
143 56
140 43
141 116
208 213
149 96
77 211
76 41
75 128
73 139
71 61
70 52
79 104
78 36
220 216
216 217
212 214
216 215
220 212
212 213
209 210
212 211
166 165
220 218
220 219
131 133
131 132
240 131
131 130
148 137
137 136
173 135
135 134
153 139
139 138
232 166
25 24
62 25
25 26
25 27
91 20
22 21
68 22
22 23
159 160
29 28
58 29
162 161
1 0
42 4
7 8
224 220
226 227
259 258
119 120
137 121
121 122
129 123
123 124
126 125
137 126
126 127
129 128
148 129
166 167
119 118
60 59
94 58
56 55
53 54
58 57
74 56
50 51
94 50
60 53
53 52
260 259
163 164
240 146
201 199
178 179
199 200
196 195
193 194
196 197
184 178
201 191
191 190
201 193
191 192
114 115
123 114
86 88
86 89
110 111
121 110
114 113
110 112
83 82
94 83
74 80
74 81
94 86
86 87
83 84
86 85
246 251
199 198
258 256
218 206
229 226
256 257
4 3
178 177
255 254
94 7
246 247
256 255
246 119
224 225
246 245
259 244
107 108
110 109
244 241
255 240
244 243
241 242
103 102
110 103
94 100
94 101
105 106
110 107
105 104
107 105
40 39
37 38
32 33
47 32
32 31
29 30
60 37
35 36
46 35
35 34
258 246
246 252
206 205
222 223
175 176
72 60
62 61
94 62
62 63
65 64
94 65
65 66
65 67
94 68
68 69
201 175
173 174
232 173
171 172
232 171
171 170
204 203
224 222
188 181
246 253
246 248
181 182
184 183
181 180
1 2
173 162
186 187
191 184
7 6
193 186
196 188
188 189
201 202
201 196
222 221
186 185
94 99
94 98
232 163
166 168
166 169
231 229
229 228
94 91
91 90
94 93
91 92
94 95
103 94
94 97
94 96
10 11
46 10
86 13
13 12
94 15
13 14
18 17
15 16
20 19
37 18
135 117
246 250
117 116
260 204
149 151
149 150
173 153
153 152
163 155
153 154
155 157
155 156
232 159
159 158
232 234
232 238
232 239
206 207
232 235
232 236
232 237
231 230
256 231
241 232
232 233
226 224
47 48
50 49
94 46
94 47
86 44
44 45
74 42
44 43
72 40
40 41
72 1
4 5
10 9
204 201
148 147
142 144
146 145
146 142
142 143
139 140
142 141
218 209
209 208
259 148
173 149
74 77
74 76
74 75
83 74
72 73
94 72
72 71
68 70
74 79
74 78
246 249
261 260
