185
261
261
217 161
214 235
215 172
213 136
210 227
211 177
165 122
219 73
133 253
132 147
130 69
136 66
134 31
139 198
138 133
166 104
24 121
26 248
27 243
20 170
21 215
23 85
160 59
28 124
0 237
162 52
8 252
227 45
120 195
121 245
122 115
124 109
125 2
127 233
128 207
118 165
59 93
55 175
54 230
57 21
56 44
51 48
52 84
179 26
200 79
195 176
194 150
197 108
190 12
192 247
115 112
252 210
88 18
89 162
111 151
110 185
113 187
112 3
82 95
80 71
81 152
87 61
84 113
85 41
251 6
198 76
257 250
3 156
247 249
225 89
245 166
108 145
109 140
243 160
242 11
102 242
100 236
101 106
106 139
248 56
104 238
39 211
38 16
33 75
31 87
30 228
36 38
34 208
223 82
176 15
61 30
63 0
64 63
66 213
67 8
177 251
69 239
175 169
174 179
173 110
172 77
254 149
170 80
203 117
249 192
253 55
182 214
183 43
180 111
2 57
167 92
187 144
6 42
250 27
189 28
202 67
221 54
185 173
99 101
98 167
168 180
169 81
228 88
164 23
90 116
93 183
92 132
95 134
161 96
97 155
96 158
11 189
12 102
15 257
14 97
17 194
16 154
19 49
18 128
117 197
116 20
151 143
150 5
152 78
155 174
154 99
157 130
156 51
158 127
234 39
238 33
239 19
207 205
235 17
236 190
237 221
230 157
233 164
48 34
49 219
46 46
44 217
45 203
42 14
43 64
41 90
5 125
9 120
147 254
144 202
145 118
205 9
143 100
140 36
141 98
208 223
149 141
77 138
76 168
75 182
73 70
71 24
70 200
79 234
78 225
220 216
216 217
212 214
216 215
220 212
212 213
209 210
212 211
166 165
220 218
220 219
131 133
131 132
240 131
131 130
148 137
137 136
173 135
135 134
153 139
139 138
232 166
25 24
62 25
25 26
25 27
91 20
22 21
68 22
22 23
159 160
29 28
58 29
162 161
1 0
42 4
7 8
224 220
226 227
259 258
119 120
137 121
121 122
129 123
123 124
126 125
137 126
126 127
129 128
148 129
166 167
119 118
60 59
94 58
56 55
53 54
58 57
74 56
50 51
94 50
60 53
53 52
260 259
163 164
240 146
201 199
178 179
199 200
196 195
193 194
196 197
184 178
201 191
191 190
201 193
191 192
114 115
123 114
86 88
86 89
110 111
121 110
114 113
110 112
83 82
94 83
74 80
74 81
94 86
86 87
83 84
86 85
246 251
199 198
258 256
218 206
229 226
256 257
4 3
178 177
255 254
94 7
246 247
256 255
246 119
224 225
246 245
259 244
107 108
110 109
244 241
255 240
244 243
241 242
103 102
110 103
94 100
94 101
105 106
110 107
105 104
107 105
40 39
37 38
32 33
47 32
32 31
29 30
60 37
35 36
46 35
35 34
258 246
246 252
206 205
222 223
175 176
72 60
62 61
94 62
62 63
65 64
94 65
65 66
65 67
94 68
68 69
201 175
173 174
232 173
171 172
232 171
171 170
204 203
224 222
188 181
246 253
246 248
181 182
184 183
181 180
1 2
173 162
186 187
191 184
7 6
193 186
196 188
188 189
201 202
201 196
222 221
186 185
94 99
94 98
232 163
166 168
166 169
231 229
229 228
94 91
91 90
94 93
91 92
94 95
103 94
94 97
94 96
10 11
46 10
86 13
13 12
94 15
13 14
18 17
15 16
20 19
37 18
135 117
246 250
117 116
260 204
149 151
149 150
173 153
153 152
163 155
153 154
155 157
155 156
232 159
159 158
232 234
232 238
232 239
206 207
232 235
232 236
232 237
231 230
256 231
241 232
232 233
226 224
47 48
50 49
94 46
94 47
86 44
44 45
74 42
44 43
72 40
40 41
72 1
4 5
10 9
204 201
148 147
142 144
146 145
146 142
142 143
139 140
142 141
218 209
209 208
259 148
173 149
74 77
74 76
74 75
83 74
72 73
94 72
72 71
68 70
74 79
74 78
246 249
261 260
