185
261
261
217 26
214 211
215 49
213 59
210 61
211 30
165 27
219 57
133 252
132 55
130 122
136 147
134 24
139 15
138 145
166 38
24 233
26 63
27 136
20 210
21 238
23 73
160 205
28 109
0 66
162 92
8 177
227 3
120 127
121 183
122 213
124 197
125 175
127 215
128 156
118 96
59 113
55 87
54 54
57 117
56 89
51 79
52 195
179 143
200 187
195 45
194 20
197 223
190 28
192 230
115 207
252 31
88 168
89 208
111 106
110 185
113 78
112 155
82 253
80 169
81 2
87 56
84 125
85 172
251 110
198 118
257 251
3 130
247 190
225 23
245 8
108 9
109 93
243 243
242 234
102 167
100 36
101 245
106 161
248 100
104 170
39 200
38 64
33 192
31 237
30 120
36 81
34 17
223 41
176 144
61 162
63 217
64 157
66 179
67 111
177 104
69 219
175 151
174 51
173 98
172 257
254 247
170 115
203 138
249 82
253 70
182 44
183 39
180 214
2 152
167 116
187 14
6 5
250 99
189 97
202 165
221 34
185 189
99 33
98 48
168 69
169 203
228 227
164 141
90 95
93 194
92 124
95 77
161 88
97 149
96 19
11 6
12 180
15 242
14 198
17 101
16 250
19 67
18 71
117 112
116 80
151 75
150 254
152 16
155 18
154 102
157 160
156 225
158 158
234 0
238 228
239 76
207 11
235 248
236 173
237 121
230 46
233 176
48 52
49 164
46 166
44 133
45 108
42 84
43 202
41 139
5 132
9 85
147 182
144 12
145 235
205 42
143 249
140 134
141 140
208 236
149 128
77 239
76 221
75 90
73 174
71 43
70 154
79 150
78 21
220 216
216 217
212 214
216 215
220 212
212 213
209 210
212 211
166 165
220 218
220 219
131 133
131 132
240 131
131 130
148 137
137 136
173 135
135 134
153 139
139 138
232 166
25 24
62 25
25 26
25 27
91 20
22 21
68 22
22 23
159 160
29 28
58 29
162 161
1 0
42 4
7 8
224 220
226 227
259 258
119 120
137 121
121 122
129 123
123 124
126 125
137 126
126 127
129 128
148 129
166 167
119 118
60 59
94 58
56 55
53 54
58 57
74 56
50 51
94 50
60 53
53 52
260 259
163 164
240 146
201 199
178 179
199 200
196 195
193 194
196 197
184 178
201 191
191 190
201 193
191 192
114 115
123 114
86 88
86 89
110 111
121 110
114 113
110 112
83 82
94 83
74 80
74 81
94 86
86 87
83 84
86 85
246 251
199 198
258 256
218 206
229 226
256 257
4 3
178 177
255 254
94 7
246 247
256 255
246 119
224 225
246 245
259 244
107 108
110 109
244 241
255 240
244 243
241 242
103 102
110 103
94 100
94 101
105 106
110 107
105 104
107 105
40 39
37 38
32 33
47 32
32 31
29 30
60 37
35 36
46 35
35 34
258 246
246 252
206 205
222 223
175 176
72 60
62 61
94 62
62 63
65 64
94 65
65 66
65 67
94 68
68 69
201 175
173 174
232 173
171 172
232 171
171 170
204 203
224 222
188 181
246 253
246 248
181 182
184 183
181 180
1 2
173 162
186 187
191 184
7 6
193 186
196 188
188 189
201 202
201 196
222 221
186 185
94 99
94 98
232 163
166 168
166 169
231 229
229 228
94 91
91 90
94 93
91 92
94 95
103 94
94 97
94 96
10 11
46 10
86 13
13 12
94 15
13 14
18 17
15 16
20 19
37 18
135 117
246 250
117 116
260 204
149 151
149 150
173 153
153 152
163 155
153 154
155 157
155 156
232 159
159 158
232 234
232 238
232 239
206 207
232 235
232 236
232 237
231 230
256 231
241 232
232 233
226 224
47 48
50 49
94 46
94 47
86 44
44 45
74 42
44 43
72 40
40 41
72 1
4 5
10 9
204 201
148 147
142 144
146 145
146 142
142 143
139 140
142 141
218 209
209 208
259 148
173 149
74 77
74 76
74 75
83 74
72 73
94 72
72 71
68 70
74 79
74 78
246 249
261 260
