185
369
0
203 3
197 7
192 8
175 12
176 13
194 15
187 17
185 19
198 21
200 22
179 27
177 28
183 29
189 31
180 33
182 34
195 35
202 37
190 38
133 45
130 46
132 48
145 50
144 52
143 54
141 55
251 57
252 62
245 63
247 66
249 68
250 69
118 71
120 72
248 73
253 74
230 77
228 79
227 81
225 84
223 86
221 87
217 90
215 91
207 96
205 97
210 99
208 100
213 102
211 104
214 105
219 106
257 108
254 109
243 111
242 113
160 116
158 117
161 122
162 123
152 125
154 127
138 129
139 131
117 135
116 136
134 137
140 138
174 141
150 143
151 145
149 146
173 147
239 150
167 153
165 154
169 157
168 158
166 159
235 162
157 164
155 166
156 167
237 170
236 171
172 173
233 177
170 178
164 180
234 181
238 182
128 185
113 187
124 189
115 190
147 192
136 194
127 197
125 198
121 200
122 202
108 204
110 207
111 209
109 210
112 212
104 214
106 216
98 218
102 220
26 225
24 227
27 228
39 231
41 232
70 234
101 235
93 236
45 240
43 242
44 243
88 247
97 248
6 251
8 252
12 254
14 255
85 257
87 259
89 260
99 263
63 266
61 267
15 269
16 270
82 274
84 276
79 281
80 282
81 285
78 286
42 288
3 290
5 291
55 294
56 295
75 297
77 298
76 299
54 302
100 304
59 306
52 308
38 310
18 312
17 313
9 316
11 317
46 319
36 321
34 322
90 326
92 328
20 330
19 331
66 333
64 335
67 336
28 341
30 342
96 344
48 346
33 348
31 349
57 350
49 353
95 355
51 356
21 360
23 361
69 362
71 364
73 366
2 368
0 369
0 1
1 2
2 3
2 4
4 5
5 6
6 7
6 8
5 9
9 10
10 11
11 12
11 13
10 14
14 15
14 16
16 17
16 18
18 19
18 20
20 21
20 22
9 23
23 24
24 25
25 26
26 27
26 28
25 29
24 30
30 31
30 32
32 33
32 34
23 35
4 36
36 37
36 38
1 39
39 40
40 41
41 42
42 43
43 44
44 45
44 46
43 47
47 48
47 49
49 50
49 51
51 52
51 53
53 54
53 55
42 56
56 57
56 58
58 59
59 60
60 61
61 62
61 63
60 64
64 65
65 66
65 67
67 68
67 69
64 70
70 71
70 72
59 73
58 74
41 75
75 76
76 77
76 78
78 79
78 80
80 81
80 82
82 83
83 84
83 85
85 86
85 87
82 88
88 89
89 90
89 91
88 92
92 93
93 94
94 95
95 96
95 97
94 98
98 99
98 100
93 101
101 102
101 103
103 104
103 105
92 106
75 107
107 108
107 109
40 110
110 111
110 112
112 113
112 114
114 115
115 116
115 117
114 118
118 119
119 120
120 121
121 122
121 123
120 124
124 125
124 126
126 127
126 128
128 129
128 130
130 131
130 132
132 133
133 134
134 135
134 136
133 137
132 138
119 139
139 140
140 141
140 142
142 143
142 144
144 145
144 146
139 147
118 148
148 149
149 150
149 151
151 152
152 153
152 154
151 155
155 156
156 157
156 158
155 159
148 160
160 161
161 162
161 163
163 164
163 165
165 166
165 167
160 168
168 169
169 170
169 171
168 172
172 173
172 174
174 175
175 176
176 177
176 178
175 179
179 180
179 181
174 182
39 183
183 184
184 185
184 186
186 187
186 188
188 189
188 190
183 191
191 192
191 193
193 194
193 195
195 196
196 197
196 198
195 199
199 200
199 201
201 202
201 203
203 204
203 205
205 206
206 207
206 208
208 209
208 210
205 211
211 212
211 213
213 214
213 215
215 216
215 217
217 218
217 219
219 220
219 221
221 222
222 223
223 224
224 225
224 226
226 227
226 228
223 229
229 230
230 231
230 232
229 233
233 234
233 235
222 236
221 237
237 238
238 239
239 240
239 241
241 242
241 243
238 244
244 245
245 246
246 247
246 248
245 249
249 250
250 251
250 252
249 253
253 254
253 255
244 256
256 257
256 258
258 259
258 260
237 261
261 262
262 263
262 264
264 265
265 266
265 267
264 268
268 269
268 270
261 271
271 272
272 273
273 274
273 275
275 276
275 277
277 278
278 279
279 280
280 281
280 282
279 283
283 284
284 285
284 286
283 287
287 288
287 289
289 290
289 291
278 292
292 293
293 294
293 295
292 296
296 297
296 298
277 299
272 300
300 301
301 302
301 303
303 304
303 305
305 306
305 307
307 308
307 309
309 310
309 311
311 312
311 313
300 314
314 315
315 316
315 317
314 318
318 319
318 320
320 321
320 322
271 323
323 324
324 325
325 326
325 327
327 328
327 329
329 330
329 331
324 332
332 333
332 334
334 335
334 336
323 337
337 338
338 339
339 340
340 341
340 342
339 343
343 344
343 345
345 346
345 347
347 348
347 349
338 350
337 351
351 352
352 353
352 354
354 355
354 356
351 357
357 358
358 359
359 360
359 361
358 362
357 363
363 364
363 365
365 366
365 367
367 368
367 369
