475
675
0
615 17
609 22
610 23
614 24
612 25
613 26
599 29
596 30
598 31
607 33
595 37
574 39
572 40
594 42
584 43
593 46
580 49
578 50
569 52
568 54
566 55
591 60
590 62
589 34
583 65
571 66
570 68
587 70
585 71
588 72
606 73
604 74
603 76
80 126
79 128
5 130
3 131
69 120
78 136
68 137
70 139
65 140
75 141
67 143
89 149
45 150
77 151
74 152
81 153
83 154
82 157
73 158
10 160
8 161
76 162
71 163
72 164
88 169
86 171
54 174
52 176
7 177
6 179
51 181
49 182
87 187
23 189
21 193
19 195
16 196
18 197
20 198
41 199
62 200
64 205
58 207
39 212
35 213
38 214
37 215
32 216
63 217
60 219
30 220
61 221
85 223
47 225
29 227
15 229
13 230
44 233
43 231
42 235
101 240
100 241
98 242
12 246
2 247
0 249
34 253
27 254
25 255
26 256
97 257
130 258
132 259
128 261
126 263
129 264
125 270
95 271
115 275
108 277
107 279
105 280
102 281
110 282
104 284
124 291
122 294
121 296
119 295
57 299
55 298
112 301
116 303
114 304
120 307
118 308
94 311
92 312
117 313
123 314
134 315
146 319
144 323
142 324
145 325
135 326
138 327
137 328
160 331
157 335
141 336
139 337
155 339
150 342
147 343
149 344
154 346
152 347
170 348
171 350
164 351
169 353
166 354
172 355
167 356
168 357
177 359
176 106
193 361
192 364
190 365
191 366
221 367
228 368
305 373
215 375
200 377
199 374
206 380
204 381
227 385
194 387
180 389
163 391
161 392
226 393
220 396
198 398
219 400
216 401
218 403
196 404
225 406
224 407
296 410
295 408
265 412
264 414
329 425
333 426
345 430
343 431
341 432
331 433
344 440
313 441
276 445
274 446
278 447
252 449
251 448
263 453
262 454
260 455
311 456
336 459
279 460
335 462
315 464
312 465
309 466
332 467
334 468
256 474
255 476
234 478
232 479
254 480
203 482
201 483
300 485
231 487
229 488
301 469
302 493
266 494
303 495
283 497
281 498
310 499
314 500
319 502
316 503
318 504
383 505
327 506
338 507
386 514
364 515
365 518
363 519
382 522
367 524
359 527
358 528
355 94
340 531
339 532
360 533
354 534
357 536
356 537
361 538
362 539
447 540
520 541
522 543
521 547
454 549
452 550
449 551
518 552
536 554
538 556
534 557
548 561
529 564
530 567
526 569
524 570
528 571
546 572
539 573
542 574
541 575
549 576
545 579
543 580
533 582
531 583
553 584
551 585
557 587
555 588
561 590
559 591
565 592
564 593
602 594
600 595
623 596
351 600
370 601
297 603
299 605
268 611
248 616
247 617
250 625
246 630
240 631
245 632
242 633
237 612
244 635
241 636
239 637
243 638
238 639
236 640
213 645
212 646
209 641
211 648
210 649
175 654
174 653
173 657
186 662
179 664
182 665
183 652
184 667
185 668
207 669
188 671
187 670
270 673
273 675
271 676
293 680
257 681
306 688
286 689
289 690
292 693
284 694
290 695
287 697
259 698
294 699
288 700
291 701
326 706
325 705
324 709
323 711
321 606
322 713
320 714
388 719
385 720
381 722
408 727
423 729
406 728
399 731
347 737
346 736
371 739
373 740
400 743
395 744
412 745
390 750
396 751
401 754
393 755
397 756
411 759
409 758
410 762
394 763
405 766
403 767
398 769
378 770
379 775
377 774
380 777
368 778
402 780
350 782
348 783
376 785
374 786
353 787
492 792
488 795
472 797
470 798
490 800
487 801
496 804
482 809
478 810
481 811
476 813
479 814
484 815
493 817
475 819
473 820
512 821
503 823
498 824
432 826
577 828
575 830
501 832
499 833
625 834
506 838
431 839
462 840
628 842
626 847
508 850
441 852
510 853
505 835
507 866
456 869
450 870
455 865
451 872
467 873
465 874
504 875
466 877
461 878
459 879
468 880
469 882
434 884
458 885
421 886
420 888
446 889
416 893
415 894
413 895
464 898
444 900
440 902
438 903
429 904
419 909
417 910
426 911
424 912
427 914
511 918
437 920
435 921
509 922
443 923
630 928
619 930
617 931
517 934
514 935
516 936
632 938
622 940
620 941
633 942
642 943
640 945
639 947
637 948
643 949
0 1
1 3
3 4
4 5
5 8
8 10
10 11
11 12
12 13
13 14
14 16
16 17
16 21
21 22
21 23
16 24
16 25
16 26
14 27
27 28
28 29
28 30
27 31
14 32
32 33
32 34
34 35
35 36
36 37
36 38
38 39
38 40
35 41
41 42
41 43
34 45
45 46
45 47
47 48
48 49
48 50
47 51
51 52
51 54
51 55
34 60
34 62
34 64
64 65
64 66
66 68
34 69
69 70
69 71
34 72
13 73
12 74
11 75
75 76
75 78
78 79
79 80
80 81
81 82
82 83
83 85
85 86
86 87
87 88
88 89
89 90
90 92
92 93
93 94
94 95
95 97
97 99
99 100
100 101
101 102
102 103
103 104
104 105
105 106
106 107
107 112
112 114
114 116
116 117
117 118
118 120
120 126
120 128
120 129
129 130
129 131
120 135
135 136
135 137
120 138
138 139
138 140
120 141
141 143
120 147
147 148
148 149
148 150
147 151
120 152
120 153
120 154
120 157
120 158
120 159
159 160
159 161
120 162
118 163
118 164
117 169
117 171
117 173
173 174
173 176
173 177
177 179
117 180
180 181
180 182
117 184
184 186
186 187
186 188
188 189
188 190
190 193
190 194
194 195
194 196
190 197
190 198
184 199
184 200
117 201
201 205
201 207
201 209
209 212
209 213
209 214
209 215
201 216
201 217
201 218
218 219
218 220
201 221
117 223
117 224
224 225
224 226
226 227
226 228
228 229
228 230
117 231
231 233
231 235
116 237
237 240
237 241
237 242
237 243
243 244
244 245
245 246
245 247
247 249
244 253
244 254
244 255
244 256
243 257
116 258
114 259
114 260
260 261
260 263
260 264
112 265
265 266
266 267
267 269
269 270
269 271
267 273
273 275
273 276
276 277
276 279
276 280
273 281
267 282
267 283
283 284
283 291
283 292
292 294
292 295
295 296
292 298
298 299
283 301
283 302
302 303
302 304
283 306
306 307
306 308
283 310
310 311
310 312
283 313
283 314
283 315
266 319
319 322
322 323
322 324
319 325
266 326
266 327
266 328
265 330
330 331
330 335
330 336
330 337
330 338
338 339
338 340
340 342
340 343
340 344
265 345
345 346
345 347
112 348
107 349
349 350
349 351
107 353
107 354
107 355
107 356
107 357
106 359
105 361
104 364
104 365
104 366
103 367
102 368
101 372
372 373
372 374
374 375
374 377
101 379
379 380
379 381
101 384
384 385
384 386
386 387
386 388
388 389
388 390
390 391
390 392
101 393
101 394
394 396
396 398
394 400
394 401
394 402
402 403
402 404
101 405
405 406
405 407
100 408
408 410
408 412
412 414
99 416
416 417
417 421
421 424
424 425
424 426
421 428
428 430
428 431
428 432
421 433
421 434
434 439
439 440
439 441
434 443
443 444
444 445
444 446
443 447
434 448
448 449
434 451
451 452
452 453
452 454
451 455
434 456
434 457
457 458
458 459
458 460
457 462
457 464
457 465
434 466
421 467
417 468
417 469
469 470
470 471
471 474
471 476
471 477
477 478
477 479
471 480
471 481
481 482
481 483
470 485
470 486
486 487
486 488
469 493
469 494
469 495
417 496
496 497
496 498
417 499
416 500
99 501
501 502
501 503
97 504
97 505
95 506
95 507
94 513
513 514
513 515
515 518
515 519
94 522
522 524
94 527
94 528
94 530
530 531
530 532
94 533
94 534
94 535
535 536
535 537
94 538
93 539
92 540
90 541
90 542
542 543
542 547
542 548
548 549
548 550
542 551
542 552
89 554
89 556
89 557
88 558
558 561
558 562
562 563
563 564
563 567
563 568
568 569
568 570
563 571
562 572
558 573
558 574
87 575
86 576
85 578
578 579
578 580
85 581
581 582
581 583
83 584
83 585
82 586
586 587
586 588
81 589
589 590
589 591
80 592
79 593
78 594
75 595
10 596
8 597
597 598
598 599
599 600
599 601
598 602
602 603
602 605
602 606
606 607
607 608
608 609
609 611
609 612
612 615
615 616
615 617
612 625
612 630
612 631
612 632
612 633
612 635
612 636
612 637
612 638
612 639
612 640
612 641
641 645
641 646
641 648
641 649
612 651
651 652
652 653
653 654
653 657
652 662
662 664
652 665
652 667
652 668
651 669
612 670
670 671
609 673
608 674
674 675
674 676
607 679
679 680
679 681
607 688
607 689
607 690
607 692
692 693
692 694
607 695
607 696
696 697
696 698
607 699
607 700
607 701
606 705
705 706
705 709
606 711
606 713
606 714
597 718
718 719
718 720
720 722
597 725
725 726
726 727
726 728
728 729
725 731
597 734
734 736
736 737
734 739
734 740
597 741
741 743
741 744
741 745
597 749
749 750
749 751
597 754
597 755
597 756
597 758
758 759
758 762
597 763
597 765
765 766
765 767
597 769
597 770
770 774
774 775
770 777
770 778
597 780
597 781
781 782
781 783
597 784
784 785
784 786
597 787
8 788
788 789
789 790
790 791
791 792
791 793
793 794
794 795
794 796
796 797
796 798
793 800
793 801
790 802
802 803
803 804
803 805
805 806
806 808
808 809
808 810
806 811
806 812
812 813
812 814
805 815
802 816
816 817
816 818
818 819
818 820
789 821
788 822
822 823
822 824
5 825
825 826
825 827
827 828
827 830
827 831
831 832
831 833
5 834
5 835
835 836
836 838
836 839
836 840
835 842
835 847
835 850
850 852
835 853
835 855
855 865
865 866
865 869
865 870
855 872
855 873
855 874
855 875
855 876
876 877
876 878
855 879
855 880
855 881
881 882
882 884
881 885
855 886
886 888
855 889
889 891
891 893
891 894
891 895
835 896
896 897
897 898
897 900
897 901
901 902
901 903
896 904
835 906
906 908
908 909
908 910
906 911
906 912
835 913
913 914
913 918
913 919
919 920
919 921
913 922
913 923
4 924
924 925
925 926
926 928
926 929
929 930
929 931
926 932
932 934
932 935
932 936
925 937
937 938
937 939
939 940
939 941
924 942
3 943
1 944
944 945
944 946
946 947
946 948
1 949
