475
648
1
542 27
577 35
632 41
589 61
549 65
237 71
409 72
321 77
290 78
378 81
209 86
334 92
302 93
301 94
198 95
176 98
152 104
146 106
138 109
69 112
43 123
42 124
58 128
166 131
126 134
338 144
355 146
364 148
613 154
449 157
565 161
531 162
421 167
505 169
626 170
455 173
353 179
305 183
7 186
163 187
224 192
183 198
174 204
132 205
295 209
571 218
0 221
2 222
3 223
5 224
6 225
8 226
10 227
12 228
13 229
15 230
16 231
18 232
19 233
20 234
21 235
23 236
25 237
26 238
27 239
29 240
30 241
32 242
34 243
35 244
37 245
38 246
39 247
41 248
44 249
45 250
47 251
49 252
51 253
52 254
54 255
55 256
57 257
60 258
61 259
62 260
63 261
64 262
65 263
67 264
68 265
70 266
71 267
72 268
73 269
74 270
75 271
76 272
77 273
78 274
79 275
80 276
81 277
82 278
83 279
85 280
86 281
87 282
88 283
89 284
92 285
94 286
95 287
97 288
98 289
100 290
101 291
102 292
104 293
105 294
107 295
108 296
110 297
112 298
114 299
115 300
116 301
117 302
118 303
119 304
120 305
121 306
122 307
123 308
124 309
125 310
128 311
129 312
130 313
134 314
135 315
137 316
139 317
141 318
142 319
144 320
145 321
147 322
149 323
150 324
154 325
155 326
157 327
160 328
161 329
164 330
167 331
168 332
169 333
170 334
171 335
172 336
173 337
175 338
177 339
179 340
180 341
182 342
184 343
185 344
186 345
187 346
188 347
190 348
191 349
192 350
193 351
194 352
196 353
199 354
200 355
201 356
203 357
204 358
206 359
207 360
210 361
211 362
212 363
213 364
215 365
216 366
218 367
219 368
220 369
221 370
225 371
226 372
227 373
228 374
229 375
231 376
232 377
234 378
236 379
238 380
239 381
240 382
241 383
242 384
243 385
244 386
245 387
246 388
247 389
248 390
250 391
251 392
252 393
254 394
255 395
256 396
257 397
259 398
260 399
262 400
263 401
264 402
265 403
266 404
268 405
270 406
271 407
273 408
274 409
276 410
278 411
279 412
281 413
283 414
284 415
286 416
287 417
288 418
289 419
291 420
292 421
293 422
294 423
296 424
297 425
299 426
300 427
303 428
306 429
309 430
310 431
311 432
312 433
313 434
314 435
315 436
316 437
318 438
319 439
320 440
322 441
323 442
324 443
325 444
326 445
327 446
329 447
331 448
332 449
333 450
335 451
336 452
339 453
340 454
341 455
343 456
344 457
345 458
346 459
347 460
348 461
350 462
351 463
354 464
356 465
357 466
358 467
359 468
360 469
361 470
362 471
363 472
365 473
367 474
368 475
370 476
371 477
373 478
374 479
376 480
377 481
379 482
380 483
381 484
382 485
383 486
385 487
386 488
388 489
390 490
393 491
394 492
395 493
396 494
397 495
398 496
399 497
400 498
401 499
402 500
403 501
405 502
406 503
408 504
410 505
411 506
412 507
413 508
415 509
416 510
417 511
419 512
420 513
423 514
424 515
426 516
427 517
429 518
431 519
432 520
434 521
435 522
437 523
438 524
440 525
441 526
443 527
444 528
446 529
447 530
450 531
451 532
452 533
454 534
456 535
458 536
459 537
461 538
462 539
464 540
465 541
466 542
467 543
468 544
469 545
470 546
472 547
473 548
475 549
476 550
478 551
479 552
481 553
482 554
484 555
487 556
488 557
490 558
492 559
493 560
496 561
498 562
499 563
501 564
503 565
504 566
506 567
507 568
508 569
509 570
510 571
511 572
512 573
514 574
516 575
517 576
518 577
520 578
521 579
522 580
524 581
526 582
528 583
529 584
530 585
533 586
534 587
536 588
538 589
539 590
541 591
543 592
545 593
546 594
548 595
551 596
553 597
555 598
557 599
559 600
561 601
564 602
566 603
568 604
569 605
570 606
572 607
574 608
575 609
578 610
580 611
583 612
584 613
585 614
587 615
588 616
590 617
591 618
593 619
594 620
595 621
596 622
598 623
599 624
600 625
602 626
603 627
604 628
606 629
607 630
609 631
610 632
612 633
614 634
615 635
617 636
619 637
620 638
622 639
623 640
625 641
628 642
630 643
633 644
637 645
639 646
640 647
642 648
643 649
1 2
2 3
3 4
4 5
5 6
6 7
4 8
8 9
9 10
10 11
10 12
9 13
9 14
9 15
8 16
16 17
16 18
8 19
8 20
20 21
3 22
3 23
23 24
23 25
25 26
26 27
26 28
28 29
29 30
26 31
26 32
23 33
33 34
33 35
33 36
36 37
37 38
36 39
36 40
40 41
40 42
42 43
42 44
42 45
2 46
46 47
46 48
48 49
48 50
50 51
50 52
52 53
53 54
53 55
2 56
2 57
2 58
58 59
59 60
60 61
61 62
62 63
59 64
64 65
64 66
64 67
67 68
68 69
67 70
70 71
71 72
72 73
73 74
73 75
75 76
76 77
77 78
73 79
73 80
73 81
73 82
82 83
72 84
71 85
71 86
58 87
87 88
87 89
87 90
58 91
2 92
2 93
93 94
2 95
2 96
2 97
2 98
98 99
99 100
98 101
101 102
102 103
103 104
103 105
105 106
106 107
106 108
105 109
103 110
103 111
102 112
112 113
112 114
112 115
112 116
116 117
116 118
116 119
119 120
119 121
116 122
116 123
123 124
116 125
125 126
116 127
127 128
127 129
129 130
101 131
101 132
132 133
132 134
101 135
135 136
135 137
137 138
138 139
135 140
2 141
2 142
142 143
143 144
143 145
143 146
146 147
147 148
146 149
146 150
143 151
142 152
152 153
153 154
153 155
2 156
156 157
156 158
2 159
2 160
160 161
160 162
2 163
163 164
164 165
165 166
166 167
166 168
166 169
169 170
169 171
171 172
171 173
169 174
174 175
169 176
176 177
166 178
165 179
164 180
2 181
2 182
182 183
182 184
182 185
185 186
182 187
182 188
188 189
182 190
2 191
2 192
192 193
2 194
194 195
194 196
2 197
197 198
198 199
199 200
199 201
199 202
199 203
198 204
197 205
2 206
206 207
206 208
2 209
2 210
210 211
211 212
210 213
2 214
2 215
215 216
216 217
217 218
216 219
215 220
193 221
193 222
118 223
118 224
186 225
113 226
113 227
193 228
213 229
125 230
121 231
121 232
121 233
121 234
121 235
120 236
193 237
208 238
193 239
126 240
127 241
127 242
193 243
129 244
129 245
130 246
129 247
117 248
123 249
114 250
125 251
122 252
122 253
116 254
116 255
136 256
136 257
127 258
127 259
127 260
127 261
127 262
112 263
112 264
112 265
112 266
112 267
115 268
112 269
112 270
112 271
112 272
112 273
112 274
112 275
112 276
112 277
112 278
112 279
116 280
116 281
119 282
116 283
114 284
140 285
140 286
140 287
133 288
212 289
211 290
211 291
138 292
135 293
139 294
139 295
139 296
137 297
135 298
135 299
138 300
135 301
135 302
135 303
135 304
135 305
135 306
135 307
135 308
135 309
137 310
132 311
132 312
102 313
135 314
105 315
105 316
103 317
103 318
22 319
108 320
107 321
111 322
103 323
111 324
110 325
111 326
103 327
103 328
191 329
101 330
101 331
101 332
101 333
101 334
101 335
101 336
204 337
204 338
98 339
198 340
184 341
198 342
198 343
198 344
198 345
70 346
70 347
99 348
99 349
99 350
98 351
184 352
188 353
182 354
182 355
5 356
5 357
185 358
185 359
71 360
86 361
86 362
86 363
86 364
219 365
188 366
189 367
188 368
188 369
100 370
207 371
190 372
182 373
182 374
214 375
94 376
7 377
220 378
71 379
71 380
71 381
71 382
71 383
71 384
71 385
71 386
71 387
71 388
85 389
85 390
71 391
8 392
8 393
11 394
6 395
18 396
201 397
201 398
20 399
21 400
21 401
209 402
209 403
94 404
71 405
71 406
203 407
203 408
15 409
15 410
15 411
16 412
57 413
141 414
202 415
199 416
199 417
199 418
199 419
199 420
202 421
201 422
199 423
209 424
76 425
76 426
56 427
94 428
199 429
8 430
97 431
8 432
16 433
19 434
12 435
16 436
151 437
151 438
151 439
77 440
77 441
77 442
77 443
77 444
77 445
145 446
13 447
9 448
10 449
9 450
9 451
17 452
143 453
143 454
96 455
14 456
19 457
14 458
83 459
83 460
79 461
79 462
180 463
146 464
150 465
150 466
146 467
146 468
150 469
181 470
146 471
148 472
148 473
150 474
73 475
75 476
83 477
83 478
73 479
73 480
81 481
75 482
81 483
81 484
146 485
145 486
82 487
147 488
82 489
73 490
73 491
82 492
75 493
73 494
73 495
73 496
73 497
75 498
73 499
74 500
80 501
80 502
84 503
84 504
72 505
72 506
72 507
172 508
172 509
172 510
177 511
177 512
167 513
72 514
176 515
176 516
167 517
174 518
174 519
39 520
173 521
166 522
178 523
51 524
175 525
168 526
168 527
175 528
171 529
158 530
173 531
171 532
91 533
91 534
173 535
173 536
171 537
171 538
175 539
175 540
171 541
171 542
171 543
171 544
173 545
34 546
34 547
37 548
37 549
49 550
49 551
49 552
49 553
49 554
49 555
68 556
68 557
69 558
68 559
38 560
47 561
195 562
54 563
54 564
45 565
169 566
174 567
169 568
169 569
166 570
169 571
166 572
30 573
53 574
53 575
53 576
91 577
159 578
91 579
91 580
25 581
25 582
25 583
25 584
25 585
149 586
31 587
31 588
31 589
26 590
24 591
60 592
59 593
28 594
26 595
59 596
32 597
152 598
152 599
163 600
66 601
64 602
155 603
155 604
155 605
218 606
29 607
29 608
54 609
155 610
155 611
61 612
218 613
61 614
61 615
61 616
61 617
61 618
61 619
61 620
61 621
196 622
196 623
196 624
90 625
90 626
90 627
87 628
89 629
217 630
217 631
88 632
88 633
88 634
88 635
52 636
52 637
63 638
44 639
62 640
200 641
169 642
53 643
55 644
43 645
43 646
43 647
43 648
43 649
