475
475
475
0 0
2 1
3 2
5 3
6 4
7 5
8 6
10 7
12 8
13 9
15 10
16 11
18 12
19 13
20 14
21 15
23 16
25 17
26 18
27 19
29 20
30 21
32 22
34 23
35 24
37 25
38 26
39 27
41 28
42 29
43 30
44 31
45 32
47 33
49 34
51 35
52 36
54 37
55 38
57 39
58 40
60 41
61 42
62 43
63 44
64 45
65 46
67 47
68 48
70 49
71 50
72 51
73 52
74 53
75 54
69 55
76 56
77 57
78 58
79 59
80 60
81 61
82 62
83 63
85 64
86 65
87 66
88 67
89 68
92 69
94 70
95 71
97 72
98 73
100 74
101 75
102 76
104 77
105 78
107 79
108 80
110 81
112 82
114 83
115 84
116 85
117 86
118 87
119 88
120 89
121 90
122 91
123 92
124 93
125 94
126 95
128 96
129 97
130 98
132 99
134 100
135 101
137 102
138 103
139 104
141 105
142 106
144 107
145 108
146 109
147 110
149 111
150 112
152 113
154 114
155 115
157 116
160 117
161 118
163 119
164 120
166 121
167 122
168 123
169 124
170 125
171 126
172 127
173 128
175 129
174 130
176 131
177 132
179 133
180 134
182 135
184 136
183 137
185 138
186 139
187 140
188 141
190 142
191 143
192 144
193 145
194 146
196 147
198 148
199 149
200 150
201 151
203 152
204 153
206 154
207 155
209 156
210 157
211 158
212 159
213 160
215 161
216 162
218 163
219 164
220 165
221 166
224 167
225 168
226 169
227 170
228 171
229 172
231 173
232 174
234 175
236 176
238 177
239 178
240 179
241 180
237 181
242 182
243 183
244 184
245 185
246 186
247 187
248 188
250 189
251 190
252 191
254 192
255 193
256 194
257 195
259 196
260 197
262 198
263 199
264 200
265 201
266 202
268 203
270 204
271 205
273 206
274 207
276 208
278 209
279 210
281 211
283 212
284 213
286 214
287 215
288 216
289 217
290 218
291 219
292 220
293 221
294 222
295 223
296 224
297 225
299 226
300 227
302 228
303 229
301 230
305 231
306 232
309 233
310 234
311 235
312 236
313 237
314 238
315 239
316 240
318 241
319 242
320 243
321 244
322 245
323 246
324 247
325 248
326 249
327 250
329 251
331 252
332 253
333 254
334 255
335 256
336 257
338 258
339 259
340 260
341 261
343 262
344 263
345 264
346 265
347 266
348 267
350 268
351 269
353 270
354 271
356 272
357 273
358 274
355 275
359 276
360 277
361 278
362 279
363 280
365 281
364 282
367 283
368 284
370 285
371 286
373 287
374 288
376 289
377 290
379 291
380 292
378 293
381 294
382 295
383 296
385 297
386 298
388 299
390 300
393 301
394 302
395 303
396 304
397 305
398 306
399 307
400 308
401 309
402 310
403 311
405 312
406 313
408 314
410 315
411 316
409 317
412 318
413 319
415 320
416 321
417 322
419 323
420 324
421 325
423 326
424 327
426 328
427 329
429 330
431 331
432 332
434 333
435 334
437 335
438 336
440 337
441 338
443 339
444 340
446 341
447 342
449 343
450 344
451 345
452 346
454 347
455 348
456 349
458 350
459 351
461 352
462 353
464 354
465 355
466 356
467 357
468 358
469 359
470 360
472 361
473 362
475 363
476 364
478 365
479 366
481 367
482 368
484 369
487 370
488 371
490 372
492 373
493 374
496 375
498 376
499 377
501 378
503 379
504 380
506 381
507 382
505 383
508 384
509 385
510 386
511 387
512 388
514 389
516 390
517 391
518 392
520 393
521 394
522 395
524 396
526 397
528 398
529 399
530 400
531 401
533 402
534 403
536 404
538 405
539 406
541 407
542 408
543 409
545 410
546 411
548 412
549 413
551 414
553 415
555 416
557 417
559 418
561 419
564 420
565 421
566 422
568 423
569 424
570 425
571 426
572 427
574 428
575 429
577 430
578 431
580 432
583 433
584 434
585 435
587 436
588 437
589 438
590 439
591 440
593 441
594 442
595 443
596 444
598 445
599 446
600 447
602 448
603 449
604 450
606 451
607 452
609 453
610 454
612 455
613 456
614 457
615 458
617 459
619 460
620 461
622 462
623 463
625 464
626 465
628 466
630 467
632 468
633 469
637 470
639 471
640 472
642 473
643 474
475 470
470 471
475 383
383 384
384 348
348 344
344 345
348 359
345 341
341 357
383 386
341 320
320 319
320 321
341 355
341 358
348 349
383 327
383 330
383 380
383 385
383 387
383 465
383 466
384 382
341 325
325 324
325 329
341 337
337 336
337 340
341 352
341 356
348 350
383 335
384 339
327 328
339 338
341 351
359 333
384 334
327 322
327 323
337 354
384 381
359 317
317 315
317 293
293 290
293 306
317 314
317 316
290 291
290 309
293 225
225 244
244 248
248 249
244 243
244 245
244 246
225 226
244 232
232 216
216 214
216 215
216 217
248 247
293 284
293 292
293 294
294 297
293 301
293 303
303 308
293 304
293 305
314 313
215 196
196 195
216 203
203 181
181 180
180 188
181 156
156 157
156 158
156 159
156 160
181 177
181 179
181 182
181 184
180 187
181 186
216 213
213 220
216 219
293 267
301 307
317 318
181 140
140 141
181 155
181 178
195 221
203 204
216 222
293 288
293 311
308 265
265 266
265 287
308 302
181 176
181 183
181 185
181 189
267 268
284 285
288 289
293 312
297 269
313 326
155 137
137 139
137 130
130 128
137 136
137 138
139 133
137 135
130 129
214 205
205 206
265 286
293 300
383 331
475 473
293 270
315 310
337 353
475 474
217 218
383 389
389 390
389 391
389 467
389 459
459 460
384 469
308 299
341 461
461 462
462 468
384 472
475 429
429 377
377 378
429 430
339 388
388 379
379 376
325 332
327 464
459 458
458 453
453 438
438 439
438 440
438 436
438 433
438 442
433 426
426 425
436 435
438 441
438 437
438 428
428 427
438 431
431 432
431 424
424 423
424 422
453 452
426 434
438 443
453 457
453 450
450 447
447 449
450 451
447 448
450 454
450 455
455 456
456 444
444 446
444 445
447 420
420 421
420 414
414 403
403 404
404 408
403 405
403 406
403 412
404 398
398 400
400 397
397 396
400 399
406 413
400 411
403 407
403 409
403 394
394 346
394 392
394 395
346 347
392 295
295 275
275 272
275 274
275 276
272 273
272 277
275 271
275 279
277 283
275 259
275 260
275 278
275 250
275 252
252 254
252 190
190 191
190 235
190 197
190 239
239 236
252 264
264 262
190 233
190 237
197 198
235 253
239 256
252 230
230 228
230 229
230 173
197 199
230 193
230 202
230 227
239 210
275 258
275 282
282 280
282 281
275 296
282 298
173 172
190 207
190 208
190 209
190 263
193 192
230 255
264 261
275 240
240 241
240 242
193 151
151 152
254 251
394 343
193 175
193 194
230 212
277 223
223 201
223 224
201 200
212 211
190 234
239 238
193 174
209 257
272 149
149 150
149 153
153 154
149 162
162 165
162 164
162 147
165 148
149 170
170 146
146 134
147 163
165 169
149 161
149 231
162 167
146 119
119 118
146 168
147 144
144 131
131 132
132 122
131 145
144 142
144 143
122 123
122 125
122 126
122 127
142 104
104 105
104 115
115 110
104 116
104 117
110 112
104 101
101 109
104 111
104 114
122 97
122 124
97 95
101 102
109 93
93 83
83 85
93 88
93 92
88 90
88 91
93 81
81 78
78 79
93 82
78 80
88 38
38 39
78 76
93 70
93 89
109 107
122 121
81 94
93 86
93 87
93 100
97 99
109 106
122 120
70 69
70 71
76 84
97 96
97 98
101 103
104 113
109 108
125 74
74 75
75 19
19 1
1 0
1 8
19 17
19 18
19 23
74 73
97 55
55 54
55 46
55 48
55 50
55 52
55 53
55 59
55 62
55 63
48 58
54 47
55 7
7 6
55 56
46 49
50 37
37 35
37 36
37 5
5 4
37 40
40 24
24 27
24 25
40 42
24 22
24 26
37 67
40 21
21 41
40 43
40 45
55 61
5 65
25 64
35 34
37 12
12 14
12 15
12 11
11 13
37 30
30 31
30 29
37 33
33 10
10 9
40 44
53 57
55 60
12 66
37 28
53 32
55 2
2 3
55 68
10 20
12 16
144 166
37 51
76 77
74 72
147 171
395 393
409 410
414 416
416 417
392 342
414 402
402 401
414 415
409 418
418 419
327 463
376 362
362 363
362 374
374 368
368 365
368 366
365 364
368 367
368 369
368 375
374 370
370 372
370 360
360 361
370 373
370 371
