475
644
644
344 203
0 559
346 549
347 183
340 175
341 86
343 623
348 329
595 281
594 395
619 116
299 353
296 577
297 602
294 364
295 593
292 334
293 506
290 493
291 34
591 528
590 119
593 406
199 452
198 542
596 362
599 71
194 409
196 467
191 505
190 359
193 260
192 600
270 155
271 481
273 368
274 180
276 174
278 325
279 350
524 27
526 121
520 141
521 305
522 226
528 287
529 545
449 610
443 446
441 3
440 315
447 630
446 67
444 252
108 97
102 79
100 443
101 108
107 390
104 603
105 123
39 511
38 204
32 60
30 347
37 569
35 514
34 114
640 588
643 201
642 424
438 266
437 455
434 273
435 521
432 615
431 176
339 499
338 606
335 508
334 74
336 286
331 498
333 129
332 393
345 473
6 643
98 147
92 459
95 284
94 399
97 580
559 198
555 292
557 306
551 612
553 396
238 194
239 637
234 296
236 163
237 538
231 333
232 408
146 639
147 518
144 300
145 614
142 568
141 322
612 301
613 311
610 216
617 61
614 591
149 177
623 423
622 341
132 295
130 524
137 595
499 242
135 598
134 248
139 548
138 464
490 191
492 441
493 526
25 43
26 104
27 426
20 447
21 10
23 444
29 401
406 476
405 339
403 617
402 85
401 64
400 45
409 564
408 250
379 6
378 37
371 110
370 142
373 435
374 259
377 297
376 15
393 456
88 122
390 440
397 316
396 397
395 487
394 18
82 388
83 449
399 607
81 594
86 220
87 32
85 26
7 221
587 264
584 620
585 2
583 572
580 239
588 23
589 367
245 75
244 58
247 510
246 429
241 358
240 154
243 107
242 553
615 520
606 340
248 310
518 421
511 622
510 378
512 152
514 130
517 105
516 302
458 356
459 120
620 613
626 432
625 185
450 38
451 512
452 94
628 161
454 251
455 529
456 276
179 437
177 57
176 270
175 504
174 290
173 82
172 271
171 0
170 92
182 30
183 609
180 190
2 219
186 115
187 345
184 224
185 263
188 351
10 291
13 118
12 412
15 462
16 640
19 65
18 139
322 128
323 237
320 188
321 77
326 211
327 69
324 434
325 344
329 62
201 125
200 596
203 279
204 343
207 420
206 599
209 419
77 628
76 20
75 546
74 169
73 583
72 288
71 138
70 492
79 70
78 461
542 507
543 587
541 381
546 231
545 212
8 370
548 360
549 326
68 373
598 254
120 117
121 213
122 346
123 327
124 365
125 488
126 193
128 536
129 482
415 590
416 355
417 314
410 533
411 112
412 55
413 400
498 265
419 383
319 21
318 431
313 244
312 566
311 41
310 354
316 12
315 218
314 575
496 7
3 294
368 78
367 68
364 196
365 539
362 101
363 247
360 299
361 336
380 39
381 541
382 361
383 124
385 256
386 73
388 331
578 469
604 268
572 173
571 320
570 338
577 245
575 565
574 626
60 166
61 238
62 427
259 557
64 164
65 496
67 574
252 168
69 160
250 319
251 88
256 13
257 145
254 517
255 475
603 234
508 95
509 376
506 257
507 137
504 157
505 246
503 102
501 374
630 83
632 241
633 206
469 323
468 72
637 415
465 479
464 410
467 555
466 200
461 25
462 465
168 228
169 215
164 227
166 543
167 604
160 458
161 413
163 179
600 561
357 274
356 584
355 318
354 167
353 484
351 625
350 42
359 402
358 450
216 417
215 633
212 386
213 619
210 348
211 47
218 321
219 377
289 192
288 49
281 199
283 501
284 243
287 76
286 29
263 466
262 531
260 363
266 210
265 324
264 172
268 578
58 187
55 8
54 411
57 416
51 16
52 522
536 516
63 478
533 332
531 470
530 312
539 236
538 585
115 182
114 394
117 132
116 98
110 80
112 229
119 126
118 303
429 209
534 171
421 184
420 534
423 149
424 472
427 278
426 63
309 146
300 357
301 289
302 81
303 403
305 52
306 589
568 87
569 385
561 240
564 293
565 54
566 438
229 335
228 51
227 225
226 371
225 379
224 186
221 170
220 642
89 232
150 255
607 632
152 207
155 134
154 35
157 454
602 570
609 150
80 468
398 503
49 5
47 19
44 144
45 309
42 382
43 89
41 398
5 262
639 530
488 100
487 313
484 551
482 283
481 451
472 44
473 571
470 380
476 405
475 135
478 509
479 490
342 344
1 0
372 346
346 347
337 340
342 341
382 342
342 343
349 348
392 349
592 595
605 606
592 594
618 619
321 298
298 299
295 296
298 297
285 294
366 295
285 292
285 293
285 290
285 291
589 591
589 590
592 593
608 592
214 199
197 198
611 597
597 596
223 195
195 194
217 197
197 196
189 191
189 190
189 193
189 192
269 270
272 271
321 272
272 273
275 274
277 275
275 276
280 277
277 278
280 279
525 524
527 525
525 526
540 527
519 520
519 521
519 522
535 523
597 599
527 528
527 529
448 449
519 448
442 443
505 442
442 441
439 440
448 447
463 446
463 445
445 444
106 108
113 109
103 102
111 103
99 100
99 101
111 106
106 107
103 104
106 105
36 39
36 38
96 33
31 32
59 31
31 30
36 37
59 36
36 35
33 34
644 641
641 640
641 643
641 642
439 438
445 439
505 436
436 437
433 434
436 435
433 432
463 433
505 430
430 431
337 339
337 338
330 335
330 334
355 337
330 336
330 331
342 330
330 333
330 332
342 345
7 6
131 99
99 98
127 91
91 90
113 93
93 92
93 95
93 94
96 97
99 96
560 559
560 558
556 555
558 554
556 557
558 556
552 551
554 550
552 553
554 552
237 238
237 239
233 234
304 235
237 236
249 237
301 230
230 231
233 232
253 233
11 1
611 614
159 146
148 147
143 144
146 145
143 142
146 143
156 140
140 141
611 612
611 613
611 610
616 611
618 616
618 617
151 148
148 149
636 513
624 623
621 622
146 133
131 132
165 131
131 130
136 137
146 136
136 135
133 134
495 494
497 495
140 139
136 138
489 490
494 491
491 492
494 493
33 24
24 25
24 26
24 27
17 20
17 21
40 22
22 23
48 28
28 29
409 407
407 406
404 405
409 404
404 403
392 402
392 401
392 400
634 629
422 409
407 408
627 628
378 379
392 378
372 371
369 370
372 373
404 372
392 375
375 374
378 377
375 376
629 618
392 393
409 392
84 88
90 89
392 397
392 396
392 395
392 394
69 82
69 83
69 80
69 81
84 86
84 87
91 84
84 85
53 7
592 586
586 587
582 584
586 585
592 582
582 583
579 580
592 581
589 588
592 589
237 245
237 244
237 247
237 246
237 241
237 240
237 243
237 242
616 615
269 249
237 248
523 519
519 518
505 511
505 510
605 601
513 512
629 515
515 514
515 517
515 516
457 458
460 459
631 621
621 620
636 627
627 626
624 625
635 624
451 450
463 451
453 452
519 453
453 454
463 455
455 456
463 457
178 179
183 178
176 177
189 176
174 175
178 174
174 173
165 172
165 171
165 170
267 253
183 182
208 183
181 180
195 181
183 186
237 187
183 184
183 185
187 188
222 189
24 11
9 10
14 13
11 12
14 15
28 14
22 17
17 16
17 19
17 18
59 62
321 322
321 323
321 320
325 321
325 326
328 327
325 324
392 325
337 328
330 329
202 201
199 200
202 203
253 202
223 205
205 204
208 207
205 206
237 209
237 208
69 77
69 76
69 75
69 74
69 73
69 72
69 71
69 70
69 79
69 78
1 2
540 542
544 543
547 540
540 541
547 546
550 547
550 544
544 545
9 8
547 548
550 549
69 68
597 598
113 120
113 121
113 122
113 123
113 124
113 125
127 126
131 127
127 128
127 129
446 414
414 415
414 416
418 417
409 410
409 411
409 412
414 413
497 498
425 418
418 419
500 499
317 319
317 318
308 313
308 312
308 311
308 310
328 317
317 316
308 315
308 314
495 496
502 497
4 3
369 368
384 369
382 366
366 367
387 364
364 365
355 362
364 363
355 360
355 361
378 380
378 381
391 382
382 383
392 384
384 385
387 386
391 387
389 388
392 389
611 605
581 579
579 578
605 604
592 573
573 572
582 571
571 570
576 577
608 607
576 575
573 574
59 60
59 61
285 258
258 259
59 64
66 65
69 66
66 67
251 252
90 69
249 250
308 251
253 256
258 257
253 254
253 255
601 603
601 602
505 508
505 509
505 506
505 507
505 504
627 505
513 502
502 503
576 500
500 501
629 630
635 631
631 632
634 633
463 469
463 468
641 636
638 637
463 465
463 464
463 467
463 466
460 461
463 460
505 463
463 462
165 168
165 169
165 164
176 165
165 166
165 167
159 160
162 161
181 162
162 163
601 600
69 9
355 357
355 356
382 355
355 354
352 353
392 352
352 351
349 350
355 359
355 358
217 216
223 217
223 214
214 215
209 212
209 213
209 210
209 211
217 218
217 219
285 289
285 288
46 4
282 281
308 280
282 283
330 282
307 285
285 284
285 287
285 286
641 576
261 263
261 262
308 261
261 260
301 267
267 266
295 265
265 264
285 269
269 268
84 59
59 58
56 55
53 54
56 57
109 56
50 51
84 50
84 53
53 52
540 537
537 536
537 535
59 63
532 533
550 532
532 531
527 530
540 539
537 538
113 115
113 114
113 117
113 116
113 111
109 110
133 113
113 112
113 119
113 118
430 429
457 428
535 534
428 421
421 420
422 423
428 422
505 425
425 424
428 427
425 426
330 308
308 309
301 300
342 301
301 302
301 303
337 304
304 305
307 306
321 307
567 568
567 569
562 560
562 561
563 562
601 563
563 564
563 565
567 566
581 567
230 229
223 228
223 227
223 226
223 225
223 224
235 223
235 222
222 221
217 220
523 391
389 390
158 151
151 150
159 153
153 152
156 155
153 154
156 157
158 156
189 159
159 158
608 609
611 608
635 634
392 399
636 635
392 398
84 48
50 49
69 46
48 47
43 44
46 45
43 42
84 43
84 40
40 41
641 638
4 5
638 639
491 489
489 488
486 487
489 486
494 485
485 484
485 483
480 482
480 481
483 480
471 472
474 473
471 470
486 471
477 476
483 477
495 474
474 475
477 478
480 479
