475
644
644
344 130
0 204
346 110
347 257
340 180
341 129
343 176
348 347
595 346
594 290
619 5
299 294
296 3
297 309
294 517
295 270
292 104
293 363
290 167
291 340
591 238
590 343
593 438
199 398
198 44
596 135
599 73
194 507
196 324
191 43
190 281
193 82
192 65
270 35
271 173
273 501
274 102
276 247
278 548
279 237
524 561
526 255
520 94
521 564
522 19
528 144
529 185
449 240
443 606
441 591
440 254
447 359
446 155
444 0
108 302
102 297
100 408
101 423
107 81
104 199
105 296
39 484
38 625
32 390
30 598
37 142
35 83
34 87
640 206
643 284
642 18
438 229
437 599
434 323
435 30
432 374
431 506
339 58
338 545
335 643
334 331
336 42
331 409
333 541
332 114
345 322
6 577
98 316
92 459
95 488
94 464
97 566
559 465
555 126
557 326
551 415
553 289
238 252
239 360
234 403
236 351
237 203
231 246
232 274
146 57
147 473
144 569
145 295
142 536
141 585
612 319
613 279
610 365
617 200
614 470
149 299
623 452
622 306
132 32
130 97
137 220
499 511
135 116
134 529
139 15
138 179
490 224
492 583
493 45
25 327
26 64
27 419
20 509
21 397
23 602
29 63
406 610
405 312
403 587
402 69
401 538
400 574
409 458
408 481
379 163
378 120
371 406
370 134
373 107
374 469
377 6
376 241
393 332
88 146
390 37
397 123
396 215
395 378
394 456
82 108
83 54
399 174
81 620
86 400
87 526
85 362
7 213
587 379
584 286
585 381
583 171
580 305
588 13
589 76
245 196
244 314
247 623
246 628
241 25
240 551
243 619
242 95
615 593
606 466
248 499
518 112
511 41
510 533
512 51
514 244
517 227
516 170
458 417
459 313
620 139
626 639
625 39
450 71
451 122
452 345
628 62
454 450
455 219
456 92
179 72
177 498
176 147
175 145
174 218
173 604
172 376
171 516
170 115
182 70
183 34
180 640
2 405
186 260
187 396
184 225
185 276
188 98
10 287
13 234
12 52
15 361
16 357
19 61
18 633
322 424
323 172
320 578
321 373
326 320
327 588
324 557
325 119
329 449
201 472
200 154
203 371
204 334
207 192
206 161
209 77
77 89
76 303
75 157
74 207
73 512
72 88
71 49
70 462
79 570
78 402
542 594
543 248
541 443
546 182
545 553
8 416
548 186
549 568
68 612
598 311
120 446
121 315
122 482
123 118
124 478
125 335
126 55
128 437
129 383
415 549
416 121
417 642
410 266
411 16
412 380
413 571
498 543
419 356
319 187
318 242
313 125
312 137
311 421
310 183
316 520
315 26
314 292
496 288
3 341
368 388
367 27
364 370
365 68
362 447
363 300
360 74
361 20
380 79
381 364
382 271
383 263
385 336
386 124
388 117
578 164
604 440
572 382
571 348
570 614
577 243
575 184
574 399
60 168
61 338
62 454
259 138
64 555
65 259
67 344
252 386
69 367
250 358
251 617
256 262
257 265
254 476
255 503
603 607
508 210
509 193
506 283
507 451
504 128
505 355
503 595
501 190
630 100
632 368
633 47
469 310
468 559
637 350
465 542
464 514
467 216
466 455
461 329
462 339
168 221
169 479
164 590
166 78
167 531
160 510
161 354
163 626
600 301
357 166
356 169
355 518
354 411
353 67
351 80
350 212
359 505
358 353
216 152
215 191
212 150
213 630
210 141
211 177
218 226
219 434
289 321
288 521
281 613
283 615
284 60
287 393
286 420
263 609
262 546
260 318
266 232
265 105
264 209
268 435
58 23
55 7
54 487
57 194
51 2
52 637
536 496
63 198
533 85
531 584
530 10
539 444
538 264
115 149
114 101
117 86
116 29
110 231
112 522
119 504
118 21
429 432
534 431
421 293
420 12
423 251
424 467
427 75
426 622
309 188
300 236
301 580
302 132
303 490
305 268
306 468
568 603
569 596
561 492
564 211
565 245
566 412
229 429
228 475
227 534
226 508
225 160
224 413
221 377
220 239
89 524
150 273
607 228
152 575
155 278
154 291
157 565
602 38
609 401
80 589
398 427
49 8
47 201
44 530
45 493
42 461
43 175
41 333
5 250
639 572
488 256
487 426
484 441
482 539
481 632
472 385
473 394
470 325
476 410
475 395
478 528
479 600
342 344
1 0
372 346
346 347
337 340
342 341
382 342
342 343
349 348
392 349
592 595
605 606
592 594
618 619
321 298
298 299
295 296
298 297
285 294
366 295
285 292
285 293
285 290
285 291
589 591
589 590
592 593
608 592
214 199
197 198
611 597
597 596
223 195
195 194
217 197
197 196
189 191
189 190
189 193
189 192
269 270
272 271
321 272
272 273
275 274
277 275
275 276
280 277
277 278
280 279
525 524
527 525
525 526
540 527
519 520
519 521
519 522
535 523
597 599
527 528
527 529
448 449
519 448
442 443
505 442
442 441
439 440
448 447
463 446
463 445
445 444
106 108
113 109
103 102
111 103
99 100
99 101
111 106
106 107
103 104
106 105
36 39
36 38
96 33
31 32
59 31
31 30
36 37
59 36
36 35
33 34
644 641
641 640
641 643
641 642
439 438
445 439
505 436
436 437
433 434
436 435
433 432
463 433
505 430
430 431
337 339
337 338
330 335
330 334
355 337
330 336
330 331
342 330
330 333
330 332
342 345
7 6
131 99
99 98
127 91
91 90
113 93
93 92
93 95
93 94
96 97
99 96
560 559
560 558
556 555
558 554
556 557
558 556
552 551
554 550
552 553
554 552
237 238
237 239
233 234
304 235
237 236
249 237
301 230
230 231
233 232
253 233
11 1
611 614
159 146
148 147
143 144
146 145
143 142
146 143
156 140
140 141
611 612
611 613
611 610
616 611
618 616
618 617
151 148
148 149
636 513
624 623
621 622
146 133
131 132
165 131
131 130
136 137
146 136
136 135
133 134
495 494
497 495
140 139
136 138
489 490
494 491
491 492
494 493
33 24
24 25
24 26
24 27
17 20
17 21
40 22
22 23
48 28
28 29
409 407
407 406
404 405
409 404
404 403
392 402
392 401
392 400
634 629
422 409
407 408
627 628
378 379
392 378
372 371
369 370
372 373
404 372
392 375
375 374
378 377
375 376
629 618
392 393
409 392
84 88
90 89
392 397
392 396
392 395
392 394
69 82
69 83
69 80
69 81
84 86
84 87
91 84
84 85
53 7
592 586
586 587
582 584
586 585
592 582
582 583
579 580
592 581
589 588
592 589
237 245
237 244
237 247
237 246
237 241
237 240
237 243
237 242
616 615
269 249
237 248
523 519
519 518
505 511
505 510
605 601
513 512
629 515
515 514
515 517
515 516
457 458
460 459
631 621
621 620
636 627
627 626
624 625
635 624
451 450
463 451
453 452
519 453
453 454
463 455
455 456
463 457
178 179
183 178
176 177
189 176
174 175
178 174
174 173
165 172
165 171
165 170
267 253
183 182
208 183
181 180
195 181
183 186
237 187
183 184
183 185
187 188
222 189
24 11
9 10
14 13
11 12
14 15
28 14
22 17
17 16
17 19
17 18
59 62
321 322
321 323
321 320
325 321
325 326
328 327
325 324
392 325
337 328
330 329
202 201
199 200
202 203
253 202
223 205
205 204
208 207
205 206
237 209
237 208
69 77
69 76
69 75
69 74
69 73
69 72
69 71
69 70
69 79
69 78
1 2
540 542
544 543
547 540
540 541
547 546
550 547
550 544
544 545
9 8
547 548
550 549
69 68
597 598
113 120
113 121
113 122
113 123
113 124
113 125
127 126
131 127
127 128
127 129
446 414
414 415
414 416
418 417
409 410
409 411
409 412
414 413
497 498
425 418
418 419
500 499
317 319
317 318
308 313
308 312
308 311
308 310
328 317
317 316
308 315
308 314
495 496
502 497
4 3
369 368
384 369
382 366
366 367
387 364
364 365
355 362
364 363
355 360
355 361
378 380
378 381
391 382
382 383
392 384
384 385
387 386
391 387
389 388
392 389
611 605
581 579
579 578
605 604
592 573
573 572
582 571
571 570
576 577
608 607
576 575
573 574
59 60
59 61
285 258
258 259
59 64
66 65
69 66
66 67
251 252
90 69
249 250
308 251
253 256
258 257
253 254
253 255
601 603
601 602
505 508
505 509
505 506
505 507
505 504
627 505
513 502
502 503
576 500
500 501
629 630
635 631
631 632
634 633
463 469
463 468
641 636
638 637
463 465
463 464
463 467
463 466
460 461
463 460
505 463
463 462
165 168
165 169
165 164
176 165
165 166
165 167
159 160
162 161
181 162
162 163
601 600
69 9
355 357
355 356
382 355
355 354
352 353
392 352
352 351
349 350
355 359
355 358
217 216
223 217
223 214
214 215
209 212
209 213
209 210
209 211
217 218
217 219
285 289
285 288
46 4
282 281
308 280
282 283
330 282
307 285
285 284
285 287
285 286
641 576
261 263
261 262
308 261
261 260
301 267
267 266
295 265
265 264
285 269
269 268
84 59
59 58
56 55
53 54
56 57
109 56
50 51
84 50
84 53
53 52
540 537
537 536
537 535
59 63
532 533
550 532
532 531
527 530
540 539
537 538
113 115
113 114
113 117
113 116
113 111
109 110
133 113
113 112
113 119
113 118
430 429
457 428
535 534
428 421
421 420
422 423
428 422
505 425
425 424
428 427
425 426
330 308
308 309
301 300
342 301
301 302
301 303
337 304
304 305
307 306
321 307
567 568
567 569
562 560
562 561
563 562
601 563
563 564
563 565
567 566
581 567
230 229
223 228
223 227
223 226
223 225
223 224
235 223
235 222
222 221
217 220
523 391
389 390
158 151
151 150
159 153
153 152
156 155
153 154
156 157
158 156
189 159
159 158
608 609
611 608
635 634
392 399
636 635
392 398
84 48
50 49
69 46
48 47
43 44
46 45
43 42
84 43
84 40
40 41
641 638
4 5
638 639
491 489
489 488
486 487
489 486
494 485
485 484
485 483
480 482
480 481
483 480
471 472
474 473
471 470
486 471
477 476
483 477
495 474
474 475
477 478
480 479
