475
644
644
344 149
0 626
346 108
347 496
340 590
341 322
343 566
348 511
595 542
594 467
619 204
299 0
296 297
297 416
294 32
295 186
292 238
293 503
290 617
291 319
591 568
590 400
593 78
199 539
198 465
596 571
599 426
194 291
196 639
191 173
190 196
193 377
192 89
270 101
271 284
273 451
274 286
276 409
278 296
279 599
524 321
526 380
520 431
521 83
522 15
528 343
529 225
449 139
443 236
441 239
440 21
447 493
446 411
444 264
108 169
102 227
100 118
101 501
107 516
104 521
105 318
39 193
38 309
32 469
30 246
37 584
35 82
34 126
640 79
643 603
642 402
438 398
437 20
434 536
435 543
432 553
431 299
339 179
338 610
335 587
334 507
336 271
331 274
333 637
332 200
345 505
6 88
98 182
92 388
95 129
94 72
97 574
559 395
555 115
557 242
551 434
553 492
238 510
239 164
234 177
236 364
237 138
231 213
232 365
146 371
147 504
144 302
145 55
142 479
141 353
612 305
613 68
610 600
617 163
614 167
149 190
623 334
622 100
132 572
130 232
137 150
499 41
135 27
134 18
139 368
138 184
490 522
492 432
493 265
25 551
26 419
27 188
20 125
21 7
23 187
29 545
406 464
405 77
403 373
402 548
401 437
400 30
409 70
408 12
379 3
378 370
371 526
370 518
373 134
374 60
377 254
376 315
393 13
88 231
390 490
397 583
396 612
395 541
394 38
82 326
83 87
399 499
81 593
86 478
87 609
85 23
7 347
587 462
584 361
585 293
583 292
580 546
588 355
589 47
245 346
244 323
247 51
246 198
241 303
240 357
243 132
242 19
615 116
606 468
248 578
518 220
511 482
510 67
512 152
514 429
517 412
516 16
458 228
459 142
620 259
626 71
625 408
450 62
451 459
452 39
628 172
454 294
455 517
456 209
179 381
177 531
176 123
175 107
174 473
173 69
172 29
171 498
170 508
182 420
183 399
180 458
2 117
186 435
187 110
184 257
185 390
188 45
10 335
13 185
12 314
15 549
16 316
19 396
18 613
322 262
323 461
320 358
321 359
326 301
327 561
324 191
325 443
329 484
201 61
200 331
203 146
204 569
207 266
206 98
209 575
77 147
76 58
75 161
74 514
73 219
72 530
71 289
70 306
79 63
78 362
542 379
543 183
541 622
546 52
545 589
8 310
548 410
549 37
68 438
598 95
120 74
121 640
122 145
123 520
124 565
125 92
126 413
128 440
129 263
415 85
416 276
417 405
410 385
411 224
412 203
413 606
498 585
419 81
319 382
318 329
313 528
312 26
311 424
310 427
316 114
315 406
314 248
496 598
3 97
368 174
367 245
364 122
365 324
362 124
363 356
360 211
361 557
380 2
381 351
382 591
383 481
385 340
386 360
388 5
578 35
604 615
572 226
571 155
570 270
577 210
575 207
574 564
60 534
61 332
62 94
259 506
64 175
65 216
67 212
252 112
69 344
250 6
251 529
256 604
257 320
254 234
255 160
603 628
508 421
509 619
506 42
507 327
504 452
505 444
503 287
501 250
630 417
632 607
633 218
469 633
468 577
637 119
465 538
464 144
467 49
466 488
461 454
462 240
168 588
169 130
164 350
166 176
167 339
160 524
161 311
163 476
600 243
357 313
356 449
355 415
354 602
353 441
351 338
350 278
359 252
358 64
216 570
215 34
212 401
213 620
210 397
211 229
218 137
219 374
289 533
288 475
281 383
283 312
284 75
287 378
286 394
263 221
262 325
260 80
266 393
265 300
264 44
268 354
58 237
55 194
54 273
57 43
51 268
52 348
536 472
63 247
533 251
531 447
530 580
539 86
538 614
115 470
114 456
117 215
116 180
110 625
112 279
119 642
118 455
429 512
534 376
421 450
420 559
423 10
424 128
427 8
426 466
309 423
300 192
301 255
302 555
303 135
305 487
306 201
568 256
569 157
561 594
564 166
565 73
566 121
229 120
228 104
227 386
226 199
225 102
224 154
221 643
220 367
89 206
150 54
607 171
152 632
155 25
154 623
157 65
602 336
609 363
80 446
398 260
49 170
47 333
44 281
45 141
42 630
43 76
41 345
5 105
639 288
488 341
487 596
484 290
482 244
481 57
472 595
473 295
470 168
476 241
475 509
478 283
479 403
342 344
1 0
372 346
346 347
337 340
342 341
382 342
342 343
349 348
392 349
592 595
605 606
592 594
618 619
321 298
298 299
295 296
298 297
285 294
366 295
285 292
285 293
285 290
285 291
589 591
589 590
592 593
608 592
214 199
197 198
611 597
597 596
223 195
195 194
217 197
197 196
189 191
189 190
189 193
189 192
269 270
272 271
321 272
272 273
275 274
277 275
275 276
280 277
277 278
280 279
525 524
527 525
525 526
540 527
519 520
519 521
519 522
535 523
597 599
527 528
527 529
448 449
519 448
442 443
505 442
442 441
439 440
448 447
463 446
463 445
445 444
106 108
113 109
103 102
111 103
99 100
99 101
111 106
106 107
103 104
106 105
36 39
36 38
96 33
31 32
59 31
31 30
36 37
59 36
36 35
33 34
644 641
641 640
641 643
641 642
439 438
445 439
505 436
436 437
433 434
436 435
433 432
463 433
505 430
430 431
337 339
337 338
330 335
330 334
355 337
330 336
330 331
342 330
330 333
330 332
342 345
7 6
131 99
99 98
127 91
91 90
113 93
93 92
93 95
93 94
96 97
99 96
560 559
560 558
556 555
558 554
556 557
558 556
552 551
554 550
552 553
554 552
237 238
237 239
233 234
304 235
237 236
249 237
301 230
230 231
233 232
253 233
11 1
611 614
159 146
148 147
143 144
146 145
143 142
146 143
156 140
140 141
611 612
611 613
611 610
616 611
618 616
618 617
151 148
148 149
636 513
624 623
621 622
146 133
131 132
165 131
131 130
136 137
146 136
136 135
133 134
495 494
497 495
140 139
136 138
489 490
494 491
491 492
494 493
33 24
24 25
24 26
24 27
17 20
17 21
40 22
22 23
48 28
28 29
409 407
407 406
404 405
409 404
404 403
392 402
392 401
392 400
634 629
422 409
407 408
627 628
378 379
392 378
372 371
369 370
372 373
404 372
392 375
375 374
378 377
375 376
629 618
392 393
409 392
84 88
90 89
392 397
392 396
392 395
392 394
69 82
69 83
69 80
69 81
84 86
84 87
91 84
84 85
53 7
592 586
586 587
582 584
586 585
592 582
582 583
579 580
592 581
589 588
592 589
237 245
237 244
237 247
237 246
237 241
237 240
237 243
237 242
616 615
269 249
237 248
523 519
519 518
505 511
505 510
605 601
513 512
629 515
515 514
515 517
515 516
457 458
460 459
631 621
621 620
636 627
627 626
624 625
635 624
451 450
463 451
453 452
519 453
453 454
463 455
455 456
463 457
178 179
183 178
176 177
189 176
174 175
178 174
174 173
165 172
165 171
165 170
267 253
183 182
208 183
181 180
195 181
183 186
237 187
183 184
183 185
187 188
222 189
24 11
9 10
14 13
11 12
14 15
28 14
22 17
17 16
17 19
17 18
59 62
321 322
321 323
321 320
325 321
325 326
328 327
325 324
392 325
337 328
330 329
202 201
199 200
202 203
253 202
223 205
205 204
208 207
205 206
237 209
237 208
69 77
69 76
69 75
69 74
69 73
69 72
69 71
69 70
69 79
69 78
1 2
540 542
544 543
547 540
540 541
547 546
550 547
550 544
544 545
9 8
547 548
550 549
69 68
597 598
113 120
113 121
113 122
113 123
113 124
113 125
127 126
131 127
127 128
127 129
446 414
414 415
414 416
418 417
409 410
409 411
409 412
414 413
497 498
425 418
418 419
500 499
317 319
317 318
308 313
308 312
308 311
308 310
328 317
317 316
308 315
308 314
495 496
502 497
4 3
369 368
384 369
382 366
366 367
387 364
364 365
355 362
364 363
355 360
355 361
378 380
378 381
391 382
382 383
392 384
384 385
387 386
391 387
389 388
392 389
611 605
581 579
579 578
605 604
592 573
573 572
582 571
571 570
576 577
608 607
576 575
573 574
59 60
59 61
285 258
258 259
59 64
66 65
69 66
66 67
251 252
90 69
249 250
308 251
253 256
258 257
253 254
253 255
601 603
601 602
505 508
505 509
505 506
505 507
505 504
627 505
513 502
502 503
576 500
500 501
629 630
635 631
631 632
634 633
463 469
463 468
641 636
638 637
463 465
463 464
463 467
463 466
460 461
463 460
505 463
463 462
165 168
165 169
165 164
176 165
165 166
165 167
159 160
162 161
181 162
162 163
601 600
69 9
355 357
355 356
382 355
355 354
352 353
392 352
352 351
349 350
355 359
355 358
217 216
223 217
223 214
214 215
209 212
209 213
209 210
209 211
217 218
217 219
285 289
285 288
46 4
282 281
308 280
282 283
330 282
307 285
285 284
285 287
285 286
641 576
261 263
261 262
308 261
261 260
301 267
267 266
295 265
265 264
285 269
269 268
84 59
59 58
56 55
53 54
56 57
109 56
50 51
84 50
84 53
53 52
540 537
537 536
537 535
59 63
532 533
550 532
532 531
527 530
540 539
537 538
113 115
113 114
113 117
113 116
113 111
109 110
133 113
113 112
113 119
113 118
430 429
457 428
535 534
428 421
421 420
422 423
428 422
505 425
425 424
428 427
425 426
330 308
308 309
301 300
342 301
301 302
301 303
337 304
304 305
307 306
321 307
567 568
567 569
562 560
562 561
563 562
601 563
563 564
563 565
567 566
581 567
230 229
223 228
223 227
223 226
223 225
223 224
235 223
235 222
222 221
217 220
523 391
389 390
158 151
151 150
159 153
153 152
156 155
153 154
156 157
158 156
189 159
159 158
608 609
611 608
635 634
392 399
636 635
392 398
84 48
50 49
69 46
48 47
43 44
46 45
43 42
84 43
84 40
40 41
641 638
4 5
638 639
491 489
489 488
486 487
489 486
494 485
485 484
485 483
480 482
480 481
483 480
471 472
474 473
471 470
486 471
477 476
483 477
495 474
474 475
477 478
480 479
