198
395
0
301 2
223 9
220 10
222 11
224 12
219 14
217 15
227 16
292 21
291 24
285 26
287 27
289 28
299 30
295 33
293 34
297 35
284 37
232 41
231 42
230 43
228 44
281 47
275 49
277 50
269 55
267 56
271 57
273 59
279 61
272 62
263 66
266 68
265 69
260 72
261 73
245 80
247 81
248 82
251 83
255 85
253 87
252 89
254 90
256 91
258 92
111 99
109 101
108 102
104 104
102 105
50 112
43 115
42 116
40 118
34 121
37 122
36 123
59 126
52 129
54 130
57 131
48 133
30 140
31 141
28 142
32 143
33 146
16 148
14 150
10 154
8 156
11 157
7 160
9 161
6 162
12 163
2 165
0 166
46 168
39 170
44 171
47 172
69 176
75 178
76 179
67 180
61 181
64 186
63 187
65 188
66 189
70 190
56 194
73 195
27 198
5 202
3 203
25 204
20 206
18 207
23 210
21 211
24 212
78 213
86 216
84 218
82 219
88 221
89 223
90 225
87 226
94 231
93 233
96 234
92 235
95 236
101 242
100 243
105 244
125 245
114 248
112 249
123 252
120 253
122 254
130 257
128 258
99 261
97 262
115 265
116 266
133 268
131 269
139 272
137 273
157 274
150 282
151 285
152 286
148 287
134 289
117 291
119 292
168 293
175 295
182 296
161 298
163 299
158 304
160 305
147 309
146 310
144 311
166 313
164 314
140 319
142 320
177 321
153 323
155 324
170 326
172 327
187 330
189 334
183 335
186 337
188 338
190 339
185 340
215 350
216 351
235 352
233 353
239 356
241 357
244 359
242 360
198 361
214 363
238 365
210 368
209 369
201 371
199 372
205 375
237 377
196 380
195 381
202 383
204 384
212 385
193 388
211 389
192 391
178 393
180 394
208 395
0 1
1 2
1 3
3 4
4 5
5 6
6 7
7 8
8 9
8 10
7 11
6 12
5 13
13 14
13 15
4 16
3 17
17 18
18 19
19 20
20 21
20 22
22 23
23 24
23 25
25 26
25 27
22 28
19 29
29 30
29 31
31 32
32 33
32 34
31 35
18 36
36 37
36 38
38 39
39 40
40 41
40 42
39 43
38 44
17 45
45 46
46 47
46 48
48 49
48 50
45 51
51 52
52 53
53 54
54 55
54 56
53 57
52 58
58 59
58 60
60 61
60 62
51 63
63 64
64 65
65 66
65 67
67 68
67 69
64 70
70 71
71 72
71 73
70 74
74 75
75 76
76 77
77 78
78 79
79 80
79 81
78 82
77 83
76 84
84 85
84 86
86 87
86 88
88 89
88 90
75 91
74 92
63 93
93 94
94 95
95 96
96 97
97 98
98 99
98 100
100 101
100 102
97 103
103 104
103 105
96 106
106 107
107 108
108 109
109 110
110 111
111 112
111 113
113 114
114 115
114 116
113 117
117 118
117 119
119 120
120 121
120 122
119 123
110 124
124 125
125 126
125 127
127 128
128 129
128 130
127 131
124 132
132 133
132 134
134 135
135 136
136 137
137 138
138 139
139 140
139 141
138 142
137 143
136 144
144 145
145 146
145 147
147 148
147 149
149 150
149 151
151 152
152 153
153 154
153 155
155 156
155 157
152 158
158 159
159 160
159 161
158 162
151 163
144 164
164 165
164 166
135 167
167 168
167 169
169 170
169 171
134 172
109 173
173 174
174 175
175 176
175 177
177 178
177 179
174 180
173 181
108 182
182 183
183 184
184 185
185 186
185 187
184 188
183 189
182 190
107 191
191 192
192 193
193 194
193 195
192 196
196 197
197 198
197 199
199 200
200 201
201 202
201 203
200 204
199 205
205 206
205 207
196 208
208 209
209 210
209 211
208 212
191 213
106 214
214 215
215 216
215 217
217 218
217 219
214 220
220 221
220 222
222 223
222 224
224 225
224 226
95 227
227 228
228 229
229 230
230 231
230 232
232 233
232 234
229 235
228 236
227 237
237 238
238 239
239 240
240 241
241 242
241 243
240 244
239 245
238 246
246 247
247 248
247 249
246 250
250 251
251 252
251 253
250 254
237 255
255 256
256 257
256 258
255 259
259 260
260 261
260 262
259 263
263 264
264 265
264 266
263 267
267 268
267 269
94 270
270 271
271 272
271 273
270 274
93 275
275 276
276 277
277 278
278 279
279 280
280 281
281 282
281 283
283 284
284 285
284 286
283 287
280 288
288 289
288 290
290 291
290 292
279 293
278 294
294 295
294 296
277 297
297 298
297 299
276 300
300 301
301 302
302 303
303 304
303 305
302 306
306 307
307 308
308 309
308 310
307 311
306 312
312 313
312 314
301 315
315 316
316 317
317 318
318 319
318 320
317 321
316 322
322 323
322 324
315 325
325 326
325 327
300 328
328 329
329 330
329 331
331 332
332 333
333 334
333 335
332 336
336 337
336 338
331 339
328 340
275 341
341 342
342 343
343 344
344 345
345 346
346 347
347 348
348 349
349 350
349 351
348 352
347 353
346 354
354 355
355 356
355 357
354 358
358 359
358 360
345 361
344 362
362 363
362 364
364 365
364 366
366 367
367 368
367 369
366 370
370 371
370 372
343 373
373 374
374 375
374 376
376 377
376 378
378 379
379 380
379 381
378 382
382 383
382 384
373 385
342 386
386 387
387 388
387 389
386 390
390 391
390 392
392 393
392 394
341 395
