198
395
0
273 9
239 21
241 23
187 36
183 38
177 41
142 43
140 44
155 46
153 47
190 51
188 52
186 54
166 56
164 57
160 61
158 62
147 65
146 66
144 67
185 68
189 71
172 73
170 74
182 78
168 80
152 85
134 87
119 89
117 90
148 91
151 92
150 93
175 94
163 96
161 97
157 100
139 103
137 104
128 110
131 111
133 112
125 116
105 118
101 120
100 121
123 126
122 127
120 128
116 130
115 131
114 133
112 134
111 138
108 140
89 146
87 147
88 148
78 151
66 157
63 158
64 159
65 160
70 161
76 164
75 166
67 167
69 169
61 170
73 174
20 177
27 179
5 181
3 182
25 184
24 187
23 189
21 190
18 191
56 192
59 196
50 199
43 201
42 204
37 207
34 208
36 209
40 210
48 212
2 217
31 222
28 223
30 224
0 228
16 230
10 235
7 237
11 240
6 241
9 242
8 243
12 244
14 245
33 246
39 247
32 248
44 249
46 250
47 251
54 253
52 254
57 255
90 256
84 259
82 260
86 261
109 262
104 264
102 265
130 267
93 271
96 273
92 274
94 275
95 276
99 278
97 279
208 280
192 284
180 286
178 287
211 288
193 289
238 292
209 293
210 294
237 296
205 298
204 301
202 302
196 304
195 305
212 306
214 308
201 310
199 311
198 312
242 313
244 314
235 316
233 318
216 320
215 321
247 323
245 324
248 325
255 330
251 331
253 332
252 333
254 334
256 335
258 336
260 337
261 338
263 339
266 341
265 342
272 344
279 345
271 346
269 348
267 349
275 352
277 353
281 354
299 358
297 360
295 362
293 363
287 368
285 369
291 370
289 371
292 372
231 376
228 377
232 379
230 380
284 381
227 383
217 386
219 387
222 390
223 392
220 393
224 394
301 395
0 1
1 2
2 3
3 4
4 5
5 6
6 7
7 8
8 9
8 10
10 11
11 12
12 13
13 14
14 15
15 16
16 17
17 18
18 19
19 20
20 21
20 22
22 23
22 24
24 25
25 26
26 27
27 28
28 29
29 30
30 31
31 32
32 33
33 34
34 35
35 36
35 37
37 38
37 39
39 40
40 41
40 42
42 43
42 44
39 45
45 46
45 47
34 48
48 49
49 50
50 51
50 52
49 53
53 54
53 55
55 56
55 57
48 58
58 59
59 60
60 61
60 62
59 63
63 64
64 65
64 66
63 67
58 68
33 69
69 70
70 71
70 72
72 73
72 74
69 75
75 76
76 77
77 78
77 79
79 80
79 81
81 82
82 83
83 84
84 85
84 86
86 87
86 88
88 89
88 90
83 91
82 92
81 93
76 94
75 95
95 96
95 97
32 98
98 99
99 100
99 101
101 102
102 103
102 104
101 105
105 106
106 107
107 108
108 109
109 110
109 111
108 112
107 113
113 114
114 115
115 116
115 117
117 118
117 119
119 120
119 121
114 122
122 123
123 124
124 125
125 126
125 127
124 128
123 129
129 130
129 131
122 132
132 133
132 134
113 135
135 136
136 137
137 138
137 139
139 140
139 141
141 142
142 143
143 144
144 145
145 146
145 147
144 148
143 149
149 150
150 151
150 152
152 153
153 154
154 155
155 156
156 157
156 158
155 159
154 160
153 161
152 162
162 163
163 164
163 165
165 166
165 167
162 168
168 169
168 170
149 171
171 172
172 173
173 174
173 175
175 176
176 177
176 178
178 179
178 180
180 181
180 182
175 183
183 184
183 185
185 186
186 187
186 188
188 189
188 190
185 191
172 192
171 193
193 194
194 195
195 196
195 197
197 198
198 199
198 200
200 201
200 202
202 203
203 204
203 205
205 206
206 207
206 208
205 209
202 210
197 211
211 212
211 213
213 214
214 215
215 216
216 217
216 218
218 219
219 220
220 221
221 222
221 223
220 224
219 225
225 226
226 227
227 228
227 229
229 230
229 231
231 232
232 233
233 234
234 235
234 236
236 237
236 238
238 239
239 240
239 241
238 242
233 243
232 244
231 245
226 246
225 247
218 248
215 249
214 250
213 251
194 252
252 253
252 254
193 255
142 256
141 257
257 258
258 259
258 260
257 261
136 262
135 263
263 264
263 265
106 266
266 267
266 268
268 269
269 270
270 271
270 272
272 273
272 274
269 275
268 276
105 277
277 278
277 279
98 280
31 281
281 282
282 283
283 284
283 285
285 286
285 287
282 288
281 289
30 290
290 291
291 292
291 293
290 294
29 295
295 296
295 297
297 298
297 299
299 300
300 301
300 302
299 303
303 304
303 305
28 306
27 307
307 308
307 309
309 310
309 311
26 312
25 313
24 314
19 315
315 316
315 317
317 318
317 319
319 320
319 321
18 322
322 323
322 324
17 325
16 326
326 327
327 328
328 329
329 330
329 331
328 332
327 333
326 334
15 335
14 336
13 337
12 338
11 339
10 340
340 341
340 342
7 343
343 344
343 345
6 346
5 347
347 348
347 349
4 350
350 351
351 352
351 353
350 354
3 355
355 356
356 357
357 358
357 359
359 360
359 361
361 362
361 363
356 364
364 365
365 366
366 367
367 368
367 369
366 370
365 371
364 372
355 373
373 374
374 375
375 376
375 377
374 378
378 379
378 380
373 381
2 382
382 383
382 384
384 385
385 386
385 387
384 388
388 389
389 390
389 391
391 392
391 393
388 394
1 395
