198
314
0
273 9
239 21
241 23
187 36
183 38
177 40
142 43
140 44
155 46
153 47
190 51
188 52
186 54
166 56
164 57
160 61
158 62
147 65
146 66
144 67
185 68
189 69
172 73
170 74
182 78
168 80
152 85
134 87
119 89
117 90
148 91
151 92
150 93
175 94
163 96
161 97
157 100
139 103
137 104
128 110
131 111
133 112
125 116
105 118
101 120
100 119
123 126
122 127
120 128
116 129
115 131
114 133
112 134
111 138
108 140
89 146
87 147
88 148
78 151
66 157
63 158
64 154
65 160
70 161
76 164
75 166
67 167
69 169
61 170
73 174
20 177
27 179
5 181
3 182
25 184
24 187
23 189
21 190
18 191
56 192
59 196
50 199
43 201
42 204
37 207
34 208
36 209
40 210
48 212
2 217
31 222
28 223
30 224
0 228
16 230
10 235
7 233
11 240
6 241
9 242
8 243
12 244
14 245
33 246
39 247
32 248
44 249
46 250
47 213
54 253
52 254
57 255
90 256
84 259
82 260
86 261
109 262
104 264
102 265
130 267
93 268
96 273
92 274
94 275
95 276
99 278
97 279
208 280
192 284
180 286
178 287
211 288
193 289
238 292
209 293
210 294
237 296
205 298
204 301
202 302
196 303
195 305
212 306
214 308
201 310
199 311
198 312
242 313
244 314
235 316
233 318
216 320
215 319
247 323
245 324
248 325
255 330
251 331
253 328
252 333
254 334
256 335
258 336
260 337
261 338
263 339
266 341
265 342
272 344
279 345
271 346
269 348
267 349
275 352
277 353
281 354
299 358
297 360
295 362
293 363
287 368
285 369
291 370
289 371
292 364
231 376
228 377
232 378
230 380
284 381
227 383
217 386
219 387
222 390
223 392
220 393
224 394
301 395
0 1
1 2
2 3
3 4
4 5
5 6
6 7
7 8
8 9
8 10
10 11
11 12
12 13
13 14
14 15
15 16
16 17
17 18
18 19
19 21
19 22
22 23
22 24
24 26
26 27
27 28
28 30
30 32
32 33
33 36
33 38
33 39
39 40
40 42
42 43
42 44
39 45
45 46
45 47
33 51
33 52
33 53
53 54
53 55
55 56
55 57
33 59
59 61
59 62
59 63
63 65
63 66
63 67
33 68
33 69
69 72
72 73
72 74
69 75
75 76
76 78
76 79
79 80
79 81
81 85
81 86
86 87
86 88
88 89
88 90
81 91
81 92
81 93
76 94
75 95
95 96
95 97
32 99
99 100
99 101
101 102
102 103
102 104
101 105
105 109
109 110
109 111
105 112
105 113
113 115
115 116
115 117
117 118
117 119
119 120
113 123
123 124
124 126
124 127
124 128
123 129
129 131
113 132
132 133
132 134
113 135
135 137
137 138
137 139
139 140
139 141
141 142
142 146
142 147
142 148
142 149
149 151
149 152
152 153
153 154
154 157
154 158
154 160
153 161
152 162
162 164
162 166
162 167
162 169
162 170
149 171
171 172
172 173
173 174
173 175
175 177
175 178
178 179
178 180
180 181
180 182
175 184
175 186
186 187
186 189
186 190
175 191
172 192
171 193
193 194
194 195
195 196
195 197
197 198
198 199
198 200
200 201
200 204
200 205
205 206
206 207
206 208
205 209
200 210
197 212
197 213
213 215
215 216
216 217
216 222
216 223
216 224
216 225
225 226
226 227
227 228
227 230
227 231
231 233
233 235
233 240
233 241
233 242
233 243
231 244
231 245
226 246
225 247
216 248
215 249
213 250
194 252
252 253
252 254
193 255
142 256
141 258
258 259
258 260
141 261
135 262
135 263
263 264
263 265
105 267
105 268
268 273
268 274
268 275
268 276
105 277
277 278
277 279
32 280
30 281
281 283
283 284
283 285
285 286
285 287
281 288
281 289
30 290
290 291
291 292
291 293
290 294
28 295
295 296
295 298
295 300
300 301
300 302
295 303
303 305
28 306
27 308
27 309
309 310
309 311
26 312
24 313
24 314
19 315
315 316
315 318
315 319
319 320
18 322
322 323
322 324
17 325
16 328
328 329
329 330
329 331
16 333
16 334
15 335
14 336
13 337
12 338
11 339
10 341
10 342
7 343
343 344
343 345
6 346
5 347
347 348
347 349
4 350
350 351
351 352
351 353
350 354
3 355
355 356
356 357
357 358
357 359
359 360
359 361
361 362
361 363
356 364
364 365
365 367
367 368
367 369
365 370
365 371
355 373
373 374
374 376
374 377
374 378
378 380
373 381
2 382
382 383
382 384
384 385
385 386
385 387
384 388
388 389
389 390
389 391
391 392
391 393
388 394
1 395
