198
302
302
216 163
217 100
214 193
215 128
212 190
210 105
211 90
219 9
133 96
227 260
131 189
130 12
137 217
134 242
139 186
166 92
24 185
25 248
27 120
20 137
21 59
23 211
160 42
28 183
161 34
289 188
0 11
281 86
8 271
163 119
285 224
284 27
287 231
119 277
120 8
122 212
123 291
267 95
125 209
265 78
128 28
269 287
224 151
59 147
54 150
57 160
56 101
50 54
52 178
299 102
297 297
295 47
292 111
293 115
291 30
201 16
199 2
198 241
195 87
178 192
190 39
193 25
192 36
115 6
114 24
88 131
116 122
111 228
275 263
112 265
82 272
205 5
86 285
87 148
84 227
256 56
3 31
7 245
247 82
255 140
301 164
245 166
244 0
108 61
109 14
241 94
242 177
102 258
100 254
101 109
248 57
104 251
105 172
39 238
33 112
32 284
31 33
30 204
37 70
36 104
34 93
252 99
223 196
61 155
258 295
63 125
64 84
65 281
66 299
67 134
177 117
69 23
175 43
251 139
253 10
172 157
254 210
170 214
222 269
271 44
182 253
183 279
180 37
2 69
186 233
187 50
6 66
188 114
189 175
196 199
273 52
185 220
99 273
168 152
228 75
164 261
90 48
93 108
92 116
95 97
94 63
97 153
96 289
11 3
10 7
220 130
12 158
14 208
16 180
18 202
117 64
89 89
151 146
150 255
153 244
152 187
155 256
157 67
158 219
277 170
238 201
239 142
279 133
235 168
237 247
230 21
231 161
232 235
233 195
48 230
46 293
47 198
44 18
42 237
43 88
40 32
5 301
9 46
272 252
146 216
147 267
144 266
202 144
142 182
204 73
140 123
209 20
208 205
148 76
76 222
75 40
73 223
70 215
78 275
263 65
261 239
260 232
266 292
215 216
218 217
213 214
234 215
213 212
236 213
207 210
207 211
169 165
270 264
264 265
225 218
218 219
132 133
136 132
132 131
129 130
138 137
143 136
149 135
135 134
138 139
143 138
165 166
22 24
26 25
55 26
26 27
19 20
22 21
26 22
22 23
159 160
29 28
38 29
162 161
290 289
1 0
26 4
280 281
7 8
296 283
162 163
286 285
283 284
286 287
288 286
118 119
270 271
259 258
121 120
126 121
121 122
121 123
126 124
124 125
129 126
129 127
127 128
136 129
268 269
274 268
221 220
135 118
58 59
60 58
72 55
53 54
58 57
55 56
60 51
51 50
58 53
53 52
264 259
300 298
300 299
298 296
298 297
298 294
294 295
296 292
294 293
292 290
290 291
165 164
200 201
200 199
191 179
213 200
196 195
207 194
213 197
179 178
194 191
184 190
194 193
191 192
116 115
113 114
85 88
85 89
110 111
126 110
126 113
113 112
83 82
85 83
81 80
85 81
85 86
85 87
83 84
91 85
250 251
197 198
257 256
236 206
229 226
262 257
4 3
176 177
253 254
13 7
246 247
270 273
253 255
302 300
302 301
226 225
246 245
243 244
107 108
110 109
240 241
243 240
246 243
243 242
103 102
107 103
106 100
100 101
124 106
110 107
103 104
106 105
38 39
47 38
29 33
29 32
29 31
29 30
35 37
35 36
41 35
35 34
249 246
184 162
288 282
253 252
206 205
221 223
184 176
62 60
62 61
68 62
64 63
71 64
64 65
64 66
68 67
74 68
68 69
174 175
181 174
184 173
171 172
176 171
171 170
206 203
221 222
290 288
184 181
257 253
249 248
181 182
184 183
179 180
1 2
174 167
184 187
194 184
7 6
184 186
184 188
184 189
203 202
206 196
225 221
184 185
98 99
129 98
167 168
173 169
283 229
229 228
107 91
91 90
126 93
93 92
93 95
93 94
98 97
93 96
7 11
7 10
15 13
13 12
17 15
13 14
29 17
15 16
26 19
19 18
118 117
253 250
127 116
278 274
203 204
276 275
149 151
149 150
154 153
149 152
154 155
176 154
156 157
197 156
173 159
159 158
276 277
243 234
236 238
240 239
278 279
213 207
234 235
243 236
236 237
229 230
229 231
229 232
234 233
225 224
282 280
49 48
58 49
45 46
49 47
45 44
47 45
41 42
41 43
41 40
51 41
17 1
4 5
7 9
270 272
145 146
145 147
145 144
169 145
141 142
156 143
141 140
176 141
207 209
207 208
149 148
167 149
80 77
77 76
74 75
77 74
72 73
79 72
80 71
71 70
282 278
81 79
79 78
262 263
250 249
264 262
226 227
262 261
274 270
259 260
280 276
268 267
264 266
