198
271
271
216 216
217 217
215 215
212 212
213 213
210 210
211 211
264 264
218 218
133 133
132 132
130 130
137 137
136 136
135 135
165 165
139 139
166 166
25 25
250 250
27 27
20 20
21 21
23 23
223 223
28 28
161 161
0 0
4 4
8 8
220 220
119 119
263 263
121 121
122 122
260 260
124 124
266 266
126 126
127 127
128 128
268 268
59 59
58 58
55 55
57 57
56 56
51 51
50 50
53 53
164 164
201 201
199 199
198 198
194 194
197 197
178 178
190 190
193 193
192 192
270 270
114 114
88 88
111 111
110 110
113 113
112 112
82 82
83 83
80 80
81 81
86 86
87 87
84 84
206 206
226 226
257 257
7 7
255 255
225 225
245 245
244 244
108 108
109 109
243 243
242 242
102 102
103 103
100 100
101 101
106 106
107 107
104 104
38 38
32 32
31 31
30 30
37 37
247 247
35 35
246 246
205 205
61 61
62 62
259 259
64 64
65 65
179 179
67 67
68 68
176 176
175 175
251 251
173 173
172 172
254 254
170 170
203 203
181 181
253 253
248 248
183 183
180 180
2 2
187 187
184 184
6 6
188 188
196 196
221 221
185 185
98 98
169 169
229 229
228 228
91 91
90 90
93 93
167 167
95 95
94 94
162 162
96 96
11 11
13 13
12 12
15 15
17 17
18 18
117 117
151 151
153 153
152 152
154 154
156 156
159 159
158 158
238 238
239 239
234 234
236 236
237 237
230 230
232 232
233 233
48 48
46 46
47 47
44 44
45 45
42 42
43 43
40 40
41 41
1 1
5 5
9 9
146 146
147 147
144 144
202 202
142 142
204 204
140 140
177 177
209 209
208 208
148 148
149 149
77 77
76 76
75 75
73 73
71 71
70 70
79 79
78 78
249 249
214 216
214 217
222 214
214 215
219 212
214 213
207 210
207 211
174 165
265 264
267 265
219 218
222 219
134 133
131 132
138 131
129 130
134 137
134 136
134 135
145 134
138 139
157 138
165 166
34 24
24 25
29 26
26 27
19 20
22 21
26 22
24 23
165 160
29 28
39 29
160 161
12 0
3 4
6 8
179 163
118 119
261 258
131 120
120 121
123 122
138 123
125 124
134 125
125 126
125 127
129 128
145 129
271 269
269 268
168 167
120 118
54 59
54 58
54 55
60 54
54 57
54 56
52 51
49 50
52 53
60 52
258 259
163 164
200 201
198 199
182 179
202 200
200 195
195 194
195 197
195 196
200 191
189 190
192 193
195 192
116 115
115 114
89 88
92 89
105 111
105 110
105 113
105 112
77 82
77 83
77 80
77 81
85 86
85 87
85 84
97 85
252 251
202 198
261 256
207 206
224 226
256 257
14 3
178 177
252 254
6 7
245 247
256 255
224 225
202 178
245 244
105 108
105 109
252 241
241 240
241 243
241 242
101 102
101 103
99 100
115 101
105 106
105 107
105 104
116 105
250 245
54 39
39 38
34 33
29 32
29 31
29 30
36 37
41 36
36 35
77 34
245 246
258 252
202 205
224 223
174 176
74 60
60 61
63 62
72 63
63 64
66 65
69 66
66 67
66 68
72 69
174 175
181 174
174 173
171 172
227 171
171 170
202 203
269 222
191 181
252 253
245 248
198 182
182 183
179 180
3 2
163 162
186 187
182 184
12 6
219 220
191 186
189 188
227 189
207 202
219 221
186 185
101 99
99 98
182 168
168 169
231 229
229 228
92 91
89 90
92 93
97 92
92 95
92 94
99 97
97 96
10 11
33 10
14 13
29 12
16 15
26 14
16 17
22 16
33 19
19 18
118 117
252 250
123 116
202 204
150 151
155 150
150 153
150 152
165 155
155 154
165 157
157 156
160 159
157 158
235 234
236 238
240 239
212 207
236 235
240 236
236 237
229 230
235 231
231 232
231 233
269 224
49 48
54 49
41 46
69 47
41 44
41 45
41 42
41 43
41 40
47 41
0 1
6 5
10 9
145 146
145 147
143 144
165 145
141 142
145 143
141 140
143 141
207 209
207 208
145 148
150 149
105 77
77 76
74 75
77 74
72 73
92 72
72 71
69 70
77 79
77 78
262 263
250 249
267 262
231 227
262 261
269 270
258 260
271 267
265 266
