482
963
0
653 2
621 7
570 9
572 10
608 17
601 19
603 20
606 22
607 23
539 32
541 33
549 34
589 35
590 37
588 38
555 42
556 43
553 44
557 45
585 48
584 49
591 50
586 53
575 54
573 55
581 59
597 61
579 62
580 66
251 67
254 68
244 71
243 72
242 75
245 76
241 77
578 80
230 84
228 86
232 88
233 89
252 90
583 92
582 93
576 94
604 95
625 97
627 98
594 102
593 103
617 105
595 106
626 109
613 115
614 116
612 118
615 119
616 120
611 121
609 122
600 125
598 126
619 127
518 134
514 136
512 137
552 140
550 143
551 144
508 147
509 148
533 152
536 153
534 154
535 155
529 159
527 160
528 161
497 163
480 165
478 166
538 168
537 169
522 172
519 174
521 176
486 178
487 179
566 181
565 183
568 185
567 186
558 188
516 192
515 193
524 195
507 197
505 198
561 200
542 204
544 205
563 206
562 208
560 210
545 211
500 217
511 221
502 222
501 223
531 226
547 228
532 229
510 232
530 233
526 234
496 236
494 237
459 241
458 244
456 245
446 247
444 248
453 252
454 253
447 255
449 256
467 262
468 264
464 265
492 266
469 268
463 269
491 271
493 273
488 274
490 275
451 278
406 281
407 282
431 284
432 285
466 289
433 292
422 294
424 295
465 296
395 300
397 301
417 304
419 305
429 307
425 308
393 310
391 312
394 313
430 316
427 317
398 321
400 322
428 323
414 328
413 329
411 330
390 332
388 333
489 334
470 338
472 339
504 340
477 341
405 349
403 350
386 352
365 355
363 356
361 358
362 359
276 363
289 367
290 368
288 369
260 371
258 372
278 373
330 379
334 380
335 385
294 386
342 388
320 389
341 391
301 392
333 394
306 395
299 397
268 399
270 403
269 404
266 407
267 408
292 409
293 410
309 412
340 420
331 421
303 422
339 424
326 425
343 426
347 430
346 433
344 434
345 435
354 437
351 439
353 440
374 443
375 445
373 446
369 449
357 451
355 452
360 456
358 457
368 458
366 461
371 463
372 464
370 465
307 467
337 469
348 473
350 474
332 475
304 477
316 480
318 481
336 482
338 484
327 488
323 491
321 493
322 494
310 496
312 497
324 498
281 501
279 507
285 508
287 509
286 511
283 513
282 514
271 518
274 521
272 522
275 523
262 525
257 527
255 528
273 529
284 530
298 533
297 534
315 537
314 538
313 539
265 542
263 543
296 544
462 545
410 548
408 549
385 553
384 555
381 556
383 557
443 558
475 561
376 563
421 566
415 568
401 570
402 571
378 573
379 574
482 577
483 580
481 581
441 583
440 586
437 587
439 588
473 589
484 590
649 594
648 595
195 597
197 600
198 601
200 602
635 608
637 609
645 613
643 614
640 616
638 618
644 620
642 621
630 623
633 626
634 627
632 628
207 633
205 634
223 635
186 642
185 643
184 644
148 646
127 649
125 650
128 652
130 653
173 655
171 656
221 657
628 658
218 662
219 665
220 666
216 667
179 674
177 675
180 676
189 678
187 679
208 680
201 684
203 685
237 687
240 688
239 689
247 690
192 695
191 697
190 698
226 700
225 701
234 702
214 704
215 706
212 707
248 708
121 716
124 717
115 719
117 720
123 721
135 724
149 726
138 727
151 730
176 732
174 733
133 735
131 737
132 739
134 741
137 743
136 744
83 749
85 751
84 753
86 754
65 758
63 759
66 760
74 766
73 768
72 769
70 770
19 776
20 777
8 781
7 785
5 786
10 787
18 788
0 792
3 793
4 794
2 795
14 797
13 799
11 800
22 801
32 802
68 804
69 805
45 810
43 813
41 815
42 816
24 818
23 819
44 820
60 823
28 824
30 825
37 828
38 830
40 831
52 836
33 837
53 840
48 841
46 842
49 845
51 847
35 848
17 851
15 852
50 854
54 855
25 858
27 859
57 861
55 862
75 864
78 866
62 868
76 870
77 871
95 874
98 875
91 878
89 880
87 881
99 883
97 885
100 886
93 889
81 892
79 893
94 894
109 898
107 901
111 902
113 904
112 905
101 907
103 909
104 910
108 912
105 913
193 915
154 918
152 919
210 920
120 925
118 926
142 927
146 931
182 932
143 935
141 938
139 940
147 941
155 943
145 944
144 945
169 948
168 951
170 952
160 955
161 956
162 958
158 959
167 960
164 962
165 963
0 1
1 2
1 3
3 4
4 5
5 6
6 7
6 8
8 9
8 10
5 11
11 12
12 13
13 14
14 15
15 16
16 17
16 18
18 19
18 20
15 21
21 22
21 23
14 24
24 25
25 26
26 27
27 28
28 29
29 30
30 31
31 32
31 33
30 34
29 35
28 36
36 37
36 38
27 39
39 40
40 41
41 42
41 43
40 44
39 45
26 46
46 47
47 48
47 49
46 50
25 51
51 52
52 53
52 54
51 55
24 56
56 57
57 58
58 59
58 60
60 61
60 62
57 63
63 64
64 65
65 66
65 67
64 68
63 69
69 70
70 71
70 72
69 73
73 74
74 75
74 76
73 77
56 78
78 79
79 80
79 81
81 82
82 83
83 84
83 85
85 86
85 87
87 88
87 89
82 90
81 91
91 92
91 93
78 94
13 95
12 96
96 97
96 98
11 99
99 100
100 101
101 102
101 103
100 104
104 105
104 106
99 107
107 108
108 109
108 110
110 111
111 112
112 113
113 114
114 115
114 116
113 117
117 118
117 119
112 120
111 121
110 122
107 123
123 124
124 125
124 126
123 127
4 128
128 129
129 130
130 131
131 132
132 133
133 134
133 135
135 136
135 137
132 138
138 139
139 140
139 141
141 142
142 143
142 144
141 145
145 146
146 147
146 148
145 149
149 150
150 151
151 152
151 153
150 154
149 155
138 156
156 157
157 158
158 159
158 160
157 161
156 162
162 163
162 164
164 165
164 166
131 167
167 168
167 169
130 170
170 171
171 172
171 173
173 174
173 175
175 176
175 177
177 178
177 179
170 180
180 181
180 182
182 183
182 184
184 185
184 186
129 187
187 188
187 189
189 190
190 191
191 192
191 193
190 194
194 195
194 196
196 197
196 198
189 199
199 200
199 201
201 202
202 203
203 204
203 205
202 206
201 207
207 208
207 209
209 210
209 211
128 212
212 213
213 214
214 215
215 216
216 217
216 218
218 219
219 220
220 221
220 222
219 223
218 224
224 225
225 226
225 227
227 228
227 229
224 230
230 231
231 232
231 233
230 234
215 235
235 236
235 237
214 238
238 239
239 240
240 241
240 242
242 243
243 244
243 245
242 246
246 247
246 248
239 249
249 250
250 251
251 252
251 253
250 254
254 255
254 256
249 257
257 258
258 259
259 260
260 261
261 262
261 263
263 264
263 265
260 266
259 267
267 268
267 269
258 270
270 271
270 272
272 273
272 274
257 275
238 276
276 277
277 278
277 279
279 280
280 281
280 282
279 283
283 284
283 285
276 286
286 287
287 288
288 289
288 290
290 291
291 292
291 293
293 294
293 295
290 296
287 297
297 298
298 299
299 300
299 301
298 302
302 303
303 304
303 305
302 306
306 307
306 308
297 309
309 310
309 311
311 312
311 313
286 314
314 315
315 316
315 317
314 318
318 319
319 320
320 321
320 322
319 323
318 324
324 325
325 326
326 327
327 328
327 329
326 330
325 331
331 332
331 333
324 334
213 335
335 336
336 337
337 338
337 339
336 340
335 341
212 342
342 343
343 344
344 345
345 346
346 347
347 348
348 349
348 350
347 351
351 352
351 353
353 354
354 355
354 356
353 357
357 358
357 359
346 360
360 361
361 362
362 363
362 364
364 365
365 366
366 367
366 368
365 369
364 370
370 371
370 372
361 373
360 374
374 375
375 376
376 377
377 378
378 379
378 380
377 381
381 382
382 383
383 384
384 385
384 386
383 387
387 388
387 389
382 390
390 391
390 392
381 393
393 394
393 395
376 396
396 397
396 398
398 399
398 400
400 401
401 402
402 403
402 404
401 405
405 406
406 407
406 408
405 409
400 410
375 411
411 412
411 413
413 414
414 415
415 416
416 417
417 418
418 419
419 420
419 421
418 422
417 423
423 424
423 425
416 426
415 427
427 428
428 429
429 430
429 431
431 432
432 433
432 434
431 435
428 436
436 437
436 438
438 439
438 440
427 441
441 442
442 443
442 444
444 445
444 446
441 447
447 448
448 449
448 450
450 451
450 452
447 453
453 454
454 455
455 456
455 457
454 458
453 459
459 460
460 461
460 462
462 463
462 464
459 465
414 466
466 467
466 468
468 469
468 470
470 471
471 472
472 473
472 474
471 475
470 476
476 477
476 478
478 479
479 480
479 481
478 482
413 483
483 484
483 485
485 486
486 487
487 488
487 489
489 490
490 491
490 492
492 493
492 494
489 495
495 496
495 497
486 498
485 499
499 500
500 501
500 502
502 503
503 504
504 505
505 506
506 507
506 508
505 509
504 510
510 511
510 512
512 513
512 514
503 515
515 516
516 517
517 518
517 519
519 520
520 521
520 522
519 523
516 524
524 525
524 526
526 527
526 528
515 529
502 530
499 531
531 532
532 533
532 534
531 535
535 536
536 537
536 538
535 539
374 540
540 541
541 542
541 543
540 544
345 545
344 546
546 547
547 548
547 549
546 550
550 551
551 552
552 553
552 554
554 555
554 556
551 557
550 558
343 559
559 560
560 561
560 562
562 563
562 564
564 565
565 566
565 567
567 568
567 569
569 570
569 571
564 572
572 573
572 574
559 575
575 576
576 577
576 578
578 579
579 580
579 581
578 582
582 583
582 584
584 585
585 586
585 587
584 588
575 589
342 590
3 591
591 592
592 593
593 594
593 595
592 596
596 597
596 598
598 599
599 600
599 601
598 602
591 603
603 604
604 605
605 606
606 607
607 608
607 609
606 610
610 611
611 612
612 613
612 614
611 615
615 616
615 617
617 618
617 619
619 620
619 621
610 622
622 623
622 624
624 625
625 626
625 627
624 628
605 629
629 630
630 631
631 632
632 633
632 634
631 635
630 636
636 637
637 638
638 639
639 640
640 641
641 642
641 643
640 644
639 645
645 646
645 647
647 648
648 649
648 650
647 651
651 652
651 653
638 654
654 655
654 656
637 657
636 658
629 659
659 660
660 661
661 662
661 663
663 664
664 665
664 666
663 667
660 668
668 669
669 670
670 671
671 672
672 673
673 674
673 675
672 676
671 677
677 678
677 679
670 680
669 681
681 682
682 683
683 684
683 685
682 686
686 687
686 688
681 689
668 690
659 691
691 692
692 693
693 694
694 695
694 696
696 697
696 698
693 699
699 700
699 701
692 702
691 703
703 704
703 705
705 706
705 707
604 708
603 709
709 710
710 711
711 712
712 713
713 714
714 715
715 716
715 717
714 718
718 719
718 720
713 721
712 722
722 723
723 724
723 725
725 726
725 727
722 728
728 729
729 730
729 731
731 732
731 733
728 734
734 735
734 736
736 737
736 738
738 739
738 740
740 741
740 742
742 743
742 744
711 745
745 746
746 747
747 748
748 749
748 750
750 751
750 752
752 753
752 754
747 755
755 756
756 757
757 758
757 759
756 760
755 761
761 762
762 763
763 764
764 765
765 766
765 767
767 768
767 769
764 770
763 771
771 772
772 773
773 774
774 775
775 776
775 777
774 778
778 779
779 780
780 781
780 782
782 783
783 784
784 785
784 786
783 787
782 788
779 789
789 790
790 791
791 792
791 793
790 794
789 795
778 796
796 797
796 798
798 799
798 800
773 801
772 802
771 803
803 804
803 805
762 806
806 807
807 808
808 809
809 810
809 811
811 812
812 813
812 814
814 815
814 816
811 817
817 818
817 819
808 820
807 821
821 822
822 823
822 824
821 825
806 826
826 827
827 828
827 829
829 830
829 831
826 832
832 833
833 834
834 835
835 836
835 837
834 838
838 839
839 840
839 841
838 842
833 843
843 844
844 845
844 846
846 847
846 848
843 849
849 850
850 851
850 852
849 853
853 854
853 855
832 856
856 857
857 858
857 859
856 860
860 861
860 862
761 863
863 864
863 865
865 866
865 867
867 868
867 869
869 870
869 871
746 872
872 873
873 874
873 875
872 876
876 877
877 878
877 879
879 880
879 881
876 882
882 883
882 884
884 885
884 886
745 887
887 888
888 889
888 890
890 891
891 892
891 893
890 894
887 895
895 896
896 897
897 898
897 899
899 900
900 901
900 902
899 903
903 904
903 905
896 906
906 907
906 908
908 909
908 910
895 911
911 912
911 913
710 914
914 915
914 916
916 917
917 918
917 919
916 920
709 921
921 922
922 923
923 924
924 925
924 926
923 927
922 928
928 929
929 930
930 931
930 932
929 933
933 934
934 935
934 936
936 937
937 938
937 939
939 940
939 941
936 942
942 943
942 944
933 945
928 946
946 947
947 948
947 949
949 950
950 951
950 952
949 953
953 954
954 955
954 956
953 957
957 958
957 959
946 960
921 961
961 962
961 963
