482
654
654
344 180
0 252
346 124
347 265
340 182
341 521
342 411
343 134
348 74
594 512
619 397
298 370
299 421
296 454
297 137
294 405
292 312
293 532
290 519
591 600
590 298
593 248
595 417
198 341
597 87
195 242
598 649
197 456
191 121
190 470
193 348
192 617
270 283
271 355
272 537
273 388
274 566
275 403
276 117
278 154
279 342
524 270
526 395
527 374
521 487
522 486
528 230
529 368
449 473
443 556
441 228
440 502
447 588
446 384
444 578
108 555
109 536
103 365
100 514
101 583
107 584
104 353
105 190
38 563
33 79
32 296
30 208
37 589
35 132
640 478
643 262
642 567
645 381
644 8
439 149
649 326
437 233
432 285
433 534
430 104
431 161
339 529
338 0
335 315
334 580
337 518
336 162
331 44
330 482
333 483
332 547
345 369
99 255
98 440
91 496
93 346
95 223
94 32
97 619
600 390
558 68
555 407
557 70
556 266
551 268
550 35
553 481
552 155
239 339
234 557
237 401
230 73
232 75
233 52
614 533
146 340
147 606
144 511
145 273
142 281
143 337
141 551
612 415
613 522
611 278
616 419
617 345
148 147
149 171
133 272
132 333
131 361
130 590
137 466
136 282
135 247
134 293
494 608
139 143
138 138
490 276
491 173
492 467
493 218
24 89
25 449
27 581
20 560
22 334
23 139
28 43
407 385
406 185
405 310
403 118
402 400
401 15
400 542
408 287
628 269
379 100
378 597
371 446
370 7
373 49
372 429
375 565
374 200
376 187
393 94
391 480
89 408
397 191
395 86
394 351
83 57
81 258
86 642
87 393
84 626
85 627
7 379
586 322
584 42
585 568
582 165
583 212
580 318
581 84
588 572
589 644
245 63
244 77
247 95
241 586
240 151
243 13
242 274
615 515
606 507
248 201
519 304
518 22
511 101
510 263
601 363
512 323
515 60
514 371
516 109
458 309
459 336
621 17
627 633
626 179
625 62
451 437
453 528
454 25
456 50
179 177
177 593
176 120
174 463
173 105
171 459
170 383
182 14
180 494
2 48
186 530
187 332
184 462
185 292
189 11
653 54
11 146
10 541
13 72
15 458
14 152
17 176
19 10
18 160
62 307
322 550
323 297
320 378
321 613
326 350
327 203
324 410
201 125
200 331
203 316
205 413
207 490
208 205
77 267
76 192
75 234
74 306
73 375
72 376
70 197
79 33
78 327
542 107
541 414
547 508
544 28
545 344
8 576
549 453
120 83
121 582
123 210
124 433
125 366
127 214
128 189
414 424
415 314
417 20
410 539
411 585
413 335
419 447
318 215
313 112
312 601
310 611
316 133
315 170
314 131
496 573
497 643
3 288
368 103
369 41
366 313
365 595
362 51
363 53
360 198
361 614
381 144
383 594
384 492
385 615
386 343
388 275
579 279
578 115
573 640
572 4
570 535
576 85
575 491
60 184
258 432
63 570
65 239
66 362
252 510
69 93
251 167
257 603
254 630
255 76
508 145
509 607
507 544
504 444
505 24
502 66
500 451
501 65
630 637
632 468
633 284
469 484
468 609
637 598
465 545
464 527
467 324
466 226
463 108
462 469
168 127
169 645
164 500
165 257
167 3
160 123
161 430
162 19
648 509
357 501
355 219
354 27
353 301
351 638
350 193
358 425
216 648
214 244
215 488
212 579
210 354
218 634
219 632
289 158
288 625
4 97
281 497
283 45
282 2
285 69
284 254
287 303
286 245
263 251
262 505
260 5
267 240
266 526
265 538
269 195
268 136
55 524
54 493
57 357
51 575
50 142
53 360
52 98
537 271
536 290
535 55
534 174
533 372
532 561
531 465
530 373
539 531
538 135
115 237
68 111
117 464
111 591
113 18
112 141
118 330
429 30
428 130
421 216
422 553
425 347
424 37
427 78
309 628
301 40
303 391
304 558
306 472
307 260
568 406
560 653
561 113
562 428
563 441
565 91
566 477
567 321
228 504
226 241
225 243
223 431
221 128
220 232
390 439
151 616
604 81
607 320
152 635
155 621
154 422
603 299
158 148
609 186
608 338
634 99
635 286
398 489
48 562
49 294
46 23
44 38
45 612
42 225
43 394
40 221
41 402
638 386
5 169
489 207
488 552
487 168
486 475
484 164
483 289
482 358
481 220
480 549
472 443
473 46
470 427
477 398
475 604
478 516
647 199
352 344
1 0
344 346
344 347
331 340
331 341
331 342
331 343
349 348
352 349
592 594
620 619
297 298
300 299
295 296
314 297
295 294
319 295
300 292
292 293
289 290
329 291
589 591
589 590
592 593
618 592
592 595
196 198
596 597
605 596
196 195
211 194
196 197
199 196
225 191
191 190
194 193
191 192
269 270
272 271
280 272
272 273
272 274
272 275
277 276
331 277
277 278
280 279
523 524
531 525
525 526
533 527
564 520
520 521
520 522
545 523
623 599
527 528
527 529
448 449
455 448
442 443
481 442
442 441
438 440
448 447
445 446
457 445
445 444
106 108
110 109
110 102
102 103
96 100
102 101
110 106
106 107
102 104
106 105
59 39
39 38
34 33
31 32
67 31
29 30
36 37
59 36
34 35
47 34
646 641
641 640
641 643
641 642
646 645
641 644
442 438
438 439
450 436
438 437
464 434
481 435
452 432
434 433
426 430
432 431
331 339
331 338
331 335
331 334
331 337
331 336
352 331
329 330
331 333
331 332
344 345
629 249
9 6
96 99
96 98
90 91
96 90
92 93
110 92
96 95
92 94
96 97
114 96
569 559
559 558
554 555
589 554
554 557
554 556
550 551
564 550
554 553
550 552
249 238
238 239
235 234
236 235
249 236
238 237
229 230
250 231
231 232
231 233
9 1
612 614
140 146
140 147
140 144
140 145
140 142
140 143
156 140
140 141
624 612
612 613
612 610
610 611
612 616
618 617
184 148
150 149
624 623
624 622
132 133
150 132
132 131
129 130
132 137
132 136
132 135
132 134
495 494
499 495
140 139
132 138
488 490
488 491
488 492
488 493
41 24
26 25
36 26
26 27
21 20
31 21
21 22
24 23
29 28
59 29
406 407
432 406
404 405
436 404
404 403
416 402
402 401
399 400
639 629
474 409
409 408
629 628
377 379
377 378
367 371
367 370
450 373
367 372
373 375
373 374
435 377
377 376
624 618
392 393
418 392
90 88
88 89
396 397
426 396
396 395
392 394
96 82
82 83
92 80
80 81
82 86
88 87
82 84
82 85
6 7
602 601
605 607
587 586
596 587
585 584
622 585
577 582
577 583
577 580
577 581
589 588
605 589
242 245
242 244
246 247
249 246
242 241
238 240
242 243
253 242
612 615
605 606
246 248
520 519
517 518
510 511
531 510
517 513
513 512
516 515
513 514
533 517
559 516
457 458
460 459
620 621
623 620
624 627
624 626
624 625
652 624
461 450
452 451
455 452
454 453
455 454
488 455
457 456
488 457
178 179
181 178
178 177
175 176
194 175
175 174
172 173
204 172
172 171
166 170
577 253
183 182
227 183
181 180
188 181
184 186
188 187
204 184
184 185
654 652
209 188
188 189
654 653
651 650
652 651
12 11
9 10
12 13
21 12
16 15
12 14
16 17
47 16
20 19
21 18
61 62
328 322
322 323
319 320
322 321
325 326
328 327
322 324
331 325
331 328
352 329
202 201
199 200
202 203
238 202
206 205
222 204
206 207
224 206
238 209
209 208
76 77
82 76
76 75
71 74
71 73
71 72
76 71
71 70
80 79
76 78
1 2
543 542
559 543
548 540
540 541
559 546
546 547
543 544
559 545
9 8
589 548
548 549
67 68
599 598
119 120
122 121
132 122
122 123
122 124
126 125
129 126
126 127
129 128
148 129
412 414
416 415
420 416
418 417
409 410
412 411
426 412
412 413
533 498
426 418
418 419
531 499
331 319
317 318
314 313
311 312
322 311
311 310
331 317
317 316
314 315
322 314
495 496
498 497
1 3
367 368
367 369
367 366
373 367
380 364
364 365
380 362
364 363
359 360
362 361
387 380
382 381
481 382
382 383
382 384
382 385
387 386
436 387
389 388
426 389
622 605
577 579
577 578
605 604
574 573
571 572
612 571
571 570
596 577
577 576
574 575
587 574
59 60
71 61
259 258
291 259
82 64
64 65
64 66
71 67
250 252
67 69
577 250
250 251
261 256
256 257
253 254
256 255
602 603
622 602
533 508
508 509
523 506
506 507
503 504
506 505
499 502
525 503
499 500
499 501
631 630
641 631
631 632
631 633
468 469
488 468
641 636
636 637
464 465
488 464
468 467
464 466
474 461
488 460
464 463
461 462
166 168
166 169
163 164
166 165
183 166
166 167
159 160
159 161
159 162
166 163
599 600
18 9
651 647
650 646
650 649
647 648
356 357
367 356
356 355
352 354
352 353
373 352
352 351
349 350
367 359
359 358
217 216
249 217
213 214
213 215
213 212
236 213
211 210
227 211
217 218
217 219
291 289
289 288
1 4
280 281
314 280
280 283
280 282
280 285
280 284
280 287
280 286
264 263
261 262
272 261
259 260
292 267
267 266
264 265
331 264
292 269
267 268
61 59
59 58
56 55
47 54
56 57
58 56
47 51
47 50
47 53
47 52
533 537
533 536
533 535
64 63
550 533
531 532
546 531
531 530
540 539
533 538
116 115
132 114
116 117
122 116
110 111
114 110
110 113
110 112
157 119
119 118
426 429
426 428
533 534
420 421
435 420
434 423
423 422
426 425
423 424
426 427
460 426
331 308
308 309
325 300
302 301
331 302
302 303
305 304
331 305
305 306
308 307
564 568
592 569
559 560
559 561
559 562
559 563
569 564
564 565
564 566
564 567
231 229
229 228
238 227
225 226
235 225
246 224
224 223
249 222
222 221
217 220
392 391
389 390
150 151
175 150
194 153
153 152
156 155
153 154
166 157
157 156
163 159
159 158
610 609
605 608
631 634
426 399
636 635
399 398
47 48
47 49
47 46
58 47
41 44
41 45
41 42
41 43
39 40
59 41
639 638
6 5
641 639
488 489
499 488
520 487
487 486
533 485
485 484
481 483
481 482
485 481
479 480
471 472
474 473
471 470
476 471
503 476
476 477
481 474
474 475
479 478
498 479
