482
654
654
344 83
0 336
346 400
347 601
340 391
341 397
342 76
343 254
348 488
594 628
619 146
298 483
299 112
296 372
297 293
294 374
292 173
293 395
290 516
591 216
590 486
593 190
595 637
198 327
597 643
195 123
598 258
197 290
191 267
190 648
193 148
192 171
270 390
271 534
272 320
273 582
274 537
275 74
276 296
278 121
279 128
524 49
526 185
527 75
521 591
522 595
528 312
529 139
449 522
443 111
441 538
440 72
447 97
446 528
444 143
108 55
109 362
103 87
100 407
101 193
107 422
104 154
105 551
38 186
33 43
32 497
30 184
37 170
35 491
640 550
643 514
642 337
645 484
644 149
439 44
649 354
437 376
432 303
433 284
430 142
431 18
339 197
338 440
335 94
334 17
337 598
336 299
331 242
330 441
333 205
332 398
345 608
99 210
98 160
91 504
93 502
95 348
94 437
97 472
600 467
558 545
555 32
557 393
556 45
551 48
550 453
553 425
552 117
239 285
234 245
237 415
230 613
232 40
233 60
614 3
146 383
147 107
144 568
145 155
142 321
143 288
141 544
612 135
613 95
611 282
616 451
617 386
148 606
149 167
133 53
132 350
131 526
130 266
137 581
136 228
135 314
134 607
494 579
139 616
138 532
490 244
491 5
492 283
493 309
24 313
25 137
27 633
20 586
22 42
23 78
28 535
407 385
406 556
405 138
403 286
402 509
401 0
400 490
408 273
628 144
379 588
378 37
371 125
370 93
373 239
372 465
375 323
374 274
376 470
393 318
391 38
89 589
397 563
395 14
394 46
83 54
81 428
86 627
87 109
84 237
85 147
7 580
586 212
584 443
585 353
582 25
583 410
580 195
581 141
588 134
589 463
245 169
244 187
247 368
241 136
240 200
243 151
242 612
615 118
606 262
248 508
519 174
518 379
511 590
510 131
601 447
512 191
515 241
514 120
516 130
458 234
459 357
621 192
627 19
626 378
625 215
451 89
453 162
454 394
456 233
179 100
177 152
176 449
174 519
173 340
171 547
170 189
182 355
180 615
2 370
186 360
187 439
184 630
185 567
189 15
653 339
11 566
10 271
13 98
15 481
14 223
17 406
19 475
18 493
62 619
322 512
323 70
320 603
321 464
326 177
327 343
324 332
201 272
200 424
203 28
205 180
207 576
208 572
77 570
76 345
75 257
74 307
73 304
72 30
70 500
79 644
78 326
542 85
541 219
547 203
544 584
545 565
8 62
549 347
120 65
121 50
123 632
124 430
125 344
127 268
128 617
414 373
415 201
417 432
410 369
411 218
413 335
419 555
318 611
313 68
312 533
310 403
316 541
315 346
314 278
496 86
497 358
3 524
368 549
369 334
366 531
365 294
362 20
363 322
360 536
361 226
381 454
383 7
384 413
385 649
386 411
388 468
579 57
578 626
573 281
572 101
570 462
576 333
575 330
60 511
258 255
63 561
65 310
66 494
252 478
69 306
251 553
257 609
254 77
255 635
508 79
509 105
507 66
504 127
505 458
502 539
500 597
501 515
630 552
632 473
633 2
469 642
468 431
637 145
465 638
464 433
467 243
466 161
463 573
462 220
168 69
169 251
164 275
165 207
167 578
160 388
161 417
162 477
648 8
357 366
355 221
354 51
353 342
351 24
350 230
358 558
216 35
214 384
215 363
212 168
210 165
218 501
219 331
289 214
288 614
4 158
281 124
283 338
282 492
285 225
284 324
287 560
286 176
263 530
262 287
260 375
267 653
266 401
265 529
269 279
268 487
55 252
54 104
57 41
51 604
50 408
53 269
52 270
537 23
536 371
535 208
534 103
533 63
532 634
531 247
530 316
539 625
538 297
115 414
68 557
117 507
111 182
113 292
112 289
118 73
429 446
428 132
421 260
422 81
425 99
424 421
427 429
309 600
301 361
303 521
304 115
306 179
307 315
568 240
560 402
561 13
562 301
563 562
565 510
566 496
567 113
228 480
226 298
225 593
223 575
221 248
220 482
390 11
151 621
604 22
607 27
152 645
155 4
154 164
603 351
158 10
609 542
608 198
634 365
635 108
398 263
48 232
49 518
46 276
44 594
45 466
42 456
43 91
40 84
41 427
638 405
5 505
489 419
488 381
487 33
486 583
484 527
483 265
482 489
481 444
480 133
472 459
473 469
470 640
477 585
475 341
478 52
647 199
352 344
1 0
344 346
344 347
331 340
331 341
331 342
331 343
349 348
352 349
592 594
620 619
297 298
300 299
295 296
314 297
295 294
319 295
300 292
292 293
289 290
329 291
589 591
589 590
592 593
618 592
592 595
196 198
596 597
605 596
196 195
211 194
196 197
199 196
225 191
191 190
194 193
191 192
269 270
272 271
280 272
272 273
272 274
272 275
277 276
331 277
277 278
280 279
523 524
531 525
525 526
533 527
564 520
520 521
520 522
545 523
623 599
527 528
527 529
448 449
455 448
442 443
481 442
442 441
438 440
448 447
445 446
457 445
445 444
106 108
110 109
110 102
102 103
96 100
102 101
110 106
106 107
102 104
106 105
59 39
39 38
34 33
31 32
67 31
29 30
36 37
59 36
34 35
47 34
646 641
641 640
641 643
641 642
646 645
641 644
442 438
438 439
450 436
438 437
464 434
481 435
452 432
434 433
426 430
432 431
331 339
331 338
331 335
331 334
331 337
331 336
352 331
329 330
331 333
331 332
344 345
629 249
9 6
96 99
96 98
90 91
96 90
92 93
110 92
96 95
92 94
96 97
114 96
569 559
559 558
554 555
589 554
554 557
554 556
550 551
564 550
554 553
550 552
249 238
238 239
235 234
236 235
249 236
238 237
229 230
250 231
231 232
231 233
9 1
612 614
140 146
140 147
140 144
140 145
140 142
140 143
156 140
140 141
624 612
612 613
612 610
610 611
612 616
618 617
184 148
150 149
624 623
624 622
132 133
150 132
132 131
129 130
132 137
132 136
132 135
132 134
495 494
499 495
140 139
132 138
488 490
488 491
488 492
488 493
41 24
26 25
36 26
26 27
21 20
31 21
21 22
24 23
29 28
59 29
406 407
432 406
404 405
436 404
404 403
416 402
402 401
399 400
639 629
474 409
409 408
629 628
377 379
377 378
367 371
367 370
450 373
367 372
373 375
373 374
435 377
377 376
624 618
392 393
418 392
90 88
88 89
396 397
426 396
396 395
392 394
96 82
82 83
92 80
80 81
82 86
88 87
82 84
82 85
6 7
602 601
605 607
587 586
596 587
585 584
622 585
577 582
577 583
577 580
577 581
589 588
605 589
242 245
242 244
246 247
249 246
242 241
238 240
242 243
253 242
612 615
605 606
246 248
520 519
517 518
510 511
531 510
517 513
513 512
516 515
513 514
533 517
559 516
457 458
460 459
620 621
623 620
624 627
624 626
624 625
652 624
461 450
452 451
455 452
454 453
455 454
488 455
457 456
488 457
178 179
181 178
178 177
175 176
194 175
175 174
172 173
204 172
172 171
166 170
577 253
183 182
227 183
181 180
188 181
184 186
188 187
204 184
184 185
654 652
209 188
188 189
654 653
651 650
652 651
12 11
9 10
12 13
21 12
16 15
12 14
16 17
47 16
20 19
21 18
61 62
328 322
322 323
319 320
322 321
325 326
328 327
322 324
331 325
331 328
352 329
202 201
199 200
202 203
238 202
206 205
222 204
206 207
224 206
238 209
209 208
76 77
82 76
76 75
71 74
71 73
71 72
76 71
71 70
80 79
76 78
1 2
543 542
559 543
548 540
540 541
559 546
546 547
543 544
559 545
9 8
589 548
548 549
67 68
599 598
119 120
122 121
132 122
122 123
122 124
126 125
129 126
126 127
129 128
148 129
412 414
416 415
420 416
418 417
409 410
412 411
426 412
412 413
533 498
426 418
418 419
531 499
331 319
317 318
314 313
311 312
322 311
311 310
331 317
317 316
314 315
322 314
495 496
498 497
1 3
367 368
367 369
367 366
373 367
380 364
364 365
380 362
364 363
359 360
362 361
387 380
382 381
481 382
382 383
382 384
382 385
387 386
436 387
389 388
426 389
622 605
577 579
577 578
605 604
574 573
571 572
612 571
571 570
596 577
577 576
574 575
587 574
59 60
71 61
259 258
291 259
82 64
64 65
64 66
71 67
250 252
67 69
577 250
250 251
261 256
256 257
253 254
256 255
602 603
622 602
533 508
508 509
523 506
506 507
503 504
506 505
499 502
525 503
499 500
499 501
631 630
641 631
631 632
631 633
468 469
488 468
641 636
636 637
464 465
488 464
468 467
464 466
474 461
488 460
464 463
461 462
166 168
166 169
163 164
166 165
183 166
166 167
159 160
159 161
159 162
166 163
599 600
18 9
651 647
650 646
650 649
647 648
356 357
367 356
356 355
352 354
352 353
373 352
352 351
349 350
367 359
359 358
217 216
249 217
213 214
213 215
213 212
236 213
211 210
227 211
217 218
217 219
291 289
289 288
1 4
280 281
314 280
280 283
280 282
280 285
280 284
280 287
280 286
264 263
261 262
272 261
259 260
292 267
267 266
264 265
331 264
292 269
267 268
61 59
59 58
56 55
47 54
56 57
58 56
47 51
47 50
47 53
47 52
533 537
533 536
533 535
64 63
550 533
531 532
546 531
531 530
540 539
533 538
116 115
132 114
116 117
122 116
110 111
114 110
110 113
110 112
157 119
119 118
426 429
426 428
533 534
420 421
435 420
434 423
423 422
426 425
423 424
426 427
460 426
331 308
308 309
325 300
302 301
331 302
302 303
305 304
331 305
305 306
308 307
564 568
592 569
559 560
559 561
559 562
559 563
569 564
564 565
564 566
564 567
231 229
229 228
238 227
225 226
235 225
246 224
224 223
249 222
222 221
217 220
392 391
389 390
150 151
175 150
194 153
153 152
156 155
153 154
166 157
157 156
163 159
159 158
610 609
605 608
631 634
426 399
636 635
399 398
47 48
47 49
47 46
58 47
41 44
41 45
41 42
41 43
39 40
59 41
639 638
6 5
641 639
488 489
499 488
520 487
487 486
533 485
485 484
481 483
481 482
485 481
479 480
471 472
474 473
471 470
476 471
503 476
476 477
481 474
474 475
479 478
498 479
