485
621
621
344 344
0 0
346 346
347 347
340 340
341 341
343 343
349 349
606 606
619 619
298 298
297 297
294 294
295 295
292 292
293 293
290 290
291 291
591 591
590 590
592 592
595 595
198 198
597 597
195 195
194 194
196 196
191 191
190 190
193 193
271 271
272 272
273 273
274 274
275 275
276 276
277 277
278 278
279 279
524 524
525 525
526 526
527 527
520 520
521 521
522 522
599 599
529 529
449 449
448 448
443 443
442 442
441 441
440 440
447 447
445 445
444 444
108 108
102 102
103 103
100 100
101 101
107 107
104 104
105 105
39 39
38 38
33 33
32 32
31 31
37 37
36 36
35 35
34 34
438 438
439 439
436 436
437 437
435 435
432 432
433 433
430 430
431 431
339 339
338 338
334 334
337 337
336 336
331 331
330 330
333 333
332 332
6 6
99 99
98 98
91 91
90 90
93 93
95 95
94 94
97 97
96 96
600 600
558 558
555 555
556 556
551 551
550 550
553 553
552 552
238 238
239 239
234 234
235 235
236 236
237 237
230 230
231 231
232 232
233 233
614 614
147 147
144 144
145 145
142 142
140 140
141 141
613 613
611 611
616 616
617 617
148 148
133 133
132 132
131 131
137 137
136 136
135 135
495 495
139 139
138 138
490 490
491 491
493 493
24 24
26 26
20 20
21 21
23 23
28 28
29 29
407 407
406 406
405 405
404 404
403 403
402 402
400 400
409 409
408 408
371 371
373 373
372 372
374 374
377 377
376 376
392 392
88 88
89 89
397 397
396 396
395 395
394 394
82 82
83 83
399 399
81 81
86 86
84 84
85 85
586 586
587 587
584 584
583 583
581 581
589 589
245 245
244 244
247 247
246 246
241 241
240 240
243 243
242 242
249 249
248 248
518 518
511 511
513 513
512 512
515 515
514 514
516 516
458 458
459 459
451 451
452 452
453 453
455 455
456 456
457 457
179 179
178 178
177 177
176 176
174 174
173 173
172 172
171 171
594 594
182 182
183 183
180 180
181 181
187 187
184 184
185 185
188 188
11 11
10 10
12 12
15 15
14 14
17 17
16 16
19 19
18 18
62 62
322 322
320 320
321 321
326 326
327 327
324 324
325 325
329 329
201 201
200 200
203 203
202 202
205 205
207 207
206 206
209 209
208 208
76 76
74 74
73 73
71 71
70 70
79 79
2 2
542 542
543 543
540 540
541 541
546 546
544 544
8 8
548 548
68 68
120 120
121 121
122 122
123 123
125 125
126 126
127 127
128 128
129 129
414 414
416 416
410 410
411 411
412 412
413 413
498 498
419 419
499 499
319 319
313 313
312 312
311 311
310 310
317 317
316 316
315 315
314 314
496 496
497 497
3 3
368 368
369 369
367 367
364 364
365 365
363 363
361 361
380 380
381 381
383 383
384 384
386 386
388 388
389 389
605 605
579 579
578 578
573 573
572 572
570 570
576 576
575 575
574 574
61 61
258 258
259 259
65 65
67 67
252 252
253 253
250 250
251 251
256 256
257 257
254 254
255 255
603 603
508 508
509 509
506 506
507 507
504 504
505 505
503 503
501 501
469 469
468 468
464 464
466 466
461 461
460 460
463 463
462 462
168 168
169 169
164 164
165 165
166 166
167 167
160 160
161 161
163 163
356 356
355 355
353 353
352 352
350 350
359 359
358 358
216 216
214 214
215 215
212 212
211 211
218 218
219 219
289 289
281 281
280 280
283 283
285 285
284 284
287 287
286 286
263 263
262 262
260 260
266 266
265 265
264 264
269 269
268 268
59 59
58 58
55 55
56 56
50 50
53 53
52 52
536 536
535 535
534 534
532 532
531 531
530 530
539 539
538 538
115 115
114 114
116 116
111 111
110 110
113 113
119 119
118 118
429 429
421 421
420 420
423 423
424 424
427 427
426 426
308 308
309 309
300 300
301 301
302 302
303 303
304 304
305 305
306 306
307 307
568 568
569 569
560 560
561 561
563 563
565 565
566 566
229 229
228 228
227 227
226 226
225 225
223 223
222 222
220 220
391 391
390 390
151 151
604 604
153 153
152 152
154 154
157 157
156 156
159 159
158 158
609 609
608 608
80 80
48 48
46 46
47 47
44 44
45 45
42 42
43 43
40 40
41 41
5 5
489 489
487 487
486 486
484 484
482 482
481 481
472 472
471 471
477 477
474 474
475 475
478 478
479 479
345 344
1 0
345 346
345 347
335 340
342 341
348 342
342 343
362 348
348 349
607 606
593 594
618 619
299 298
328 299
315 296
296 297
293 294
296 295
302 292
302 293
302 290
292 291
590 591
601 590
596 593
593 592
208 199
199 198
598 597
598 596
197 195
195 194
204 197
197 196
192 191
189 190
192 193
208 192
278 270
270 271
273 272
302 273
273 274
273 275
273 276
278 277
302 278
278 279
523 524
526 525
549 526
528 527
519 520
519 521
523 522
557 523
598 599
557 528
528 529
450 449
447 448
465 443
441 442
454 441
438 440
483 447
470 446
446 445
443 444
109 108
130 109
98 102
112 103
98 100
98 101
130 106
106 107
103 104
106 105
30 39
30 38
30 33
30 32
30 31
51 30
30 37
30 36
30 35
30 34
470 438
438 439
434 436
438 437
438 434
434 435
431 432
434 433
431 430
494 431
335 339
335 338
345 335
335 334
335 337
335 336
328 331
328 330
328 333
328 332
382 345
7 6
98 99
124 98
92 91
89 90
92 93
98 92
98 95
95 94
98 97
95 96
564 559
557 558
554 555
559 554
564 557
557 556
549 551
549 550
554 553
549 552
231 238
231 239
231 234
231 235
231 236
231 237
231 230
273 231
231 232
231 233
9 1
615 614
149 146
146 147
143 144
146 145
158 142
149 143
139 140
139 141
615 612
612 613
618 610
610 611
615 616
615 617
149 148
158 149
130 133
130 132
130 131
142 130
150 137
143 136
136 135
136 134
502 494
494 495
158 139
137 138
488 490
492 491
502 492
492 493
22 24
30 25
27 26
30 27
15 20
22 21
25 22
22 23
27 28
30 29
404 407
404 406
404 405
422 404
404 403
401 402
415 401
401 400
404 409
404 408
382 379
382 378
370 371
378 370
372 373
397 372
388 375
375 374
378 377
375 376
620 618
404 393
393 392
87 88
112 89
438 397
397 396
393 395
393 394
81 82
81 83
81 80
98 81
87 86
98 87
81 84
81 85
9 7
612 601
618 607
585 586
588 587
585 584
596 585
588 582
582 583
593 580
582 581
596 588
588 589
231 245
231 244
231 247
231 246
231 241
231 240
231 243
231 242
620 615
231 249
231 248
545 519
519 518
510 511
549 510
510 513
510 512
510 515
510 514
549 517
517 516
454 458
454 459
621 620
454 450
450 451
450 452
454 453
465 454
454 455
454 456
454 457
176 179
176 178
176 177
593 595
176 175
175 174
170 173
170 172
170 171
176 170
231 253
176 182
176 183
176 180
176 181
567 186
186 187
176 184
186 185
189 188
204 189
9 11
9 10
25 13
13 12
30 15
13 14
15 17
15 16
15 19
15 18
63 62
323 322
328 323
318 320
318 321
323 326
328 327
323 324
323 325
345 328
328 329
199 201
199 200
204 203
199 202
231 205
205 204
208 207
205 206
210 209
231 208
81 77
77 76
81 75
75 74
72 73
81 72
72 71
69 70
78 79
81 78
1 2
541 542
541 543
541 540
607 541
545 546
557 547
545 544
547 545
7 8
547 548
607 549
69 68
601 598
134 120
120 121
120 122
124 123
158 124
124 125
124 126
124 127
124 128
124 129
602 176
404 414
417 415
415 416
438 417
404 410
404 411
404 412
404 413
494 498
446 418
418 419
500 499
318 319
323 318
302 313
302 312
302 311
302 310
318 317
315 316
328 315
302 314
494 496
494 497
4 3
404 368
370 369
387 366
366 367
362 364
366 365
379 362
362 363
382 360
360 361
379 380
379 381
418 382
382 383
382 384
390 385
385 386
398 387
404 388
388 389
602 605
580 579
577 578
602 604
574 573
571 572
580 571
571 570
596 577
577 576
574 575
593 574
64 60
60 61
231 258
231 259
75 64
66 65
78 66
66 67
231 252
77 69
231 250
231 251
231 256
231 257
231 254
231 255
602 603
610 602
502 508
510 509
502 506
502 507
502 504
502 505
517 502
502 503
510 500
500 501
467 469
467 468
470 465
454 464
494 467
467 466
454 461
454 460
454 463
454 462
166 168
170 169
162 164
166 165
175 166
166 167
158 160
162 161
166 162
162 163
601 600
15 9
385 357
357 356
354 355
387 354
354 353
351 352
368 351
351 350
360 359
357 358
217 216
227 217
213 214
213 215
213 212
231 213
217 210
210 211
231 218
218 219
288 289
302 288
15 4
278 281
278 280
282 283
290 282
282 285
282 284
288 287
282 286
264 263
261 262
282 261
261 260
278 267
267 266
264 265
278 264
270 269
267 268
60 59
57 58
54 55
57 54
63 57
54 56
54 51
49 50
54 53
51 52
557 537
537 536
533 535
64 63
562 533
533 532
528 531
528 530
537 539
537 538
112 115
112 114
134 117
117 116
112 111
109 110
112 113
130 112
120 119
117 118
428 429
438 428
533 534
422 421
418 420
422 423
441 422
450 425
425 424
428 427
425 426
302 308
302 309
299 300
302 301
323 302
302 303
302 304
302 305
302 306
302 307
567 568
567 569
559 560
562 561
607 562
564 563
607 564
564 565
567 566
582 567
227 229
227 228
231 227
227 226
224 225
231 224
224 223
221 222
231 221
221 220
390 391
415 390
150 151
567 150
150 153
150 152
166 155
155 154
158 157
155 156
158 159
176 158
607 609
607 608
398 399
417 398
49 48
57 49
47 46
49 47
30 44
30 45
30 42
30 43
30 40
30 41
4 5
488 489
502 488
488 487
485 486
494 485
483 484
485 483
483 482
480 481
494 480
473 472
476 473
502 470
470 471
483 476
476 477
473 474
476 475
476 478
480 479
