95
174
0
103 7
89 10
91 11
92 13
86 15
88 16
105 17
108 18
84 22
85 23
102 25
99 26
95 31
83 33
82 34
96 35
97 36
100 37
110 39
112 40
137 43
77 50
81 51
80 52
79 53
131 56
130 58
132 59
128 61
127 63
126 65
129 66
60 72
58 73
71 74
72 75
64 79
63 80
65 82
61 84
66 85
68 86
75 88
76 90
73 91
56 93
39 97
37 98
49 99
11 104
13 105
51 108
52 109
54 111
53 112
23 118
26 120
27 121
25 123
33 124
0 126
2 127
18 130
20 131
24 132
21 135
16 136
31 138
28 139
41 143
10 145
9 146
15 150
14 151
30 152
3 154
5 155
48 159
44 161
46 162
47 163
43 166
42 167
8 170
6 171
35 172
118 177
116 178
115 181
113 182
120 183
123 186
121 187
124 188
133 189
0 1
1 2
2 3
3 4
4 5
5 6
6 7
6 9
9 10
9 11
6 12
12 13
12 14
14 15
14 16
5 17
4 18
3 19
19 21
21 22
21 23
19 24
24 25
24 26
19 27
27 28
28 31
28 32
32 33
32 34
28 35
28 36
27 37
2 38
38 39
38 40
1 41
41 42
42 43
42 44
44 45
45 46
46 47
47 48
48 49
49 50
49 51
48 52
47 53
46 55
55 56
55 57
57 58
57 59
46 60
60 61
60 62
62 63
62 65
62 66
45 67
67 68
68 69
69 71
71 72
71 73
69 74
69 75
68 76
76 77
77 79
77 80
77 81
81 82
81 84
81 85
76 86
67 88
67 89
89 90
89 91
44 92
92 93
92 94
94 95
95 96
96 97
96 98
95 99
94 100
100 101
101 103
103 104
103 105
101 106
106 107
107 108
107 109
106 110
110 111
110 112
101 113
113 114
114 116
116 117
117 118
117 120
117 121
116 122
122 123
122 124
114 125
125 126
125 127
114 128
128 129
129 130
129 131
128 132
113 133
133 134
134 135
134 136
133 137
137 138
137 139
100 140
140 142
142 143
142 144
144 145
144 146
140 147
147 148
148 149
149 150
149 151
148 152
147 153
153 154
153 155
140 156
156 157
157 158
158 159
158 161
158 162
157 163
156 164
164 165
165 166
165 167
164 168
168 169
169 170
169 171
168 172
41 173
173 174
174 175
175 176
176 177
176 178
175 179
179 180
180 181
180 182
179 183
174 184
184 185
185 186
185 187
184 188
173 189
