95
189
0
26 21
23 22
27 23
2 25
0 26
33 28
24 29
25 30
13 32
11 33
31 35
28 36
21 38
16 39
20 41
18 42
54 46
53 47
51 48
48 53
46 56
43 59
42 60
35 62
8 64
6 65
44 66
30 69
15 71
14 72
5 74
3 75
41 77
10 79
9 80
52 81
47 84
39 86
37 87
49 88
56 89
60 92
58 93
66 97
64 99
63 100
61 101
65 102
71 103
68 104
126 105
72 107
76 111
73 112
75 113
127 119
129 121
79 122
131 123
81 124
128 126
80 128
77 129
132 131
130 132
137 133
123 138
121 139
118 142
116 143
120 145
115 147
113 148
124 149
133 150
112 153
110 154
108 157
105 161
88 163
86 164
91 167
89 168
92 169
103 170
96 176
95 178
83 180
82 181
102 183
99 184
100 185
97 186
85 188
84 189
0 1
1 2
2 3
3 4
4 5
5 6
6 7
7 8
8 9
9 10
10 11
11 12
12 13
13 14
14 15
15 16
16 17
17 18
18 19
19 20
20 21
20 22
19 23
18 24
24 25
24 26
17 27
27 28
27 29
16 30
15 31
31 32
31 33
14 34
34 35
34 36
13 37
37 38
37 39
12 40
40 41
40 42
11 43
43 44
44 45
45 46
45 47
44 48
43 49
49 50
50 51
51 52
52 53
52 54
54 55
55 56
55 57
57 58
58 59
58 60
57 61
61 62
61 63
63 64
63 65
54 66
51 67
67 68
68 69
68 70
70 71
70 72
67 73
73 74
73 75
50 76
76 77
76 78
78 79
78 80
49 81
10 82
82 83
83 84
83 85
85 86
85 87
82 88
9 89
8 90
90 91
91 92
91 93
90 94
94 95
95 96
96 97
96 98
98 99
98 100
95 101
94 102
7 103
6 104
5 105
4 106
106 107
106 108
108 109
109 110
110 111
110 112
109 113
108 114
114 115
115 116
116 117
117 118
118 119
118 120
120 121
120 122
117 123
116 124
115 125
125 126
125 127
127 128
127 129
114 130
130 131
130 132
3 133
2 134
134 135
135 136
136 137
137 138
137 139
136 140
140 141
141 142
141 143
140 144
144 145
144 146
146 147
146 148
135 149
134 150
1 151
151 152
152 153
152 154
151 155
155 156
156 157
156 158
158 159
159 160
160 161
160 162
162 163
162 164
159 165
165 166
166 167
166 168
165 169
158 170
155 171
171 172
172 173
173 174
174 175
175 176
175 177
177 178
177 179
179 180
179 181
174 182
182 183
182 184
173 185
172 186
171 187
187 188
187 189
