95
95
95
0 0
2 1
3 2
5 3
6 4
8 5
9 6
10 7
11 8
13 9
14 10
15 11
16 12
18 13
20 14
21 15
23 16
24 17
25 18
26 19
27 20
28 21
30 22
31 23
33 24
35 25
37 26
39 27
41 28
42 29
43 30
44 31
46 32
47 33
48 34
49 35
51 36
52 37
53 38
54 39
56 40
58 41
60 42
61 43
63 44
64 45
65 46
66 47
68 48
71 49
72 50
73 51
75 52
76 53
77 54
79 55
80 56
81 57
82 58
83 59
84 60
85 61
86 62
88 63
89 64
91 65
92 66
95 67
96 68
97 69
99 70
100 71
102 72
103 73
105 74
108 75
110 76
112 77
113 78
115 79
116 80
118 81
120 82
121 83
123 84
124 85
126 86
128 87
129 88
130 89
131 90
127 91
132 92
133 93
137 94
95 76
76 77
76 66
66 64
66 62
62 63
64 65
66 73
62 74
62 61
61 60
60 71
71 59
59 58
59 67
59 68
59 69
59 72
71 70
64 75
95 93
93 85
93 91
91 90
91 52
91 56
91 87
91 92
52 53
91 54
91 55
91 88
91 89
52 50
52 51
52 48
54 57
91 86
48 44
44 45
44 47
44 43
44 46
52 49
52 41
41 42
91 40
40 36
36 31
31 30
30 29
36 39
30 4
4 5
31 10
36 14
14 13
10 2
2 3
10 11
30 32
31 34
36 15
36 21
21 23
21 16
16 20
16 1
1 0
10 22
16 19
36 37
4 25
15 12
16 18
16 24
36 7
7 6
36 35
7 28
15 17
31 33
36 38
35 26
31 9
9 8
26 27
93 83
83 84
91 94
85 82
82 81
81 80
82 78
78 79
