95
140
140
133 76
132 6
131 44
130 49
137 103
24 25
25 71
26 88
27 116
20 5
21 105
23 79
28 100
0 61
8 77
120 18
121 42
123 131
124 80
126 99
127 3
128 126
129 85
58 86
54 52
56 120
51 108
53 15
52 37
115 27
88 31
116 43
110 16
113 23
112 81
82 92
83 54
80 133
81 132
86 128
118 8
84 102
85 83
3 82
108 64
102 10
103 121
100 53
105 60
39 20
33 26
31 110
30 58
37 48
35 24
60 63
61 28
63 51
64 123
65 91
66 84
68 129
2 47
6 35
99 9
91 65
92 75
95 68
97 127
96 97
11 11
10 137
13 115
15 30
14 113
16 0
18 2
89 118
48 130
49 14
46 66
47 46
44 72
42 41
43 112
41 13
5 89
9 124
77 56
76 39
75 21
73 95
72 33
71 73
79 96
134 133
127 132
127 131
127 130
138 137
138 136
136 135
135 134
140 139
139 138
22 24
22 25
22 26
22 27
19 20
22 21
32 22
22 23
22 28
34 29
1 0
34 4
7 8
134 119
119 120
122 121
125 122
122 123
125 124
135 125
127 126
136 127
127 128
127 129
117 118
70 59
59 58
57 55
51 54
127 57
57 56
55 51
55 50
51 53
51 52
114 115
119 114
87 88
90 89
139 111
111 110
114 113
111 112
83 82
94 83
78 80
78 81
87 86
106 87
98 84
84 85
4 3
36 7
107 108
111 109
101 102
104 103
98 100
109 101
107 106
109 107
106 104
106 105
38 39
50 38
32 33
51 32
32 31
29 30
38 37
43 36
36 35
45 34
59 60
62 61
67 62
62 63
62 64
62 65
67 66
69 67
69 68
74 69
1 2
7 6
98 99
101 98
90 91
93 90
104 93
93 92
94 95
101 94
94 97
94 96
12 11
40 10
12 13
51 12
14 15
29 14
22 17
17 16
51 19
19 18
119 117
117 116
45 48
50 49
45 46
45 47
45 44
51 45
43 42
45 43
51 40
40 41
17 1
4 5
10 9
78 77
74 76
74 75
127 74
74 73
70 72
70 71
74 70
78 79
127 78
