95
140
140
133 133
132 132
131 131
130 130
137 137
24 24
25 25
26 26
27 27
20 20
21 21
23 23
28 28
0 0
8 8
120 120
121 121
123 123
124 124
126 126
127 127
128 128
129 129
58 58
54 54
56 56
51 51
53 53
52 52
115 115
88 88
116 116
110 110
113 113
112 112
82 82
83 83
80 80
81 81
86 86
118 118
84 84
85 85
3 3
108 108
102 102
103 103
100 100
105 105
39 39
33 33
31 31
30 30
37 37
35 35
60 60
61 61
63 63
64 64
65 65
66 66
68 68
2 2
6 6
99 99
91 91
92 92
95 95
97 97
96 96
11 11
10 10
13 13
15 15
14 14
16 16
18 18
89 89
48 48
49 49
46 46
47 47
44 44
42 42
43 43
41 41
5 5
9 9
77 77
76 76
75 75
73 73
72 72
71 71
79 79
134 133
127 132
127 131
127 130
138 137
138 136
136 135
135 134
140 139
139 138
22 24
22 25
22 26
22 27
19 20
22 21
32 22
22 23
22 28
34 29
1 0
34 4
7 8
134 119
119 120
122 121
125 122
122 123
125 124
135 125
127 126
136 127
127 128
127 129
117 118
70 59
59 58
57 55
51 54
127 57
57 56
55 51
55 50
51 53
51 52
114 115
119 114
87 88
90 89
139 111
111 110
114 113
111 112
83 82
94 83
78 80
78 81
87 86
106 87
98 84
84 85
4 3
36 7
107 108
111 109
101 102
104 103
98 100
109 101
107 106
109 107
106 104
106 105
38 39
50 38
32 33
51 32
32 31
29 30
38 37
43 36
36 35
45 34
59 60
62 61
67 62
62 63
62 64
62 65
67 66
69 67
69 68
74 69
1 2
7 6
98 99
101 98
90 91
93 90
104 93
93 92
94 95
101 94
94 97
94 96
12 11
40 10
12 13
51 12
14 15
29 14
22 17
17 16
51 19
19 18
119 117
117 116
45 48
50 49
45 46
45 47
45 44
51 45
43 42
45 43
51 40
40 41
17 1
4 5
10 9
78 77
74 76
74 75
127 74
74 73
70 72
70 71
74 70
78 79
127 78
