95
138
138
133 133
132 132
131 131
130 130
136 136
135 135
134 134
25 25
26 26
20 20
22 22
23 23
29 29
0 0
8 8
120 120
122 122
123 123
124 124
125 125
126 126
127 127
128 128
129 129
118 118
58 58
55 55
54 54
57 57
51 51
52 52
114 114
88 88
116 116
111 111
110 110
113 113
83 83
80 80
81 81
119 119
87 87
84 84
85 85
3 3
109 109
102 102
106 106
107 107
104 104
39 39
38 38
32 32
31 31
36 36
35 35
34 34
60 60
61 61
62 62
63 63
64 64
66 66
67 67
69 69
2 2
6 6
99 99
90 90
92 92
94 94
97 97
96 96
11 11
10 10
13 13
14 14
17 17
16 16
19 19
49 49
46 46
47 47
45 45
43 43
40 40
41 41
5 5
77 77
76 76
73 73
72 72
71 71
70 70
79 79
125 133
125 132
125 131
125 130
138 137
125 136
125 135
125 134
28 24
24 25
24 26
28 27
21 20
37 21
21 22
24 23
37 28
30 29
1 0
7 4
7 8
117 119
121 120
137 121
121 122
121 123
121 124
137 125
125 126
125 127
125 128
125 129
117 118
78 59
59 58
56 55
53 54
56 57
86 56
50 51
125 50
137 53
53 52
117 115
115 114
89 88
101 89
117 111
111 110
112 113
137 112
91 82
82 83
78 80
82 81
91 86
86 87
82 84
86 85
4 3
37 7
112 108
108 109
101 102
138 103
103 100
103 101
105 106
105 107
105 104
108 105
37 39
37 38
37 33
33 32
30 31
37 30
42 37
37 36
33 35
33 34
59 60
62 61
68 62
62 63
65 64
75 65
65 66
68 67
74 68
68 69
1 2
7 6
100 99
100 98
95 91
89 90
100 93
93 92
98 95
93 94
98 97
95 96
12 11
9 10
12 13
27 12
37 15
15 14
18 17
15 16
18 19
33 18
137 117
115 116
50 48
50 49
44 46
48 47
48 44
44 45
44 42
42 43
37 40
37 41
9 1
4 5
27 9
78 77
75 76
82 75
82 74
74 73
68 72
68 71
68 70
78 79
82 78
