99
197
0
154 3
152 4
134 7
67 10
69 11
58 14
66 16
64 19
63 20
59 22
61 23
53 27
55 28
52 30
35 32
37 33
18 40
14 41
16 43
17 45
11 48
12 49
13 50
25 53
22 54
24 55
27 59
28 60
29 61
33 63
34 65
31 66
10 70
7 71
5 73
0 76
2 77
4 78
20 79
38 83
40 84
50 88
44 89
46 92
41 93
47 95
45 96
43 97
48 98
147 104
145 105
149 108
151 109
148 110
140 114
144 115
143 116
142 117
136 118
108 126
106 127
104 129
102 130
99 133
97 134
82 140
74 142
76 144
81 145
77 148
79 149
73 151
71 152
91 157
92 158
86 160
93 162
84 163
89 164
88 165
94 167
96 168
100 169
119 170
129 173
130 174
116 179
114 180
117 181
121 182
127 184
125 186
112 189
109 191
111 192
123 193
132 194
137 196
138 197
0 1
1 2
2 3
2 4
1 5
5 6
6 7
6 8
8 9
9 10
9 11
8 12
12 13
13 14
13 15
15 16
15 17
17 18
18 19
18 20
17 21
21 22
21 23
12 24
24 25
25 26
26 27
26 28
25 29
29 30
29 31
31 32
31 33
24 34
34 35
35 36
36 37
37 38
38 39
39 40
39 41
38 42
42 43
42 44
44 45
44 46
46 47
47 48
47 49
46 50
37 51
51 52
52 53
52 54
51 55
36 56
56 57
57 58
58 59
58 60
57 61
56 62
62 63
62 64
64 65
64 66
35 67
67 68
68 69
69 70
69 71
68 72
72 73
72 74
74 75
75 76
75 77
74 78
67 79
34 80
80 81
81 82
82 83
82 84
81 85
85 86
86 87
87 88
87 89
86 90
90 91
91 92
91 93
90 94
94 95
94 96
85 97
80 98
5 99
99 100
100 101
101 102
102 103
103 104
103 105
102 106
106 107
107 108
107 109
106 110
101 111
111 112
112 113
113 114
113 115
112 116
111 117
100 118
99 119
119 120
120 121
121 122
122 123
123 124
124 125
125 126
125 127
124 128
128 129
128 130
123 131
131 132
132 133
132 134
131 135
135 136
136 137
137 138
138 139
139 140
139 141
141 142
141 143
143 144
143 145
138 146
146 147
147 148
147 149
146 150
150 151
150 152
137 153
153 154
154 155
155 156
156 157
156 158
155 159
159 160
159 161
161 162
161 163
154 164
153 165
136 166
166 167
166 168
135 169
122 170
121 171
171 172
172 173
172 174
171 175
175 176
176 177
177 178
178 179
178 180
177 181
176 182
175 183
183 184
183 185
185 186
185 187
187 188
188 189
188 190
190 191
190 192
187 193
120 194
119 195
195 196
195 197
