99
197
0
45 20
47 23
50 25
44 26
46 28
41 29
40 31
38 32
43 34
48 36
20 39
10 42
7 43
5 45
4 47
2 49
0 50
24 54
25 56
22 57
16 61
12 64
13 66
11 67
17 68
18 69
14 70
29 73
28 75
27 76
34 79
31 80
33 81
53 82
52 84
37 86
35 87
55 88
58 89
66 90
64 93
61 95
59 96
63 97
69 99
67 100
134 101
119 110
108 112
106 114
104 117
100 120
96 123
94 124
93 130
92 132
86 133
89 135
88 136
91 137
84 138
82 141
81 144
76 145
74 146
79 148
77 150
73 152
71 153
99 155
97 156
102 157
127 158
125 159
123 161
112 163
111 165
109 166
121 168
117 170
116 172
114 173
129 174
130 175
132 176
143 177
136 178
138 180
137 181
142 182
144 184
140 185
147 189
151 191
145 192
149 193
148 194
154 196
152 197
0 1
1 2
2 3
3 4
4 5
5 6
6 7
7 8
8 9
9 10
10 11
11 12
12 13
13 14
14 15
15 16
16 17
17 18
18 19
19 20
19 21
21 22
22 23
22 24
24 25
24 26
21 27
27 28
27 29
18 30
30 31
30 32
17 33
33 34
33 35
35 36
35 37
37 38
38 39
38 40
40 41
41 42
41 43
40 44
44 45
44 46
46 47
46 48
48 49
48 50
37 51
51 52
52 53
53 54
53 55
55 56
55 57
52 58
58 59
59 60
60 61
60 62
62 63
63 64
63 65
65 66
65 67
62 68
59 69
58 70
51 71
71 72
72 73
72 74
74 75
74 76
71 77
77 78
78 79
78 80
77 81
16 82
15 83
83 84
83 85
85 86
85 87
14 88
13 89
12 90
11 91
91 92
92 93
92 94
94 95
94 96
91 97
10 98
98 99
98 100
9 101
8 102
102 103
103 104
104 105
105 106
106 107
107 108
108 109
109 110
109 111
111 112
111 113
113 114
113 115
115 116
116 117
116 118
118 119
119 120
119 121
121 122
122 123
122 124
121 125
125 126
126 127
127 128
128 129
129 130
129 131
131 132
131 133
128 134
134 135
134 136
127 137
126 138
125 139
139 140
140 141
140 142
142 143
143 144
143 145
142 146
139 147
147 148
147 149
149 150
149 151
151 152
151 153
118 154
154 155
154 156
115 157
108 158
107 159
106 160
160 161
160 162
162 163
162 164
164 165
164 166
105 167
167 168
167 169
169 170
169 171
171 172
171 173
104 174
103 175
102 176
7 177
6 178
5 179
179 180
179 181
4 182
3 183
183 184
183 185
2 186
186 187
187 188
188 189
188 190
190 191
190 192
187 193
186 194
1 195
195 196
195 197
