99
156
156
132 40
130 142
137 71
136 99
134 93
138 50
24 112
25 73
27 35
20 143
22 137
28 116
29 97
0 16
4 37
119 52
121 154
123 11
125 96
127 69
129 55
59 47
58 86
55 89
50 114
53 45
52 88
114 127
88 77
116 147
111 18
112 91
82 111
81 148
86 4
84 149
7 12
108 41
109 104
102 117
100 61
106 84
104 0
38 13
33 119
31 151
37 82
35 108
34 31
61 140
63 130
64 66
66 46
67 121
69 102
2 29
99 38
91 138
93 64
92 94
94 79
97 34
96 5
11 81
10 59
13 58
12 129
14 152
17 74
16 76
18 144
117 106
89 27
151 33
152 136
154 25
48 28
46 24
47 53
44 125
45 109
43 134
40 10
41 44
5 100
147 63
144 145
145 17
142 92
143 22
140 2
148 43
149 67
77 48
76 132
74 123
73 14
71 20
79 7
138 133
133 132
133 131
131 130
138 137
135 136
139 135
135 134
141 139
139 138
23 24
26 25
32 26
28 27
21 20
32 21
23 22
26 23
30 28
30 29
1 0
3 4
9 8
120 119
133 120
122 121
126 122
124 123
126 124
126 125
128 126
126 127
131 128
128 129
122 118
60 59
57 58
56 55
56 54
62 57
57 56
56 51
49 50
54 53
51 52
118 115
115 114
87 88
90 89
110 111
113 110
124 113
113 112
83 82
87 83
83 80
80 81
85 86
95 87
85 84
90 85
6 3
8 7
107 108
110 109
103 102
107 103
101 100
105 101
107 106
120 107
103 104
107 105
42 39
39 38
32 33
49 32
32 31
32 30
36 37
51 36
36 35
32 34
62 60
60 61
65 62
62 63
65 64
70 65
65 66
68 67
70 68
68 69
1 2
8 6
98 99
105 98
90 91
95 90
90 93
90 92
101 95
95 94
98 97
95 96
12 11
9 10
12 13
19 12
19 15
15 14
15 17
15 16
23 19
19 18
118 117
115 116
150 151
155 150
155 153
153 152
156 155
153 154
42 48
54 49
42 46
42 47
42 44
42 45
49 42
42 43
39 40
42 41
3 1
6 5
21 9
150 146
146 147
141 144
146 145
141 142
141 143
141 140
146 141
146 148
146 149
78 77
75 76
80 75
75 74
72 73
78 72
72 71
135 70
78 79
95 78
