99
156
156
132 35
130 134
137 97
136 27
134 63
138 44
24 7
25 116
27 143
20 136
22 119
28 48
29 81
0 144
4 93
119 125
121 16
123 25
125 31
127 129
129 104
59 130
58 20
55 38
50 127
53 77
52 82
114 99
88 137
116 11
111 151
112 47
82 14
81 148
86 64
84 152
7 5
108 149
109 46
102 102
100 66
106 43
104 123
38 145
33 89
31 76
37 147
35 29
34 24
61 121
63 34
64 28
66 4
67 22
69 12
2 61
99 33
91 132
93 52
92 0
94 17
97 58
96 71
11 18
10 109
13 53
12 91
14 50
17 69
16 79
18 55
117 59
89 114
151 67
152 45
154 117
48 13
46 108
47 88
44 112
45 96
43 2
40 154
41 142
5 140
147 111
144 94
145 86
142 10
143 37
140 41
148 84
149 100
77 73
76 106
74 92
73 40
71 74
79 138
138 133
133 132
133 131
131 130
138 137
135 136
139 135
135 134
141 139
139 138
23 24
26 25
32 26
28 27
21 20
32 21
23 22
26 23
30 28
30 29
1 0
3 4
9 8
120 119
133 120
122 121
126 122
124 123
126 124
126 125
128 126
126 127
131 128
128 129
122 118
60 59
57 58
56 55
56 54
62 57
57 56
56 51
49 50
54 53
51 52
118 115
115 114
87 88
90 89
110 111
113 110
124 113
113 112
83 82
87 83
83 80
80 81
85 86
95 87
85 84
90 85
6 3
8 7
107 108
110 109
103 102
107 103
101 100
105 101
107 106
120 107
103 104
107 105
42 39
39 38
32 33
49 32
32 31
32 30
36 37
51 36
36 35
32 34
62 60
60 61
65 62
62 63
65 64
70 65
65 66
68 67
70 68
68 69
1 2
8 6
98 99
105 98
90 91
95 90
90 93
90 92
101 95
95 94
98 97
95 96
12 11
9 10
12 13
19 12
19 15
15 14
15 17
15 16
23 19
19 18
118 117
115 116
150 151
155 150
155 153
153 152
156 155
153 154
42 48
54 49
42 46
42 47
42 44
42 45
49 42
42 43
39 40
42 41
3 1
6 5
21 9
150 146
146 147
141 144
146 145
141 142
141 143
141 140
146 141
146 148
146 149
78 77
75 76
80 75
75 74
72 73
78 72
72 71
135 70
78 79
95 78
