99
156
156
132 119
130 132
137 52
136 43
134 129
138 112
24 91
25 79
27 7
20 33
22 138
28 64
29 130
0 59
4 67
119 121
121 28
123 86
125 16
127 61
129 50
59 96
58 37
55 145
50 69
53 41
52 29
114 12
88 48
116 55
111 109
112 46
82 53
81 102
86 20
84 17
7 40
108 106
109 45
102 134
100 142
106 151
104 144
38 66
33 100
31 92
37 84
35 127
34 25
61 77
63 147
64 44
66 74
67 11
69 104
2 81
99 111
91 27
93 154
92 63
94 117
97 123
96 94
11 5
10 148
13 89
12 10
14 18
17 88
16 35
18 31
117 152
89 93
151 143
152 140
154 2
48 136
46 73
47 0
44 13
45 97
43 14
40 76
41 149
5 38
147 22
144 114
145 125
142 82
143 58
140 4
148 34
149 137
77 116
76 24
74 47
73 71
71 99
79 108
138 133
133 132
133 131
131 130
138 137
135 136
139 135
135 134
141 139
139 138
23 24
26 25
32 26
28 27
21 20
32 21
23 22
26 23
30 28
30 29
1 0
3 4
9 8
120 119
133 120
122 121
126 122
124 123
126 124
126 125
128 126
126 127
131 128
128 129
122 118
60 59
57 58
56 55
56 54
62 57
57 56
56 51
49 50
54 53
51 52
118 115
115 114
87 88
90 89
110 111
113 110
124 113
113 112
83 82
87 83
83 80
80 81
85 86
95 87
85 84
90 85
6 3
8 7
107 108
110 109
103 102
107 103
101 100
105 101
107 106
120 107
103 104
107 105
42 39
39 38
32 33
49 32
32 31
32 30
36 37
51 36
36 35
32 34
62 60
60 61
65 62
62 63
65 64
70 65
65 66
68 67
70 68
68 69
1 2
8 6
98 99
105 98
90 91
95 90
90 93
90 92
101 95
95 94
98 97
95 96
12 11
9 10
12 13
19 12
19 15
15 14
15 17
15 16
23 19
19 18
118 117
115 116
150 151
155 150
155 153
153 152
156 155
153 154
42 48
54 49
42 46
42 47
42 44
42 45
49 42
42 43
39 40
42 41
3 1
6 5
21 9
150 146
146 147
141 144
146 145
141 142
141 143
141 140
146 141
146 148
146 149
78 77
75 76
80 75
75 74
72 73
78 72
72 71
135 70
78 79
95 78
