99
168
0
154 3
152 4
151 6
149 8
147 11
145 12
148 14
144 17
140 18
143 21
142 22
138 24
137 27
132 29
130 31
129 33
121 36
117 38
114 40
116 41
125 44
127 46
119 48
102 50
106 52
108 54
104 56
99 59
97 60
96 64
94 65
79 69
74 72
82 73
76 75
81 76
77 78
73 80
71 81
91 85
86 88
88 90
84 91
93 92
89 93
92 94
100 95
111 99
109 100
112 101
123 102
136 104
134 106
67 109
69 110
64 112
59 115
61 116
63 118
66 120
58 122
55 124
35 128
37 129
52 130
53 132
40 136
38 137
41 141
46 142
50 144
47 146
44 147
45 148
43 150
48 152
14 158
18 160
17 162
16 164
13 166
11 168
12 165
24 170
25 172
22 173
31 177
33 178
34 179
29 181
27 183
28 182
20 186
10 188
7 190
5 192
4 194
2 196
0 197
0 1
1 2
2 3
2 4
1 5
5 6
5 7
7 8
7 9
9 10
10 11
10 12
9 14
9 15
15 16
16 17
16 18
15 21
15 22
15 23
23 24
24 26
26 27
26 28
28 29
28 30
30 31
30 32
32 33
32 34
34 35
35 36
35 37
37 38
37 39
39 40
39 41
34 43
43 44
43 46
43 47
47 48
47 49
49 50
49 52
49 54
49 55
55 56
55 57
57 58
58 59
58 60
57 61
61 62
62 64
62 65
62 66
66 67
67 68
68 69
68 70
70 71
71 72
71 73
70 74
74 75
74 76
67 78
67 79
79 80
79 81
66 82
82 85
82 86
86 88
86 90
86 91
86 92
82 93
82 94
61 95
34 96
96 97
97 98
98 99
98 100
97 101
96 102
23 103
103 104
103 105
105 106
105 107
107 108
108 109
108 110
107 111
111 112
111 114
114 115
114 116
111 118
111 119
119 120
119 121
121 122
121 123
123 124
123 126
126 127
127 128
127 129
126 130
123 131
131 132
131 133
133 135
135 136
135 137
133 138
138 141
138 142
138 144
138 145
145 146
145 147
138 148
133 149
149 150
149 151
151 152
151 153
153 154
154 155
155 157
157 158
157 159
159 160
159 161
161 162
161 164
161 165
165 166
165 168
155 170
155 171
171 172
171 173
154 174
174 177
174 178
174 179
174 180
180 181
180 182
182 183
153 185
185 186
185 187
187 188
187 190
187 191
191 192
191 193
193 194
193 195
195 196
195 197
