99
140
140
133 133
132 132
130 130
137 137
136 136
134 134
139 139
26 26
21 21
22 22
23 23
28 28
0 0
8 8
120 120
121 121
122 122
125 125
126 126
127 127
128 128
129 129
59 59
58 58
55 55
54 54
57 57
51 51
50 50
53 53
115 115
114 114
117 117
111 111
112 112
82 82
80 80
81 81
86 86
118 118
84 84
85 85
3 3
108 108
109 109
102 102
100 100
106 106
107 107
104 104
105 105
39 39
38 38
33 33
32 32
30 30
37 37
36 36
35 35
34 34
60 60
61 61
62 62
64 64
66 66
67 67
68 68
69 69
2 2
6 6
99 99
91 91
90 90
93 93
94 94
96 96
11 11
13 13
15 15
17 17
16 16
19 19
88 88
48 48
46 46
47 47
44 44
42 42
43 43
40 40
41 41
5 5
9 9
76 76
75 75
73 73
72 72
71 71
78 78
135 133
133 132
135 131
131 130
135 137
135 136
138 135
133 134
138 139
140 138
25 24
27 25
27 26
29 27
24 20
20 21
20 22
24 23
29 28
31 29
1 0
10 4
7 8
124 119
119 120
119 121
119 122
124 123
131 124
126 125
135 126
126 127
126 128
126 129
119 118
56 59
56 58
56 55
52 54
56 57
63 56
52 51
49 50
52 53
56 52
116 115
113 114
89 88
97 89
110 111
116 110
123 113
113 112
83 82
87 83
79 80
79 81
87 86
95 87
83 84
83 85
4 3
12 7
103 108
103 109
103 102
110 103
101 100
103 101
103 106
103 107
103 104
103 105
36 39
36 38
31 33
31 32
40 31
31 30
36 37
45 36
36 35
31 34
56 60
56 61
63 62
126 63
65 64
68 65
65 66
68 67
70 68
68 69
1 2
7 6
98 99
101 98
92 91
89 90
92 93
98 92
97 95
95 94
101 97
95 96
10 11
12 10
14 13
14 12
14 15
17 14
18 17
14 16
20 19
25 18
116 117
123 116
49 48
56 49
49 46
46 47
45 44
56 45
43 42
49 43
49 40
40 41
18 1
4 5
10 9
79 77
77 76
74 75
83 74
74 73
70 72
70 71
77 70
83 79
79 78
