192
383
0
172 12
171 13
169 15
46 42
52 46
48 47
23 52
22 53
20 54
21 55
18 56
47 59
14 60
17 63
6 65
4 66
12 68
3 70
2 71
44 78
40 79
38 80
43 85
41 86
35 87
39 89
37 92
34 93
36 94
33 100
30 102
28 103
31 105
29 106
32 107
24 108
26 109
27 110
53 111
49 113
42 114
56 118
45 119
54 120
55 123
15 124
50 125
51 127
1 129
0 130
11 133
10 134
9 135
7 136
57 137
60 138
66 139
65 141
61 142
63 143
68 144
70 145
75 149
76 150
97 151
73 152
72 155
71 156
86 158
84 160
79 162
80 163
81 164
105 168
94 171
83 172
87 173
77 174
104 178
102 179
95 180
98 187
93 188
88 189
96 190
92 191
91 192
90 193
103 194
108 196
106 197
153 199
100 201
99 202
145 204
143 207
141 208
139 211
122 215
120 216
129 217
132 218
128 225
125 226
124 230
117 231
119 232
113 234
112 237
109 238
111 239
116 241
114 242
127 243
135 245
133 246
137 247
156 248
148 254
151 256
146 257
152 258
157 260
150 261
149 262
154 263
158 264
160 266
161 267
164 269
163 270
175 271
177 272
190 273
224 277
222 278
230 279
229 280
235 281
231 285
210 289
208 290
204 292
202 293
207 295
205 296
221 299
187 304
184 306
182 307
185 308
174 310
173 311
197 315
199 319
194 320
196 322
193 323
195 324
214 326
198 327
201 328
168 333
167 334
165 335
181 338
180 341
179 342
178 343
189 345
188 346
219 348
217 352
218 354
211 355
213 356
216 357
237 360
227 362
225 363
244 365
242 366
250 371
246 372
248 373
249 374
245 375
256 377
253 380
251 381
254 382
257 383
0 1
1 2
2 3
3 4
4 5
5 6
6 7
7 8
8 9
9 10
10 11
11 12
11 13
10 14
14 15
14 16
16 17
17 18
18 19
19 20
20 21
21 22
22 23
23 24
24 25
25 26
26 27
27 28
28 29
29 30
30 31
31 32
32 33
33 34
34 35
35 36
36 37
37 38
38 39
39 40
40 41
41 42
41 43
43 44
44 45
45 46
45 47
44 48
48 49
49 50
50 51
51 52
51 53
50 54
49 55
48 56
43 57
57 58
58 59
58 60
57 61
61 62
62 63
62 64
64 65
64 66
61 67
67 68
67 69
69 70
69 71
40 72
72 73
73 74
74 75
75 76
76 77
77 78
77 79
76 80
75 81
81 82
82 83
83 84
84 85
84 86
83 87
82 88
88 89
88 90
90 91
91 92
91 93
90 94
81 95
95 96
96 97
97 98
98 99
99 100
99 101
101 102
101 103
98 104
104 105
104 106
97 107
96 108
95 109
74 110
73 111
72 112
112 113
112 114
39 115
115 116
116 117
117 118
117 119
116 120
115 121
121 122
122 123
122 124
121 125
38 126
126 127
126 128
128 129
128 130
37 131
131 132
132 133
132 134
131 135
36 136
35 137
34 138
33 139
32 140
140 141
140 142
31 143
30 144
29 145
28 146
146 147
147 148
148 149
148 150
147 151
146 152
27 153
153 154
154 155
154 156
153 157
157 158
157 159
159 160
159 161
161 162
161 163
26 164
25 165
165 166
166 167
167 168
167 169
169 170
170 171
170 172
169 173
166 174
165 175
175 176
176 177
177 178
177 179
176 180
175 181
181 182
182 183
183 184
184 185
185 186
186 187
186 188
185 189
184 190
183 191
182 192
181 193
24 194
23 195
195 196
195 197
22 198
198 199
198 200
200 201
200 202
21 203
203 204
203 205
205 206
206 207
206 208
205 209
209 210
210 211
210 212
212 213
213 214
214 215
214 216
213 217
212 218
209 219
219 220
220 221
221 222
222 223
223 224
224 225
224 226
223 227
227 228
228 229
229 230
229 231
228 232
227 233
233 234
233 235
235 236
236 237
236 238
235 239
222 240
240 241
240 242
221 243
220 244
244 245
244 246
219 247
20 248
19 249
249 250
250 251
251 252
252 253
253 254
253 255
255 256
255 257
252 258
251 259
259 260
259 261
250 262
249 263
18 264
17 265
265 266
265 267
16 268
268 269
268 270
9 271
8 272
7 273
6 274
274 275
275 276
276 277
276 278
275 279
274 280
5 281
4 282
282 283
283 284
284 285
284 286
286 287
287 288
288 289
288 290
287 291
291 292
291 293
286 294
294 295
294 296
283 297
297 298
298 299
298 300
300 301
301 302
302 303
303 304
303 305
305 306
305 307
302 308
301 309
309 310
309 311
300 312
312 313
313 314
314 315
314 316
316 317
317 318
318 319
318 320
317 321
321 322
321 323
316 324
313 325
325 326
325 327
312 328
297 329
329 330
330 331
331 332
332 333
332 334
331 335
330 336
336 337
337 338
337 339
339 340
340 341
340 342
339 343
336 344
344 345
344 346
329 347
347 348
347 349
349 350
350 351
351 352
351 353
353 354
353 355
350 356
349 357
282 358
358 359
359 360
359 361
361 362
361 363
358 364
364 365
364 366
3 367
367 368
368 369
369 370
370 371
370 372
369 373
368 374
367 375
2 376
376 377
376 378
378 379
379 380
379 381
378 382
1 383
