192
260
260
216 20
217 161
214 37
224 135
213 68
210 95
211 96
218 2
219 35
133 152
132 214
137 112
135 54
165 172
139 48
225 153
24 164
26 180
27 117
20 129
21 219
22 6
23 104
160 97
28 12
29 1
161 137
0 46
4 77
163 43
119 253
120 26
122 27
124 91
125 50
127 218
128 7
129 246
55 11
54 257
57 34
56 158
51 71
50 60
53 70
52 65
164 53
201 76
199 33
179 179
195 225
194 132
197 198
196 52
190 210
193 174
227 201
114 15
88 73
116 244
111 45
113 88
112 75
83 156
80 120
81 108
86 171
87 57
84 165
204 10
251 193
256 169
257 61
3 175
177 256
254 36
7 237
245 143
244 205
108 94
109 124
242 250
102 141
103 229
100 44
106 163
248 178
104 222
105 204
39 14
38 145
33 84
32 235
31 167
30 103
37 207
36 93
35 245
34 213
246 81
60 79
61 230
63 194
65 113
66 149
178 151
68 133
253 63
175 111
174 18
173 116
172 224
171 177
198 125
222 83
181 28
182 98
180 254
2 173
167 197
187 195
184 55
6 42
188 39
189 242
202 23
221 211
185 31
99 199
98 182
168 168
169 127
229 188
91 66
90 0
93 32
92 49
95 17
94 128
97 231
96 9
11 216
10 86
12 38
15 105
14 40
17 109
18 184
117 47
250 4
151 21
150 154
153 99
152 3
154 150
157 106
156 102
158 122
235 249
237 187
230 41
231 157
48 30
49 189
46 146
47 202
44 119
45 51
42 100
43 139
40 196
41 181
1 87
9 185
146 221
145 29
205 56
143 160
207 22
141 227
208 217
148 148
149 208
77 92
76 90
75 248
73 80
72 251
71 114
70 72
79 24
249 190
217 216
233 217
215 214
220 215
217 212
212 213
209 210
212 211
166 165
217 218
217 219
134 133
131 132
138 131
131 130
136 137
140 136
134 135
136 134
138 139
140 138
192 166
25 24
35 25
25 26
25 27
19 20
19 21
19 22
19 23
159 160
25 28
25 29
159 161
1 0
5 4
46 8
164 163
118 119
259 258
121 120
130 121
121 122
126 123
123 124
126 125
136 126
126 127
126 128
130 129
223 224
123 118
62 59
59 58
46 55
46 54
58 57
46 56
46 51
46 50
46 53
46 52
260 259
170 164
200 201
193 199
178 179
215 200
193 195
193 194
193 197
192 178
234 191
191 190
215 193
233 192
126 115
115 114
89 88
101 89
110 111
118 110
110 113
110 112
89 82
82 83
79 80
82 81
85 86
85 87
85 84
89 85
252 251
193 198
255 256
232 206
241 226
258 257
2 3
176 177
255 254
8 7
258 247
259 255
226 225
247 245
243 244
107 108
110 109
243 241
241 240
245 243
243 242
101 102
101 103
153 100
107 101
107 106
153 107
101 104
101 105
35 39
35 38
25 33
25 32
25 31
25 30
35 37
35 36
46 35
35 34
247 246
170 162
259 252
206 205
228 223
191 176
59 60
62 61
67 62
64 63
67 64
64 65
67 66
69 67
69 68
89 69
176 175
173 174
200 173
170 172
170 171
176 170
232 203
223 222
178 181
252 253
247 248
183 182
186 183
178 180
13 2
166 167
186 187
183 184
5 6
236 220
215 186
189 188
192 189
203 202
193 196
220 221
183 185
100 99
89 98
166 168
170 169
228 229
234 228
89 91
89 90
89 93
89 92
89 95
89 94
89 97
89 96
8 11
8 10
46 13
13 12
16 15
13 14
16 17
46 16
46 19
19 18
118 117
247 250
115 116
203 204
147 151
147 150
155 153
147 152
162 155
155 154
155 157
155 156
162 159
159 158
238 234
239 238
240 239
206 207
234 235
240 236
238 237
228 230
232 231
239 232
236 233
46 48
46 49
58 46
46 47
35 44
46 45
35 42
35 43
35 40
35 41
46 1
13 5
8 9
147 146
155 147
155 144
144 145
144 142
142 143
142 140
142 141
232 209
209 208
147 148
147 149
78 77
74 76
74 75
78 74
74 73
71 72
79 71
69 70
85 79
89 78
247 249
226 227
