192
260
260
216 207
217 73
214 217
224 222
213 92
210 15
211 109
218 0
219 132
133 117
132 174
137 224
135 86
165 60
139 46
225 43
24 102
26 225
27 248
20 48
21 47
22 154
23 95
160 52
28 88
29 32
161 79
0 17
4 187
163 75
119 137
120 31
122 20
124 218
125 230
127 163
128 21
129 55
55 184
54 160
57 24
56 93
51 96
50 208
53 148
52 36
164 171
201 90
199 6
179 214
195 151
194 156
197 146
196 133
190 40
193 125
227 158
114 3
88 139
116 18
111 54
113 12
112 22
83 124
80 120
81 33
86 91
87 10
84 211
204 179
251 141
256 237
257 49
3 205
177 84
254 41
7 253
245 113
244 97
108 99
109 39
242 164
102 180
103 149
100 106
106 165
248 4
104 45
105 143
39 150
38 23
33 175
32 167
31 201
30 61
37 198
36 199
35 172
34 169
246 210
60 256
61 57
63 14
65 51
66 71
178 65
68 177
253 193
175 116
174 26
173 182
172 77
171 135
198 112
222 197
181 50
182 27
180 100
2 103
167 152
187 53
184 104
6 72
188 251
189 161
202 83
221 188
185 216
99 245
98 66
168 38
169 114
229 9
91 196
90 28
93 30
92 81
95 42
94 129
97 250
96 194
11 11
10 98
12 178
15 157
14 1
17 34
18 173
117 229
250 185
151 111
150 2
153 242
152 56
154 119
157 29
156 44
158 37
235 108
237 235
230 202
231 7
48 94
49 105
46 68
47 204
44 168
45 221
42 244
43 76
40 213
41 190
1 127
9 249
146 227
145 80
205 195
143 219
207 63
141 70
208 153
148 189
149 181
77 128
76 231
75 35
73 254
72 246
71 87
70 145
79 122
249 257
217 216
233 217
215 214
220 215
217 212
212 213
209 210
212 211
166 165
217 218
217 219
134 133
131 132
138 131
131 130
136 137
140 136
134 135
136 134
138 139
140 138
192 166
25 24
35 25
25 26
25 27
19 20
19 21
19 22
19 23
159 160
25 28
25 29
159 161
1 0
5 4
46 8
164 163
118 119
259 258
121 120
130 121
121 122
126 123
123 124
126 125
136 126
126 127
126 128
130 129
223 224
123 118
62 59
59 58
46 55
46 54
58 57
46 56
46 51
46 50
46 53
46 52
260 259
170 164
200 201
193 199
178 179
215 200
193 195
193 194
193 197
192 178
234 191
191 190
215 193
233 192
126 115
115 114
89 88
101 89
110 111
118 110
110 113
110 112
89 82
82 83
79 80
82 81
85 86
85 87
85 84
89 85
252 251
193 198
255 256
232 206
241 226
258 257
2 3
176 177
255 254
8 7
258 247
259 255
226 225
247 245
243 244
107 108
110 109
243 241
241 240
245 243
243 242
101 102
101 103
153 100
107 101
107 106
153 107
101 104
101 105
35 39
35 38
25 33
25 32
25 31
25 30
35 37
35 36
46 35
35 34
247 246
170 162
259 252
206 205
228 223
191 176
59 60
62 61
67 62
64 63
67 64
64 65
67 66
69 67
69 68
89 69
176 175
173 174
200 173
170 172
170 171
176 170
232 203
223 222
178 181
252 253
247 248
183 182
186 183
178 180
13 2
166 167
186 187
183 184
5 6
236 220
215 186
189 188
192 189
203 202
193 196
220 221
183 185
100 99
89 98
166 168
170 169
228 229
234 228
89 91
89 90
89 93
89 92
89 95
89 94
89 97
89 96
8 11
8 10
46 13
13 12
16 15
13 14
16 17
46 16
46 19
19 18
118 117
247 250
115 116
203 204
147 151
147 150
155 153
147 152
162 155
155 154
155 157
155 156
162 159
159 158
238 234
239 238
240 239
206 207
234 235
240 236
238 237
228 230
232 231
239 232
236 233
46 48
46 49
58 46
46 47
35 44
46 45
35 42
35 43
35 40
35 41
46 1
13 5
8 9
147 146
155 147
155 144
144 145
144 142
142 143
142 140
142 141
232 209
209 208
147 148
147 149
78 77
74 76
74 75
78 74
74 73
71 72
79 71
69 70
85 79
89 78
247 249
226 227
