192
280
0
254 4
256 5
251 7
253 8
257 9
246 14
250 16
248 18
249 19
245 20
225 23
227 24
244 27
242 28
221 32
201 36
173 37
174 39
185 41
187 43
182 45
184 46
197 49
199 51
194 52
195 55
198 58
214 59
196 60
193 47
213 64
211 67
218 68
217 63
219 72
216 73
180 78
179 79
178 75
165 83
168 85
167 86
188 88
189 87
181 74
237 92
231 95
207 99
205 100
202 102
204 103
208 105
210 106
235 108
230 111
222 114
224 115
229 116
190 118
177 120
175 122
171 125
172 126
164 128
163 130
169 133
161 135
160 136
158 138
150 142
157 143
149 145
148 147
152 149
151 151
146 152
154 155
156 156
145 159
143 161
141 163
139 165
132 167
120 171
122 172
137 175
135 177
133 178
114 181
116 182
127 186
125 187
124 189
117 191
119 193
112 196
111 198
109 199
113 200
128 201
129 202
99 205
100 204
153 203
106 210
108 212
104 216
102 217
105 219
103 220
81 223
88 224
90 228
91 229
96 231
95 232
92 235
98 236
93 238
86 240
87 243
83 244
77 247
94 248
84 252
80 253
79 249
71 257
72 258
97 261
76 263
75 264
73 266
70 268
68 270
63 273
65 274
61 277
66 278
60 280
57 282
11 284
9 286
10 288
36 291
15 293
55 294
54 296
52 300
50 302
45 304
53 305
48 307
49 308
42 310
29 317
24 320
31 321
30 325
28 324
33 327
27 330
26 331
32 332
40 334
44 335
35 312
39 338
43 340
41 339
38 342
46 289
56 347
12 349
6 352
4 353
17 355
2 356
3 358
18 361
21 364
22 365
20 367
23 368
51 372
7 373
14 376
47 377
37 379
34 380
1 381
0 383
0 1
1 2
2 3
3 4
3 5
2 6
6 7
6 8
1 9
9 11
11 12
12 13
13 14
13 16
13 18
13 19
12 20
11 21
21 22
22 23
22 24
21 25
25 26
26 27
26 28
25 30
30 31
31 32
31 33
33 35
35 36
35 37
37 39
33 40
40 41
40 42
42 43
42 45
42 46
33 47
47 48
48 49
48 51
48 52
47 55
55 57
57 58
57 59
47 60
30 62
62 63
63 64
63 66
66 67
66 68
63 72
63 73
62 74
74 75
75 78
75 79
75 81
81 82
82 83
82 85
82 86
81 87
87 88
25 91
91 92
91 94
94 95
94 98
98 99
98 100
94 101
101 102
101 103
94 104
104 105
104 106
91 107
107 108
107 109
109 110
110 111
110 113
113 114
113 115
110 116
109 117
117 118
117 119
119 120
119 121
121 122
121 123
123 125
123 126
123 127
127 128
128 130
127 132
132 133
132 134
134 135
134 136
127 137
137 138
137 139
139 140
140 141
141 142
141 143
140 145
140 146
146 147
146 149
146 150
150 151
150 152
139 155
139 156
139 158
158 159
158 160
160 161
160 163
160 164
164 165
164 166
166 167
166 168
168 169
169 170
170 171
170 172
169 173
173 174
174 175
174 176
176 177
176 178
173 179
179 180
180 181
180 182
179 184
184 185
185 186
185 187
184 188
188 189
188 191
188 193
188 194
194 195
195 196
195 198
195 199
194 200
179 201
168 202
139 203
203 204
204 205
203 209
209 210
209 212
209 213
213 216
213 217
213 219
213 220
213 221
221 223
221 224
221 228
221 229
221 231
221 232
221 235
221 236
221 238
221 239
239 240
239 243
239 244
239 247
239 248
239 249
249 252
249 253
249 256
256 257
256 258
249 259
259 261
259 262
262 263
262 264
259 266
259 267
267 268
267 269
269 270
269 271
271 272
272 273
272 274
271 277
271 278
271 279
279 280
279 281
281 282
281 283
283 284
283 286
283 288
283 289
289 290
290 291
290 292
292 293
292 294
289 296
289 300
289 302
289 303
303 304
303 305
289 307
289 308
308 310
310 312
312 316
316 317
316 320
316 321
316 324
324 325
316 327
316 329
329 330
329 331
316 332
312 333
333 334
333 335
312 338
312 339
339 340
312 342
289 347
289 348
348 349
348 351
351 352
351 353
348 355
348 356
356 358
289 360
360 361
360 364
360 365
360 367
360 368
289 369
369 372
369 373
369 375
375 376
375 377
369 378
378 379
378 380
369 381
381 383
