100
167
0
148 2
145 5
143 6
147 9
136 11
134 12
142 15
140 17
138 18
127 21
131 23
133 24
130 26
129 27
132 28
104 30
101 31
99 32
103 33
102 34
126 36
124 37
122 39
119 42
116 44
114 46
110 48
111 50
108 51
107 53
105 54
118 56
88 58
83 60
85 61
98 63
82 65
78 67
80 68
81 70
69 72
67 73
71 74
70 75
95 77
75 78
92 80
62 83
64 84
86 86
93 87
94 89
90 92
96 93
77 95
74 97
72 99
60 101
61 102
58 103
53 105
55 106
65 108
57 110
50 112
52 113
48 115
46 118
47 120
44 121
42 123
38 125
41 126
40 127
20 130
18 131
34 133
35 134
29 136
27 137
26 139
24 141
32 143
36 144
31 146
21 148
23 149
15 151
3 153
8 154
7 155
6 156
5 157
17 159
11 161
12 162
13 163
9 164
2 166
0 167
0 1
1 2
1 3
3 4
4 5
4 6
3 7
7 8
8 9
8 10
10 11
10 12
7 13
13 14
14 15
14 16
16 17
16 18
13 19
19 20
20 21
20 22
22 23
22 24
22 25
25 26
25 27
25 28
22 29
29 30
29 31
29 32
29 33
29 34
19 35
35 36
35 37
35 38
38 39
38 40
40 41
41 42
41 43
43 44
43 45
45 46
45 47
47 48
47 49
49 50
49 51
49 52
52 53
52 54
40 55
55 56
55 57
57 58
57 59
59 60
59 61
55 62
62 63
62 64
64 65
64 66
66 67
66 68
66 69
69 70
69 71
71 72
71 73
71 74
71 75
55 76
76 77
76 78
76 79
79 80
79 81
81 82
82 83
82 84
81 85
85 86
85 87
76 88
88 89
88 90
90 91
91 92
91 93
90 94
94 95
94 96
96 97
96 98
98 99
98 100
100 101
100 102
100 103
100 104
104 105
104 106
55 107
107 108
107 109
109 110
109 111
111 112
111 113
111 114
114 115
114 116
116 117
117 118
117 119
119 120
119 121
116 122
122 123
122 124
124 125
124 126
124 127
124 128
128 129
129 130
129 131
128 132
132 133
132 134
132 135
135 136
135 137
132 138
138 139
138 140
140 141
140 142
142 143
142 144
132 145
145 146
145 147
147 148
147 149
147 150
150 151
150 152
152 153
152 154
152 155
152 156
152 157
147 158
158 159
158 160
160 161
160 162
160 163
160 164
160 165
165 166
165 167
