100
162
0
11 31
2 33
0 34
9 35
13 36
12 37
17 38
23 41
21 42
15 44
8 48
6 49
3 50
7 52
5 53
31 54
36 57
32 58
29 60
27 61
35 64
34 65
26 67
24 68
20 70
18 71
41 72
38 73
40 74
42 75
47 78
44 79
46 80
48 81
52 83
50 84
57 85
65 86
58 92
55 93
61 95
60 96
53 97
72 98
77 101
94 102
96 109
90 110
86 111
92 113
64 115
62 116
93 117
95 118
75 120
74 121
81 128
71 132
67 133
69 134
70 135
80 137
78 138
82 139
98 124
118 141
88 143
85 145
83 146
119 148
111 153
108 155
105 156
107 157
110 158
116 160
114 161
122 162
126 164
124 165
133 168
132 173
129 174
130 175
104 180
101 181
102 182
103 183
99 184
131 185
127 186
136 188
134 189
147 190
140 192
142 194
138 195
145 197
143 198
148 199
0 2
2 3
3 4
4 6
6 7
7 8
8 9
9 10
10 11
11 12
12 13
13 14
14 15
15 16
16 17
17 18
18 21
21 22
22 24
24 25
25 26
26 27
27 31
27 32
32 33
32 34
27 35
27 36
27 37
26 38
25 41
25 42
25 43
43 44
43 45
45 48
45 49
45 50
45 52
45 53
24 54
22 56
56 57
56 58
22 59
59 60
59 61
22 64
22 65
22 66
66 67
66 68
21 69
69 70
69 71
18 72
18 73
18 74
17 75
16 76
76 77
77 78
77 79
76 80
15 81
14 83
14 84
13 85
12 86
11 87
87 88
88 89
89 90
90 91
91 92
91 93
90 95
90 96
89 97
88 98
87 100
100 101
100 102
87 107
107 108
108 109
108 110
107 111
87 112
112 113
112 114
114 115
114 116
87 117
87 118
87 119
119 120
119 121
10 124
124 125
125 126
126 127
127 128
127 129
129 132
129 133
129 134
129 135
126 137
126 138
125 139
10 141
10 142
142 143
142 144
144 145
144 146
9 147
147 148
147 149
149 150
150 151
151 152
152 153
152 155
152 156
151 157
150 158
149 159
159 160
159 161
8 162
7 164
7 165
6 166
166 167
167 168
167 171
171 173
171 174
171 175
167 176
176 180
176 181
176 182
176 183
176 184
167 185
166 186
4 187
187 188
187 189
4 190
3 191
191 192
191 193
193 194
193 195
2 196
196 197
196 198
0 199
