100
160
1
98 4
81 8
82 9
119 13
138 27
148 28
111 35
58 41
15 54
5 56
31 57
47 63
48 65
0 75
2 76
3 77
6 78
7 79
8 80
9 81
11 82
12 83
13 84
17 85
18 86
20 87
21 88
23 89
24 90
26 91
27 92
29 93
32 94
34 95
35 96
36 97
38 98
40 99
41 100
42 101
44 102
46 103
50 104
52 105
53 106
55 107
57 108
60 109
61 110
62 111
64 112
65 113
67 114
69 115
70 116
71 117
72 118
74 119
75 120
77 121
78 122
80 123
83 124
85 125
86 126
88 127
90 128
92 129
93 130
94 131
95 132
96 133
99 134
101 135
102 136
103 137
104 138
105 139
107 140
108 141
110 142
114 143
116 144
118 145
122 146
124 147
126 148
127 149
129 150
130 151
131 152
132 153
133 154
134 155
136 156
140 157
142 158
143 159
145 160
147 161
1 2
2 3
2 4
4 5
5 6
6 7
5 8
5 9
2 10
10 11
11 12
10 13
10 14
14 15
15 16
15 17
2 18
18 19
19 20
20 21
20 22
22 23
23 24
24 25
24 26
26 27
26 28
23 29
29 30
30 31
29 32
22 33
19 34
34 35
18 36
36 37
36 38
36 39
39 40
39 41
2 42
42 43
42 44
44 45
45 46
46 47
46 48
48 49
49 50
49 51
48 52
52 53
53 54
53 55
55 56
52 57
52 58
58 59
48 60
46 61
45 62
62 63
44 64
44 65
44 66
2 67
67 68
67 69
69 70
69 71
71 72
69 73
73 74
58 75
59 76
55 77
55 78
55 79
55 80
59 81
59 82
59 83
59 84
58 85
66 86
48 87
52 88
52 89
50 90
48 91
48 92
60 93
51 94
48 95
48 96
49 97
46 98
46 99
46 100
61 101
62 102
47 103
44 104
64 105
36 106
37 107
43 108
38 109
40 110
68 111
68 112
42 113
6 114
6 115
7 116
6 117
71 118
71 119
67 120
70 121
5 122
5 123
3 124
3 125
67 126
3 127
74 128
67 129
67 130
67 131
67 132
73 133
30 134
30 135
30 136
30 137
31 138
34 139
12 140
34 141
34 142
11 143
11 144
2 145
14 146
15 147
16 148
32 149
29 150
29 151
29 152
29 153
29 154
21 155
21 156
25 157
17 158
26 159
26 160
33 161
