100
149
149
133 72
132 50
131 93
130 140
136 122
134 118
138 2
24 36
26 80
27 65
20 133
21 77
23 34
29 129
0 145
8 102
119 41
122 111
124 83
126 131
127 78
129 5
58 21
55 130
57 86
50 95
53 104
52 107
114 44
88 75
116 94
111 70
110 82
82 96
83 148
80 134
81 74
86 67
118 124
85 12
3 119
7 35
108 105
102 127
103 136
101 60
107 53
104 13
105 114
38 31
32 8
31 142
36 92
35 81
34 57
60 18
61 110
62 103
64 138
65 6
67 69
69 101
2 26
6 27
99 126
98 46
90 52
93 3
92 23
95 108
94 132
96 11
11 98
13 58
12 32
15 42
17 24
18 0
48 90
46 71
47 38
44 29
42 40
40 147
41 48
5 9
9 47
147 85
145 7
142 143
143 64
140 15
148 20
77 55
75 17
74 61
72 116
71 62
70 88
78 99
128 133
128 132
128 131
128 130
146 137
135 136
146 135
135 134
141 139
139 138
25 24
33 25
25 26
28 27
19 20
22 21
30 22
22 23
33 28
28 29
1 0
14 4
4 8
120 119
121 120
123 121
123 122
125 123
125 124
137 125
125 126
128 127
137 128
128 129
117 118
87 59
59 58
54 55
59 54
56 57
66 56
56 51
51 50
54 53
51 52
120 115
113 114
89 88
115 116
109 111
109 110
115 113
113 112
79 82
84 83
79 80
79 81
87 86
91 87
89 84
84 85
4 3
4 7
109 108
112 109
100 102
100 103
128 100
100 101
112 106
106 107
100 104
106 105
43 39
39 38
37 33
33 32
30 31
33 30
39 37
33 36
33 35
33 34
59 60
59 61
63 62
91 63
63 64
66 65
117 66
68 67
79 68
68 69
1 2
4 6
100 99
97 98
117 91
91 90
91 93
91 92
91 95
91 94
117 97
91 96
10 11
16 10
10 13
10 12
14 15
22 14
16 17
22 16
37 19
19 18
121 117
117 89
49 48
51 49
45 46
45 47
45 44
51 45
43 42
49 43
39 40
39 41
10 1
4 5
10 9
149 146
146 147
146 144
144 145
141 142
144 143
139 140
146 141
149 148
76 77
91 76
76 75
73 74
91 73
73 72
68 71
68 70
97 79
79 78
