100
160
0
148 2
145 5
143 6
138 10
142 11
140 12
147 14
136 17
134 18
127 21
101 24
99 27
102 28
104 30
103 31
131 34
132 36
129 38
130 39
133 40
126 42
124 44
122 46
110 51
111 53
105 56
107 57
108 58
116 60
114 61
119 62
88 66
85 68
83 69
82 73
78 75
80 77
67 80
69 83
70 84
71 85
81 86
98 71
118 88
92 93
95 94
75 97
77 100
96 102
90 103
72 106
60 108
58 111
55 113
53 114
61 115
74 116
64 119
62 120
86 122
93 123
94 124
65 126
57 128
50 130
52 132
48 134
46 137
44 139
47 140
42 142
38 145
40 146
41 148
18 151
20 152
26 154
34 156
24 160
32 162
36 163
29 165
27 166
35 168
31 170
15 173
5 177
7 178
3 180
6 181
8 182
23 184
21 186
17 188
9 190
12 193
13 194
11 196
2 198
0 199
0 2
0 3
3 4
4 5
4 6
3 7
7 8
8 9
9 10
9 11
8 12
7 13
13 14
13 15
15 16
16 17
16 18
15 19
19 20
20 21
20 22
22 23
23 24
23 27
23 28
23 30
23 31
22 34
22 35
35 36
35 38
35 39
22 40
19 41
41 42
41 44
41 45
45 46
45 47
47 48
48 49
49 50
50 51
50 52
52 53
52 55
55 56
55 57
52 58
49 59
59 60
59 61
48 62
47 63
63 65
65 66
65 67
67 68
67 69
63 71
71 72
72 73
72 74
74 75
74 77
74 78
78 79
79 80
79 83
79 84
79 85
78 86
63 88
63 89
89 90
90 93
90 94
90 97
90 98
98 100
98 101
101 102
101 103
98 104
104 105
105 106
105 107
107 108
107 111
107 112
112 113
112 114
107 115
104 116
90 117
117 118
118 119
118 120
117 122
117 123
90 124
89 125
125 126
125 127
127 128
127 129
129 130
129 132
129 133
133 134
133 135
135 136
136 137
136 138
138 139
138 140
135 141
141 142
141 143
143 145
143 146
143 148
143 149
149 150
150 151
150 152
149 153
153 154
153 156
153 159
159 160
159 162
159 163
153 164
164 165
164 166
153 168
153 169
169 170
169 171
171 172
172 173
172 174
174 177
174 178
174 180
174 181
174 182
171 184
171 186
171 187
187 188
187 189
189 190
189 193
189 194
189 196
189 197
197 198
197 199
