50
77
77
50 35
60 0
62 34
63 22
53 23
66 32
68 47
52 66
24 53
25 75
26 25
27 63
20 3
21 60
22 26
23 62
47 17
44 27
28 28
43 72
41 12
0 31
3 70
2 9
5 43
7 21
9 55
8 48
75 41
38 38
73 15
72 36
70 8
58 7
10 52
39 14
12 10
15 37
14 39
17 5
55 58
32 57
31 73
37 65
36 68
35 2
34 44
48 50
57 24
65 20
61 56
56 54
45 42
49 48
42 43
59 60
64 61
61 62
64 63
67 64
51 53
67 66
71 67
69 68
71 69
51 52
22 24
22 25
22 26
22 27
19 20
22 21
29 22
22 23
49 46
46 47
45 44
46 45
29 28
35 29
76 40
40 41
4 1
1 0
4 3
1 2
6 5
6 4
6 7
11 6
6 9
6 8
54 51
51 49
40 39
64 65
77 76
74 75
35 38
71 73
71 72
74 71
69 70
61 59
59 58
13 11
11 10
18 13
11 12
16 15
13 14
16 17
18 16
30 19
19 18
30 31
33 30
35 37
35 36
42 35
35 34
35 33
54 55
76 74
33 32
56 57
51 50
