50
75
75
56 56
54 54
43 43
61 61
62 62
64 64
49 49
66 66
67 67
68 68
69 69
52 52
25 25
26 26
27 27
21 21
22 22
23 23
46 46
47 47
45 45
42 42
29 29
41 41
0 0
3 3
2 2
7 7
6 6
39 39
74 74
73 73
71 71
70 70
59 59
58 58
11 11
10 10
13 13
38 38
15 15
14 14
16 16
19 19
18 18
30 30
36 36
34 34
32 32
50 50
55 56
53 54
51 42
53 48
44 43
65 60
60 61
60 62
65 63
63 64
48 49
65 66
65 67
72 68
68 69
53 52
63 53
35 24
24 25
24 26
28 27
37 20
20 21
20 22
24 23
44 46
48 47
50 44
44 45
33 28
28 29
42 40
40 41
4 1
1 0
4 3
1 2
8 5
5 4
8 7
5 6
12 9
9 8
55 51
40 39
68 65
37 38
72 73
75 72
72 71
68 70
60 59
57 58
12 11
9 10
12 13
17 12
12 15
12 14
24 17
17 16
20 19
17 18
51 31
31 30
50 37
37 36
37 35
33 34
35 33
57 55
72 74
31 32
65 57
57 50
