100
199
0
147 3
144 5
146 6
142 8
136 13
116 15
118 16
120 19
114 22
111 24
109 25
115 28
112 29
113 30
130 32
105 35
100 38
103 39
99 41
98 42
108 44
106 45
85 52
83 54
53 55
80 57
86 58
82 60
79 63
78 64
59 69
71 70
54 73
56 74
60 77
57 78
69 79
72 80
67 83
63 86
61 87
66 88
75 89
50 95
47 96
51 97
48 100
42 102
44 103
49 104
45 105
35 109
31 112
33 113
26 116
24 118
30 119
29 122
28 123
13 130
17 131
19 134
15 135
21 137
3 139
5 140
18 144
16 145
20 146
14 147
11 150
12 151
8 154
6 155
7 156
2 159
0 160
9 162
1 163
22 164
38 166
36 167
41 169
39 170
96 173
95 175
93 176
91 179
90 180
88 181
126 184
128 186
123 189
101 190
124 191
129 192
139 194
138 196
132 198
134 199
0 1
1 2
2 3
2 4
4 5
4 6
1 7
7 8
7 9
9 10
10 11
11 12
12 13
12 14
14 15
14 16
11 17
17 18
18 19
18 20
20 21
21 22
21 23
23 24
23 25
20 26
26 27
27 28
27 29
26 30
17 31
31 32
31 33
33 34
34 35
34 36
36 37
37 38
37 39
36 40
40 41
40 42
33 43
43 44
43 45
10 46
46 47
47 48
48 49
49 50
50 51
51 52
51 53
53 54
53 55
50 56
56 57
56 58
49 59
59 60
59 61
61 62
62 63
62 64
61 65
65 66
66 67
67 68
68 69
68 70
67 71
71 72
72 73
72 74
71 75
75 76
76 77
76 78
75 79
66 80
65 81
81 82
82 83
82 84
84 85
85 86
85 87
84 88
81 89
48 90
90 91
91 92
92 93
93 94
94 95
94 96
93 97
92 98
98 99
99 100
99 101
101 102
101 103
98 104
91 105
90 106
106 107
107 108
108 109
108 110
110 111
111 112
111 113
110 114
114 115
115 116
115 117
117 118
117 119
114 120
120 121
121 122
121 123
120 124
124 125
125 126
126 127
127 128
128 129
129 130
129 131
128 132
132 133
133 134
133 135
132 136
136 137
136 138
138 139
138 140
127 141
141 142
142 143
143 144
143 145
142 146
141 147
126 148
148 149
149 150
149 151
148 152
152 153
153 154
153 155
152 156
125 157
157 158
158 159
158 160
157 161
161 162
161 163
124 164
107 165
165 166
165 167
106 168
168 169
168 170
47 171
171 172
172 173
172 174
174 175
174 176
171 177
177 178
178 179
178 180
177 181
46 182
182 183
183 184
183 185
185 186
185 187
187 188
188 189
188 190
187 191
182 192
9 193
193 194
193 195
195 196
195 197
197 198
197 199
