100
166
0
142 3
139 5
128 7
129 9
126 10
124 12
123 13
101 15
96 17
95 19
93 20
90 22
88 23
91 25
86 27
85 30
53 31
83 33
51 35
50 37
47 38
49 40
48 41
45 42
41 44
39 45
38 47
36 48
35 50
30 53
26 54
24 55
29 57
28 58
22 60
21 62
14 64
20 65
18 66
17 67
13 68
12 69
0 71
2 73
9 74
1 75
8 77
7 78
6 79
19 81
15 82
16 84
11 85
5 87
3 88
33 90
31 91
44 93
42 94
79 96
78 97
75 99
72 102
69 104
60 107
57 108
71 110
59 111
56 113
54 114
67 116
66 118
63 120
61 121
82 123
80 124
130 127
112 130
113 131
115 133
120 136
114 137
111 139
109 140
105 143
103 145
100 146
99 147
98 148
108 150
106 151
136 153
118 155
116 156
138 158
134 160
132 161
147 163
146 165
144 166
0 1
1 2
2 3
2 4
4 5
4 6
6 7
6 8
8 9
8 10
8 11
11 12
11 13
11 14
14 15
14 16
16 17
16 18
18 19
18 20
18 21
21 22
21 23
21 24
24 25
24 26
26 27
26 28
28 29
29 30
29 31
29 32
32 33
32 34
34 35
34 36
36 37
36 38
36 39
39 40
39 41
39 42
39 43
43 44
43 45
43 46
46 47
46 48
46 49
49 50
49 51
51 52
52 53
52 54
52 55
52 56
56 57
56 58
56 59
59 60
59 61
61 62
61 63
63 64
63 65
63 66
63 67
63 68
63 69
63 70
70 71
70 72
72 73
72 74
72 75
63 76
76 77
76 78
76 79
63 80
80 81
80 82
63 83
83 84
83 85
61 86
86 87
86 88
51 89
89 90
89 91
39 92
92 93
92 94
28 95
95 96
95 97
95 98
98 99
98 100
100 101
101 102
101 103
103 104
103 105
105 106
106 107
106 108
105 109
109 110
109 111
105 112
112 113
112 114
100 115
115 116
115 117
117 118
117 119
119 120
119 121
28 122
122 123
122 124
4 125
125 126
126 127
126 128
128 129
129 130
129 131
129 132
132 133
132 134
134 135
135 136
135 137
134 138
138 139
138 140
128 141
141 142
142 143
142 144
144 145
144 146
144 147
144 148
141 149
149 150
149 151
125 152
152 153
152 154
154 155
154 156
4 157
157 158
157 159
159 160
159 161
1 162
162 163
162 164
164 165
164 166
