100
177
0
142 3
139 7
128 9
129 11
126 12
124 14
123 15
101 17
96 19
95 21
93 22
90 24
88 25
91 27
86 29
85 32
53 34
83 36
51 38
50 40
47 41
49 43
48 44
45 45
41 47
39 48
38 50
36 51
35 53
30 56
26 58
24 59
29 61
28 63
22 65
14 68
20 69
18 70
17 71
13 72
12 75
8 77
7 78
6 79
16 81
11 82
0 84
2 86
9 88
1 89
19 91
15 92
21 94
5 96
3 97
33 99
31 100
44 102
42 103
79 105
78 106
75 108
67 111
66 113
63 115
61 116
72 118
69 120
60 124
57 125
56 127
54 128
71 130
59 131
82 133
80 134
138 136
134 138
132 139
130 142
105 146
103 148
100 149
99 150
98 151
108 153
106 154
112 156
113 158
115 160
120 163
114 164
111 166
109 167
136 169
118 171
116 172
147 174
146 176
144 177
0 1
1 2
2 3
2 4
4 5
5 6
6 7
6 8
8 9
8 10
10 11
10 12
10 13
13 14
13 15
13 16
16 17
16 18
18 19
18 20
20 21
20 22
20 23
23 24
23 25
23 26
26 27
26 28
28 29
28 30
30 31
31 32
31 33
33 34
33 35
35 36
35 37
37 38
37 39
39 40
39 41
39 42
42 43
42 44
42 45
42 46
46 47
46 48
46 49
49 50
49 51
49 52
52 53
52 54
54 55
55 56
55 57
57 58
57 59
57 60
60 61
60 62
62 63
62 64
64 65
64 66
66 67
67 68
67 69
67 70
67 71
67 72
67 73
73 74
74 75
74 76
76 77
76 78
76 79
73 80
80 81
80 82
67 83
83 84
83 85
85 86
85 87
87 88
87 89
67 90
90 91
90 92
66 93
93 94
93 95
95 96
95 97
54 98
98 99
98 100
42 101
101 102
101 103
30 104
104 105
104 106
104 107
107 108
107 109
109 110
110 111
110 112
112 113
112 114
114 115
114 116
109 117
117 118
117 119
119 120
119 121
121 122
122 123
123 124
123 125
122 126
126 127
126 128
121 129
129 130
129 131
30 132
132 133
132 134
5 135
135 136
135 137
137 138
137 139
4 140
140 141
141 142
141 143
143 144
144 145
145 146
145 147
147 148
147 149
147 150
147 151
144 152
152 153
152 154
143 155
155 156
155 157
157 158
157 159
159 160
159 161
161 162
162 163
162 164
161 165
165 166
165 167
140 168
168 169
168 170
170 171
170 172
1 173
173 174
173 175
175 176
175 177
