93
166
0
147 4
144 6
146 7
142 9
134 12
132 13
136 17
116 19
118 20
130 22
112 25
115 28
114 31
120 32
111 34
109 35
108 38
106 39
105 41
103 43
100 44
99 45
139 48
138 49
128 51
129 53
126 54
123 56
124 57
101 59
96 61
93 63
95 64
90 66
88 67
91 69
86 71
80 74
82 75
78 77
79 78
75 80
67 83
66 85
61 87
63 88
72 90
69 92
57 94
60 95
56 98
54 99
71 101
59 102
83 104
85 105
51 108
45 110
48 111
49 112
50 114
47 115
42 117
44 118
41 120
39 121
36 123
38 125
35 127
31 130
33 131
24 133
26 134
29 136
30 137
28 139
20 142
18 143
17 144
13 145
11 147
16 148
19 150
15 151
21 153
5 155
3 156
2 158
1 160
9 161
12 163
7 165
8 166
0 1
1 2
2 3
3 4
3 5
5 6
5 7
2 8
8 9
8 10
10 11
11 12
11 13
10 14
14 15
15 16
16 17
16 18
18 19
18 20
15 21
21 22
21 23
23 24
24 25
24 26
26 27
27 28
27 29
29 30
30 31
30 32
29 33
33 34
33 35
23 36
36 37
37 38
37 39
36 40
40 41
40 42
42 43
42 44
42 45
14 46
46 47
47 48
47 49
46 50
50 51
50 52
52 53
52 54
52 55
55 56
55 57
55 58
58 59
58 60
60 61
60 62
62 63
62 64
62 65
65 66
65 67
65 68
68 69
68 70
70 71
70 72
72 73
73 74
73 75
72 76
76 77
76 78
76 79
79 80
79 81
81 82
82 83
82 84
84 85
84 86
86 87
86 88
81 89
89 90
89 91
91 92
91 93
93 94
93 95
93 96
96 97
97 98
97 99
96 100
100 101
100 102
72 103
103 104
103 105
103 106
106 107
107 108
107 109
109 110
109 111
109 112
109 113
113 114
113 115
109 116
116 117
116 118
109 119
119 120
119 121
119 122
122 123
122 124
124 125
124 126
126 127
126 128
128 129
129 130
129 131
128 132
132 133
132 134
132 135
135 136
135 137
132 138
138 139
138 140
140 141
141 142
141 143
141 144
141 145
141 146
146 147
146 148
141 149
149 150
149 151
141 152
152 153
152 154
154 155
154 156
141 157
157 158
157 159
159 160
159 161
141 162
162 163
162 164
164 165
164 166
