100
160
1
28 11
14 12
6 14
11 15
0 17
16 18
30 21
57 28
88 41
139 43
86 58
83 61
85 62
113 67
98 69
138 74
1 78
2 79
3 80
5 81
7 82
8 83
9 84
12 85
13 86
15 87
17 88
18 89
19 90
20 91
21 92
22 93
24 94
26 95
29 96
31 97
33 98
35 99
36 100
38 101
39 102
41 103
42 104
44 105
45 106
47 107
48 108
49 109
50 110
51 111
53 112
54 113
56 114
59 115
60 116
61 117
63 118
66 119
67 120
69 121
71 122
72 123
75 124
78 125
79 126
80 127
82 128
90 129
91 130
93 131
95 132
96 133
99 134
100 135
101 136
103 137
105 138
106 139
108 140
109 141
111 142
112 143
114 144
115 145
116 146
118 147
120 148
123 149
124 150
126 151
128 152
129 153
130 154
132 155
134 156
136 157
142 158
144 159
146 160
147 161
1 2
2 3
3 4
3 5
3 6
3 7
3 8
3 9
9 10
10 11
10 12
12 13
13 14
13 15
12 16
12 17
12 18
10 19
19 20
19 21
9 22
2 23
2 24
24 25
25 26
26 27
27 28
26 29
29 30
26 31
24 32
32 33
33 34
32 35
2 36
36 37
36 38
2 39
39 40
39 41
39 42
42 43
42 44
42 45
45 46
45 47
47 48
39 49
49 50
49 51
51 52
51 53
53 54
54 55
53 56
56 57
2 58
2 59
2 60
60 61
60 62
60 63
2 64
64 65
64 66
66 67
67 68
66 69
66 70
70 71
71 72
70 73
73 74
73 75
2 76
2 77
17 78
17 79
16 80
16 81
14 82
14 83
13 84
13 85
38 86
12 87
12 88
12 89
12 90
12 91
12 92
12 93
19 94
20 95
10 96
37 97
63 98
22 99
9 100
9 101
7 102
7 103
4 104
5 105
3 106
6 107
3 108
8 109
6 110
6 111
60 112
29 113
31 114
30 115
27 116
34 117
33 118
33 119
32 120
35 121
30 122
25 123
24 124
77 125
76 126
23 127
65 128
40 129
59 130
39 131
39 132
39 133
69 134
69 135
50 136
69 137
69 138
66 139
69 140
67 141
44 142
67 143
68 144
57 145
51 146
46 147
56 148
48 149
47 150
47 151
47 152
47 153
66 154
73 155
75 156
66 157
71 158
55 159
54 160
72 161
