100
150
150
132 96
130 51
136 95
134 50
139 83
138 1
24 86
26 123
20 118
21 14
22 85
28 69
29 45
0 99
8 93
120 19
123 57
124 72
126 105
128 31
129 91
59 33
54 48
57 71
56 38
51 41
50 13
53 18
115 115
114 47
88 17
116 36
111 28
113 26
112 8
82 79
83 16
80 101
86 63
118 116
85 59
3 120
7 54
108 98
109 132
103 35
100 134
101 5
106 7
105 144
39 15
38 2
33 80
31 49
30 90
36 111
35 9
60 128
61 56
63 44
66 29
67 88
69 147
2 53
6 100
99 130
98 0
91 113
90 139
93 60
95 106
96 39
11 136
13 30
12 103
15 66
14 114
17 11
16 82
19 42
18 112
48 24
49 78
47 138
44 126
45 129
42 75
41 124
1 146
5 21
9 22
146 3
147 108
144 67
142 6
75 142
72 12
71 61
79 20
78 109
137 133
133 132
135 131
131 130
141 137
135 136
141 135
133 134
140 139
137 138
25 24
27 25
27 26
34 27
14 20
14 21
23 22
25 23
27 28
27 29
14 0
14 4
6 8
125 119
119 120
125 121
127 122
122 123
122 124
131 125
127 126
140 127
127 128
127 129
117 118
58 59
64 58
64 55
55 54
58 57
55 56
52 51
46 50
84 53
53 52
113 115
113 114
89 88
92 89
110 111
113 110
119 113
113 112
81 82
84 83
81 80
87 81
87 86
92 87
87 84
84 85
4 3
6 7
107 108
110 109
122 102
104 103
98 100
102 101
107 106
121 107
121 104
104 105
40 39
37 38
32 33
34 32
32 31
27 30
46 37
37 36
34 35
37 34
58 60
62 61
65 62
62 63
70 64
68 65
65 66
68 67
74 68
70 69
0 2
10 6
98 99
104 98
89 91
89 90
94 93
94 92
94 95
97 94
102 97
97 96
10 11
14 10
14 13
10 12
14 15
23 14
14 17
14 16
14 19
14 18
131 117
117 116
46 48
46 49
52 46
46 47
43 44
46 45
43 42
46 43
46 40
40 41
0 1
4 5
10 9
145 146
148 147
145 144
148 145
143 142
149 143
141 140
143 141
149 148
150 149
87 77
77 76
74 75
76 74
76 73
73 72
70 71
73 70
77 79
77 78
