100
159
0
147 3
146 5
144 6
142 8
134 13
132 14
138 15
130 18
120 21
112 24
113 22
109 29
111 30
114 31
115 32
105 35
99 37
98 36
100 41
103 42
106 44
108 45
136 47
118 49
116 50
139 52
128 54
129 56
126 58
124 60
123 62
101 64
96 66
93 69
95 70
88 72
90 74
91 76
86 78
79 81
75 84
72 87
56 90
54 91
59 94
71 95
69 97
60 99
57 100
67 102
66 104
63 106
61 107
78 108
82 111
80 112
85 114
83 116
53 117
50 121
51 123
47 124
45 128
49 129
48 130
42 133
44 134
41 137
39 138
36 140
38 142
35 144
31 147
33 148
30 150
26 153
24 154
28 156
29 158
22 159
16 162
20 165
17 166
14 161
21 172
3 174
5 175
19 177
15 178
18 181
11 184
12 185
7 187
6 186
8 190
13 192
2 194
9 197
1 198
0 193
0 1
1 2
2 3
2 4
4 5
4 6
1 7
7 8
7 9
9 10
10 11
11 12
12 13
12 14
11 15
10 16
16 17
17 18
17 19
19 20
20 21
20 22
22 24
22 27
27 28
28 29
28 30
27 31
22 32
19 33
33 34
34 35
34 36
36 37
36 41
36 42
33 43
43 44
43 45
16 46
46 47
46 48
48 49
48 50
9 51
51 52
51 53
53 54
53 55
55 56
55 58
55 59
59 60
59 62
59 63
63 64
63 65
65 66
65 67
67 69
67 70
67 71
71 72
71 74
71 75
75 76
75 77
77 78
77 79
79 80
80 81
80 83
83 84
83 85
85 86
86 87
86 88
88 89
89 90
89 91
88 93
93 94
93 95
88 96
96 97
96 99
96 100
85 101
101 102
101 103
103 104
103 105
105 106
105 107
80 108
79 110
110 111
110 112
79 113
113 114
113 116
113 117
117 119
119 120
120 121
120 123
120 124
119 128
119 129
119 130
119 132
132 133
132 134
119 135
135 137
135 138
135 139
139 140
139 141
141 142
141 143
143 144
143 145
145 146
146 147
146 148
145 149
149 150
149 153
149 154
149 155
155 156
155 158
155 159
159 161
161 162
161 165
161 166
161 171
171 172
171 173
173 174
173 175
161 176
176 177
176 178
161 181
161 182
182 184
182 185
182 186
186 187
186 190
161 192
161 193
193 194
194 196
196 197
196 198
