50
95
0
78 2
81 4
80 6
76 9
75 10
70 13
68 14
67 18
72 19
65 20
62 23
57 26
48 29
50 31
53 32
56 34
55 35
59 37
60 38
43 43
37 45
31 48
33 49
36 53
34 54
41 56
40 57
30 60
28 61
17 67
19 68
22 70
20 71
13 74
7 76
5 77
15 79
16 81
9 84
0 87
3 88
2 90
4 91
11 92
23 93
27 95
26 96
45 97
47 98
51 99
0 1
1 2
1 3
3 4
3 5
5 6
5 7
7 8
8 9
8 10
7 11
11 12
12 13
12 14
11 15
15 16
16 17
17 18
17 19
16 20
15 21
21 22
22 23
22 24
24 25
25 26
25 27
27 28
28 29
28 30
30 31
30 32
27 33
33 34
33 35
24 36
36 37
36 38
21 39
39 40
40 41
41 42
42 43
42 44
44 45
44 46
46 48
46 49
46 51
51 52
52 53
52 54
51 55
55 56
55 57
46 59
59 60
59 61
46 62
62 63
63 64
64 65
65 66
66 67
66 68
65 69
69 70
69 71
64 72
72 73
73 74
73 75
75 76
75 77
72 78
78 79
78 80
80 81
80 82
82 83
83 84
83 85
85 86
86 87
86 88
85 90
85 91
82 92
63 93
62 94
94 95
94 96
41 97
40 98
39 99
