50
94
0
78 2
81 4
80 6
70 9
68 10
51 14
47 16
45 18
43 20
37 22
26 27
27 29
23 31
22 33
20 34
17 36
19 38
15 41
16 43
11 45
9 47
4 49
3 50
2 51
0 52
13 54
7 56
5 57
30 59
28 60
36 63
34 64
41 66
40 67
33 69
31 70
62 72
60 74
59 76
57 78
56 80
55 81
53 83
50 85
48 86
65 88
72 90
67 91
76 93
75 94
0 1
1 2
1 3
3 4
3 5
5 6
5 7
7 8
8 9
8 10
8 11
11 12
12 13
13 14
13 15
15 16
15 17
17 18
17 19
19 20
19 21
21 22
21 23
23 24
24 25
25 26
26 27
26 28
28 29
28 30
30 31
30 32
32 33
32 34
32 35
35 36
35 37
37 38
37 39
39 40
40 41
40 42
42 43
42 44
44 45
44 46
46 47
46 48
48 49
48 50
48 51
48 52
39 53
53 54
53 55
55 56
55 57
25 58
58 59
58 60
24 61
61 62
62 63
62 64
61 65
65 66
65 67
23 68
68 69
68 70
12 71
71 72
71 73
73 74
73 75
75 76
75 77
77 78
77 79
79 80
79 81
79 82
82 83
82 84
84 85
84 86
11 87
87 88
87 89
89 90
89 91
7 92
92 93
92 94
