50
83
83
56 78
51 40
50 2
60 50
62 80
65 57
67 31
68 27
80 3
81 37
26 0
27 45
20 48
22 11
23 62
47 17
45 59
28 16
43 4
40 22
41 13
0 55
3 76
2 23
5 72
4 36
7 41
9 53
76 7
75 19
72 9
70 33
59 43
78 60
11 30
13 68
15 70
48 47
17 75
16 67
19 51
55 26
31 5
30 15
37 28
36 81
53 56
34 65
33 34
57 20
54 56
82 81
61 54
44 42
49 48
42 43
61 60
63 61
63 62
64 63
71 64
52 53
71 66
66 67
69 68
73 69
79 80
64 52
82 77
25 24
29 25
25 26
25 27
21 20
24 21
21 22
24 23
52 46
46 47
46 44
44 45
29 28
38 29
39 40
39 41
8 1
1 0
1 3
1 2
6 5
1 4
6 7
12 6
8 9
10 8
79 78
52 51
54 49
83 82
42 39
66 65
77 76
74 75
42 38
74 73
73 72
73 71
69 70
58 59
82 79
61 58
10 11
14 10
12 13
14 12
14 15
18 14
18 17
14 16
18 19
21 18
32 31
29 30
38 37
35 36
39 35
35 34
32 33
54 55
77 74
38 32
58 57
49 50
