50
83
83
56 26
51 23
50 4
60 59
62 41
65 40
67 27
68 72
80 37
81 11
26 57
27 75
20 68
22 34
23 53
47 70
45 33
28 45
43 60
40 3
41 51
0 17
3 7
2 43
5 9
4 0
7 15
9 48
76 62
75 28
72 5
70 16
59 31
78 36
11 20
13 2
15 30
48 76
17 78
16 47
19 19
55 65
31 55
30 22
37 81
36 13
53 67
34 56
33 80
57 50
54 56
82 81
61 54
44 42
49 48
42 43
61 60
63 61
63 62
64 63
71 64
52 53
71 66
66 67
69 68
73 69
79 80
64 52
82 77
25 24
29 25
25 26
25 27
21 20
24 21
21 22
24 23
52 46
46 47
46 44
44 45
29 28
38 29
39 40
39 41
8 1
1 0
1 3
1 2
6 5
1 4
6 7
12 6
8 9
10 8
79 78
52 51
54 49
83 82
42 39
66 65
77 76
74 75
42 38
74 73
73 72
73 71
69 70
58 59
82 79
61 58
10 11
14 10
12 13
14 12
14 15
18 14
18 17
14 16
18 19
21 18
32 31
29 30
38 37
35 36
39 35
35 34
32 33
54 55
77 74
38 32
58 57
49 50
