50
99
0
78 2
81 4
80 6
76 9
75 10
70 13
68 14
72 18
67 19
65 20
62 23
55 27
56 29
53 32
50 33
48 34
57 35
60 37
59 38
51 40
47 42
45 44
43 46
37 48
33 50
34 54
36 55
41 57
40 58
28 61
30 62
31 64
26 66
27 68
23 70
20 73
22 74
17 76
19 78
13 81
7 83
5 84
15 86
16 88
11 90
9 92
4 95
2 96
3 98
0 99
0 1
1 2
1 3
3 4
3 5
5 6
5 7
7 8
8 9
8 10
7 11
11 12
12 13
12 14
11 15
15 16
16 17
17 18
17 19
16 20
15 21
21 22
22 23
22 24
24 25
25 26
26 27
26 28
28 29
28 30
30 31
31 32
31 33
30 34
25 35
24 36
36 37
36 38
21 39
39 40
39 41
41 42
41 43
43 44
43 45
45 46
45 47
47 48
47 49
49 50
49 51
51 52
52 53
53 54
53 55
52 56
56 57
56 58
51 59
59 60
60 61
60 62
59 63
63 64
63 65
65 66
65 67
67 68
67 69
69 70
69 71
71 72
72 73
72 74
71 75
75 76
75 77
77 78
77 79
79 80
80 81
80 82
82 83
82 84
79 85
85 86
85 87
87 88
87 89
89 90
89 91
91 92
91 93
93 94
94 95
94 96
93 97
97 98
97 99
