50
78
78
56 56
42 42
50 50
62 62
63 63
64 64
49 49
66 66
67 67
69 69
52 52
24 24
27 27
21 21
48 48
23 23
46 46
44 44
28 28
29 29
40 40
1 1
0 0
3 3
2 2
5 5
6 6
9 9
8 8
39 39
76 76
74 74
72 72
70 70
59 59
11 11
51 51
13 13
15 15
58 58
16 16
19 19
18 18
31 31
30 30
37 37
36 36
53 53
34 34
33 33
54 45
78 77
55 54
41 42
45 43
61 60
65 61
61 62
61 63
61 64
47 49
65 66
68 67
78 68
68 69
50 52
54 53
25 24
26 25
32 26
26 27
26 20
22 21
26 22
22 23
47 46
54 47
43 44
47 48
26 28
26 29
41 40
55 41
0 1
4 0
2 3
7 2
4 5
7 4
10 7
7 6
10 9
7 8
50 51
57 56
38 39
75 65
75 76
77 75
45 38
77 73
71 72
73 71
71 70
60 59
57 58
12 11
12 10
14 13
14 12
14 15
20 14
25 17
17 16
20 19
17 18
32 31
26 30
35 37
35 36
43 35
35 34
32 33
61 55
73 74
38 32
60 57
54 50
