485
656
656
344 423
0 157
346 169
340 152
342 509
343 542
348 569
349 41
606 99
619 274
298 284
296 201
294 397
295 391
292 641
290 566
291 121
591 516
590 359
593 73
595 403
198 523
596 653
195 588
598 581
197 345
196 330
191 439
190 242
193 464
192 611
270 84
272 267
273 90
274 107
276 105
277 290
278 587
279 168
525 583
526 494
520 1
522 30
523 120
528 432
529 513
449 305
443 171
442 14
441 278
447 130
446 474
445 449
444 436
108 254
109 175
102 21
103 558
101 248
106 72
107 231
105 531
39 255
38 174
33 216
31 402
30 622
37 417
36 456
35 150
34 643
641 212
643 443
645 373
439 158
436 187
437 429
434 545
432 606
433 190
430 411
431 221
339 269
334 508
337 393
336 442
331 498
330 444
333 378
345 97
99 53
98 580
90 298
93 348
95 34
97 478
559 89
558 304
554 627
556 404
551 319
550 454
238 420
239 118
234 577
236 468
237 491
230 12
231 301
233 257
1 247
146 364
147 48
144 273
145 567
142 156
143 506
141 437
613 210
611 356
617 380
148 0
149 236
622 460
133 43
130 487
137 44
136 280
135 69
134 328
494 81
495 556
139 453
497 505
491 234
492 540
493 483
24 208
25 294
26 38
27 264
20 56
21 133
23 329
28 446
406 309
405 113
404 28
403 546
402 377
401 144
400 103
409 636
408 538
379 312
378 326
371 381
373 562
375 40
374 139
377 333
376 35
618 534
393 233
392 262
88 85
89 296
397 408
395 109
394 389
83 570
399 25
81 360
84 308
85 480
7 179
586 422
587 388
584 624
585 433
582 136
583 218
580 78
581 637
588 630
245 385
244 141
247 300
241 3
614 62
242 635
615 410
249 383
248 367
511 481
510 224
513 263
512 520
515 230
516 281
623 334
459 343
620 26
627 318
626 54
624 161
450 198
452 226
453 529
454 511
456 602
457 126
179 472
178 276
177 539
175 45
174 374
173 369
172 462
171 331
182 20
183 324
180 502
181 15
187 339
184 239
185 541
188 401
653 484
650 413
651 492
11 295
12 258
15 122
14 60
17 249
16 447
18 315
62 604
323 244
321 533
326 50
324 586
328 119
329 431
201 182
200 459
203 544
207 106
206 526
208 489
76 600
75 123
74 316
73 27
72 135
71 535
70 259
78 615
542 219
540 400
541 287
546 277
544 206
545 650
8 7
548 154
549 392
120 149
121 164
122 399
123 445
125 477
126 200
128 108
414 192
416 340
417 215
410 346
411 349
412 196
413 283
498 376
499 530
319 608
318 485
312 596
311 311
317 163
316 58
315 421
314 353
3 116
368 227
369 159
366 76
367 645
364 342
365 323
362 173
363 172
360 207
361 648
380 424
381 632
382 639
383 619
385 195
386 71
388 47
389 488
604 213
572 626
570 361
577 522
576 17
574 651
60 184
258 59
259 125
65 317
66 70
67 18
252 365
69 220
251 532
256 406
257 128
254 117
255 39
602 292
508 550
509 500
506 95
505 536
502 260
503 321
500 493
630 193
632 137
633 16
468 476
636 368
637 549
464 65
467 595
460 80
463 525
462 245
168 279
169 166
164 337
165 180
166 185
160 427
161 591
162 379
163 620
600 33
9 74
646 272
648 633
357 576
356 593
355 617
353 434
351 147
359 363
216 564
215 495
212 467
213 183
210 165
218 395
219 430
289 559
4 574
281 222
280 307
283 382
284 101
287 366
286 344
263 357
262 371
260 590
267 457
264 177
269 515
59 191
58 237
55 499
54 153
56 145
51 251
50 203
53 67
536 146
535 37
63 560
533 585
532 528
531 618
530 450
539 336
538 23
114 42
117 181
116 405
113 188
112 398
119 452
118 83
429 151
534 355
421 114
420 102
423 252
422 75
424 572
427 9
426 36
308 414
309 409
300 66
301 4
303 512
304 63
305 386
306 238
307 623
568 613
569 470
560 463
562 24
564 471
565 8
566 88
567 112
227 441
226 362
224 554
222 351
221 11
220 426
391 568
151 565
150 503
153 160
152 155
155 582
154 134
157 270
156 497
159 241
158 412
608 162
80 93
635 55
398 306
48 598
47 98
44 584
45 394
42 375
43 178
40 5
41 303
5 142
639 510
489 148
488 256
487 197
485 551
484 31
483 143
481 286
480 646
472 416
470 289
471 51
476 291
477 548
474 314
478 614
341 344
1 0
347 346
372 347
341 340
350 341
341 342
341 343
347 348
350 349
594 595
607 606
609 594
628 619
299 298
313 299
293 296
313 297
293 294
293 295
293 292
297 293
288 290
288 291
592 591
589 590
592 593
601 592
225 199
199 198
609 597
597 596
194 195
229 194
228 197
197 196
192 191
189 190
192 193
204 192
271 270
297 271
271 272
271 273
275 274
282 275
275 276
275 277
275 278
275 279
528 524
524 525
527 526
538 527
519 520
579 521
521 522
524 523
601 599
537 528
528 529
448 449
461 448
440 443
440 442
440 441
451 440
448 447
440 446
440 445
440 444
107 108
110 109
101 102
104 103
107 100
124 101
107 106
143 107
143 104
104 105
36 39
36 38
32 33
107 32
32 31
29 30
36 37
68 36
36 35
91 34
642 641
644 640
642 643
647 642
644 645
647 644
440 438
438 439
435 436
438 437
435 434
451 435
461 432
432 433
431 430
438 431
338 339
372 338
372 335
335 334
338 337
335 336
332 331
329 330
332 333
350 332
341 345
36 6
100 99
97 98
100 91
91 90
94 93
127 92
94 95
132 94
127 97
110 96
557 559
557 558
579 555
553 554
571 557
557 556
552 551
549 550
555 553
579 552
235 238
240 239
235 234
266 235
235 236
235 237
229 230
232 231
235 232
232 233
2 1
612 614
143 146
143 147
143 144
143 145
143 142
165 143
170 140
140 141
655 612
612 613
612 610
612 611
621 616
616 617
143 148
143 149
621 623
621 622
132 133
138 132
143 131
131 130
138 137
132 136
132 135
132 134
492 494
492 495
140 139
143 138
507 490
527 491
509 492
492 493
22 24
26 25
34 26
131 27
19 20
22 21
36 22
22 23
29 28
57 29
419 407
407 406
451 405
405 404
402 403
451 402
396 401
396 400
631 629
407 409
407 408
629 628
372 379
372 378
370 371
418 370
372 373
387 372
372 375
372 374
372 377
372 376
619 618
396 393
393 392
87 88
87 89
396 397
407 396
396 395
393 394
101 82
82 83
79 80
82 81
100 86
111 87
82 84
86 85
6 7
603 601
610 607
597 586
586 587
579 584
579 585
579 582
579 583
579 580
579 581
589 588
610 589
246 245
243 244
246 247
253 246
240 241
253 240
253 243
243 242
616 615
250 249
246 248
538 519
533 518
509 511
509 510
514 513
509 512
514 515
533 514
533 517
517 516
465 458
458 459
628 621
621 620
625 627
625 626
629 625
625 624
451 450
466 451
451 452
451 453
455 454
461 455
455 456
458 457
178 179
228 178
176 177
204 176
176 175
172 174
172 173
183 172
172 171
209 170
655 654
275 253
183 182
189 183
178 180
178 181
194 186
186 187
183 184
186 185
655 652
186 188
214 189
654 653
649 650
652 651
10 11
129 10
107 13
13 12
13 15
13 14
96 17
17 16
36 19
19 18
61 62
329 322
322 323
352 320
322 321
325 326
354 327
325 324
329 325
327 328
360 329
202 201
199 200
202 203
235 202
232 205
232 204
205 207
205 206
235 209
209 208
107 77
77 76
72 75
72 74
72 73
87 72
72 71
68 70
656 655
92 79
79 78
27 2
538 542
553 543
538 540
538 541
547 546
571 547
552 544
544 545
6 8
547 548
555 549
87 68
599 598
119 120
119 121
123 122
170 123
143 124
124 125
127 126
143 127
129 128
143 129
415 414
461 415
415 416
418 417
407 410
407 411
407 412
407 413
499 498
419 418
438 419
518 499
320 319
313 318
327 313
310 312
310 311
320 310
313 317
313 316
313 315
313 314
538 496
496 497
2 3
396 368
370 369
360 366
368 367
360 364
360 365
360 362
360 363
372 360
360 361
372 380
372 381
372 382
384 383
407 384
384 385
387 386
396 387
387 388
390 389
612 605
594 579
579 578
605 604
579 573
573 572
579 571
571 570
578 577
575 576
578 575
573 574
61 60
77 61
253 258
253 259
92 64
64 65
67 66
96 67
253 252
68 69
275 250
250 251
253 256
253 257
253 254
253 255
605 603
603 602
509 508
521 509
507 506
517 507
518 504
504 505
501 502
504 503
501 500
507 501
631 630
634 631
631 632
634 633
519 469
469 468
634 636
638 637
473 465
465 464
466 467
475 466
482 461
461 460
461 463
461 462
167 168
170 169
143 164
205 165
167 166
178 167
143 160
143 161
143 162
143 163
599 600
10 9
652 647
647 646
654 649
649 648
358 357
354 356
354 355
360 354
354 353
372 352
352 351
396 350
358 359
372 358
217 216
253 217
253 214
214 215
211 212
211 213
211 210
240 211
217 218
217 219
288 289
313 288
2 4
282 281
275 280
282 283
297 282
288 285
285 284
288 287
285 286
261 263
261 262
265 261
261 260
268 267
293 266
266 265
265 264
268 269
275 268
57 59
57 58
86 55
55 54
68 57
57 56
52 51
49 50
52 53
96 52
543 537
537 536
533 535
64 63
543 533
528 532
528 531
528 530
538 539
561 538
143 115
115 114
115 117
115 116
143 111
143 110
111 113
111 112
143 119
119 118
428 429
438 428
533 534
419 421
419 420
419 423
419 422
440 425
425 424
428 427
425 426
302 308
310 309
299 300
302 301
341 302
302 303
302 304
302 305
302 306
302 307
573 568
568 569
561 560
575 561
563 562
571 563
563 564
566 565
575 566
566 567
250 229
232 228
228 227
225 226
232 225
223 224
225 223
223 222
220 221
246 220
390 391
455 390
143 151
143 150
143 153
143 152
143 155
143 154
143 157
143 156
143 159
143 158
612 609
607 608
638 634
396 399
634 635
396 398
49 48
119 49
86 46
46 47
36 44
46 45
36 42
36 43
36 40
36 41
640 638
6 5
640 639
490 489
486 488
486 487
518 486
486 485
482 484
482 483
538 482
482 481
479 480
469 472
475 473
469 470
469 471
477 476
490 477
473 474
491 475
479 478
496 479
