485
656
656
344 181
0 392
346 215
340 639
342 65
343 602
348 267
349 619
606 220
619 270
298 27
296 608
294 386
295 513
292 274
290 187
291 572
591 35
590 23
593 241
595 326
198 620
596 423
195 568
598 255
197 101
196 348
191 439
190 329
193 454
192 185
270 364
272 226
273 24
274 551
276 559
277 442
278 43
279 222
525 360
526 315
520 171
522 289
523 190
528 383
529 50
449 503
443 248
442 535
441 400
447 556
446 90
445 37
444 429
108 426
109 432
102 89
103 62
101 478
106 544
107 368
105 150
39 125
38 93
33 342
31 530
30 70
37 355
36 334
35 207
34 116
641 447
643 624
645 36
439 83
436 595
437 157
434 497
432 470
433 5
430 286
431 142
339 145
334 491
337 105
336 230
331 245
330 156
333 149
345 66
99 119
98 278
90 540
93 403
95 208
97 164
559 54
558 191
554 430
556 516
551 147
550 506
238 30
239 74
234 596
236 180
237 614
230 128
231 406
233 281
1 349
146 84
147 408
144 25
145 379
142 630
143 141
141 351
613 449
611 236
617 457
148 45
149 405
622 570
133 213
130 598
137 580
136 233
135 130
134 59
494 615
495 339
139 63
497 365
491 487
492 296
493 238
24 476
25 436
26 306
27 280
20 653
21 162
23 249
28 0
406 539
405 137
404 648
403 444
402 410
401 183
400 307
409 153
408 560
379 287
378 456
371 121
373 113
375 26
374 303
377 109
376 340
618 8
393 120
392 71
88 566
89 197
397 463
395 613
394 163
83 333
399 184
81 471
84 148
85 509
7 369
586 321
587 107
584 402
585 472
582 227
583 533
580 154
581 312
588 158
245 294
244 336
247 481
241 641
614 409
242 489
615 136
249 316
248 9
511 41
510 377
513 635
512 577
515 388
516 60
623 210
459 117
620 582
627 445
626 381
624 558
450 417
452 374
453 618
454 1
456 172
457 588
179 159
178 399
177 262
175 562
174 283
173 85
172 272
171 538
182 146
183 378
180 218
181 155
187 16
184 3
185 536
188 427
653 14
650 244
651 134
11 622
12 450
15 422
14 51
17 502
16 550
18 76
62 585
323 169
321 17
326 366
324 633
328 331
329 99
201 433
200 414
203 526
207 468
206 480
208 78
76 376
75 565
74 203
73 309
72 18
71 175
70 139
78 144
542 40
540 168
541 118
546 81
544 88
545 38
8 206
548 216
549 645
120 53
121 188
122 264
123 462
125 72
126 31
128 391
414 394
416 193
417 198
410 290
411 511
412 467
413 389
498 239
499 58
319 498
318 304
312 247
311 344
317 298
316 258
315 277
314 305
3 317
368 263
369 251
366 291
367 411
364 102
365 373
362 337
363 254
360 520
361 493
380 395
381 420
382 567
383 201
385 42
386 106
388 583
389 295
604 177
572 397
570 48
577 460
576 593
574 541
60 219
258 512
259 636
65 627
66 324
67 453
252 529
69 212
251 617
256 483
257 643
254 179
255 80
602 431
508 173
509 549
506 587
505 385
502 308
503 382
500 95
630 404
632 363
633 12
468 574
636 97
637 441
464 464
467 242
460 311
463 361
462 161
168 452
169 437
164 4
165 314
166 525
160 67
161 510
162 323
163 446
600 234
9 195
646 586
648 259
357 650
356 637
355 646
353 123
351 273
359 200
216 221
215 362
212 276
213 546
210 398
218 98
219 319
289 474
4 152
281 532
280 651
283 492
284 495
287 15
286 126
263 548
262 20
260 300
267 33
264 611
269 178
59 108
58 73
55 485
54 11
56 135
51 459
50 424
53 393
536 531
535 515
63 224
533 257
532 488
531 626
530 353
539 500
538 606
114 279
117 554
116 160
113 534
112 591
119 576
118 260
429 421
534 569
421 356
420 508
423 345
422 584
424 112
427 416
426 499
308 182
309 28
300 174
301 103
303 359
304 292
305 237
306 401
307 284
568 523
569 522
560 505
562 330
564 7
565 39
566 269
567 346
227 357
226 443
224 166
222 528
221 413
220 632
391 328
151 367
150 545
153 165
152 380
155 604
154 542
157 192
156 133
159 231
158 590
608 56
80 375
635 122
398 44
48 75
47 151
44 412
45 623
42 371
43 34
40 69
41 318
5 600
639 477
489 55
488 114
487 434
485 21
484 494
483 196
481 252
480 47
472 343
470 581
471 484
476 301
477 564
474 256
478 143
341 344
1 0
347 346
372 347
341 340
350 341
341 342
341 343
347 348
350 349
594 595
607 606
609 594
628 619
299 298
313 299
293 296
313 297
293 294
293 295
293 292
297 293
288 290
288 291
592 591
589 590
592 593
601 592
225 199
199 198
609 597
597 596
194 195
229 194
228 197
197 196
192 191
189 190
192 193
204 192
271 270
297 271
271 272
271 273
275 274
282 275
275 276
275 277
275 278
275 279
528 524
524 525
527 526
538 527
519 520
579 521
521 522
524 523
601 599
537 528
528 529
448 449
461 448
440 443
440 442
440 441
451 440
448 447
440 446
440 445
440 444
107 108
110 109
101 102
104 103
107 100
124 101
107 106
143 107
143 104
104 105
36 39
36 38
32 33
107 32
32 31
29 30
36 37
68 36
36 35
91 34
642 641
644 640
642 643
647 642
644 645
647 644
440 438
438 439
435 436
438 437
435 434
451 435
461 432
432 433
431 430
438 431
338 339
372 338
372 335
335 334
338 337
335 336
332 331
329 330
332 333
350 332
341 345
36 6
100 99
97 98
100 91
91 90
94 93
127 92
94 95
132 94
127 97
110 96
557 559
557 558
579 555
553 554
571 557
557 556
552 551
549 550
555 553
579 552
235 238
240 239
235 234
266 235
235 236
235 237
229 230
232 231
235 232
232 233
2 1
612 614
143 146
143 147
143 144
143 145
143 142
165 143
170 140
140 141
655 612
612 613
612 610
612 611
621 616
616 617
143 148
143 149
621 623
621 622
132 133
138 132
143 131
131 130
138 137
132 136
132 135
132 134
492 494
492 495
140 139
143 138
507 490
527 491
509 492
492 493
22 24
26 25
34 26
131 27
19 20
22 21
36 22
22 23
29 28
57 29
419 407
407 406
451 405
405 404
402 403
451 402
396 401
396 400
631 629
407 409
407 408
629 628
372 379
372 378
370 371
418 370
372 373
387 372
372 375
372 374
372 377
372 376
619 618
396 393
393 392
87 88
87 89
396 397
407 396
396 395
393 394
101 82
82 83
79 80
82 81
100 86
111 87
82 84
86 85
6 7
603 601
610 607
597 586
586 587
579 584
579 585
579 582
579 583
579 580
579 581
589 588
610 589
246 245
243 244
246 247
253 246
240 241
253 240
253 243
243 242
616 615
250 249
246 248
538 519
533 518
509 511
509 510
514 513
509 512
514 515
533 514
533 517
517 516
465 458
458 459
628 621
621 620
625 627
625 626
629 625
625 624
451 450
466 451
451 452
451 453
455 454
461 455
455 456
458 457
178 179
228 178
176 177
204 176
176 175
172 174
172 173
183 172
172 171
209 170
655 654
275 253
183 182
189 183
178 180
178 181
194 186
186 187
183 184
186 185
655 652
186 188
214 189
654 653
649 650
652 651
10 11
129 10
107 13
13 12
13 15
13 14
96 17
17 16
36 19
19 18
61 62
329 322
322 323
352 320
322 321
325 326
354 327
325 324
329 325
327 328
360 329
202 201
199 200
202 203
235 202
232 205
232 204
205 207
205 206
235 209
209 208
107 77
77 76
72 75
72 74
72 73
87 72
72 71
68 70
656 655
92 79
79 78
27 2
538 542
553 543
538 540
538 541
547 546
571 547
552 544
544 545
6 8
547 548
555 549
87 68
599 598
119 120
119 121
123 122
170 123
143 124
124 125
127 126
143 127
129 128
143 129
415 414
461 415
415 416
418 417
407 410
407 411
407 412
407 413
499 498
419 418
438 419
518 499
320 319
313 318
327 313
310 312
310 311
320 310
313 317
313 316
313 315
313 314
538 496
496 497
2 3
396 368
370 369
360 366
368 367
360 364
360 365
360 362
360 363
372 360
360 361
372 380
372 381
372 382
384 383
407 384
384 385
387 386
396 387
387 388
390 389
612 605
594 579
579 578
605 604
579 573
573 572
579 571
571 570
578 577
575 576
578 575
573 574
61 60
77 61
253 258
253 259
92 64
64 65
67 66
96 67
253 252
68 69
275 250
250 251
253 256
253 257
253 254
253 255
605 603
603 602
509 508
521 509
507 506
517 507
518 504
504 505
501 502
504 503
501 500
507 501
631 630
634 631
631 632
634 633
519 469
469 468
634 636
638 637
473 465
465 464
466 467
475 466
482 461
461 460
461 463
461 462
167 168
170 169
143 164
205 165
167 166
178 167
143 160
143 161
143 162
143 163
599 600
10 9
652 647
647 646
654 649
649 648
358 357
354 356
354 355
360 354
354 353
372 352
352 351
396 350
358 359
372 358
217 216
253 217
253 214
214 215
211 212
211 213
211 210
240 211
217 218
217 219
288 289
313 288
2 4
282 281
275 280
282 283
297 282
288 285
285 284
288 287
285 286
261 263
261 262
265 261
261 260
268 267
293 266
266 265
265 264
268 269
275 268
57 59
57 58
86 55
55 54
68 57
57 56
52 51
49 50
52 53
96 52
543 537
537 536
533 535
64 63
543 533
528 532
528 531
528 530
538 539
561 538
143 115
115 114
115 117
115 116
143 111
143 110
111 113
111 112
143 119
119 118
428 429
438 428
533 534
419 421
419 420
419 423
419 422
440 425
425 424
428 427
425 426
302 308
310 309
299 300
302 301
341 302
302 303
302 304
302 305
302 306
302 307
573 568
568 569
561 560
575 561
563 562
571 563
563 564
566 565
575 566
566 567
250 229
232 228
228 227
225 226
232 225
223 224
225 223
223 222
220 221
246 220
390 391
455 390
143 151
143 150
143 153
143 152
143 155
143 154
143 157
143 156
143 159
143 158
612 609
607 608
638 634
396 399
634 635
396 398
49 48
119 49
86 46
46 47
36 44
46 45
36 42
36 43
36 40
36 41
640 638
6 5
640 639
490 489
486 488
486 487
518 486
486 485
482 484
482 483
538 482
482 481
479 480
469 472
475 473
469 470
469 471
477 476
490 477
473 474
491 475
479 478
496 479
