485
656
656
344 344
0 0
346 346
340 340
342 342
343 343
348 348
349 349
606 606
619 619
298 298
296 296
294 294
295 295
292 292
290 290
291 291
591 591
590 590
593 593
595 595
198 198
596 596
195 195
598 598
197 197
196 196
191 191
190 190
193 193
192 192
270 270
272 272
273 273
274 274
276 276
277 277
278 278
279 279
525 525
526 526
520 520
522 522
523 523
528 528
529 529
449 449
443 443
442 442
441 441
447 447
446 446
445 445
444 444
108 108
109 109
102 102
103 103
101 101
106 106
107 107
105 105
39 39
38 38
33 33
31 31
30 30
37 37
36 36
35 35
34 34
641 641
643 643
645 645
439 439
436 436
437 437
434 434
432 432
433 433
430 430
431 431
339 339
334 334
337 337
336 336
331 331
330 330
333 333
345 345
99 99
98 98
90 90
93 93
95 95
97 97
559 559
558 558
554 554
556 556
551 551
550 550
238 238
239 239
234 234
236 236
237 237
230 230
231 231
233 233
1 1
146 146
147 147
144 144
145 145
142 142
143 143
141 141
613 613
611 611
617 617
148 148
149 149
622 622
133 133
130 130
137 137
136 136
135 135
134 134
494 494
495 495
139 139
497 497
491 491
492 492
493 493
24 24
25 25
26 26
27 27
20 20
21 21
23 23
28 28
406 406
405 405
404 404
403 403
402 402
401 401
400 400
409 409
408 408
379 379
378 378
371 371
373 373
375 375
374 374
377 377
376 376
618 618
393 393
392 392
88 88
89 89
397 397
395 395
394 394
83 83
399 399
81 81
84 84
85 85
7 7
586 586
587 587
584 584
585 585
582 582
583 583
580 580
581 581
588 588
245 245
244 244
247 247
241 241
614 614
242 242
615 615
249 249
248 248
511 511
510 510
513 513
512 512
515 515
516 516
623 623
459 459
620 620
627 627
626 626
624 624
450 450
452 452
453 453
454 454
456 456
457 457
179 179
178 178
177 177
175 175
174 174
173 173
172 172
171 171
182 182
183 183
180 180
181 181
187 187
184 184
185 185
188 188
653 653
650 650
651 651
11 11
12 12
15 15
14 14
17 17
16 16
18 18
62 62
323 323
321 321
326 326
324 324
328 328
329 329
201 201
200 200
203 203
207 207
206 206
208 208
76 76
75 75
74 74
73 73
72 72
71 71
70 70
78 78
542 542
540 540
541 541
546 546
544 544
545 545
8 8
548 548
549 549
120 120
121 121
122 122
123 123
125 125
126 126
128 128
414 414
416 416
417 417
410 410
411 411
412 412
413 413
498 498
499 499
319 319
318 318
312 312
311 311
317 317
316 316
315 315
314 314
3 3
368 368
369 369
366 366
367 367
364 364
365 365
362 362
363 363
360 360
361 361
380 380
381 381
382 382
383 383
385 385
386 386
388 388
389 389
604 604
572 572
570 570
577 577
576 576
574 574
60 60
258 258
259 259
65 65
66 66
67 67
252 252
69 69
251 251
256 256
257 257
254 254
255 255
602 602
508 508
509 509
506 506
505 505
502 502
503 503
500 500
630 630
632 632
633 633
468 468
636 636
637 637
464 464
467 467
460 460
463 463
462 462
168 168
169 169
164 164
165 165
166 166
160 160
161 161
162 162
163 163
600 600
9 9
646 646
648 648
357 357
356 356
355 355
353 353
351 351
359 359
216 216
215 215
212 212
213 213
210 210
218 218
219 219
289 289
4 4
281 281
280 280
283 283
284 284
287 287
286 286
263 263
262 262
260 260
267 267
264 264
269 269
59 59
58 58
55 55
54 54
56 56
51 51
50 50
53 53
536 536
535 535
63 63
533 533
532 532
531 531
530 530
539 539
538 538
114 114
117 117
116 116
113 113
112 112
119 119
118 118
429 429
534 534
421 421
420 420
423 423
422 422
424 424
427 427
426 426
308 308
309 309
300 300
301 301
303 303
304 304
305 305
306 306
307 307
568 568
569 569
560 560
562 562
564 564
565 565
566 566
567 567
227 227
226 226
224 224
222 222
221 221
220 220
391 391
151 151
150 150
153 153
152 152
155 155
154 154
157 157
156 156
159 159
158 158
608 608
80 80
635 635
398 398
48 48
47 47
44 44
45 45
42 42
43 43
40 40
41 41
5 5
639 639
489 489
488 488
487 487
485 485
484 484
483 483
481 481
480 480
472 472
470 470
471 471
476 476
477 477
474 474
478 478
341 344
1 0
347 346
372 347
341 340
350 341
341 342
341 343
347 348
350 349
594 595
607 606
609 594
628 619
299 298
313 299
293 296
313 297
293 294
293 295
293 292
297 293
288 290
288 291
592 591
589 590
592 593
601 592
225 199
199 198
609 597
597 596
194 195
229 194
228 197
197 196
192 191
189 190
192 193
204 192
271 270
297 271
271 272
271 273
275 274
282 275
275 276
275 277
275 278
275 279
528 524
524 525
527 526
538 527
519 520
579 521
521 522
524 523
601 599
537 528
528 529
448 449
461 448
440 443
440 442
440 441
451 440
448 447
440 446
440 445
440 444
107 108
110 109
101 102
104 103
107 100
124 101
107 106
143 107
143 104
104 105
36 39
36 38
32 33
107 32
32 31
29 30
36 37
68 36
36 35
91 34
642 641
644 640
642 643
647 642
644 645
647 644
440 438
438 439
435 436
438 437
435 434
451 435
461 432
432 433
431 430
438 431
338 339
372 338
372 335
335 334
338 337
335 336
332 331
329 330
332 333
350 332
341 345
36 6
100 99
97 98
100 91
91 90
94 93
127 92
94 95
132 94
127 97
110 96
557 559
557 558
579 555
553 554
571 557
557 556
552 551
549 550
555 553
579 552
235 238
240 239
235 234
266 235
235 236
235 237
229 230
232 231
235 232
232 233
2 1
612 614
143 146
143 147
143 144
143 145
143 142
165 143
170 140
140 141
655 612
612 613
612 610
612 611
621 616
616 617
143 148
143 149
621 623
621 622
132 133
138 132
143 131
131 130
138 137
132 136
132 135
132 134
492 494
492 495
140 139
143 138
507 490
527 491
509 492
492 493
22 24
26 25
34 26
131 27
19 20
22 21
36 22
22 23
29 28
57 29
419 407
407 406
451 405
405 404
402 403
451 402
396 401
396 400
631 629
407 409
407 408
629 628
372 379
372 378
370 371
418 370
372 373
387 372
372 375
372 374
372 377
372 376
619 618
396 393
393 392
87 88
87 89
396 397
407 396
396 395
393 394
101 82
82 83
79 80
82 81
100 86
111 87
82 84
86 85
6 7
603 601
610 607
597 586
586 587
579 584
579 585
579 582
579 583
579 580
579 581
589 588
610 589
246 245
243 244
246 247
253 246
240 241
253 240
253 243
243 242
616 615
250 249
246 248
538 519
533 518
509 511
509 510
514 513
509 512
514 515
533 514
533 517
517 516
465 458
458 459
628 621
621 620
625 627
625 626
629 625
625 624
451 450
466 451
451 452
451 453
455 454
461 455
455 456
458 457
178 179
228 178
176 177
204 176
176 175
172 174
172 173
183 172
172 171
209 170
655 654
275 253
183 182
189 183
178 180
178 181
194 186
186 187
183 184
186 185
655 652
186 188
214 189
654 653
649 650
652 651
10 11
129 10
107 13
13 12
13 15
13 14
96 17
17 16
36 19
19 18
61 62
329 322
322 323
352 320
322 321
325 326
354 327
325 324
329 325
327 328
360 329
202 201
199 200
202 203
235 202
232 205
232 204
205 207
205 206
235 209
209 208
107 77
77 76
72 75
72 74
72 73
87 72
72 71
68 70
656 655
92 79
79 78
27 2
538 542
553 543
538 540
538 541
547 546
571 547
552 544
544 545
6 8
547 548
555 549
87 68
599 598
119 120
119 121
123 122
170 123
143 124
124 125
127 126
143 127
129 128
143 129
415 414
461 415
415 416
418 417
407 410
407 411
407 412
407 413
499 498
419 418
438 419
518 499
320 319
313 318
327 313
310 312
310 311
320 310
313 317
313 316
313 315
313 314
538 496
496 497
2 3
396 368
370 369
360 366
368 367
360 364
360 365
360 362
360 363
372 360
360 361
372 380
372 381
372 382
384 383
407 384
384 385
387 386
396 387
387 388
390 389
612 605
594 579
579 578
605 604
579 573
573 572
579 571
571 570
578 577
575 576
578 575
573 574
61 60
77 61
253 258
253 259
92 64
64 65
67 66
96 67
253 252
68 69
275 250
250 251
253 256
253 257
253 254
253 255
605 603
603 602
509 508
521 509
507 506
517 507
518 504
504 505
501 502
504 503
501 500
507 501
631 630
634 631
631 632
634 633
519 469
469 468
634 636
638 637
473 465
465 464
466 467
475 466
482 461
461 460
461 463
461 462
167 168
170 169
143 164
205 165
167 166
178 167
143 160
143 161
143 162
143 163
599 600
10 9
652 647
647 646
654 649
649 648
358 357
354 356
354 355
360 354
354 353
372 352
352 351
396 350
358 359
372 358
217 216
253 217
253 214
214 215
211 212
211 213
211 210
240 211
217 218
217 219
288 289
313 288
2 4
282 281
275 280
282 283
297 282
288 285
285 284
288 287
285 286
261 263
261 262
265 261
261 260
268 267
293 266
266 265
265 264
268 269
275 268
57 59
57 58
86 55
55 54
68 57
57 56
52 51
49 50
52 53
96 52
543 537
537 536
533 535
64 63
543 533
528 532
528 531
528 530
538 539
561 538
143 115
115 114
115 117
115 116
143 111
143 110
111 113
111 112
143 119
119 118
428 429
438 428
533 534
419 421
419 420
419 423
419 422
440 425
425 424
428 427
425 426
302 308
310 309
299 300
302 301
341 302
302 303
302 304
302 305
302 306
302 307
573 568
568 569
561 560
575 561
563 562
571 563
563 564
566 565
575 566
566 567
250 229
232 228
228 227
225 226
232 225
223 224
225 223
223 222
220 221
246 220
390 391
455 390
143 151
143 150
143 153
143 152
143 155
143 154
143 157
143 156
143 159
143 158
612 609
607 608
638 634
396 399
634 635
396 398
49 48
119 49
86 46
46 47
36 44
46 45
36 42
36 43
36 40
36 41
640 638
6 5
640 639
490 489
486 488
486 487
518 486
486 485
482 484
482 483
538 482
482 481
479 480
469 472
475 473
469 470
469 471
477 476
490 477
473 474
491 475
479 478
496 479
