452
804
0
629 2
531 8
520 12
518 13
530 14
534 16
508 18
509 19
523 22
524 24
521 25
513 28
512 30
510 31
514 32
528 34
526 35
503 38
504 40
506 42
517 44
515 45
495 50
472 54
470 55
473 56
478 59
479 60
434 64
437 66
436 67
450 70
449 71
447 72
404 77
406 78
442 79
439 79
440 83
438 84
441 86
407 87
414 90
416 91
382 98
383 99
381 101
387 102
428 103
465 104
493 106
491 107
374 110
373 111
460 115
461 116
463 118
462 119
458 120
408 124
409 125
499 126
397 130
398 132
400 133
399 135
376 138
375 139
446 140
391 142
389 143
403 148
468 150
467 153
466 154
401 155
419 161
417 162
490 165
443 167
444 168
480 170
487 171
394 174
433 176
396 177
451 179
482 181
422 182
455 184
380 188
377 189
379 190
429 192
411 198
413 199
412 200
410 201
392 203
386 205
384 206
431 208
430 209
488 214
489 215
485 216
456 219
423 220
453 221
483 223
420 224
476 227
425 228
474 229
426 230
596 233
591 235
592 236
590 243
589 244
584 246
586 248
581 250
583 251
587 252
624 254
622 255
580 258
568 262
566 263
550 266
547 267
545 271
541 274
544 275
543 276
540 279
537 281
535 282
538 283
564 286
563 287
559 290
565 293
549 294
561 295
562 296
575 299
573 300
570 303
572 304
556 308
558 309
554 311
552 312
577 313
594 314
230 317
221 322
223 323
224 324
208 328
210 329
5 333
7 334
147 337
149 339
150 340
38 343
36 344
114 346
116 347
85 350
17 352
16 353
146 354
153 356
151 357
84 362
82 363
163 366
162 367
60 370
58 371
122 372
187 373
204 380
202 381
190 382
205 384
183 385
199 387
197 388
127 390
124 393
64 396
66 397
67 398
126 399
216 404
215 408
218 410
217 411
200 413
219 414
188 415
207 416
119 419
121 420
53 423
55 425
105 430
98 431
97 434
3 436
4 437
77 438
79 443
20 444
104 445
78 449
96 450
103 453
102 454
61 457
63 458
15 460
13 461
108 464
76 467
95 470
73 471
111 472
107 474
106 475
109 478
75 479
56 481
99 482
100 484
141 486
110 488
101 490
57 491
33 494
35 495
34 497
213 499
51 500
69 502
19 505
9 507
8 508
86 510
88 511
164 519
166 521
129 522
25 525
27 526
130 527
134 531
12 534
10 535
131 536
173 537
170 539
176 543
0 544
168 545
174 546
171 549
2 551
175 552
172 555
112 557
50 560
28 561
30 562
32 566
31 567
92 568
94 569
133 570
212 571
24 576
22 577
39 578
144 580
193 583
191 585
192 586
194 588
195 591
139 595
138 596
135 597
142 598
81 599
80 599
72 606
70 607
196 608
181 612
178 613
180 614
160 618
159 619
161 620
44 623
43 625
41 625
46 630
45 631
42 632
157 635
156 636
89 640
90 641
91 642
158 644
155 645
118 649
185 650
47 652
49 653
137 654
326 661
324 662
301 665
299 666
311 667
370 669
361 671
307 673
603 674
287 678
290 680
289 681
236 686
233 688
231 689
234 691
225 693
227 694
239 696
241 697
306 698
298 704
297 705
295 706
330 708
313 709
262 714
260 715
269 716
270 719
245 724
248 726
247 727
255 728
252 729
254 730
266 732
244 737
242 738
263 741
265 742
264 743
251 746
249 747
267 748
257 751
259 752
258 753
303 754
309 756
316 763
319 764
323 768
322 769
280 770
304 773
320 775
282 776
321 777
275 778
318 779
358 781
611 783
337 786
339 787
359 790
340 789
341 789
356 795
360 796
327 799
329 800
342 801
350 807
349 808
598 810
372 811
609 812
605 818
354 819
364 823
367 824
366 825
600 827
334 828
351 832
362 834
599 835
369 836
617 840
602 841
607 842
621 845
613 846
615 848
608 849
612 851
345 854
343 855
355 856
601 859
614 861
365 862
620 865
606 867
346 869
348 870
618 872
332 873
619 875
604 878
353 881
616 882
336 884
335 885
610 886
315 888
293 892
291 893
238 896
274 897
284 898
279 901
277 902
286 903
0 1
1 2
1 3
3 4
4 5
5 6
6 7
7 8
7 9
9 10
10 11
11 12
11 13
10 14
9 15
15 16
15 17
17 18
17 19
6 20
20 21
21 22
21 23
23 24
23 25
20 26
26 27
27 28
27 29
29 30
29 31
26 32
5 33
33 34
33 35
4 36
36 37
37 38
37 39
39 40
39 41
41 42
41 43
43 44
43 45
36 46
46 47
47 48
48 49
49 50
49 51
51 52
52 53
53 54
53 55
52 56
51 57
57 58
58 59
58 60
57 61
61 63
63 64
63 65
65 66
65 67
61 68
68 69
69 70
69 71
68 72
61 73
73 77
73 78
73 79
73 82
82 83
82 84
73 85
85 86
85 87
48 88
88 89
89 90
89 91
88 94
94 95
95 96
96 97
97 98
97 99
96 101
96 102
95 103
94 104
88 106
88 107
88 108
108 109
109 110
109 111
108 115
108 116
108 117
117 118
117 119
108 120
47 121
121 122
122 123
123 124
123 125
122 126
121 127
127 128
128 129
129 130
129 131
131 132
131 133
128 134
134 135
134 136
136 137
137 138
137 139
136 140
127 141
141 142
141 143
46 144
144 145
145 148
145 150
145 151
151 152
152 153
152 154
151 155
145 157
157 158
158 159
159 161
159 162
159 163
163 164
164 165
164 167
164 168
163 170
163 171
158 173
173 174
173 175
175 176
175 177
158 178
178 179
178 180
180 181
180 182
157 183
183 184
183 185
185 186
186 187
187 188
187 189
186 190
185 191
191 192
191 193
193 195
195 197
197 198
197 199
195 200
195 201
193 202
202 203
202 204
204 205
204 206
193 207
207 208
207 209
145 210
210 211
211 213
213 214
213 215
211 216
211 218
218 219
218 220
211 221
210 222
222 223
222 224
145 225
225 226
226 227
226 228
225 229
144 230
3 231
231 232
232 233
232 234
234 235
234 236
231 237
237 238
238 239
239 240
240 241
241 242
242 243
242 244
241 245
245 246
245 247
247 248
247 249
249 250
249 251
240 252
239 253
253 254
253 255
238 256
256 257
257 258
257 259
259 261
261 262
261 263
259 264
264 265
265 266
265 267
264 268
268 269
269 270
270 271
270 272
272 274
272 275
272 276
269 277
277 279
277 280
280 281
280 282
277 283
268 285
285 286
285 287
268 288
288 289
289 290
289 292
292 293
292 294
289 295
288 296
259 297
297 298
298 299
298 300
297 301
301 302
302 303
302 304
301 305
305 306
306 307
307 308
307 309
306 310
310 311
310 312
305 313
256 314
237 315
315 316
316 317
316 318
318 319
319 320
320 321
321 322
321 323
320 324
319 325
325 326
326 327
327 328
327 329
326 330
330 331
331 332
332 333
332 334
331 335
335 336
336 337
336 338
338 339
338 340
335 341
341 343
341 344
341 346
341 347
330 348
348 349
349 350
349 351
351 352
351 353
348 354
325 355
355 356
355 357
318 358
358 359
359 360
360 361
361 362
361 363
360 365
365 366
365 367
360 369
369 370
369 371
360 372
359 373
358 375
375 377
377 378
378 379
379 380
379 381
378 382
377 383
383 384
383 385
375 386
386 387
386 388
375 389
389 390
389 391
391 392
392 393
392 395
395 396
395 397
392 398
391 399
358 403
403 404
403 405
405 406
406 407
407 408
407 410
407 411
406 412
412 413
412 414
405 415
358 416
358 417
417 418
418 419
418 420
417 421
421 422
422 423
422 424
424 425
424 428
428 429
429 430
429 431
428 433
433 434
433 435
435 436
435 437
428 438
424 439
439 440
440 441
441 443
441 444
441 445
440 447
447 449
447 450
447 451
451 453
451 454
451 456
456 457
456 458
451 459
459 460
459 461
440 463
463 464
463 465
465 467
465 468
468 469
469 470
469 471
468 472
465 473
473 474
473 475
440 477
477 478
477 479
440 480
480 481
480 482
439 483
483 484
483 485
485 486
485 488
485 490
485 491
424 492
492 493
493 494
493 495
492 496
496 497
496 498
498 499
498 500
421 501
501 502
501 503
503 504
504 505
504 506
506 507
506 508
503 509
509 510
509 511
358 513
513 514
514 515
515 517
517 518
518 519
518 520
520 521
520 522
517 523
523 524
524 525
524 526
523 527
515 528
528 529
529 530
530 531
530 532
532 533
533 534
533 535
532 536
529 537
528 538
538 539
538 540
540 542
542 543
542 544
540 545
540 546
515 547
547 548
548 549
548 550
550 551
550 552
547 553
553 554
554 555
554 556
556 557
556 558
558 560
558 561
558 562
553 563
563 565
565 566
565 567
563 568
563 569
514 570
513 571
358 572
572 574
574 575
575 576
575 577
574 578
572 579
579 580
579 581
581 582
582 583
582 584
584 585
584 586
581 587
587 588
587 589
589 590
590 591
590 593
593 595
593 596
593 597
590 598
589 599
572 602
602 603
603 604
604 605
605 606
605 607
604 608
603 609
609 611
611 612
611 613
609 614
609 615
615 616
616 618
616 619
616 620
615 622
622 623
622 624
624 625
625 630
625 631
624 632
615 633
633 635
633 636
633 638
638 640
638 641
638 642
633 643
643 644
643 645
602 646
646 647
647 648
648 649
648 650
647 651
651 652
651 653
646 654
315 655
655 656
656 658
658 659
659 660
660 661
660 662
659 663
663 664
664 665
664 666
663 667
658 668
668 669
668 671
668 672
672 673
672 674
656 675
675 676
676 677
677 678
677 679
679 680
679 681
676 682
682 683
683 684
684 685
685 686
685 687
687 688
687 689
684 690
690 691
690 692
692 693
692 694
683 695
695 696
695 697
682 698
675 699
699 700
700 701
701 702
702 703
703 704
703 705
702 706
701 707
707 708
707 709
700 710
710 711
711 712
712 713
713 714
713 715
712 716
711 717
717 718
718 719
718 722
722 723
723 724
723 726
723 727
722 728
718 729
718 730
717 731
731 732
731 733
733 734
734 735
735 736
736 737
736 738
735 740
740 741
740 742
735 743
734 745
745 746
745 747
734 748
733 749
749 751
749 752
749 753
710 754
699 755
755 756
755 757
757 759
759 762
762 763
762 764
759 767
767 768
767 769
759 770
759 771
771 773
771 774
774 775
774 776
771 777
759 778
759 779
757 780
780 781
780 782
782 783
782 784
784 785
785 786
785 787
784 788
788 789
789 790
788 794
794 795
794 796
757 797
797 798
798 799
798 800
797 801
656 802
802 803
803 804
804 806
806 807
806 808
804 809
809 810
809 811
804 812
803 813
813 814
814 815
815 816
816 817
817 818
817 819
816 820
820 821
821 822
822 823
822 824
821 825
820 826
826 827
826 828
815 830
830 831
831 832
831 834
831 835
830 836
815 837
837 838
838 839
839 840
839 841
838 842
837 844
844 845
844 846
837 847
847 848
847 849
814 850
850 851
850 853
853 854
853 855
850 856
813 857
857 859
857 860
860 861
860 862
857 863
863 864
864 865
864 866
866 867
866 868
868 869
868 870
863 871
871 872
871 873
802 874
874 875
874 876
876 877
877 878
877 881
877 882
877 883
883 884
883 885
876 886
655 887
887 888
887 889
889 890
890 891
891 892
891 893
890 894
894 895
895 896
895 897
894 898
889 899
899 900
900 901
900 902
899 903
