452
903
0
315 8
279 12
277 13
286 14
108 40
109 45
20 46
106 47
107 49
104 50
95 52
100 53
75 54
110 57
96 58
105 61
98 62
97 64
77 66
4 68
3 69
103 72
102 73
79 75
78 78
73 79
76 80
111 81
141 85
99 86
13 87
101 91
15 92
57 94
56 95
55 96
63 98
61 99
69 100
53 101
51 104
34 105
35 107
33 108
88 112
86 113
19 114
9 116
8 117
183 118
188 121
127 125
67 128
66 129
64 130
126 131
124 132
187 134
163 137
162 138
122 141
84 143
82 144
60 146
58 147
219 152
200 153
218 155
216 157
215 158
217 159
205 164
202 165
204 166
190 167
121 169
119 170
207 172
196 180
144 181
185 183
118 185
49 187
47 188
192 192
191 193
193 194
195 196
181 200
178 201
180 203
161 207
160 210
158 213
157 214
155 216
90 218
89 219
159 223
46 224
45 228
43 229
41 230
42 231
44 232
156 233
91 234
72 236
70 237
142 239
81 242
80 243
138 245
139 247
135 248
194 250
39 252
24 254
22 255
137 256
212 258
2 266
176 269
168 270
0 271
175 274
173 275
32 282
31 283
129 285
130 287
27 289
25 290
164 291
172 292
134 295
131 296
12 298
10 299
112 301
94 303
92 304
170 305
174 306
171 308
133 309
166 310
50 312
30 314
28 315
199 317
197 318
213 319
208 325
146 327
85 329
17 331
16 332
150 337
114 338
149 339
147 340
116 343
38 345
36 346
7 348
5 349
210 350
223 352
221 353
153 355
151 356
224 357
230 358
238 359
274 360
284 361
291 362
293 363
621 380
615 384
608 385
354 386
355 387
600 388
605 391
346 392
617 394
602 395
599 396
619 399
607 400
601 402
345 404
343 405
362 406
616 413
613 415
372 416
604 417
353 418
614 420
351 421
603 422
610 423
620 425
369 426
367 431
366 432
365 434
326 435
311 437
301 439
299 440
332 441
307 445
309 446
324 447
334 448
364 449
618 451
609 453
598 457
350 459
349 460
370 461
348 462
612 464
611 471
339 473
337 474
360 475
359 476
356 478
341 480
340 481
358 482
329 484
327 485
606 486
336 488
335 489
342 492
227 499
225 500
234 501
236 504
231 505
233 506
241 508
239 509
323 516
318 517
321 521
304 523
282 524
320 525
280 526
322 527
290 531
289 533
287 534
306 535
316 536
275 537
319 538
330 542
298 545
297 546
295 547
313 548
262 552
260 553
254 557
255 559
248 562
247 563
245 564
270 565
269 569
267 570
266 575
265 577
263 578
264 579
259 582
257 583
258 584
251 586
249 587
252 590
244 591
242 592
303 593
361 594
596 596
592 598
591 599
624 601
622 602
594 605
580 607
575 612
573 613
556 614
577 617
558 619
554 621
552 622
572 624
570 625
568 628
566 629
538 635
535 637
537 638
545 640
544 643
541 644
543 645
562 648
561 650
540 651
559 652
564 655
550 656
563 657
549 660
547 661
565 662
590 665
589 667
587 668
583 671
581 672
586 674
584 675
629 676
531 681
530 683
520 685
518 686
528 690
526 691
521 693
523 695
524 696
509 698
508 699
534 700
391 710
446 713
400 715
398 719
389 720
376 722
375 723
397 724
399 725
499 727
409 729
408 730
447 735
449 737
450 738
463 741
462 745
461 746
460 747
374 749
373 750
458 751
407 756
442 760
406 762
404 763
440 765
438 766
439 767
495 771
478 773
416 775
414 776
479 777
437 779
436 781
434 782
472 784
470 785
441 786
493 788
491 791
473 792
465 794
428 796
387 800
381 801
382 802
383 803
468 806
476 808
426 812
433 813
487 817
490 820
419 821
480 822
420 823
489 826
488 827
456 832
423 833
474 834
466 836
425 837
485 845
455 846
467 849
403 851
401 852
422 853
483 854
453 856
451 857
482 858
396 860
394 861
417 862
444 864
443 865
431 872
430 874
413 876
410 877
411 878
429 879
392 881
386 883
384 884
380 887
379 888
377 889
412 890
503 891
504 892
506 893
517 895
515 896
514 900
510 901
512 902
513 903
0 1
1 2
2 3
3 4
4 5
5 6
6 7
7 8
7 9
9 10
10 11
11 12
11 13
10 14
9 15
15 16
16 17
17 18
18 19
19 20
20 21
21 22
22 23
23 24
24 25
25 26
26 27
27 28
28 29
29 30
30 31
31 32
32 33
33 34
34 35
35 36
36 37
37 38
38 39
39 40
39 41
41 42
42 43
43 44
44 45
44 46
43 47
42 48
48 49
48 50
41 51
51 52
51 53
38 54
37 55
55 56
56 57
56 58
55 59
59 60
60 61
60 62
59 63
63 64
63 65
65 66
65 67
67 68
67 69
36 70
70 71
71 72
71 73
70 74
74 75
74 76
76 77
77 78
77 79
76 80
35 81
34 82
82 83
83 84
84 85
84 86
83 87
82 88
88 89
89 90
90 91
90 92
89 93
93 94
93 95
88 96
33 97
97 98
97 99
32 100
31 101
30 102
102 103
103 104
103 105
102 106
106 107
106 108
29 109
109 110
110 111
111 112
111 113
110 114
109 115
115 116
115 117
28 118
27 119
119 120
120 121
120 122
122 123
123 124
124 125
124 126
126 127
127 128
127 129
126 130
123 131
122 132
119 133
133 134
133 135
135 136
136 137
136 138
135 139
139 140
140 141
140 142
142 143
142 144
139 145
145 146
145 147
26 148
148 149
149 150
150 151
151 152
151 153
150 154
154 155
154 156
156 157
156 158
149 159
148 160
160 161
161 162
162 163
163 164
163 165
162 166
161 167
160 168
168 169
168 170
25 171
171 172
171 173
173 174
174 175
175 176
176 177
177 178
178 179
179 180
179 181
178 182
182 183
182 184
184 185
184 186
186 187
186 188
177 189
189 190
190 191
191 192
191 193
190 194
189 195
195 196
195 197
197 198
198 199
199 200
199 201
198 202
202 203
202 204
204 205
205 206
206 207
206 208
208 209
209 210
209 211
211 212
212 213
212 214
211 215
215 216
215 217
217 218
217 219
208 220
220 221
221 222
222 223
222 224
221 225
225 226
226 227
227 228
227 229
226 230
225 231
220 232
205 233
204 234
197 235
235 236
235 237
176 238
238 239
238 240
240 241
241 242
241 243
240 244
244 245
244 246
246 247
246 248
175 249
249 250
249 251
251 252
251 253
253 254
253 255
174 256
173 257
257 258
257 259
259 260
260 261
261 262
262 263
263 264
264 265
265 266
265 267
267 268
268 269
268 270
267 271
264 272
272 273
273 274
273 275
272 276
276 277
277 278
278 279
279 280
280 281
281 282
281 283
280 284
284 285
284 286
286 287
286 288
288 289
288 290
279 291
278 292
277 293
293 294
294 295
294 296
293 297
297 298
297 299
276 300
300 301
300 302
302 303
302 304
263 305
262 306
261 307
307 308
307 309
260 310
259 311
311 312
311 313
313 314
313 315
24 316
316 317
316 318
23 319
22 320
320 321
321 322
322 323
323 324
324 325
324 326
326 327
326 328
328 329
328 330
330 331
330 332
323 333
333 334
334 335
335 336
336 337
336 338
335 339
334 340
333 341
341 342
342 343
342 344
344 345
344 346
341 347
347 348
347 349
322 350
321 351
351 352
351 353
320 354
354 355
354 356
21 357
20 358
19 359
18 360
17 361
16 362
15 363
6 364
364 365
365 366
366 367
367 368
368 369
369 370
370 371
371 372
372 373
373 374
374 375
375 376
376 377
377 378
378 379
379 380
379 381
381 382
382 383
383 384
383 385
382 386
381 387
378 388
377 389
389 390
390 391
390 392
389 393
393 394
393 395
376 396
375 397
397 398
398 399
398 400
397 401
401 402
401 403
403 404
403 405
374 406
373 407
407 408
408 409
409 410
410 411
411 412
412 413
412 414
414 415
414 416
411 417
410 418
409 419
419 420
419 421
408 422
407 423
372 424
424 425
424 426
371 427
427 428
428 429
429 430
430 431
430 432
429 433
433 434
433 435
428 436
436 437
436 438
438 439
438 440
427 441
370 442
442 443
443 444
444 445
444 446
443 447
442 448
369 449
368 450
450 451
450 452
452 453
452 454
454 455
455 456
456 457
456 458
458 459
458 460
455 461
454 462
367 463
463 464
463 465
465 466
466 467
467 468
468 469
469 470
470 471
470 472
472 473
472 474
469 475
468 476
467 477
477 478
477 479
479 480
479 481
466 482
465 483
483 484
483 485
366 486
365 487
487 488
487 489
364 490
490 491
491 492
491 493
493 494
494 495
495 496
496 497
497 498
498 499
498 500
497 501
496 502
502 503
503 504
503 505
502 506
495 507
507 508
507 509
494 510
510 511
511 512
512 513
513 514
514 515
515 516
515 517
514 518
518 519
519 520
520 521
520 522
522 523
522 524
519 525
518 526
513 527
512 528
528 529
529 530
530 531
530 532
532 533
532 534
529 535
528 536
511 537
510 538
493 539
539 540
540 541
541 542
541 543
543 544
544 545
544 546
543 547
540 548
539 549
549 550
550 551
551 552
551 553
550 554
554 555
555 556
556 557
556 558
558 559
558 560
560 561
561 562
561 563
560 564
555 565
554 566
566 567
567 568
568 569
568 570
567 571
571 572
572 573
573 574
574 575
574 576
576 577
576 578
573 579
572 580
580 581
581 582
581 583
580 584
571 585
585 586
585 587
566 588
588 589
589 590
589 591
588 592
549 593
490 594
5 595
595 596
595 597
597 598
597 599
4 600
600 601
600 602
3 603
603 604
604 605
604 606
606 607
606 608
608 609
609 610
610 611
611 612
611 613
610 614
609 615
615 616
616 617
616 618
618 619
618 620
620 621
620 622
615 623
623 624
623 625
608 626
626 627
627 628
627 629
626 630
630 631
631 632
632 633
633 634
634 635
634 636
636 637
636 638
633 639
639 640
639 641
641 642
642 643
642 644
641 645
632 646
646 647
647 648
647 649
649 650
649 651
646 652
631 653
653 654
654 655
654 656
653 657
630 658
658 659
659 660
659 661
658 662
603 663
663 664
664 665
664 666
666 667
666 668
663 669
669 670
670 671
670 672
669 673
673 674
673 675
2 676
1 677
677 678
678 679
679 680
680 681
680 682
682 683
682 684
684 685
684 686
679 687
687 688
688 689
689 690
689 691
688 692
692 693
692 694
694 695
694 696
687 697
697 698
697 699
678 700
677 701
701 702
702 703
703 704
704 705
705 706
706 707
707 708
708 709
709 710
709 711
711 712
712 713
712 714
714 715
714 716
716 717
717 718
718 719
718 720
717 721
721 722
721 723
716 724
711 725
708 726
726 727
726 728
728 729
728 730
707 731
731 732
732 733
733 734
734 735
734 736
736 737
736 738
733 739
739 740
740 741
740 742
742 743
743 744
744 745
744 746
743 747
742 748
748 749
748 750
739 751
732 752
752 753
753 754
754 755
755 756
755 757
757 758
758 759
759 760
759 761
761 762
761 763
758 764
764 765
764 766
757 767
754 768
768 769
769 770
770 771
770 772
772 773
772 774
774 775
774 776
769 777
768 778
778 779
778 780
780 781
780 782
753 783
783 784
783 785
752 786
731 787
787 788
787 789
789 790
790 791
790 792
789 793
793 794
793 795
795 796
795 797
797 798
798 799
799 800
799 801
798 802
797 803
706 804
804 805
805 806
805 807
807 808
807 809
809 810
810 811
811 812
811 813
810 814
814 815
815 816
816 817
816 818
818 819
819 820
819 821
818 822
815 823
814 824
824 825
825 826
825 827
824 828
828 829
829 830
830 831
831 832
831 833
830 834
829 835
835 836
835 837
828 838
838 839
839 840
840 841
841 842
842 843
843 844
844 845
844 846
843 847
847 848
848 849
848 850
850 851
850 852
847 853
842 854
841 855
855 856
855 857
840 858
839 859
859 860
859 861
838 862
809 863
863 864
863 865
804 866
866 867
867 868
868 869
869 870
870 871
871 872
871 873
873 874
873 875
875 876
875 877
870 878
869 879
868 880
880 881
880 882
882 883
882 884
867 885
885 886
886 887
886 888
885 889
866 890
705 891
704 892
703 893
702 894
894 895
894 896
701 897
897 898
898 899
899 900
899 901
898 902
897 903
