452
631
631
0 247
346 336
340 613
341 162
342 322
343 531
348 108
349 383
298 382
299 215
297 479
295 46
293 0
290 434
291 105
591 104
590 348
592 67
199 607
594 361
596 36
195 100
194 573
197 575
196 282
191 572
190 589
193 175
192 521
270 324
274 86
275 127
277 41
279 208
524 554
526 468
520 210
521 604
523 586
599 456
528 407
449 374
443 213
442 212
441 219
440 249
447 354
446 318
444 601
108 234
109 241
102 367
103 358
100 122
101 195
106 429
107 413
104 386
105 513
39 342
38 78
33 391
32 170
31 139
30 91
36 584
35 544
34 31
438 293
439 520
436 565
437 618
434 482
433 174
430 153
431 399
339 176
335 97
334 284
337 199
336 537
330 163
332 559
345 194
99 550
98 49
91 440
90 96
92 311
95 514
94 291
97 420
96 280
559 244
558 616
554 160
556 262
550 121
552 359
238 85
239 381
234 236
236 9
230 599
231 600
233 608
146 610
147 540
144 309
619 73
142 605
141 562
612 27
613 340
610 534
611 362
616 447
617 438
614 193
149 10
133 343
131 79
130 168
137 204
499 3
135 274
134 57
495 295
139 257
138 124
490 398
491 396
493 248
24 568
25 159
27 44
20 412
22 89
28 538
407 590
406 467
404 223
403 106
401 577
400 320
409 369
408 556
379 323
370 32
373 414
372 259
375 594
374 375
377 47
376 55
618 602
392 460
88 166
89 493
397 161
396 349
394 172
82 526
399 126
81 15
86 82
84 269
85 171
7 45
601 56
586 581
587 196
584 221
583 444
580 227
581 403
589 350
245 332
244 19
247 173
241 144
242 207
615 110
249 150
248 50
518 34
510 406
513 504
512 528
515 463
514 400
517 225
458 307
622 619
621 372
620 258
624 450
450 267
451 417
629 423
453 629
455 580
456 178
178 53
176 133
175 98
174 155
173 410
172 416
171 564
170 233
183 158
180 238
181 303
187 615
185 264
188 366
10 495
13 478
12 7
15 436
17 224
16 77
19 446
322 197
323 289
320 319
321 356
326 239
327 137
324 596
329 508
200 157
202 545
205 515
204 603
207 60
208 103
77 92
76 118
75 255
73 472
72 114
70 488
79 107
78 5
2 370
543 304
540 188
541 512
547 38
544 64
545 116
8 17
549 51
598 360
121 430
122 286
124 503
126 449
127 266
129 81
414 102
416 321
417 335
410 524
411 316
412 465
413 313
419 404
319 297
318 192
313 22
311 561
316 260
315 135
3 263
369 58
366 483
367 141
364 473
365 254
362 518
360 33
361 470
380 598
381 39
382 129
383 487
384 425
386 202
387 617
389 506
605 543
604 95
573 364
572 547
570 217
577 592
607 43
575 218
60 530
61 485
258 200
259 164
64 187
66 290
67 351
252 277
69 373
251 42
257 389
254 523
255 138
603 563
602 63
508 94
509 216
506 387
504 365
503 66
468 112
465 30
467 549
466 552
461 509
460 252
463 409
462 426
168 183
164 119
166 380
160 474
161 16
162 614
163 275
9 146
356 329
355 326
354 75
353 451
351 491
350 287
359 612
358 230
216 2
217 466
215 191
212 620
213 408
210 12
218 443
219 299
289 306
4 377
280 397
282 134
284 510
287 587
286 517
263 442
262 431
260 245
267 394
266 181
265 621
264 28
269 346
58 339
55 69
57 622
56 190
51 433
50 441
53 462
537 76
535 61
63 88
531 419
530 341
538 149
114 35
116 455
111 180
110 156
112 558
119 379
118 330
429 151
428 480
534 428
420 80
423 401
422 461
425 8
426 609
309 345
301 453
303 566
304 251
306 489
307 130
568 535
561 70
562 606
563 384
564 13
565 439
566 437
227 101
225 315
224 411
223 147
221 185
391 279
151 231
150 611
153 298
606 541
155 624
600 20
157 205
156 25
159 142
158 301
609 353
608 4
80 265
398 24
49 458
46 111
47 392
44 270
45 422
42 490
43 99
41 376
5 242
489 72
488 334
487 109
485 337
483 476
482 84
480 327
472 570
473 583
470 90
476 131
474 499
478 591
479 355
599 344
1 0
347 346
599 347
357 340
340 341
340 342
344 343
347 348
371 349
625 595
599 606
593 594
599 619
296 298
300 299
312 296
296 297
314 294
296 295
294 292
292 293
288 290
292 291
592 591
588 590
625 593
597 592
198 199
214 198
627 597
597 596
192 195
192 194
198 197
192 196
192 191
189 190
192 193
214 192
271 270
272 271
302 272
283 273
273 274
276 275
305 276
278 277
285 278
278 279
522 524
533 525
527 526
532 527
519 520
522 521
533 522
522 523
626 599
527 528
532 529
448 449
469 448
481 443
439 442
439 441
439 440
448 447
445 446
500 445
443 444
95 108
95 109
95 102
95 103
95 100
95 101
95 106
95 107
95 104
95 105
40 39
37 38
95 33
31 32
165 31
29 30
115 37
37 36
33 35
33 34
439 438
477 439
435 436
435 437
435 434
469 435
481 432
432 433
454 430
430 431
338 339
357 338
368 335
333 334
338 337
335 336
357 331
331 330
599 333
333 332
344 345
167 6
95 99
95 98
89 91
89 90
169 93
93 92
140 95
93 94
95 97
95 96
560 559
557 558
560 555
553 554
569 557
557 556
560 551
551 550
569 553
553 552
237 238
240 239
232 234
256 235
235 236
273 237
229 230
232 231
235 232
232 233
169 1
599 614
145 146
148 147
143 144
209 145
143 142
192 143
182 140
140 141
599 612
599 613
599 610
599 611
599 616
599 617
167 148
148 149
625 623
623 622
132 133
169 132
132 131
128 130
136 137
143 136
136 135
132 134
496 494
494 495
136 139
136 138
486 490
492 491
498 492
492 493
23 24
26 25
128 26
26 27
21 20
95 21
23 22
40 23
29 28
50 29
405 407
405 406
439 405
405 404
402 403
467 402
402 401
397 400
628 629
500 409
409 408
630 628
378 379
430 378
599 371
371 370
459 373
371 372
376 375
373 374
378 377
445 376
599 618
430 393
393 392
87 88
154 89
445 397
395 396
432 395
395 394
83 82
123 83
192 80
80 81
87 86
177 87
83 84
145 85
6 7
599 601
599 607
585 586
588 587
585 584
595 585
585 582
582 583
579 580
582 581
595 588
588 589
246 245
243 244
246 247
264 246
240 241
256 240
264 243
243 242
599 615
250 249
246 248
529 519
519 518
533 511
511 510
511 513
511 512
516 515
511 514
516 517
525 516
459 458
496 459
599 621
599 620
628 627
627 626
626 625
623 624
448 450
452 451
484 452
452 453
484 454
454 455
457 456
484 457
192 179
179 178
201 177
169 176
169 175
169 174
169 173
169 172
169 171
169 170
214 182
182 183
179 180
179 181
211 186
186 187
192 184
184 185
189 188
214 189
132 11
11 10
14 13
11 12
14 15
54 14
16 17
85 16
18 19
87 18
68 62
317 322
317 323
317 320
317 321
325 326
328 327
325 324
363 325
357 328
328 329
214 201
201 200
214 203
203 202
206 205
203 204
206 207
214 206
220 209
209 208
74 77
74 76
74 75
95 74
74 73
71 72
179 71
71 70
74 79
74 78
1 2
546 542
542 543
539 540
542 541
555 546
548 547
542 544
546 545
18 8
551 548
548 549
95 68
599 598
177 120
120 121
123 122
162 123
125 124
214 125
125 126
125 127
165 128
128 129
68 69
415 414
477 415
415 416
418 417
411 410
430 411
411 412
411 413
500 498
481 418
418 419
500 499
317 319
317 318
312 313
331 312
310 311
363 310
357 317
317 316
314 315
599 314
498 496
501 497
21 3
599 368
368 369
363 366
363 367
363 364
363 365
599 362
599 363
357 360
362 361
378 380
382 381
388 382
382 383
385 384
393 385
385 386
388 387
427 388
390 389
599 605
593 579
579 578
599 604
574 573
571 572
576 571
571 570
576 577
578 576
574 575
578 574
59 60
62 61
264 258
258 259
65 64
125 65
65 66
65 67
253 252
264 253
264 250
250 251
276 256
258 257
253 254
253 255
599 603
599 602
532 508
508 509
507 506
525 507
505 504
507 505
505 502
502 503
501 500
502 501
631 630
477 469
467 468
464 465
496 464
484 467
467 466
459 461
459 460
459 463
459 462
169 168
214 169
165 164
169 165
165 166
209 167
154 160
154 161
186 162
162 163
599 600
8 9
599 357
357 356
354 355
599 354
352 353
599 352
352 351
349 350
357 359
357 358
214 216
214 217
228 214
214 215
211 212
214 213
209 210
214 211
214 218
214 219
288 289
317 288
3 4
357 281
281 280
292 283
281 282
294 285
283 284
288 287
285 286
264 263
261 262
268 261
261 260
264 267
264 266
264 265
271 264
268 269
272 268
123 59
59 58
54 55
95 54
54 57
54 56
52 51
113 50
52 53
74 52
536 537
555 536
536 535
62 63
630 533
533 532
532 531
529 530
555 539
539 538
167 115
115 114
184 117
115 116
95 111
95 110
169 113
113 112
120 119
117 118
430 429
427 428
533 534
486 421
421 420
424 423
421 422
424 425
457 424
464 427
424 426
599 308
308 309
310 300
300 301
312 302
302 303
305 304
317 305
305 306
308 307
567 568
576 569
578 560
560 561
560 562
560 563
560 564
560 565
567 566
578 567
237 229
229 228
226 227
232 226
226 225
222 224
222 223
228 222
220 221
222 220
390 391
445 390
152 151
148 150
152 153
209 152
154 155
179 154
154 157
154 156
154 159
154 158
599 609
599 608
397 399
397 398
117 48
48 49
42 46
48 47
42 44
42 45
154 42
42 43
192 40
42 41
6 5
486 489
486 488
486 487
497 486
484 485
486 484
484 483
481 482
486 481
481 480
471 472
471 473
471 470
494 471
475 476
494 477
475 474
497 475
477 478
477 479
