452
631
631
0 0
346 346
340 340
341 341
342 342
343 343
348 348
349 349
298 298
299 299
297 297
295 295
293 293
290 290
291 291
591 591
590 590
592 592
199 199
594 594
596 596
195 195
194 194
197 197
196 196
191 191
190 190
193 193
192 192
270 270
274 274
275 275
277 277
279 279
524 524
526 526
520 520
521 521
523 523
599 599
528 528
449 449
443 443
442 442
441 441
440 440
447 447
446 446
444 444
108 108
109 109
102 102
103 103
100 100
101 101
106 106
107 107
104 104
105 105
39 39
38 38
33 33
32 32
31 31
30 30
36 36
35 35
34 34
438 438
439 439
436 436
437 437
434 434
433 433
430 430
431 431
339 339
335 335
334 334
337 337
336 336
330 330
332 332
345 345
99 99
98 98
91 91
90 90
92 92
95 95
94 94
97 97
96 96
559 559
558 558
554 554
556 556
550 550
552 552
238 238
239 239
234 234
236 236
230 230
231 231
233 233
146 146
147 147
144 144
619 619
142 142
141 141
612 612
613 613
610 610
611 611
616 616
617 617
614 614
149 149
133 133
131 131
130 130
137 137
499 499
135 135
134 134
495 495
139 139
138 138
490 490
491 491
493 493
24 24
25 25
27 27
20 20
22 22
28 28
407 407
406 406
404 404
403 403
401 401
400 400
409 409
408 408
379 379
370 370
373 373
372 372
375 375
374 374
377 377
376 376
618 618
392 392
88 88
89 89
397 397
396 396
394 394
82 82
399 399
81 81
86 86
84 84
85 85
7 7
601 601
586 586
587 587
584 584
583 583
580 580
581 581
589 589
245 245
244 244
247 247
241 241
242 242
615 615
249 249
248 248
518 518
510 510
513 513
512 512
515 515
514 514
517 517
458 458
622 622
621 621
620 620
624 624
450 450
451 451
629 629
453 453
455 455
456 456
178 178
176 176
175 175
174 174
173 173
172 172
171 171
170 170
183 183
180 180
181 181
187 187
185 185
188 188
10 10
13 13
12 12
15 15
17 17
16 16
19 19
322 322
323 323
320 320
321 321
326 326
327 327
324 324
329 329
200 200
202 202
205 205
204 204
207 207
208 208
77 77
76 76
75 75
73 73
72 72
70 70
79 79
78 78
2 2
543 543
540 540
541 541
547 547
544 544
545 545
8 8
549 549
598 598
121 121
122 122
124 124
126 126
127 127
129 129
414 414
416 416
417 417
410 410
411 411
412 412
413 413
419 419
319 319
318 318
313 313
311 311
316 316
315 315
3 3
369 369
366 366
367 367
364 364
365 365
362 362
360 360
361 361
380 380
381 381
382 382
383 383
384 384
386 386
387 387
389 389
605 605
604 604
573 573
572 572
570 570
577 577
607 607
575 575
60 60
61 61
258 258
259 259
64 64
66 66
67 67
252 252
69 69
251 251
257 257
254 254
255 255
603 603
602 602
508 508
509 509
506 506
504 504
503 503
468 468
465 465
467 467
466 466
461 461
460 460
463 463
462 462
168 168
164 164
166 166
160 160
161 161
162 162
163 163
9 9
356 356
355 355
354 354
353 353
351 351
350 350
359 359
358 358
216 216
217 217
215 215
212 212
213 213
210 210
218 218
219 219
289 289
4 4
280 280
282 282
284 284
287 287
286 286
263 263
262 262
260 260
267 267
266 266
265 265
264 264
269 269
58 58
55 55
57 57
56 56
51 51
50 50
53 53
537 537
535 535
63 63
531 531
530 530
538 538
114 114
116 116
111 111
110 110
112 112
119 119
118 118
429 429
428 428
534 534
420 420
423 423
422 422
425 425
426 426
309 309
301 301
303 303
304 304
306 306
307 307
568 568
561 561
562 562
563 563
564 564
565 565
566 566
227 227
225 225
224 224
223 223
221 221
391 391
151 151
150 150
153 153
606 606
155 155
600 600
157 157
156 156
159 159
158 158
609 609
608 608
80 80
398 398
49 49
46 46
47 47
44 44
45 45
42 42
43 43
41 41
5 5
489 489
488 488
487 487
485 485
483 483
482 482
480 480
472 472
473 473
470 470
476 476
474 474
478 478
479 479
599 344
1 0
347 346
599 347
357 340
340 341
340 342
344 343
347 348
371 349
625 595
599 606
593 594
599 619
296 298
300 299
312 296
296 297
314 294
296 295
294 292
292 293
288 290
292 291
592 591
588 590
625 593
597 592
198 199
214 198
627 597
597 596
192 195
192 194
198 197
192 196
192 191
189 190
192 193
214 192
271 270
272 271
302 272
283 273
273 274
276 275
305 276
278 277
285 278
278 279
522 524
533 525
527 526
532 527
519 520
522 521
533 522
522 523
626 599
527 528
532 529
448 449
469 448
481 443
439 442
439 441
439 440
448 447
445 446
500 445
443 444
95 108
95 109
95 102
95 103
95 100
95 101
95 106
95 107
95 104
95 105
40 39
37 38
95 33
31 32
165 31
29 30
115 37
37 36
33 35
33 34
439 438
477 439
435 436
435 437
435 434
469 435
481 432
432 433
454 430
430 431
338 339
357 338
368 335
333 334
338 337
335 336
357 331
331 330
599 333
333 332
344 345
167 6
95 99
95 98
89 91
89 90
169 93
93 92
140 95
93 94
95 97
95 96
560 559
557 558
560 555
553 554
569 557
557 556
560 551
551 550
569 553
553 552
237 238
240 239
232 234
256 235
235 236
273 237
229 230
232 231
235 232
232 233
169 1
599 614
145 146
148 147
143 144
209 145
143 142
192 143
182 140
140 141
599 612
599 613
599 610
599 611
599 616
599 617
167 148
148 149
625 623
623 622
132 133
169 132
132 131
128 130
136 137
143 136
136 135
132 134
496 494
494 495
136 139
136 138
486 490
492 491
498 492
492 493
23 24
26 25
128 26
26 27
21 20
95 21
23 22
40 23
29 28
50 29
405 407
405 406
439 405
405 404
402 403
467 402
402 401
397 400
628 629
500 409
409 408
630 628
378 379
430 378
599 371
371 370
459 373
371 372
376 375
373 374
378 377
445 376
599 618
430 393
393 392
87 88
154 89
445 397
395 396
432 395
395 394
83 82
123 83
192 80
80 81
87 86
177 87
83 84
145 85
6 7
599 601
599 607
585 586
588 587
585 584
595 585
585 582
582 583
579 580
582 581
595 588
588 589
246 245
243 244
246 247
264 246
240 241
256 240
264 243
243 242
599 615
250 249
246 248
529 519
519 518
533 511
511 510
511 513
511 512
516 515
511 514
516 517
525 516
459 458
496 459
599 621
599 620
628 627
627 626
626 625
623 624
448 450
452 451
484 452
452 453
484 454
454 455
457 456
484 457
192 179
179 178
201 177
169 176
169 175
169 174
169 173
169 172
169 171
169 170
214 182
182 183
179 180
179 181
211 186
186 187
192 184
184 185
189 188
214 189
132 11
11 10
14 13
11 12
14 15
54 14
16 17
85 16
18 19
87 18
68 62
317 322
317 323
317 320
317 321
325 326
328 327
325 324
363 325
357 328
328 329
214 201
201 200
214 203
203 202
206 205
203 204
206 207
214 206
220 209
209 208
74 77
74 76
74 75
95 74
74 73
71 72
179 71
71 70
74 79
74 78
1 2
546 542
542 543
539 540
542 541
555 546
548 547
542 544
546 545
18 8
551 548
548 549
95 68
599 598
177 120
120 121
123 122
162 123
125 124
214 125
125 126
125 127
165 128
128 129
68 69
415 414
477 415
415 416
418 417
411 410
430 411
411 412
411 413
500 498
481 418
418 419
500 499
317 319
317 318
312 313
331 312
310 311
363 310
357 317
317 316
314 315
599 314
498 496
501 497
21 3
599 368
368 369
363 366
363 367
363 364
363 365
599 362
599 363
357 360
362 361
378 380
382 381
388 382
382 383
385 384
393 385
385 386
388 387
427 388
390 389
599 605
593 579
579 578
599 604
574 573
571 572
576 571
571 570
576 577
578 576
574 575
578 574
59 60
62 61
264 258
258 259
65 64
125 65
65 66
65 67
253 252
264 253
264 250
250 251
276 256
258 257
253 254
253 255
599 603
599 602
532 508
508 509
507 506
525 507
505 504
507 505
505 502
502 503
501 500
502 501
631 630
477 469
467 468
464 465
496 464
484 467
467 466
459 461
459 460
459 463
459 462
169 168
214 169
165 164
169 165
165 166
209 167
154 160
154 161
186 162
162 163
599 600
8 9
599 357
357 356
354 355
599 354
352 353
599 352
352 351
349 350
357 359
357 358
214 216
214 217
228 214
214 215
211 212
214 213
209 210
214 211
214 218
214 219
288 289
317 288
3 4
357 281
281 280
292 283
281 282
294 285
283 284
288 287
285 286
264 263
261 262
268 261
261 260
264 267
264 266
264 265
271 264
268 269
272 268
123 59
59 58
54 55
95 54
54 57
54 56
52 51
113 50
52 53
74 52
536 537
555 536
536 535
62 63
630 533
533 532
532 531
529 530
555 539
539 538
167 115
115 114
184 117
115 116
95 111
95 110
169 113
113 112
120 119
117 118
430 429
427 428
533 534
486 421
421 420
424 423
421 422
424 425
457 424
464 427
424 426
599 308
308 309
310 300
300 301
312 302
302 303
305 304
317 305
305 306
308 307
567 568
576 569
578 560
560 561
560 562
560 563
560 564
560 565
567 566
578 567
237 229
229 228
226 227
232 226
226 225
222 224
222 223
228 222
220 221
222 220
390 391
445 390
152 151
148 150
152 153
209 152
154 155
179 154
154 157
154 156
154 159
154 158
599 609
599 608
397 399
397 398
117 48
48 49
42 46
48 47
42 44
42 45
154 42
42 43
192 40
42 41
6 5
486 489
486 488
486 487
497 486
484 485
486 484
484 483
481 482
486 481
481 480
471 472
471 473
471 470
494 471
475 476
494 477
475 474
497 475
477 478
477 479
