430
577
577
344 344
0 0
346 346
347 347
340 340
341 341
342 342
348 348
299 299
296 296
297 297
294 294
295 295
292 292
293 293
290 290
199 199
198 198
195 195
194 194
197 197
191 191
190 190
193 193
192 192
270 270
271 271
272 272
273 273
274 274
275 275
276 276
277 277
278 278
279 279
525 525
526 526
520 520
522 522
528 528
529 529
448 448
443 443
442 442
441 441
440 440
446 446
444 444
108 108
102 102
101 101
107 107
104 104
105 105
39 39
32 32
31 31
37 37
36 36
35 35
34 34
438 438
436 436
437 437
435 435
432 432
433 433
430 430
431 431
339 339
335 335
334 334
337 337
336 336
331 331
330 330
333 333
332 332
345 345
6 6
99 99
90 90
93 93
92 92
95 95
97 97
96 96
559 559
558 558
555 555
554 554
557 557
556 556
551 551
550 550
553 553
552 552
238 238
234 234
235 235
237 237
230 230
231 231
232 232
1 1
146 146
145 145
142 142
143 143
140 140
149 149
132 132
131 131
137 137
499 499
135 135
134 134
494 494
495 495
139 139
491 491
492 492
25 25
26 26
20 20
21 21
22 22
23 23
28 28
29 29
407 407
406 406
404 404
403 403
402 402
401 401
400 400
409 409
379 379
371 371
370 370
372 372
374 374
377 377
376 376
393 393
392 392
88 88
89 89
397 397
396 396
395 395
394 394
82 82
83 83
80 80
81 81
86 86
85 85
245 245
244 244
247 247
241 241
240 240
243 243
249 249
519 519
518 518
511 511
510 510
513 513
512 512
515 515
514 514
517 517
516 516
458 458
450 450
452 452
454 454
455 455
457 457
179 179
178 178
177 177
175 175
173 173
172 172
171 171
182 182
181 181
186 186
187 187
184 184
188 188
189 189
11 11
10 10
13 13
12 12
15 15
14 14
17 17
19 19
18 18
323 323
320 320
321 321
326 326
324 324
328 328
201 201
203 203
202 202
205 205
204 204
207 207
206 206
208 208
77 77
76 76
75 75
74 74
73 73
72 72
71 71
70 70
79 79
78 78
2 2
542 542
543 543
541 541
546 546
547 547
544 544
545 545
8 8
549 549
120 120
122 122
124 124
125 125
127 127
129 129
414 414
415 415
417 417
410 410
412 412
498 498
419 419
319 319
318 318
312 312
311 311
310 310
317 317
315 315
314 314
496 496
3 3
368 368
366 366
365 365
362 362
363 363
360 360
361 361
382 382
383 383
384 384
385 385
386 386
387 387
388 388
389 389
573 573
571 571
570 570
576 576
575 575
60 60
258 258
259 259
64 64
65 65
67 67
68 68
253 253
250 250
256 256
257 257
254 254
508 508
509 509
507 507
505 505
502 502
500 500
469 469
465 465
467 467
466 466
460 460
463 463
462 462
168 168
169 169
164 164
166 166
160 160
161 161
162 162
9 9
356 356
355 355
354 354
353 353
352 352
350 350
358 358
216 216
215 215
213 213
218 218
219 219
289 289
288 288
4 4
280 280
283 283
282 282
285 285
287 287
286 286
263 263
262 262
260 260
267 267
266 266
264 264
268 268
59 59
58 58
55 55
54 54
57 57
56 56
51 51
62 62
53 53
52 52
537 537
536 536
535 535
63 63
533 533
532 532
530 530
539 539
538 538
115 115
114 114
117 117
116 116
111 111
110 110
112 112
119 119
429 429
421 421
420 420
423 423
425 425
424 424
427 427
308 308
300 300
301 301
302 302
304 304
305 305
307 307
568 568
569 569
560 560
561 561
562 562
563 563
564 564
565 565
566 566
567 567
229 229
228 228
227 227
225 225
224 224
223 223
222 222
220 220
390 390
151 151
153 153
152 152
154 154
157 157
156 156
398 398
48 48
49 49
46 46
45 45
42 42
43 43
40 40
5 5
489 489
487 487
486 486
485 485
484 484
481 481
480 480
473 473
470 470
471 471
475 475
478 478
343 344
1 0
416 346
346 347
341 340
380 341
343 342
434 343
349 348
408 349
381 298
298 299
295 296
298 297
552 294
327 295
291 292
294 293
291 290
509 291
196 199
196 198
186 195
186 194
196 197
200 196
186 191
186 190
186 193
186 192
269 270
269 271
269 272
274 273
552 274
276 275
552 276
278 277
540 278
540 279
534 524
524 525
527 526
536 527
521 520
534 521
521 522
574 523
527 528
527 529
459 449
447 448
439 443
439 442
439 441
439 440
449 447
447 446
449 445
445 444
109 108
200 109
103 102
148 103
136 100
100 101
150 106
106 107
103 104
106 105
141 39
180 38
98 33
33 32
30 31
123 30
38 37
35 36
165 35
33 34
439 438
451 439
434 436
434 437
439 434
434 435
430 432
434 433
434 430
430 431
338 339
381 338
375 335
335 334
338 337
335 336
332 331
329 330
332 333
381 332
346 345
7 6
98 99
159 98
200 91
91 90
94 93
91 92
94 95
128 94
94 97
94 96
552 559
552 558
552 555
552 554
552 557
552 556
552 551
548 550
552 553
572 552
239 238
246 239
233 234
236 235
242 236
236 237
540 230
230 231
233 232
251 233
63 1
147 146
200 147
196 144
144 145
141 142
144 143
138 140
167 141
200 148
150 149
148 133
133 132
130 131
158 130
138 137
200 136
136 135
133 134
493 494
493 495
138 139
200 138
493 490
490 491
493 492
501 493
69 24
24 25
27 26
39 27
19 20
22 21
81 22
24 23
27 28
30 29
405 407
405 406
426 405
405 404
402 403
434 402
402 401
399 400
408 409
430 408
378 379
426 378
369 371
369 370
439 373
373 372
413 375
373 374
378 377
375 376
430 393
391 392
87 88
87 89
393 397
393 396
393 395
393 394
81 82
84 83
81 80
200 81
87 86
196 87
155 84
84 85
200 7
246 245
252 244
248 247
261 246
239 241
239 240
244 243
255 242
248 249
261 248
509 519
509 518
509 511
509 510
509 513
509 512
509 515
509 514
509 517
509 516
456 458
468 459
451 450
468 451
453 452
456 453
453 454
456 455
459 456
456 457
180 179
176 178
176 177
183 176
174 175
183 174
174 173
170 172
170 171
196 170
252 253
180 182
200 183
209 180
180 181
200 186
186 187
185 184
200 185
186 188
186 189
12 11
9 10
12 13
38 12
16 15
12 14
16 17
126 16
103 19
176 18
61 62
381 322
322 323
318 320
322 321
325 326
357 327
325 324
359 325
329 328
367 329
200 201
211 200
200 203
200 202
200 205
200 204
200 207
200 206
210 209
209 208
78 77
73 76
73 75
73 74
147 73
69 72
69 71
69 70
78 79
158 78
3 2
540 542
540 543
574 540
540 541
540 546
540 547
540 544
540 545
7 8
574 548
548 549
121 120
186 121
121 122
210 123
123 124
126 125
165 126
126 127
200 128
130 129
413 414
416 415
439 416
418 417
408 410
426 411
411 412
430 413
497 498
430 418
418 419
497 499
318 319
338 318
416 313
313 312
309 311
309 310
316 317
393 316
316 315
313 314
497 496
503 497
94 3
369 368
426 369
367 366
393 367
428 364
364 365
361 362
439 363
359 360
413 361
413 380
411 381
381 382
381 383
381 384
381 385
381 386
381 387
381 388
381 389
552 252
572 573
574 572
552 571
552 570
574 576
574 575
577 574
61 60
115 61
255 258
255 259
63 64
66 65
200 66
66 67
69 68
121 69
251 250
552 251
255 256
255 257
255 254
552 255
509 508
524 509
523 506
506 507
523 504
506 505
503 502
504 503
501 500
504 501
468 469
474 468
464 465
476 464
476 467
467 466
482 461
461 460
464 463
461 462
167 168
170 169
165 164
200 165
165 166
185 167
159 160
159 161
163 162
196 163
200 9
381 357
357 356
351 355
351 354
351 353
351 352
445 351
349 350
364 359
359 358
217 216
221 217
217 214
214 215
214 212
212 213
211 210
212 211
217 218
217 219
288 289
548 288
5 4
552 281
281 280
284 283
281 282
284 285
552 284
284 287
284 286
265 263
261 262
552 261
255 260
265 267
265 266
540 265
263 264
279 269
269 268
58 59
200 58
158 55
159 54
55 57
55 56
50 51
186 50
54 53
50 52
536 537
574 536
534 535
100 63
534 533
531 532
536 531
531 530
540 539
536 538
200 115
113 114
118 117
115 116
109 111
109 110
196 113
113 112
118 119
155 118
428 429
439 428
536 534
422 421
418 420
422 423
428 422
426 425
422 424
428 427
439 426
309 308
351 309
380 300
300 301
303 302
327 303
303 304
306 305
363 306
306 307
552 568
552 569
552 560
552 561
552 562
552 563
552 564
552 565
552 566
552 567
226 229
226 228
226 227
255 226
226 225
221 224
221 223
221 222
242 221
221 220
439 391
391 390
150 151
200 150
150 153
150 152
174 155
150 154
158 157
155 156
196 159
163 158
428 399
399 398
47 48
50 49
47 46
128 47
106 44
44 45
41 42
44 43
41 40
155 41
18 5
490 489
497 488
488 487
485 486
488 485
485 484
577 483
483 482
482 481
479 480
479 472
472 473
468 470
472 471
477 476
479 477
477 474
474 475
479 478
483 479
