197
197
197
0 0
1 1
2 2
4 3
5 4
7 5
8 6
9 7
11 8
12 9
13 10
14 11
16 12
17 13
19 14
20 15
22 16
24 17
25 18
27 19
28 20
29 21
30 22
32 23
31 24
33 25
34 26
35 27
36 28
37 29
39 30
40 31
38 32
41 33
43 34
44 35
46 36
47 37
48 38
49 39
50 40
51 41
53 42
54 43
55 44
56 45
58 46
59 47
60 48
62 49
64 50
65 51
67 52
68 53
69 54
71 55
72 56
74 57
75 58
76 59
77 60
78 61
80 62
81 63
82 64
84 65
86 66
87 67
88 68
89 69
91 70
92 71
94 72
96 73
97 74
99 75
100 76
101 77
102 78
104 79
106 80
108 81
109 82
111 83
112 84
114 85
115 86
117 87
118 88
119 89
120 90
123 91
125 92
127 93
126 94
128 95
130 96
131 97
133 98
135 99
137 100
138 101
139 102
140 103
141 104
142 105
144 106
145 107
146 108
147 109
149 110
150 111
152 112
153 113
155 114
157 115
158 116
160 117
162 118
163 119
165 120
167 121
169 122
171 123
172 124
173 125
175 126
176 127
177 128
178 129
179 130
174 131
180 132
181 133
182 134
184 135
185 136
187 137
188 138
189 139
190 140
191 141
192 142
193 143
194 144
196 145
197 146
199 147
200 148
201 149
203 150
204 151
206 152
207 153
208 154
209 155
211 156
213 157
215 158
216 159
218 160
220 161
221 162
222 163
223 164
224 165
226 166
227 167
228 168
229 169
230 170
231 171
232 172
233 173
234 174
235 175
236 176
237 177
238 178
239 179
240 180
225 181
241 182
242 183
244 184
245 185
247 186
250 187
252 188
254 189
255 190
256 191
253 192
257 193
259 194
261 195
263 196
197 196
196 195
195 188
188 192
192 190
192 193
192 194
192 191
192 189
197 176
176 181
181 171
181 158
158 172
181 174
181 177
181 186
181 148
148 131
131 133
131 130
131 137
137 138
131 123
123 124
123 119
119 120
131 125
125 128
131 127
148 149
181 162
181 165
181 169
181 173
130 140
131 143
133 132
148 150
148 164
158 155
158 168
176 159
181 166
181 178
148 157
155 156
181 160
181 179
181 180
181 182
127 134
131 121
131 126
131 136
131 141
131 142
131 175
155 153
153 154
158 163
186 152
152 151
152 147
147 146
147 144
144 145
131 129
137 139
181 170
158 161
181 167
131 122
152 117
117 118
117 107
107 108
107 100
100 99
100 101
100 102
100 104
107 105
107 113
113 116
100 115
105 106
113 114
100 88
88 76
88 83
88 87
88 85
88 86
76 77
76 79
79 78
88 90
100 98
98 94
94 91
94 93
93 97
107 95
113 112
83 82
85 84
85 89
88 92
100 96
100 103
88 80
80 81
107 111
111 109
109 110
91 74
91 75
94 72
72 65
65 49
49 50
49 64
65 63
63 52
52 51
63 66
65 70
49 45
45 41
41 42
45 43
43 24
24 25
24 26
24 27
43 21
43 37
43 61
21 20
37 35
35 32
32 30
30 9
9 3
3 2
32 4
32 15
32 31
4 6
32 8
32 10
43 44
43 58
4 5
15 16
32 7
24 22
43 59
45 46
45 48
52 62
65 39
39 18
18 19
39 34
18 13
13 14
19 17
39 38
39 40
17 11
65 69
24 23
43 60
63 73
65 67
18 33
24 29
30 36
43 56
46 47
65 54
65 68
11 12
24 28
52 53
65 55
43 57
52 71
43 0
0 1
147 135
186 183
183 184
181 187
183 185
