197
283
0
263 3
261 5
257 8
259 9
254 12
256 13
253 10
255 17
252 18
244 21
242 22
245 24
250 26
218 28
241 30
221 32
231 34
234 38
233 39
229 41
224 43
238 44
225 31
209 53
207 54
208 56
226 57
211 60
230 62
239 63
203 66
201 67
200 64
182 74
176 75
178 76
174 70
187 83
189 86
188 87
185 88
193 91
190 92
171 95
163 98
165 99
172 100
192 101
169 104
191 105
175 106
179 108
167 110
177 112
173 113
180 115
181 114
227 118
240 120
235 121
232 123
228 126
213 129
223 130
222 132
220 133
215 134
237 136
216 139
236 140
247 141
206 143
204 146
199 148
197 151
196 153
194 154
184 156
160 158
152 162
158 163
153 164
155 166
162 168
140 173
128 174
125 177
120 179
106 182
108 183
109 187
111 188
117 191
118 192
115 194
104 197
102 198
100 199
101 201
112 203
119 205
114 206
137 208
141 212
138 213
130 216
157 217
139 218
146 222
145 221
144 225
142 226
135 227
147 230
149 231
150 232
133 234
131 236
127 238
126 237
123 242
97 245
99 246
96 249
94 250
92 252
43 257
48 259
41 260
50 263
24 267
16 269
14 270
27 265
25 273
17 275
19 276
49 255
88 278
89 281
81 285
68 287
67 289
65 290
80 291
86 292
84 295
91 296
87 300
69 301
71 302
82 304
62 306
64 308
53 312
51 313
59 316
58 317
60 319
56 320
78 322
75 325
77 327
72 329
76 330
55 334
28 336
29 335
54 332
37 346
36 347
30 348
35 350
34 351
31 341
33 354
32 355
47 357
46 359
44 361
40 363
13 368
12 371
2 373
4 374
11 376
9 377
20 379
22 380
38 362
8 384
5 386
7 387
39 388
74 390
1 392
0 391
0 1
1 2
2 3
2 4
4 5
4 6
6 8
6 9
6 10
10 12
10 13
10 17
10 18
1 19
19 20
20 21
20 22
19 23
23 24
23 25
25 26
25 27
27 28
27 30
27 31
31 32
31 34
31 38
31 39
31 41
31 42
42 43
42 44
31 49
49 52
52 53
52 54
54 56
49 57
49 59
59 60
59 62
59 63
49 64
64 65
65 66
65 67
64 70
70 73
73 74
73 75
70 76
70 81
81 83
83 85
85 86
85 87
81 88
81 91
81 92
81 94
94 95
94 97
97 98
97 99
94 100
81 101
70 102
102 103
103 104
103 105
102 106
70 108
70 109
109 110
109 111
111 112
111 113
70 114
114 115
49 117
117 118
117 119
119 120
119 121
31 122
122 123
122 126
122 127
127 128
128 129
128 130
127 132
127 133
122 134
31 136
31 138
138 139
138 140
31 141
141 143
143 145
145 146
145 147
147 148
148 150
150 151
150 152
152 153
152 154
147 155
155 156
155 157
157 158
157 160
160 162
160 163
160 164
164 166
157 168
157 169
169 171
171 173
171 174
171 175
175 176
176 177
176 178
178 179
178 180
180 181
181 182
181 183
180 184
184 186
186 187
186 188
184 191
184 192
184 194
184 195
195 196
196 197
196 198
195 199
199 201
184 202
202 203
202 205
202 206
175 208
175 212
175 213
175 215
215 216
215 217
175 218
175 220
220 221
221 222
220 224
224 225
224 226
175 227
169 228
228 229
229 230
229 231
228 232
169 233
233 234
233 235
235 236
235 237
237 238
237 241
241 242
241 243
243 244
244 245
244 246
243 247
247 249
247 250
247 251
251 252
251 253
253 254
254 255
255 257
255 258
258 259
258 260
255 263
255 264
264 265
265 266
266 267
266 268
268 269
268 270
264 273
264 274
274 275
274 276
254 278
253 281
253 282
282 283
283 285
283 286
286 287
286 289
286 290
283 291
282 292
253 295
253 296
253 299
299 300
299 301
253 302
253 303
303 304
303 306
306 308
303 309
309 310
310 311
311 312
311 313
310 314
314 315
315 316
315 317
314 319
314 320
309 321
321 322
321 325
321 326
326 327
326 329
326 330
321 332
332 334
332 335
335 336
332 341
341 345
345 346
345 347
341 348
341 350
341 351
341 354
341 355
332 356
356 357
356 358
358 359
358 361
358 362
362 363
362 367
367 368
367 371
367 372
372 373
372 374
367 376
367 377
362 378
378 379
378 380
362 383
383 384
383 386
383 387
362 388
321 390
321 391
391 392
