197
265
265
216 216
215 215
224 224
213 213
211 211
218 218
133 133
227 227
131 131
130 130
137 137
135 135
226 226
139 139
138 138
24 24
25 25
250 250
27 27
20 20
22 22
223 223
28 28
29 29
222 222
0 0
4 4
8 8
163 163
119 119
120 120
261 261
123 123
125 125
126 126
127 127
128 128
167 167
118 118
59 59
58 58
55 55
54 54
56 56
51 51
50 50
53 53
201 201
199 199
200 200
194 194
197 197
178 178
191 191
190 190
193 193
192 192
115 115
114 114
88 88
89 89
111 111
112 112
82 82
181 181
80 80
81 81
86 86
87 87
84 84
207 207
256 256
206 206
257 257
177 177
254 254
7 7
247 247
245 245
244 244
108 108
109 109
241 241
240 240
242 242
102 102
100 100
101 101
106 106
104 104
39 39
38 38
33 33
32 32
31 31
30 30
37 37
36 36
35 35
34 34
252 252
176 176
60 60
62 62
259 259
64 64
65 65
179 179
67 67
68 68
69 69
175 175
174 174
173 173
172 172
171 171
255 255
203 203
253 253
182 182
180 180
2 2
162 162
187 187
184 184
185 185
220 220
188 188
189 189
196 196
221 221
99 99
169 169
229 229
228 228
91 91
165 165
225 225
92 92
160 160
94 94
97 97
96 96
11 11
13 13
12 12
14 14
17 17
16 16
19 19
117 117
150 150
153 153
152 152
155 155
157 157
158 158
238 238
239 239
234 234
235 235
236 236
237 237
230 230
231 231
232 232
233 233
48 48
49 49
46 46
47 47
44 44
43 43
40 40
41 41
1 1
5 5
9 9
146 146
147 147
144 144
145 145
142 142
204 204
140 140
141 141
209 209
208 208
149 149
77 77
76 76
75 75
74 74
72 72
71 71
78 78
263 263
217 216
225 217
225 214
214 215
219 212
212 213
214 210
210 211
164 165
265 264
219 218
225 219
134 133
134 132
132 131
129 130
136 137
156 136
136 135
151 134
136 139
136 138
183 166
23 24
26 25
49 26
26 27
21 20
38 21
21 22
49 23
161 160
29 28
54 29
166 161
73 0
3 4
6 8
164 163
116 119
260 258
121 120
124 121
126 122
122 123
136 124
124 125
132 126
126 127
129 128
136 129
168 167
116 118
57 59
57 58
54 55
73 54
61 57
57 56
52 51
49 50
52 53
61 52
258 259
170 164
202 201
205 199
174 179
212 200
198 195
195 194
198 197
174 178
186 191
186 190
186 193
186 192
116 115
113 114
85 88
90 89
110 111
116 110
116 113
113 112
83 82
85 83
81 80
90 81
85 86
85 87
85 84
90 85
264 251
199 198
253 256
217 206
225 226
258 257
10 3
174 177
253 254
6 7
248 247
253 255
248 225
246 245
243 244
107 108
110 109
225 241
225 240
246 243
243 242
103 102
105 103
105 100
100 101
107 106
116 107
103 104
116 105
38 39
45 38
31 33
31 32
54 31
31 30
31 37
31 36
31 35
31 34
249 246
253 252
206 205
219 223
174 176
57 60
79 61
63 62
83 63
63 64
66 65
81 66
66 67
66 68
70 69
174 175
186 174
174 173
170 172
170 171
186 170
202 203
219 222
174 181
258 253
251 248
174 182
206 183
174 180
3 2
161 162
186 187
183 184
38 6
219 220
200 186
186 188
186 189
212 202
195 196
219 221
186 185
98 99
122 98
174 168
168 169
225 229
225 228
90 91
95 90
95 93
93 92
126 95
93 94
98 97
95 96
10 11
38 10
10 13
10 12
23 15
15 14
18 17
15 16
18 19
26 18
116 117
249 250
121 116
205 204
159 151
148 150
154 153
151 152
154 155
159 154
156 157
159 156
161 159
159 158
225 234
225 238
225 239
225 207
225 235
225 236
225 237
225 230
225 231
225 232
225 233
225 224
49 48
90 49
45 46
45 47
45 44
54 45
49 42
42 43
38 40
42 41
0 1
6 5
10 9
145 146
148 147
143 144
156 145
143 142
156 143
136 140
136 141
210 209
207 208
166 148
148 149
73 77
73 76
73 75
73 74
79 73
73 72
70 71
85 70
83 79
73 78
262 263
251 249
264 262
225 227
260 261
262 260
